6.259271989355373877e-01
1.283923507446167178e-01
6.765036621087854307e-01
8.352457545054925436e-01
1.979591360337176198e-01
7.267130692085835841e-01
6.947405533370306641e-01
4.530824258220727541e-01
7.058874667254814161e-01
9.570117771873040136e-01
2.515106852759802503e-01
9.918627854243320385e-01
8.349173359134584027e-01
3.168080288686381696e+00
2.117681718917152178e+00
1.181901237767815971e+00
1.138221565027283555e+00
1.118168712172497026e+00
2.242075090335236442e+00
9.300428151590938164e-01
1.257630701342732804e+00
9.290961968644073643e-01
8.613260544611398561e-01
9.760214180438647746e-01
