7.553934951365414152e-01
7.585942564456675807e-01
1.134714819179206691e+00
5.759918607237255461e-01
9.702800276049613482e-01
5.764204723893104898e-01
8.471302177544777212e-01
1.193185746074647779e+00
6.022961734261557121e-01
7.377028942940923040e-01
6.871612832119723402e-01
7.687910662317607446e-01
9.473285642220262703e-01
6.596471795179718045e-01
6.237060174312610838e-01
7.569282014229906652e-01
8.363457952010504293e-02
4.977425793889537764e-01
1.098987962925288331e+00
9.448329382337010696e-01
8.474343937752154554e-01
8.925561412151001850e-01
6.335986511966165136e-01
1.085037344519636848e+00
6.393849086820131422e-01
6.647905195049910176e-01
8.010821160696190990e-01
8.740014039501008414e-01
9.595370835998164871e-01
1.177465376275613318e+00
9.822327626016766899e-01
8.085966464001161924e-01
8.165052229392962824e-01
1.413658056378432670e+00
9.089332546952728631e-01
8.426850999968791278e-01
1.158571897532974404e+00
1.123391175498107852e+00
7.453833388177191210e-01
9.419363529453126382e-01
1.035899090987738358e+00
9.536886082919961982e-01
1.066655434539147462e+00
1.014019156768765750e+00
1.276094450999810670e+00
1.007562329419469993e+00
8.623528449741232338e-01
1.511298559035232580e+00
1.007085326114222301e+00
1.176089671090913447e+00
1.006670540631398270e+00
1.266125773229270779e+00
1.987949296622579354e+00
1.508436539203745985e+00
5.837068707042543103e-01
9.643555082919567090e-01
7.755175041448919560e-01
1.582420443156809631e+00
9.362676180133828741e-01
1.171478639140185241e+00
1.074487967073143091e+00
1.253212118530679486e+00
1.262731445361493288e+00
1.735006196105045584e+00
1.725507608548373151e+00
1.060634131946817327e+00
1.090616209263621350e+00
3.154713207441330436e+00
9.958861180779708944e-01
4.162787105622950401e-01
