7.463855034256350329e-01
7.443367477703652924e-01
1.196731808453415757e+00
1.023232181306891864e+00
5.168835160740711254e-01
5.888944719365479807e-01
6.099061064720013858e-01
8.757595278118258664e-01
1.493258466857658728e+00
5.972703010364699416e-01
5.717532966742595590e-01
5.058089387493057698e-01
6.084122324225555989e-01
4.737033531758491067e-01
4.936581855712717237e-01
6.382254594001315340e-01
7.399524060037834250e-01
9.762360509126344343e-01
6.599965144560973052e-01
7.308961706633220201e-01
2.363244652531614476e-01
1.206793160522064534e+00
8.367548369271459174e-01
4.418149842290258755e-01
5.165164929561159024e-01
4.897438021222184079e-01
5.352650836471481988e-01
5.436644903058811540e-01
1.191448708303425530e+00
4.742107933579357004e-01
4.014018355876894928e-01
7.354439660859518613e-01
9.027389555345097794e-01
9.711428489222033722e-01
1.319032489072409886e+00
1.237265917712523589e+00
1.576161054074117329e+00
9.164183841343269687e-01
9.538229404813904910e-01
1.734214915032237680e+00
1.092366625076845565e+00
2.196887417433567080e+00
9.358875012212511946e-01
1.612300880713509965e+00
9.857815293380286503e-01
1.014997994621987143e+00
2.096025403508660734e+00
6.900953197627657243e-01
1.049171796494482445e+00
1.491537018780537016e+00
7.755266661922147753e-01
8.199226647574169302e-01
1.081331715071254695e+00
1.021229337298353634e+00
1.612847343314219417e+00
1.204195489683943965e+00
7.125845400026955545e-01
2.335113209780420807e+00
2.294701521976439396e-01
1.476987026806292791e+00
1.658676957355980752e+00
1.177031094459366933e+00
9.308098337284953505e-01
1.082764335669386568e+00
1.322209403757467649e+00
6.932331526807772315e-01
1.445326992685677103e+00
1.079238692281343504e+00
8.580007583877928834e-01
1.085263585570124922e+00
1.987498074458482256e+00
1.385061335057180987e+00
1.249157683837564203e+00
1.246892926999480178e+00
9.485483486913809381e-01
1.404545828887833414e+00
