1.305632156522615661e+00
1.869033728375757430e+00
1.077471778154936999e+00
9.911220512017453466e-01
5.617490019623125885e-01
7.211216008449231607e-01
1.994993766360005027e+00
1.541520221337544738e+00
1.000853690919834671e+00
7.630720338440230011e-01
1.376244023835058394e+00
4.362166667510681273e-01
8.228431453937709028e-01
8.885013467061907422e-01
5.800996942767261411e-01
1.428779135176754811e-01
1.768087014462793594e+00
6.453347387841528171e-01
8.225298519523041030e-01
1.264815018113706113e+00
3.682148853326705495e-01
8.671481122672164421e-01
2.236326702435509794e+00
6.158856215602167561e-01
6.592760412817880722e-01
1.660625349689502261e+00
3.877190140657261197e-01
4.110663756076965436e-01
1.266254168847138484e+00
1.084573445644611001e+00
4.382363345099839491e-01
6.951006655213456398e-01
4.766026344190506525e-01
7.217857838299593931e-01
7.811768728944505913e-01
2.511131405483563173e-01
8.928422380973377592e-01
9.176343226281731269e-01
6.767068577881001079e-02
5.253048906886408076e-02
2.340599712370203367e+00
1.224209015079664065e+00
1.743959995496539905e+00
2.047629353808038566e+00
2.008411303316967600e-02
2.011899858275025821e+00
1.096646390383839487e+00
1.702686516969168284e+00
6.470955888618946938e-02
2.195272423217751179e+00
2.517866416174946789e-02
7.476173848369231933e-01
2.182004999730652539e+00
2.315380540812672638e-02
7.613356801758868198e-01
1.454555180429820460e+00
8.285471088744927881e-01
2.202355930218376390e+00
3.196357957800292221e-02
1.111536352753593526e+00
1.439913653896937928e+00
1.272568571819264971e+00
1.045669823251037744e+00
