2.068417640915513722e+00
1.346607554332293510e+00
7.319894861483258186e-01
6.183362977973188013e-01
5.885013740892082179e-01
1.331372341606162912e+00
8.461079843623579011e-01
1.148083815866564272e+00
1.053319404246542357e+00
1.437036797951332989e+00
7.776917914187092551e-01
7.167646787405764774e-01
8.071661910118248517e-01
1.575469828061947242e+00
6.007413063106988860e-01
7.545918266623575787e-01
1.314267183884987977e+00
1.317712070948394265e+00
2.154520190377737787e+00
1.668231719293572946e+00
7.915392845119413323e-01
6.875444461398538820e-01
2.418163023621227037e+00
8.271705640319235719e-01
1.073907276507361175e+00
9.772791392691394519e-01
1.397636934446510049e+00
8.100537754518571942e-01
8.310899065009818010e-01
1.702156236991027694e+00
6.200860223787909575e-01
7.547858341647672997e-01
1.663638718752570078e+00
1.171505310092491481e+00
6.358766343032871138e-01
1.634182456136480832e+00
2.105972052333297651e+00
1.660990133134838675e+00
6.308597292029596293e-01
2.675691855774081862e+00
1.512631763588023315e+00
5.881128338639599606e-01
2.446162679328283573e+00
8.789706743153703483e-01
1.019150347329912165e+00
1.470456790527719715e+00
7.538387595281438314e-01
8.577323043600347807e-01
7.273501562377128193e-01
1.161620899772426441e+00
2.464483555078485377e+00
1.087469960943830971e+00
1.242552805515800607e+00
6.949114025667884054e-01
6.894753155768438280e-01
1.246263088359441884e+00
5.599133942567297018e-01
7.573157056777770624e-01
8.161962910164703988e-01
8.903709583988864695e-01
1.405491386100605755e+00
6.421855821869826286e-01
1.570013831890043621e+00
7.064781189693867258e-01
6.268673645970260777e-01
9.429503949183704048e-01
6.607491748286044020e-01
7.720094207943613007e-01
7.879706008950274621e-01
1.638605676754411711e+00
6.474552368578448958e-01
1.647122507289342952e+00
7.119978047755540773e-01
6.042346377116940559e-01
2.068443333074847956e+00
9.222990078239780010e-01
1.502364840263664902e+00
9.429825382981004145e-01
3.009436444842573888e+00
1.594289671503389183e+00
1.431939962354287887e+00
7.372472546672286242e-01
7.064781189693867258e-01
8.354122691786000088e-01
3.845092512693626841e+00
5.030429013496335422e+00
7.195684090713173608e-01
1.001909762196338427e+00
9.101627394037309360e-01
1.394123470293251010e+00
1.133305618840638296e+00
7.626279961142140573e-01
1.091062953352100129e+00
6.207552354037132458e-01
7.556856417927250158e-01
8.615364396389361135e-01
7.045472495323967799e-01
7.931747686128217678e-01
2.098944424823307564e+00
6.865372120132474665e-01
1.061413177293477617e+00
1.415716430023740813e+00
7.632972091391364566e-01
4.129083484501437695e+00
1.206447822188667640e+00
7.456678284872458873e-01
9.736676868235334403e-01
5.233848630036944671e-01
2.237877842992440858e+00
2.300187879779387323e+00
7.985710462216676353e-01
6.152969006935259388e-01
9.326812258084712370e-01
6.020029627227666547e-01
6.360413939074429646e-01
8.622447560395959387e-01
6.834750566030751706e-01
1.347560431293439942e+00
6.949540383323631332e-01
6.562404706499449514e-01
1.744345835690962465e+00
1.125679075205483048e+00
1.898323638636530086e+00
6.529928875785278031e-01
1.217420941534570700e+00
1.164191821403548044e+00
1.278185757750708973e+00
9.309072326176479617e-01
1.184002357920801884e+00
1.840301693423220142e+00
1.725597074518069762e+00
1.437488750343674182e+00
1.282542872835912506e+00
1.294509792045413610e+00
1.368765075695113298e+00
5.359628163268693735e-01
8.700412559244307120e-01
1.243876705225277934e+00
8.908140205416689161e-01
1.327335860401076761e+00
1.444237322059185313e+00
1.042572914646151983e+00
1.238063793162479165e+00
5.079058886035522358e-01
2.271659502306949463e+00
8.856363586311556402e-01
1.765813499364332406e+00
4.359923614649384715e-01
5.212465981969740536e-01
7.360586203920361781e-01
6.291870295523327439e-01
1.261805172832238142e+00
7.895289270019452132e-01
9.532347089040197341e-01
6.091744248294035380e-01
1.209862974989267981e+00
1.162665421319739822e+00
1.178620792848391607e+00
6.659270920321859188e-01
1.512338708330957404e+00
1.606508648422583674e+00
5.865705046522182720e-01
6.400306768358320353e-01
9.898015098863447436e-01
1.660160953598594835e+00
4.281245429818706150e+00
2.162202444096700926e+00
4.311456361845948937e-01
2.054737415552601032e+00
8.663606619059686098e-01
6.925187154746066387e-01
1.604888224903950444e+00
7.712058345365837564e-01
1.061540721347886684e+00
2.034594136627132954e+00
8.739779047612764584e-01
1.086262097214220734e+00
2.439513642287398199e+00
3.170734095501935190e+00
2.306248746880534384e+00
9.067656445694191047e-01
2.348037726724189866e+00
7.985338306719210744e-01
8.733719025072451680e-01
2.528079406064900780e+00
6.069077423104813906e-01
5.707212349531003426e-01
1.055335102961629135e+00
2.107698074344383610e+00
1.075793847194823405e+00
7.179383451862649812e-01
6.161512613679361872e-01
4.647786996396085502e-01
7.862232465746026300e-01
9.431635500905005687e-01
1.533505380818533048e+00
6.706895748470523833e-01
1.337163756065579356e+00
9.109321917893065113e-01
6.706858273461504538e-01
8.372682286527235451e-01
1.537449649132689000e+00
1.072580844558722601e+00
6.822136554840758649e-01
5.372379597348626579e-01
9.836319145244072359e-01
6.188243659667232999e-01
9.629126953297703073e-01
1.215716315860834618e+00
6.161735090881786947e-01
1.841399545282070171e+00
6.818716315884216783e-01
8.170202653195799414e-01
3.376189122018487421e+00
5.195456271430256567e-01
1.041625143789534302e+00
1.057278300803630833e+00
8.647104652686525839e-01
6.342769567895351068e-01
1.171117961473240765e+00
1.373143055013214209e+00
1.199937953330612483e+00
1.394685527309096340e+00
5.231375251897477652e-01
7.464621627347907129e-01
7.819502091689951584e-01
5.747845067279300224e-01
9.855843104797755716e-01
5.993947416097967773e-01
6.510983600334919741e-01
5.942979851941478930e-01
7.821497211807364458e-01
7.883608138352022898e-01
5.261925961284055209e-01
1.030109201803568464e+00
1.740973489655502027e+00
1.569047252950277915e+00
1.588155231591987571e+00
1.213380358232029499e+00
1.036909044241144828e+00
9.333670793778239272e-01
8.702989115867808545e-01
2.421083856507736165e+00
9.783411506063487417e-01
1.027120323823339954e+00
5.788150080000354913e-01
1.036985377702701161e+00
1.331727669075634779e+00
6.836827072658741011e-01
1.530082692705754477e+00
9.146244166666596120e-01
9.932385135917617403e-01
7.472756446520557594e-01
6.917672491843592786e-01
6.256787303218335206e-01
1.331671390149671286e+00
1.196640519503574529e+00
7.576125084357446804e-01
9.212413876369249799e-01
2.266838192556646536e+00
9.226994743831893331e-01
2.447431308075038281e+00
5.571468794757352683e-01
1.130726366677110573e+00
1.195770223382282671e+00
4.231819535647880492e-01
6.863335641444184843e-01
8.892027121690259106e-01
1.115227755830137335e+00
8.376996599366149931e-01
1.339545539314384470e+00
7.858958021522662873e-01
2.264505544640296630e+00
6.795082766879972924e-01
8.820209033915793473e-01
7.830307207255450264e-01
5.887410119672735753e-01
6.121043748444684462e-01
1.416228111487919827e+00
1.804744876563317391e+00
1.265337522673350978e+00
1.269532978618795216e+00
2.548434919828696632e+00
1.376075296107929669e+00
1.155975816568785230e+00
1.755382706318956654e+00
7.223536391827173331e-01
2.247760573871868672e+00
2.880684161473159310e+00
1.349237133738037109e+00
5.509839758657898434e-01
9.702132436872112908e-01
1.102173487426399756e+00
8.234394508898972287e-01
7.444531989909090042e-01
8.369707283486350624e-01
8.683394945716181867e-01
6.053710214830851477e+00
1.205420200016728671e+00
2.613584487386383159e+00
3.765193327390998768e-01
6.736543172810471880e-01
6.369738890707484780e-01
3.367692201823128118e-01
3.741917844258039194e-01
6.055372571744099819e-01
8.852475631128390310e-01
7.962434979083717890e-01
5.913091072139191606e-01
5.864361314193629049e-01
7.637286404230277936e-01
6.778782128029449128e-01
9.299298707383290008e-01
6.521480116099289681e-01
1.514875324728910400e+00
1.780371054770237826e+00
7.718954356068380429e-01
8.102147875551111156e-01
2.830506920162675910e-01
1.911292731012675938e+00
2.520758377045491994e+00
5.613398102729530992e-01
7.648170353375669528e-01
9.496372575783518233e-01
2.504834059104220856e+00
1.470082962838906715e+00
4.196109069972631112e-01
2.298630539812702156e-01
1.490501292188103344e+00
6.372231990041893335e-01
1.619038196264046547e+00
5.705138395833698750e-01
2.165290248658950034e+00
6.043223723850046358e-01
1.421895821551529382e+00
5.736370907964538635e-01
1.005559755674714228e+00
7.280595821964229719e-01
1.029284396891220643e+00
9.163478907339188684e-01
1.256090128865527067e+00
6.868752331149314827e-01
8.330022757186307247e-01
8.100879093240591633e-01
7.661585430649560102e-01
7.536906100717818413e-01
1.053580633423012003e+00
7.272041119639625073e-01
6.878415041908898520e-01
1.816967016944754931e+00
1.278140658842972899e+00
2.777760895352961334e+00
6.843986919134587010e-01
5.913091072139190496e-01
1.197840691756544063e+00
1.090070043405743538e+00
1.051980978196697558e+00
1.316617235211595016e+00
1.060221830958917089e+00
7.557228573424713547e-01
5.751569169948846927e-01
1.373890259678546721e+00
2.057423624867959600e+00
3.014796152392367645e+00
1.346597241895026498e+00
1.809476347896414428e+00
1.060463291468881408e+00
1.933895057098751424e+00
2.866191528944258771e+00
4.112926936088941332e+00
2.266694985319332556e+00
3.916315326353294601e+00
1.048627440244386033e+00
3.035184804365978373e+00
1.810987680258198340e+00
9.540648009690785303e-01
2.116095983998309116e+00
1.118118282275703645e+00
1.545342429334304990e+00
9.233959046318896968e-01
1.970710041700764581e+00
7.424756909943744931e-01
2.870879781573715928e+00
6.863031777731181116e-01
2.011615019809862126e+00
7.626279961142140573e-01
2.118142181616072151e+00
3.021793746654223067e+00
8.851878445497812775e-01
7.885504065317125999e-01
1.094741177109515018e+00
4.114103427220705989e+00
8.393273535606197155e-01
2.523365688919779970e+00
3.970605909890109864e+00
1.499408599723042190e+00
2.341249591931862106e+00
8.847350121652973742e-01
1.535545874689526524e+00
1.294208646906904736e+00
1.648374401918949017e+00
1.429393171518694272e+00
2.225556181757781360e+00
5.974023649123630930e-01
1.209854401224934817e+00
8.300864198752768708e-01
1.018963084712445344e+00
7.456759671383037524e-01
6.346231165422772103e-02
5.744301003748837342e-01
6.384340809996246202e-01
8.520127181859402654e-01
7.690675697298633429e-01
7.264005257061848519e-01
9.212451351378265763e-01
8.132074130362416664e-01
9.603379422656453945e-01
7.640933003951105862e-01
1.645296456137054664e+00
7.302114901635324840e-01
5.902473511697786668e-01
5.778504096390040257e-01
7.704194827756335462e-01
8.031790230514147533e-01
7.321238593811811857e-01
7.577976560852326404e-01
7.699441781245162097e-01
1.216060454724467554e+00
8.029753751825858821e-01
6.543826233498302170e-01
7.894436554707956466e-01
6.461390585282432708e-01
7.919503277505006711e-01
6.552796197898150821e-01
8.024873070131818276e-01
6.271985565202641277e-01
1.580668839316222041e+00
7.253425171629460655e-01
8.480485932943717664e-01
6.170971443985622251e-01
6.429465326791855562e-01
7.974224918171454179e-01
8.387372804345217814e-01
7.228580926034838816e-01
6.750210147342131650e-01
4.617336270269191689e-01
8.807950535666403402e-01
9.516294781113220358e-01
7.850042259281098112e-01
1.001314895977406305e+00
5.420681163417360171e-01
6.743050300866285651e-01
6.705924171639433551e-01
8.009169616911867573e-01
8.358605279669057975e-01
7.934664064480295709e-01
7.055746164112669527e-01
1.369792598738446721e+00
9.328381020546377966e-01
6.606984004119718090e-01
8.187233513415075326e-01
8.696915637818516398e-01
6.562404706499450624e-01
6.478662800964041235e-01
1.950918646507520560e+00
1.227634000305512174e+00
7.829614460895717443e-01
6.727306819706637686e-01
6.161697615872769873e-01
7.045836744842496335e-01
6.480327124154864338e-01
6.202934177485214251e-01
7.107324008625847123e-01
9.313854355242013883e-01
6.245439521408180372e-01
7.609512936696168905e-01
1.032806575011707473e+00
7.518611184684916848e-01
7.539771355549694798e-01
8.955526231033696938e-01
8.348025194236667890e-01
7.421131459902704508e-01
9.295315910180569352e-01
9.140486138239446445e-01
7.712058345365836454e-01
5.896364075632923862e-01
7.424609065869787194e-01
7.558162675246785644e-01
7.599733917347677448e-01
1.423406247841507266e+00
6.048612149710416164e-01
7.603747946069083774e-01
1.026824938487230332e+00
6.285400642476531852e-01
6.108389709314990812e-01
8.890029448642164933e-01
7.013002017658052090e-01
6.953933529742436503e-01
6.914607069313677412e-01
6.584762814959602695e-01
1.139477466597008881e+00
8.338683074339355850e-01
7.200339742274106669e-01
9.296155781904658078e-01
6.248021219271806537e-01
8.144114658532306539e-01
9.985828631144253453e-01
7.960361025386412104e-01
7.145248651005911000e-01
7.492795362259204728e-01
7.172487441160108057e-01
8.386546179312278637e-01
6.397928950948009730e-01
1.221581813245561809e+00
7.379709896096852129e-01
7.568316403023427341e-01
8.750155252591834687e-01
7.385856807170730898e-01
9.384048147765358117e-01
6.082611361898295765e-01
7.049397925516152075e-01
9.399672767405412577e-01
7.712058345365837564e-01
9.778793329511570320e-01
7.799180461918087115e-01
7.367055856967157368e-01
6.217402218100770428e-01
8.588329486688486281e-01
8.828139129700092180e-01
1.142956311405800118e+00
7.718020254246309442e-01
1.016084699711906625e+00
7.713402077694391235e-01
7.755907421617356245e-01
9.234566773744904422e-01
1.445037160816061483e+00
6.137398589453489928e-01
7.300546139173659244e-01
8.578257145422421015e-01
9.312121740266732228e-01
7.549230185855954067e-01
1.585607798369278676e+00
8.944683640459182294e-01
1.187376949741803189e+00
8.558744570599201573e-01
8.509547096427014790e-01
6.115081839564213695e-01
8.933918552833381987e-01
6.707960650327721153e-01
6.248021219271808757e-01
9.484984766033660586e-01
8.626693581450410875e-01
5.510773860479971642e-01
6.752205267459541194e-01
6.971430775557158066e-01
