9.167395886100554447e-01
7.510110416884659967e-01
6.559319111008584668e-01
7.448656198924318295e-01
6.635424725537366619e-01
7.602394019862536156e-01
6.856555226824295746e-01
1.346337041199967777e+00
7.873277649684302659e-01
6.019385861737205357e-01
7.086620112954238326e-01
5.649866582131322090e-01
7.770496159820364790e-01
8.216464839608665915e-01
6.950191873065112436e-01
7.411488176477400991e-01
8.167607875755220626e-01
7.133481635789787889e-01
6.605718415065081617e-01
7.116060143903002455e-01
9.514612123193250115e-01
7.270661362839933028e-01
7.495102546163893154e-01
7.652809459387397428e-01
7.467378539933041681e-01
7.971933138859342849e-01
8.392664460484077216e-01
7.906279159058722250e-01
7.785555522655378535e-01
8.206665537112619591e-01
6.732436539302957268e-01
7.300975276959064120e-01
7.517496040732262186e-01
8.248454761561067050e-01
7.897332875298492816e-01
7.369205880543064913e-01
9.032604631473984957e-01
7.569056679707810709e-01
7.313824007894296209e-01
6.646218661696038366e-01
7.541524346132462142e-01
6.231688532911224820e-01
5.673288074817894877e-01
7.383675936318573330e-01
6.947300961978196687e-01
8.680850763700301842e-01
7.603221955380111696e-01
6.967552128251270904e-01
6.271396043325160319e-01
8.361930933271486399e-01
6.272343642035961286e-01
8.418072849709214989e-01
7.017392501170870434e-01
5.911767653408066536e-01
6.836147447672945576e-01
7.835360672170503804e-01
7.423808152436173202e-01
6.725909367698788000e-01
7.098450188914701142e-01
7.069741067663731782e-01
9.041229634117957659e-01
6.607955865021050146e-01
6.728081461658760309e-01
6.276712130164868730e-01
6.423371659672294509e-01
7.795795145221365852e-01
6.943125286855152956e-01
7.260941437492048900e-01
7.152784052854455066e-01
8.430059597377006497e-01
6.612239512354060045e-01
7.348590021521955729e-01
6.094588353431033001e-01
6.829943573518917344e-01
5.876449007786890277e-01
8.158191962781924378e-01
6.074743732047168665e-01
6.415941871732465662e-01
5.353320157626859643e-01
8.268785409921155516e-01
9.060968812446246190e-01
6.276754891883102871e-01
5.907696899615521025e-01
6.060071361610360752e-01
4.594182134852219934e-01
6.115108236052885227e-01
5.805982195106120791e-01
7.319001800332696206e-01
6.196947431271354612e-01
5.657196798262213999e-01
7.565969106586124537e-01
7.968983156455223815e-01
7.539675340939915316e-01
6.473311815985605122e-01
7.048540710337718451e-01
7.701166605244212926e-01
6.189085114219468053e-01
7.693834477619319046e-01
7.872225763214576455e-01
6.689276962819233896e-01
6.652619655615011895e-01
8.479002474296325476e-01
7.000120062028880596e-01
6.524896600799167112e-01
7.518274317069821855e-01
8.365110583827548574e-01
7.878904630043880308e-01
8.002984712780915055e-01
6.526708338901948681e-01
7.616523073982622849e-01
7.472982573647124482e-01
6.576305437722381741e-01
7.209457004315146245e-01
6.744013183586804461e-01
6.842200824736377474e-01
7.789090420613038468e-01
8.211606217653542039e-01
8.262216779400459732e-01
6.698688074453051922e-01
6.518135928002507518e-01
8.731961730198707361e-01
7.467668174956181293e-01
9.784166945902995627e-01
7.746477831147274840e-01
8.042813815161363733e-01
7.745892731205734627e-01
8.388760351924930969e-01
7.375712362577552250e-01
7.638191907711605610e-01
7.161325384848867825e-01
6.999145690719312807e-01
7.918949112704614102e-01
7.739821688431358648e-01
7.989819608981942878e-01
7.869269063951969123e-01
6.730512664970161874e-01
7.495110298866868304e-01
8.192238231067050513e-01
6.994461753858869368e-01
8.381881324612341366e-01
7.314042507605146293e-01
6.952453173679030707e-01
7.979874431169418081e-01
7.045129790104390777e-01
8.761834229296485699e-01
7.250025096147876269e-01
8.222377228778464664e-01
8.253401629055364674e-01
6.990861119395703760e-01
9.051017731981022552e-01
7.805734245485949074e-01
1.462597485130409103e+00
9.229970070036473961e-01
9.393172375145009134e-01
8.956650032326380906e-01
7.590326247723655495e-01
7.557644592211598678e-01
8.822998737444064377e-01
6.340014871833603571e-01
6.573989587042071703e-01
8.777819188925746197e-01
6.997317302134026251e-01
7.311499499558730131e-01
8.283693158155628344e-01
6.299392386934484778e-01
4.986243718806062653e-01
7.250748858968004695e-01
7.761131307200780372e-01
6.559238533928367643e-01
8.095910552960267070e-01
6.287249230494140750e-01
8.297469439726661289e-01
7.179154202534022700e-01
7.776058087481201309e-01
7.189724036546929486e-01
7.388865622735293348e-01
9.074312995846213203e-01
6.250505165810191777e-01
4.628116712067408822e-01
5.601970444850591369e-01
7.970472816616324119e-01
8.977428893613201843e-01
8.278530714607621466e-01
7.978276590322574968e-01
6.430248451515867547e-01
6.770837602188207738e-01
7.942355827851015349e-01
1.014337937839839610e+00
8.142095901077788245e-01
9.655579813250616539e-01
7.307461439134758097e-01
5.875287124613342016e-01
6.996711491047069575e-01
6.925998257594624397e-01
7.662832379131524485e-01
7.441465597551580879e-01
7.288065560170289281e-01
7.776006236476933342e-01
8.596221206871371701e-01
6.774738346096025321e-01
7.641308906874095808e-01
6.829710775632501507e-01
1.003434465093567818e+00
7.410735906635309567e-01
7.732171669468557162e-01
8.209604278695240565e-01
6.794417979272195929e-01
6.212189599704824872e-01
9.883065764928320451e-01
7.522852384632682243e-01
8.348686828558578021e-01
8.270186320950083658e-01
7.875660749715515108e-01
9.847182449036179230e-01
8.455516186727646266e-01
8.470895959623380156e-01
9.281024302763019040e-01
6.286059692440354452e-01
7.258918588010768724e-01
8.533437970878307022e-01
7.767257804142286837e-01
8.137591640226066181e-01
6.402688660908040230e-01
7.582540343326042986e-01
9.183401542914906290e-01
6.977196839807314754e-01
7.381970440922654975e-01
6.014917085521116480e-01
7.351691737215264588e-01
7.713235675532982283e-01
6.037670611111297658e-01
8.059877736344757126e-01
9.019661809557074639e-01
7.133127742099660829e-01
5.742678724552997549e-01
7.048437155472093707e-01
7.725693028876435831e-01
9.221196314773729696e-01
1.315325625272964150e+00
7.331164156356378969e-01
7.565174182860759933e-01
9.635655077266234159e-01
5.268450237258208713e-01
5.858701431874177024e-01
6.971147431733828448e-01
7.108424464867517667e-01
1.030545012405188698e+00
7.571035236878388419e-01
8.090249615793477789e-01
7.104523326129185135e-01
7.310469419890167631e-01
8.788038387234381466e-01
6.698063272392230649e-01
8.859524627001048591e-01
7.565894401659994939e-01
8.325351237953190209e-01
9.694442115054636711e-01
7.874633741571659407e-01
6.626500862752391363e-01
7.497199872362487749e-01
7.693412205172458496e-01
7.090894397497863322e-01
7.505249006250435118e-01
6.459130900712993784e-01
8.767595664589155069e-01
9.118525657225048375e-01
6.846313989060484051e-01
7.096107462894942763e-01
8.054872296462552983e-01
7.001760213503713803e-01
8.404251247460587937e-01
6.557323311769371887e-01
8.104706728109265512e-01
7.953992621475080016e-01
7.937735743181997261e-01
5.628912698554404681e-01
8.281489531970487317e-01
5.902957605856706813e-01
1.681650584189984476e+00
7.211028414166579248e-01
7.715782696388666650e-01
7.759073318910977290e-01
6.522573295842853947e-01
7.483325880817472964e-01
6.563871908760480212e-01
8.418399289069997682e-01
6.860680746227009186e-01
6.311761970226388296e-01
5.073019018699966853e-01
6.694627097079232092e-01
6.995042604962548038e-01
7.288198700796244545e-01
6.965705173756399082e-01
6.978210472597899949e-01
6.687066744480717473e-01
9.312433473113033155e-01
7.972773715443772780e-01
5.320487923620536019e-01
8.416739338311080010e-01
9.034900489015342817e-01
8.146616703287021810e-01
7.318476789856234177e-01
7.834169700630381206e-01
7.933136826157579646e-01
8.758488631004877067e-01
8.120021710869786968e-01
7.521314986509051170e-01
8.094800149960679203e-01
6.036973059940083930e-01
7.020377777274621200e-01
7.974734385397201919e-01
9.289828265603359281e-01
8.176025560321087404e-01
1.202461364365432273e+00
7.363394971997889726e-01
7.672040308468938141e-01
6.415327578644920425e-01
5.789486469184883521e-01
6.397060650142619709e-01
8.217572295252433268e-01
8.354041797287082849e-01
6.469543279874493402e-01
6.658710323686777288e-01
7.757452518019122278e-01
7.450880054148044662e-01
6.014563470048994720e-01
9.916281280806220622e-01
7.564543751986917419e-01
7.514074791472643566e-01
6.971123241168695195e-01
8.505885654891052194e-01
6.807960423450879484e-01
7.777319197374724657e-01
7.738046787526133841e-01
8.139677795888403677e-01
7.866244778005623273e-01
1.039476373585337399e+00
8.621877124991552677e-01
8.297592278461345394e-01
7.827298403836813190e-01
8.470530158425118028e-01
8.154231375743590249e-01
7.346388365529552544e-01
7.974360390007724231e-01
7.524547586586362025e-01
8.575612044956173463e-01
9.524504254892712796e-01
7.143847151294143716e-01
7.123934049442669503e-01
8.807194825670350280e-01
8.373968077296977119e-01
7.108726687293682733e-01
7.053866281655537529e-01
7.353820312116199354e-01
8.825065052891790662e-01
7.262013553862975979e-01
6.190615390231650750e-01
7.192593229786619080e-01
8.852859116900461123e-01
7.427531390547240653e-01
6.703842217301384521e-01
7.263064100199385642e-01
7.688083296413559253e-01
6.995285949746649079e-01
8.240760807007494471e-01
8.327748847428387835e-01
8.517643991709192841e-01
7.116012272948999406e-01
6.572374549926449649e-01
5.353179851922420518e-01
6.605791020599671715e-01
5.032528122651630520e-01
7.852829312239844040e-01
5.960548652477983822e-01
7.053315993064166456e-01
7.909952575104142181e-01
6.555046980406291635e-01
8.203611366162024687e-01
7.798268351561242762e-01
7.977658537323555343e-01
7.165815032293675335e-01
7.158051503813571692e-01
6.265056752945855623e-01
7.088329032080394887e-01
6.522362118775918427e-01
7.586217170956918165e-01
8.180005256577792538e-01
5.403078739066348168e-01
7.480647122827800422e-01
7.753584161184209345e-01
8.676673235487004643e-01
6.510856449019464254e-01
8.102134276277279668e-01
5.588820529638744983e-01
6.599320621538827814e-01
9.087882405338674197e-01
8.920376401827341262e-01
8.166050994671579799e-01
9.108620712363040273e-01
8.166831061564903127e-01
9.238268607633550733e-01
7.988938670690952648e-01
7.926812844816893966e-01
8.867587065888068443e-01
9.867816952370395134e-01
8.013159831803200461e-01
9.804295446550438387e-01
6.831909293417423035e-01
4.915769522972975314e-01
5.959638299148061202e-01
7.026375581583851337e-01
6.780701376667357394e-01
7.391189521552342656e-01
5.558327331476999866e-01
7.906730316180324847e-01
6.757349636805448645e-01
7.295033613655689253e-01
5.834238234087060215e-01
7.299332849441986237e-01
6.961373522037963557e-01
5.974710062260499832e-01
6.135496129472556293e-01
7.240516881805748595e-01
6.819838412881672474e-01
6.921138320410458178e-01
7.795453102939929879e-01
7.622069132443558548e-01
6.555374541746948891e-01
6.664974676909113382e-01
6.903947322947915355e-01
7.605646859700696538e-01
6.615174523651873306e-01
6.832062916923175022e-01
7.795455813721350324e-01
7.332000176333095531e-01
7.182276703054123468e-01
6.276474863559288186e-01
6.462672923564445338e-01
7.177377506065698576e-01
6.712774916143979809e-01
6.792841384586358888e-01
7.829576701809327632e-01
6.956759417204352314e-01
7.615479252898825768e-01
6.925399684739930173e-01
7.437717331875837168e-01
7.303354389225783505e-01
6.914928485924621837e-01
7.411477745859235133e-01
7.650616208833330711e-01
7.310971023925362244e-01
7.109827573910316723e-01
7.377470126655205629e-01
6.468741457630377001e-01
7.197880345208548247e-01
6.704668698188580578e-01
7.853359591674727858e-01
7.716506678071191061e-01
7.356661845551348833e-01
7.455318909413481965e-01
7.423087700754082974e-01
6.914324700615200880e-01
6.396158236987162793e-01
5.971865208260931368e-01
6.845336426390279394e-01
7.229292322612052013e-01
6.845349749793369076e-01
6.786045976548710223e-01
5.930338401021456596e-01
7.913668735443893931e-01
6.127842080219091381e-01
7.054193203225307407e-01
6.728294084716078816e-01
8.282996443488219729e-01
6.086992632393636304e-01
6.719644502383911311e-01
7.218717796275996301e-01
7.178399076311497984e-01
6.920278288839281089e-01
6.664353973413291721e-01
6.971577493296745587e-01
6.959933404948104307e-01
7.994301670699097695e-01
6.997591531426131661e-01
6.417885134414798021e-01
5.980274099550878519e-01
7.690336603963952022e-01
6.405882169787705527e-01
7.519950398112634771e-01
5.771577404538897893e-01
6.265554298597322269e-01
7.392144423516632257e-01
7.367021082197019455e-01
7.868436523956642281e-01
5.876557826020550879e-01
8.428959315437096755e-01
6.318095651249518996e-01
6.880096847770742485e-01
6.144669021395658959e-01
7.086702907367924409e-01
6.680257462412554359e-01
6.419608922703382570e-01
6.379210765827918461e-01
6.978561510968557258e-01
6.588913831693054002e-01
7.577014567720385951e-01
7.130321069874907547e-01
7.503421630606507131e-01
6.724448825781080830e-01
6.604717202019546596e-01
6.215643924783289531e-01
8.484639277880067221e-01
7.764625018977235893e-01
7.993487487585799744e-01
6.122556155138034750e-01
7.327594320408402639e-01
8.076209358053514364e-01
6.630688495497544244e-01
6.335295556926734406e-01
6.303354658526771903e-01
6.195942384921269142e-01
7.804793676008537906e-01
6.016295114709016012e-01
6.637913037153002627e-01
7.460590518515645142e-01
6.184076702620717736e-01
6.042957744720736102e-01
7.499930853843096434e-01
7.210406463057085213e-01
7.634422068998292232e-01
6.623114781680662366e-01
5.686914999346026622e-01
7.777209949609592554e-01
6.972932690718373072e-01
8.074556725163362092e-01
7.669124520168874026e-01
6.854783677109956841e-01
6.803082319870783490e-01
6.314002658086995678e-01
7.141369059984161716e-01
7.324788563692036236e-01
6.546348663472039142e-01
7.310768621078012064e-01
7.588562965212940492e-01
6.824318137814811003e-01
6.682324545260305282e-01
5.693605357609464734e-01
7.247014262360750303e-01
6.687240162219822981e-01
6.015920277549021700e-01
7.532220377459143412e-01
6.645425116984692293e-01
6.764645780587686952e-01
7.361980727387266166e-01
6.450303046180869693e-01
