-3.509873312719275305e+02
-1.736969098067417008e+02
-1.377105367205527386e+02
-1.602406609865650466e+02
-1.146539032695854416e+02
-1.868247320281629982e+02
-1.222491032283235768e+02
-4.400228961424556928e+02
-1.568191759412572992e+02
-1.686068496278973043e+02
-1.293204381342191880e+02
-9.361753051420139116e+01
-1.478456477170453240e+02
-2.246839364174992113e+02
-1.177297591951416393e+02
-1.417285038805909210e+02
-1.864993545680271438e+02
-1.518329762503005043e+02
-2.333327910251652781e+02
-1.799648827297236267e+02
-2.238490252359222552e+02
-1.325498313190947783e+02
-3.004574260546358460e+02
-1.415514777957869796e+02
-1.545657116455981850e+02
-1.656098255709858051e+02
-1.947084049477333281e+02
-1.468101567559477587e+02
-1.492357450362880229e+02
-2.373117962920730406e+02
-1.113867676591070932e+02
-1.384305275650238798e+02
-2.110620905358087214e+02
-1.959839105937153079e+02
-1.466851273873128605e+02
-1.952825707592720619e+02
-3.275015393129656331e+02
-2.099013057824094233e+02
-1.258051632862607363e+02
-3.133332007906570880e+02
-1.707591683095326971e+02
-1.014183332613584696e+02
-2.648704891770482277e+02
-1.522716181005403087e+02
-1.339438381639730267e+02
-2.057848784704481488e+02
-1.362299360726187558e+02
-1.267225059089737300e+02
-1.029157403817552137e+02
-1.817858106402630085e+02
-2.444166117958768609e+02
-1.727593037789736741e+02
-1.544549151348363694e+02
-9.561737878243832256e+01
-1.180791239124615259e+02
-1.701632030465048331e+02
-1.376581655961487911e+02
-1.171565459981659956e+02
-1.308050362480557283e+02
-1.279556520445902947e+02
-2.236912068452202789e+02
-1.114853990645372903e+02
-1.688775800718713640e+02
-1.075415248781429511e+02
-1.068786887785268078e+02
-1.646246838843923967e+02
-1.207097867637094026e+02
-1.435245690017159745e+02
-1.354318483788452738e+02
-2.437613760913351939e+02
-1.094547476870268952e+02
-1.915488855330244462e+02
-1.018372678731127650e+02
-1.155988952569855570e+02
-2.132400654391105661e+02
-1.688890759747326058e+02
-1.665392806649316242e+02
-1.237856734083816121e+02
-3.272482955762813503e+02
-2.148717572982396291e+02
-2.405434315210195848e+02
-1.051576720974768904e+02
-9.736181574447351750e+01
-1.098940737827667675e+02
-4.715687419557181670e+02
-2.296521040545767391e+03
-9.403757940394748971e+01
-1.407119935108829338e+02
-1.110011717875878219e+02
-1.350815787543538988e+02
-1.613516385208029362e+02
-1.542795694194419127e+02
-1.506315611854200256e+02
-1.056723024344276070e+02
-1.246161837744704854e+02
-1.434177562504428352e+02
-1.034185349085801420e+02
-1.410647784300023488e+02
-2.862823229752546013e+02
-1.092889485335509647e+02
-1.392791750941616442e+02
-2.000962254177214561e+02
-1.221514798320000068e+02
-1.078498745425740935e+03
-1.575394207610450792e+02
-1.616697093651066552e+02
-2.075359906576616709e+02
-1.519767328371737563e+02
-2.364216896524783351e+02
-2.724517753851799284e+02
-1.400595509184717855e+02
-1.119238780019687454e+02
-1.345236489784819582e+02
-1.114272886130265050e+02
-1.161506530042875909e+02
-1.491339469753739593e+02
-1.548069635969375781e+02
-2.012094751934205021e+02
-1.205110954842060949e+02
-1.075733760591091368e+02
-2.381679081596859078e+02
-1.491775731313483675e+02
-3.790832209508953383e+02
-1.735407981774782229e+02
-1.720017631213590334e+02
-1.563587863496200896e+02
-1.995127147941653902e+02
-1.353717045040854146e+02
-1.581386940730040180e+02
-2.150130083735924131e+02
-1.850945587855923122e+02
-1.838841865846296457e+02
-1.680709033509972699e+02
-1.679009886762531494e+02
-1.875432037804727088e+02
-1.121564675567282450e+02
-1.378604665642759812e+02
-1.853466252189255670e+02
-1.318906485887387987e+02
-1.952371238722834619e+02
-1.694095004753145872e+02
-1.435378227076749909e+02
-1.682336845356618085e+02
-1.140472386145892756e+02
-3.813231361471892455e+02
-1.296797578206387414e+02
-2.147009213972620785e+02
-2.193957215258408553e+02
-1.200904177805027189e+02
-2.222407308881527115e+02
-1.543475564566128639e+02
-1.148287049962379797e+03
-2.096526095862386114e+02
-2.222651767512926142e+02
-2.297500130710043891e+02
-1.657868272564172401e+02
-1.533348023106618143e+02
-1.922568174071964506e+02
-1.035698082309069719e+02
-1.580713386029525225e+02
-2.558006927641604591e+02
-1.223530499222429171e+02
-1.285318462839140636e+02
-2.029134316788235424e+02
-1.691257865316750610e+02
-6.912114891987365581e+02
-2.627021132479130756e+02
-1.493606845174174396e+02
-2.156599090067387294e+02
-1.604670898237213237e+02
-1.035311470810000714e+02
-2.273668854827321582e+02
-1.359865898139870239e+02
-1.633652801274143371e+02
-2.464743242439004689e+02
-1.428519615565554375e+02
-1.990535917187196731e+02
-2.591117043470315480e+02
-3.162024573255210385e+02
-2.210874571717934600e+02
-1.505130183878392529e+02
-3.925037605424158755e+02
-1.852514554576454202e+02
-1.545942984324978511e+02
-2.802718698303388578e+02
-1.125274130238389887e+02
-1.548567660663108256e+02
-2.934418567176981583e+02
-3.545481404405097123e+02
-2.880445900410272770e+02
-1.481802436939969709e+02
-9.600668720950343982e+01
-1.253696902574059635e+02
-1.203522141484048547e+02
-1.480467349637298753e+02
-1.972931082906250708e+02
-1.321632178981627135e+02
-1.712939860775763066e+02
-1.797450333152740996e+02
-1.167642927469208018e+02
-1.403806018734155430e+02
-1.834942858708352560e+02
-2.872311683817883363e+02
-1.265284282949934465e+02
-1.590105022645635415e+02
-1.733063194053533209e+02
-1.172924598886470022e+02
-1.151884037714139026e+02
-2.431491374509098478e+02
-1.308486690677949582e+02
-2.418635568829793954e+02
-1.628933794534751769e+02
-1.598293108667572255e+02
-1.293033659421788343e+03
-1.917072536313356750e+02
-2.135138626166210543e+02
-2.039962072652075165e+02
-1.093066640896543191e+02
-1.319260749962601267e+02
-1.931893000581360127e+02
-1.826763836910477607e+02
-1.813779046035946010e+02
-1.505317159575178607e+02
-1.345591225677731018e+02
-2.071328068590091505e+02
-1.269098347303707186e+02
-1.328108338530107631e+02
-1.158310119790508850e+02
-1.330726781243222661e+02
-1.386740157408243874e+02
-9.542792789650394525e+01
-1.739170389253312408e+02
-2.033892150522301847e+02
-1.223226012047586408e+02
-1.178898365558011392e+02
-1.977963300447434847e+02
-1.832814822775505377e+02
-2.496507480013922020e+02
-6.723849043713287301e+02
-1.421657353286621799e+02
-1.576611339345370766e+02
-2.272210335821210094e+02
-2.135859325899312182e+02
-1.104683495677875840e+02
-1.300726371530651022e+02
-1.202120336126228466e+02
-2.821836605104288651e+02
-1.714660449160453197e+02
-1.605595305407794626e+02
-1.734442729875061673e+02
-1.383147794627686267e+02
-1.955023698173542357e+02
-1.154811160057518435e+02
-2.257504346576269825e+02
-1.459921565233035210e+02
-2.098386605569120889e+02
-2.190392952980046175e+02
-1.494092066509067820e+02
-1.271896820042980778e+02
-2.939840625255886835e+02
-1.461416431902946442e+02
-3.493881313508840663e+02
-1.399801052044890639e+02
-1.345711048002487757e+02
-2.386428549476723617e+02
-2.573466060586090407e+02
-1.158518871589118220e+02
-1.337689332163081701e+02
-1.718203218598353317e+02
-1.237452124554506838e+02
-1.925966945032185720e+02
-1.141436325985698801e+02
-3.269344587352822487e+02
-1.624927857412327228e+02
-1.539703201908134247e+02
-1.013123383489084830e+02
-1.875331348782798671e+02
-9.698751646251515979e+01
-2.666938037714083293e+03
-2.063945859256202766e+02
-1.861043712786740514e+02
-1.864834872265263073e+02
-2.966311532695427786e+02
-1.654717149894296710e+02
-1.374754579134332175e+02
-2.482405432764608406e+02
-1.224819972627234819e+02
-2.274353464684259905e+02
-2.971841158799803111e+02
-1.507951669290177392e+02
-1.129326964152901667e+02
-1.454655117048818056e+02
-1.425613976460911374e+02
-1.187839699806782363e+02
-1.226679565801747316e+02
-2.035284116500148457e+02
-1.646710561343829795e+02
-4.235911913689089488e+03
-1.969033058335917872e+02
-3.967423506755189919e+02
-1.931765620006471806e+02
-1.340886316261310469e+02
-1.572145628402918192e+02
-1.906379786585692671e+02
-2.301737573887021995e+02
-1.540863586517259023e+02
-1.387827211530940588e+02
-1.465133229257137941e+02
-9.942102643796367545e+01
-1.251652960636727414e+02
-1.590985398185023882e+02
-2.234758332251594481e+02
-1.854818295069668181e+02
-6.174803948888912828e+02
-1.886359121519111284e+02
-2.317372486473211666e+02
-1.218633175941014031e+02
-1.089678568737218285e+02
-1.374666191830714297e+02
-2.861607315737136901e+02
-3.639765933453600724e+02
-1.012450390564671778e+02
-1.176982935509904706e+02
-1.493465324474186957e+02
-3.038298270667933139e+02
-1.427970364385666073e+02
-4.696989205779574945e+02
-2.759670195576321703e+02
-1.967475258746951283e+02
-1.227843397740775799e+02
-2.259401223957015645e+02
-1.321183136082178748e+02
-2.821770060380557084e+02
-1.463613768635790677e+02
-2.110638017976455671e+02
-1.491500790171262452e+02
-2.824367395813749795e+02
-2.082486186171560121e+02
-1.832479910031816814e+02
-1.736905775674717063e+02
-2.082113121170949910e+02
-1.548588354276444363e+02
-1.307523119500582709e+02
-1.456505197654418566e+02
-1.465965675068181042e+02
-1.897364485350095151e+02
-2.338830645829387436e+02
-1.317093661203651607e+02
-1.259066730576382156e+02
-2.856702607583973759e+02
-1.917064952051849787e+02
-4.492431978266054671e+02
-1.344760782287365259e+02
-1.270968990068905384e+02
-2.174644964404241705e+02
-1.506482429063377424e+02
-1.225784649648407765e+02
-1.671297916284869416e+02
-2.081964706262482423e+02
-1.416319230525851367e+02
-1.184716155955423602e+02
-1.672356926697019901e+02
-2.566949487137142683e+02
-3.937359413798034211e+02
-1.986607023969849308e+02
-2.587758788055195964e+02
-1.866244528492875077e+02
-2.048173845371108541e+02
-3.601630873502433019e+02
-6.787587352653996504e+02
-2.468547862598848042e+02
-5.594246316205923222e+02
-1.501006022683021115e+02
-3.409585643610178067e+02
-2.010703239294338402e+02
-1.515195372576249042e+02
-2.223923946975499462e+02
-1.752741055383297351e+02
-2.040149196450757643e+02
-1.584514816171678433e+02
-2.273834341280713147e+02
-1.333591666742978532e+02
-3.535420613270375725e+02
-1.326755390718564342e+02
-2.302943628480161067e+02
-1.412416036955915786e+02
-3.219854922105688502e+02
-3.159361720930801880e+02
-1.446512583458237771e+02
-1.387501155628774825e+02
-2.102898168877860883e+02
-1.027591926047097331e+03
-1.582529874427765719e+02
-2.478721041813166153e+02
-8.081284579357754865e+02
-2.436963610558831022e+02
-5.519888126693846289e+02
-1.788597019429938371e+02
-2.570461443247504008e+02
-1.913205297216201473e+02
-2.665006873664705154e+02
-1.924554542070772527e+02
-2.969594965630799379e+02
-2.075407336334643560e+02
-2.472468734631373479e+02
-1.581312961674999258e+02
-2.443309945644977574e+02
-1.171001668217459866e+02
-1.927884553706660711e+02
-9.678906751923764773e+01
-1.216651081982067666e+02
-1.237177531553719660e+02
-1.308514290941662637e+02
-9.131494542120736924e+01
-1.671428361336938622e+02
-1.205541147163368976e+02
-1.386091325009637671e+02
-9.775274072292565108e+01
-2.193018349901609270e+02
-1.241187894624321899e+02
-9.740223752008097335e+01
-1.028912166911128026e+02
-1.481713791871544004e+02
-1.152076308817988490e+02
-1.236510559817210151e+02
-1.477636780504823264e+02
-1.520578274356861925e+02
-1.387856123432470952e+02
-1.148106425678239617e+02
-1.147665614175701450e+02
-1.411784518611771091e+02
-1.098759611521032014e+02
-1.191276220568761772e+02
-1.640587248899845747e+02
-1.325888275476345939e+02
-1.262782515306470970e+02
-1.596270156431129408e+02
-1.124322212257690836e+02
-1.449214163786925837e+02
-1.095725027448052629e+02
-1.145900052560229483e+02
-1.562572733644973653e+02
-1.299008238307681893e+02
-1.395011697766915404e+02
-1.219345765664012760e+02
-1.485378998691766128e+02
-1.388863656041617389e+02
-1.281634323319679538e+02
-1.383369458361108855e+02
-1.584844365639141586e+02
-1.265662551154476745e+02
-1.192489992211511378e+02
-1.310646056094945777e+02
-1.123430362849086066e+02
-1.317819313672394514e+02
-1.178190259589315048e+02
-1.506215816782646755e+02
-1.687247679577979227e+02
-1.344838132467329501e+02
-1.338096063752155374e+02
-1.358078659784224271e+02
-1.252469665308967421e+02
-1.032952422831165364e+02
-9.637209303895548373e+01
-2.185712971533519351e+02
-1.474379694343058986e+02
-1.169221553369389142e+02
-1.157583898563569562e+02
-9.543464890156943170e+01
-1.792344163306793803e+02
-1.065077775997642817e+02
-1.190185519063316946e+02
-1.143575120876216715e+02
-1.650818415802375227e+02
-9.696906868842772553e+01
-1.243445025001229851e+02
-1.484122913401815822e+02
-1.327567698259469182e+02
-1.209302790049260210e+02
-1.213182717956352690e+02
-1.282751326775237430e+02
-1.168519496328796521e+02
-1.582459686885073040e+02
-1.297370499340233607e+02
-1.077020944606027086e+02
-1.006374217622881702e+02
-1.484850145512883728e+02
-1.109482143971857795e+02
-1.374951740750618399e+02
-1.400690654756325841e+02
-9.841187376955140564e+01
-1.490146227772135887e+02
-1.457923464101730531e+02
-1.411676586257205770e+02
-9.783481432290234636e+01
-1.785575160714517153e+02
-1.059900856282238095e+02
-1.268129134536588651e+02
-9.992368343539763487e+01
-1.261242313084277100e+02
-1.364182995702830681e+02
-1.169240757622458773e+02
-1.042374962217375440e+02
-1.369076135271636758e+02
-1.087050021771005248e+02
-1.399273886973814456e+02
-1.354148421418344981e+02
-1.376391291128363150e+02
-1.129993886034684749e+02
-1.133368840637719330e+02
-1.041605302037983023e+02
-1.729976593317875597e+02
-1.507121656874498967e+02
-1.767447908146906457e+02
-1.036876349185452426e+02
-1.402905945771860843e+02
-1.489560098981928320e+02
-1.112608195867949945e+02
-1.158626650272837253e+02
-9.985944044632388739e+01
-1.004300542917882382e+02
-1.468084766814374404e+02
-1.014095020973621217e+02
-1.234670609519936733e+02
-1.369522864590219626e+02
-1.062281135091782858e+02
-9.833961469257948806e+01
-1.392720449955022275e+02
-1.426908422074120892e+02
-1.642874799507062846e+02
-1.129770436276035781e+02
-1.094413965746477686e+02
-1.549714789760815279e+02
-1.232834079008212740e+02
-1.699903617330666350e+02
-1.949469313519390710e+02
-1.122258687522901255e+02
-1.237421029862443191e+02
-1.168451674776215441e+02
-1.389717190125604134e+02
-1.374649657841428905e+02
-1.833106218660900595e+02
-1.437045265884484024e+02
-1.821654667570930997e+02
-1.190710493979756137e+02
-1.201320759575214510e+02
-9.338485399899498418e+01
-1.346606738511299852e+02
-1.091504882602030619e+02
-9.771100603315711908e+01
-1.648678143337272957e+02
-1.189011503611802283e+02
-1.161313695328408500e+02
-1.324216238618754744e+02
-1.116358744171681536e+02
