1.039344262295082011e+01
3.967213114754098324e+00
1.721311475409835978e+00
1.688524590163934525e+00
1.327868852459016313e+00
4.000000000000000000e+00
1.934426229508196649e+00
6.475409836065574076e+00
2.836065573770491621e+00
4.098360655737704583e+00
1.836065573770491843e+00
1.393442622950819665e+00
2.081967213114753967e+00
5.557377049180328044e+00
1.393442622950819665e+00
1.885245901639344357e+00
4.032786885245901232e+00
3.639344262295082011e+00
9.426229508196721341e+00
5.524590163934425924e+00
2.721311475409835978e+00
1.672131147540983687e+00
1.313114754098360670e+01
2.081967213114753967e+00
2.836065573770491621e+00
2.672131147540983687e+00
4.491803278688524692e+00
2.098360655737705027e+00
2.147540983606557319e+00
6.377049180327868605e+00
1.377049180327868827e+00
1.852459016393442681e+00
5.819672131147540561e+00
3.540983606557376984e+00
1.704918032786885140e+00
5.508196721311475308e+00
1.047540983606557319e+01
5.819672131147540561e+00
1.524590163934426146e+00
1.652459016393442681e+01
4.704918032786885362e+00
1.229508196721311508e+00
1.252459016393442681e+01
2.245901639344262346e+00
2.475409836065573632e+00
4.967213114754098768e+00
1.868852459016393519e+00
2.000000000000000000e+00
1.508196721311475308e+00
3.426229508196721341e+00
1.277049180327868783e+01
3.131147540983606703e+00
3.360655737704917989e+00
1.377049180327868827e+00
1.557377049180327822e+00
3.590163934426229719e+00
1.459016393442623016e+00
1.688524590163934525e+00
1.934426229508196649e+00
2.098360655737705027e+00
4.852459016393442681e+00
1.409836065573770503e+00
4.852459016393442681e+00
1.491803278688524692e+00
1.344262295081967151e+00
2.540983606557376984e+00
1.524590163934426146e+00
1.918032786885245811e+00
1.901639344262294973e+00
6.114754098360656087e+00
1.409836065573770503e+00
5.540983606557377428e+00
1.459016393442623016e+00
1.377049180327868827e+00
8.327868852459015869e+00
2.557377049180328044e+00
4.409836065573770725e+00
2.147540983606557319e+00
2.214754098360655732e+01
5.606557377049179891e+00
5.098360655737704583e+00
1.540983606557376984e+00
1.409836065573770503e+00
1.770491803278688492e+00
5.063934426229508290e+01
1.837049180327868783e+02
1.409836065573770503e+00
2.508196721311475308e+00
1.967213114754098324e+00
3.655737704918032627e+00
3.081967213114753967e+00
2.032786885245901676e+00
2.868852459016393297e+00
1.327868852459016313e+00
1.754098360655737654e+00
2.180327868852458995e+00
1.459016393442623016e+00
2.000000000000000000e+00
9.737704918032786594e+00
1.491803278688524692e+00
2.606557377049180335e+00
4.622950819672131395e+00
1.754098360655737654e+00
7.524590163934426812e+01
3.311475409836065698e+00
2.081967213114753967e+00
2.852459016393442681e+00
1.524590163934426146e+00
1.024590163934426279e+01
1.152459016393442681e+01
1.983606557377049162e+00
1.360655737704917989e+00
2.262295081967212962e+00
1.344262295081967151e+00
1.442622950819672178e+00
2.229508196721311286e+00
1.885245901639344357e+00
4.278688524590164022e+00
1.573770491803278659e+00
1.409836065573770503e+00
6.803278688524589946e+00
2.967213114754098324e+00
9.278688524590164022e+00
1.852459016393442681e+00
3.524590163934426368e+00
3.180327868852458995e+00
4.000000000000000000e+00
2.278688524590164022e+00
3.245901639344262346e+00
6.885245901639343913e+00
5.885245901639343913e+00
4.508196721311475308e+00
3.704918032786885362e+00
3.786885245901639330e+00
4.213114754098360670e+00
1.229508196721311508e+00
2.147540983606557319e+00
3.737704918032787038e+00
2.114754098360655643e+00
4.180327868852459439e+00
4.327868852459016757e+00
2.606557377049180335e+00
3.557377049180328044e+00
1.213114754098360670e+00
1.249180327868852380e+01
2.114754098360655643e+00
6.622950819672131395e+00
1.721311475409835978e+00
1.262295081967213184e+00
2.491803278688524692e+00
1.721311475409835978e+00
1.222950819672131217e+01
2.590163934426229719e+00
3.163934426229508379e+00
2.213114754098360670e+00
3.393442622950819665e+00
3.131147540983606703e+00
3.639344262295082011e+00
1.393442622950819665e+00
4.459016393442622572e+00
6.081967213114753967e+00
1.393442622950819665e+00
1.557377049180327822e+00
2.967213114754098324e+00
5.262295081967213406e+00
7.996721311475410232e+01
9.934426229508197537e+00
1.327868852459016313e+00
8.393442622950820109e+00
2.344262295081967373e+00
1.442622950819672178e+00
5.754098360655738098e+00
1.868852459016393519e+00
2.885245901639344357e+00
8.573770491803278659e+00
2.180327868852458995e+00
3.393442622950819665e+00
1.257377049180327866e+01
2.542622950819671956e+01
1.054098360655737743e+01
2.377049180327869049e+00
1.368852459016393475e+01
2.327868852459016313e+00
2.311475409836065698e+00
1.393442622950819754e+01
1.360655737704917989e+00
1.622950819672131173e+00
4.065573770491803351e+00
1.037704918032786949e+01
4.016393442622950616e+00
1.819672131147541005e+00
1.229508196721311508e+00
1.196721311475409832e+00
1.786885245901639330e+00
2.426229508196721341e+00
5.000000000000000000e+00
1.639344262295082011e+00
3.950819672131147708e+00
2.655737704918032627e+00
1.508196721311475308e+00
2.098360655737705027e+00
4.803278688524589946e+00
4.081967213114753967e+00
1.639344262295082011e+00
1.557377049180327822e+00
2.770491803278688714e+00
1.409836065573770503e+00
2.131147540983606703e+00
4.344262295081967373e+00
1.540983606557376984e+00
7.393442622950820109e+00
1.934426229508196649e+00
2.180327868852458995e+00
4.486885245901639507e+01
1.770491803278688492e+00
3.229508196721311286e+00
3.360655737704917989e+00
1.852459016393442681e+00
1.557377049180327822e+00
3.573770491803278659e+00
4.180327868852459439e+00
3.540983606557376984e+00
3.852459016393442681e+00
1.393442622950819665e+00
2.459016393442623016e+00
1.819672131147541005e+00
1.459016393442623016e+00
2.180327868852458995e+00
1.508196721311475308e+00
1.672131147540983687e+00
1.196721311475409832e+00
2.196721311475410054e+00
2.524590163934426368e+00
1.295081967213114860e+00
2.295081967213114638e+00
6.098360655737704583e+00
5.114754098360656087e+00
6.049180327868852736e+00
8.131147540983606703e+00
2.622950819672130951e+00
2.442622950819671956e+00
2.983606557377049384e+00
1.170491803278688536e+01
2.114754098360655643e+00
2.475409836065573632e+00
1.377049180327868827e+00
4.000000000000000000e+00
3.901639344262294973e+00
1.901639344262294973e+00
4.737704918032786594e+00
2.245901639344262346e+00
3.016393442622950616e+00
1.655737704918032849e+00
2.377049180327869049e+00
1.639344262295082011e+00
4.295081967213114638e+00
4.065573770491803351e+00
1.983606557377049162e+00
2.131147540983606703e+00
1.132786885245901587e+01
2.360655737704917989e+00
1.373770491803278659e+01
1.475409836065573854e+00
2.770491803278688714e+00
3.967213114754098324e+00
2.016393442622950616e+00
1.540983606557376984e+00
2.131147540983606703e+00
3.163934426229508379e+00
1.934426229508196649e+00
4.213114754098360670e+00
1.721311475409835978e+00
1.177049180327868783e+01
1.885245901639344357e+00
2.327868852459016313e+00
1.573770491803278659e+00
1.868852459016393519e+00
1.229508196721311508e+00
2.488524590163934391e+01
6.590163934426229275e+00
3.754098360655737654e+00
3.770491803278688714e+00
1.444262295081967196e+01
4.032786885245901232e+00
2.885245901639344357e+00
6.852459016393442681e+00
1.655737704918032849e+00
1.022950819672131217e+01
1.919672131147541094e+01
3.704918032786885362e+00
1.278688524590164022e+00
2.442622950819671956e+00
2.786885245901639330e+00
1.868852459016393519e+00
1.688524590163934525e+00
2.688524590163934302e+00
2.360655737704917989e+00
4.878852459016393368e+02
3.704918032786885362e+00
1.739344262295081833e+01
1.491803278688524692e+00
1.655737704918032849e+00
1.754098360655737654e+00
1.393442622950819665e+00
1.737704918032786816e+00
1.704918032786885140e+00
2.196721311475410054e+00
2.081967213114753967e+00
1.213114754098360670e+00
1.409836065573770503e+00
2.065573770491803351e+00
2.393442622950819665e+00
2.672131147540983687e+00
5.098360655737704583e+00
4.819672131147540561e+00
6.737704918032786594e+00
1.721311475409835978e+00
1.688524590163934525e+00
9.344262295081967595e-01
8.213114754098359782e+00
1.534426229508196649e+01
1.196721311475409832e+00
1.704918032786885140e+00
2.459016393442623016e+00
1.424590163934426279e+01
4.081967213114753967e+00
3.180327868852458995e+00
1.557377049180327822e+00
4.786885245901639330e+00
1.491803278688524692e+00
5.885245901639343913e+00
1.393442622950819665e+00
1.024590163934426279e+01
1.622950819672131173e+00
4.672131147540983243e+00
1.590163934426229497e+00
3.901639344262294973e+00
2.311475409836065698e+00
2.983606557377049384e+00
2.508196721311475308e+00
3.983606557377049384e+00
1.885245901639344357e+00
2.000000000000000000e+00
2.098360655737705027e+00
1.950819672131147486e+00
2.278688524590164022e+00
3.590163934426229719e+00
1.737704918032786816e+00
1.622950819672131173e+00
7.688524590163934747e+00
3.950819672131147708e+00
1.957377049180328044e+01
1.655737704918032849e+00
1.459016393442623016e+00
3.885245901639344357e+00
2.836065573770491621e+00
2.426229508196721341e+00
3.754098360655737654e+00
3.327868852459016313e+00
1.885245901639344357e+00
1.327868852459016313e+00
4.000000000000000000e+00
9.049180327868851847e+00
2.385245901639344268e+01
4.262295081967213406e+00
7.311475409836065253e+00
3.147540983606557319e+00
7.475409836065574076e+00
2.009836065573770369e+01
6.855737704918033160e+01
1.065573770491803351e+01
5.554098360655737565e+01
2.770491803278688714e+00
2.316393442622950971e+01
6.557377049180328044e+00
2.508196721311475308e+00
8.983606557377049384e+00
3.213114754098360670e+00
5.163934426229507935e+00
2.475409836065573632e+00
7.950819672131147264e+00
1.786885245901639330e+00
2.004918032786885362e+01
1.655737704918032849e+00
8.147540983606557319e+00
1.918032786885245811e+00
1.029508196721311464e+01
2.237704918032786949e+01
2.229508196721311286e+00
1.983606557377049162e+00
3.426229508196721341e+00
7.363934426229508290e+01
2.262295081967212962e+00
1.336065573770491888e+01
6.283606557377049029e+01
5.491803278688524692e+00
1.468852459016393475e+01
2.508196721311475308e+00
5.754098360655738098e+00
3.983606557377049384e+00
6.557377049180328044e+00
4.540983606557377428e+00
1.104918032786885185e+01
2.065573770491803351e+00
4.344262295081967373e+00
2.229508196721311286e+00
3.590163934426229719e+00
1.672131147540983687e+00
7.704918032786884918e-01
1.163934426229508157e+00
1.491803278688524692e+00
1.950819672131147486e+00
1.852459016393442681e+00
1.393442622950819665e+00
2.508196721311475308e+00
1.836065573770491843e+00
2.377049180327869049e+00
1.524590163934426146e+00
5.704918032786885362e+00
1.688524590163934525e+00
1.196721311475409832e+00
1.213114754098360670e+00
1.934426229508196649e+00
1.786885245901639330e+00
1.688524590163934525e+00
1.967213114754098324e+00
2.000000000000000000e+00
3.098360655737705027e+00
1.770491803278688492e+00
1.475409836065573854e+00
1.983606557377049162e+00
1.409836065573770503e+00
1.786885245901639330e+00
1.819672131147541005e+00
1.934426229508196649e+00
1.508196721311475308e+00
4.770491803278688714e+00
1.573770491803278659e+00
2.098360655737705027e+00
1.360655737704917989e+00
1.442622950819672178e+00
2.114754098360655643e+00
1.967213114754098324e+00
1.819672131147541005e+00
1.557377049180327822e+00
1.344262295081967151e+00
2.163934426229508379e+00
2.245901639344262346e+00
1.934426229508196649e+00
2.655737704918032627e+00
1.360655737704917989e+00
1.557377049180327822e+00
1.639344262295082011e+00
1.737704918032786816e+00
2.000000000000000000e+00
1.770491803278688492e+00
1.868852459016393519e+00
4.065573770491803351e+00
2.278688524590164022e+00
1.639344262295082011e+00
2.000000000000000000e+00
2.016393442622950616e+00
1.377049180327868827e+00
1.295081967213114860e+00
7.639344262295082011e+00
3.278688524590164022e+00
1.754098360655737654e+00
1.508196721311475308e+00
1.229508196721311508e+00
2.016393442622950616e+00
1.360655737704917989e+00
1.442622950819672178e+00
1.573770491803278659e+00
2.573770491803278659e+00
1.262295081967213184e+00
1.737704918032786816e+00
2.639344262295082011e+00
1.803278688524590168e+00
1.721311475409835978e+00
2.032786885245901676e+00
1.950819672131147486e+00
1.672131147540983687e+00
2.491803278688524692e+00
2.163934426229508379e+00
1.639344262295082011e+00
1.213114754098360670e+00
1.918032786885245811e+00
1.622950819672131173e+00
1.885245901639344357e+00
3.819672131147541005e+00
1.245901639344262346e+00
1.934426229508196649e+00
2.622950819672130951e+00
1.655737704918032849e+00
1.229508196721311508e+00
2.557377049180328044e+00
1.475409836065573854e+00
1.622950819672131173e+00
1.409836065573770503e+00
1.557377049180327822e+00
2.836065573770491621e+00
1.836065573770491843e+00
1.508196721311475308e+00
2.245901639344262346e+00
1.360655737704917989e+00
2.032786885245901676e+00
2.442622950819671956e+00
1.967213114754098324e+00
1.573770491803278659e+00
1.639344262295082011e+00
1.491803278688524692e+00
2.393442622950819665e+00
1.721311475409835978e+00
3.557377049180328044e+00
1.524590163934426146e+00
1.868852459016393519e+00
2.295081967213114638e+00
1.606557377049180335e+00
2.081967213114753967e+00
1.262295081967213184e+00
1.442622950819672178e+00
2.426229508196721341e+00
1.573770491803278659e+00
2.262295081967212962e+00
1.918032786885245811e+00
1.540983606557376984e+00
1.262295081967213184e+00
2.131147540983606703e+00
2.180327868852458995e+00
3.147540983606557319e+00
1.688524590163934525e+00
2.196721311475410054e+00
2.032786885245901676e+00
1.786885245901639330e+00
2.557377049180328044e+00
4.573770491803278659e+00
1.377049180327868827e+00
1.672131147540983687e+00
1.885245901639344357e+00
2.278688524590164022e+00
1.852459016393442681e+00
5.000000000000000000e+00
2.229508196721311286e+00
3.393442622950819665e+00
1.934426229508196649e+00
1.918032786885245811e+00
1.196721311475409832e+00
2.163934426229508379e+00
1.459016393442623016e+00
1.262295081967213184e+00
2.524590163934426368e+00
1.934426229508196649e+00
1.278688524590164022e+00
1.655737704918032849e+00
1.508196721311475308e+00
