8.761006416008783049e-01
7.708527699501327435e-01
6.951385016556630436e-01
7.046395408312100539e-01
7.488719520606601510e-01
1.081202594971819586e+00
7.292680535727075197e-01
6.930584969632117565e-01
6.761332284328468445e-01
9.857181322997143891e-01
1.168401269234667694e+00
9.119322985583130370e-01
8.190749354366527735e-01
7.927558178054848748e-01
7.616123707639084195e-01
8.152823209051415221e-01
8.207754021848436832e-01
5.708239118003719526e-01
7.155738239445380566e-01
7.944829930886188052e-01
5.988202853947194315e-01
6.898899373419820069e-01
7.344598690813657349e-01
7.728472044141195818e-01
7.145109721436125882e-01
6.432849887482489093e-01
7.380832834411256149e-01
8.640283265041438510e-01
7.689563565706891701e-01
6.411481177778080021e-01
8.079733333666959672e-01
7.452556082472753252e-01
7.311480942647096137e-01
7.537483012021353179e-01
7.002463323719305688e-01
6.473188737515307434e-01
8.258368241723200720e-01
7.958359563612192877e-01
7.341889095302334134e-01
7.194291811961013305e-01
8.036469308692576474e-01
8.267315186587940179e-01
8.548588782639385819e-01
7.726202519618921016e-01
8.435905536715703201e-01
8.414364400162180901e-01
7.915718290518691802e-01
8.147279744525022238e-01
6.003922795611611463e-01
9.512277373844855166e-01
7.551322690485948730e-01
7.955867607294750954e-01
6.307887689124427322e-01
9.667099438697016600e-01
7.684695621555904799e-01
6.590674618512434302e-01
7.243916520368377521e-01
7.584562884864533006e-01
5.565862728073849297e-01
9.982129987729956300e-01
6.757680726765674661e-01
6.112140181956033924e-01
8.047802922719192731e-01
6.767362045365193923e-01
6.747178644166235140e-01
7.390866503661502884e-01
7.979610907941154796e-01
6.829134314868684497e-01
7.267262461703444254e-01
5.973634645908039165e-01
7.179463502776698425e-01
6.972572633503967277e-01
6.299739351684023880e-01
6.419875853015053480e-01
6.727780657300195255e-01
5.002827638502896912e-01
7.268958773961237130e-01
5.927427612879874186e-01
6.288351425809323159e-01
8.105715661178508613e-01
7.063330518447784589e-01
5.803126768471907893e-01
7.825313608663586606e-01
6.018017078633701722e-01
6.814032553208703158e-01
7.024226892459410898e-01
7.202778013221401432e-01
8.888644336337025997e-01
7.235146645601862048e-01
6.867099821347284472e-01
6.798191371024223661e-01
6.737721842010073736e-01
6.877850772334873630e-01
5.664575598587106020e-01
5.966362972080073712e-01
7.309758158885114598e-01
6.694048888081275406e-01
7.300847610419850531e-01
7.242974767722402119e-01
7.318432321618546510e-01
8.014162720745455770e-01
7.612821661551401053e-01
6.598610302282524875e-01
5.454708150310423331e-01
7.197143143061484061e-01
5.898731358444933015e-01
8.272538511998096533e-01
6.958180899304668987e-01
5.979525580179260169e-01
7.757188301174187117e-01
6.205317982837508239e-01
6.714583247369113606e-01
4.056940159861662787e-01
8.991124543292624560e-01
8.782819240381006809e-01
6.270433329735408678e-01
6.488768853121652525e-01
6.832680875094190309e-01
4.113843521557969951e-01
6.122990060509063692e-01
7.583082641720965134e-01
6.139500443098486748e-01
7.731134787962014032e-01
5.606111454762725543e-01
7.062441635290563902e-01
8.221684334186586396e-01
6.885754031778582585e-01
6.975935757819929917e-01
6.350349989351317115e-01
6.738801091980000102e-01
5.939056473114787682e-01
7.000147239265342991e-01
8.090908672714519634e-01
8.659036449628721988e-01
6.787157602964929426e-01
6.120022336507660032e-01
7.257716909566399588e-01
7.671620424871841148e-01
7.142237334789949266e-01
8.132549734595733160e-01
5.852995210066457288e-01
5.686166816785596101e-01
7.377750617419660539e-01
6.895911028701493528e-01
9.557693254007002537e-01
5.462662752816929146e-01
6.916892018298389511e-01
5.589255029875219716e-01
7.858583249645718638e-01
6.324919131599479050e-01
6.030372463865222299e-01
6.597885998426618048e-01
8.137613681012925149e-01
7.714005191002470951e-01
8.036267019833730485e-01
9.177105010179238409e-01
9.062763910681634894e-01
9.334167839770314279e-01
8.582511638125575049e-01
7.035976271126209713e-01
8.904825098074273804e-01
7.921078248486851381e-01
6.001500372827853758e-01
7.436469778279227727e-01
6.571413838523268991e-01
8.387899275438203128e-01
8.254891277623003232e-01
6.927551097921821333e-01
7.855210481894850938e-01
9.077848316163480424e-01
7.415022367491155286e-01
7.725267046120537495e-01
8.685501226459544366e-01
7.238797846469376962e-01
7.224782783275298659e-01
7.206128854560298613e-01
7.757869783466780911e-01
7.668840336137362490e-01
7.953036394295417422e-01
9.065460401349091368e-01
7.865919548409087136e-01
7.255489725546202529e-01
7.006195089698989964e-01
8.646861046167835241e-01
7.583536194773108363e-01
8.097413218373147314e-01
7.281997464180877122e-01
7.289374705329011439e-01
6.274997680230325336e-01
6.649451212293687741e-01
7.748736737034094268e-01
5.743907134125896263e-01
6.871375589664310279e-01
6.853841807687348631e-01
6.820823104955379135e-01
8.172034785817379188e-01
7.521432376817778209e-01
7.925217279294500816e-01
1.171609433015851298e+00
7.554325447108596325e-01
8.384523810234540964e-01
7.108470486042354208e-01
6.641857160473980670e-01
7.585015913364571150e-01
7.549501774086194716e-01
6.894921713114455786e-01
6.445205134128179081e-01
7.227425912324936252e-01
8.057912361764022480e-01
8.772855068408994539e-01
7.486121378143885119e-01
7.033461894878602072e-01
7.428044061354103222e-01
7.718854814868261194e-01
6.159583091334722704e-01
4.181385198883873500e-01
5.699584077233502688e-01
6.495906214289444147e-01
8.946309705246083821e-01
5.594480551546167080e-01
8.643348498265167601e-01
7.555737454097080086e-01
6.228958374275909149e-01
8.246689269036451275e-01
6.724218162844647351e-01
7.818448124388950315e-01
6.502577568964383881e-01
5.135791119212727018e-01
6.686877681009592012e-01
5.565004425932482679e-01
8.513661386061293079e-01
4.471264127471244465e-01
8.210978964527011481e-01
7.749609235175144439e-01
5.113999298814976280e-01
7.492767023177776542e-01
8.501292966841740295e-01
6.083076759409521417e-01
5.066739469484734526e-01
1.097996101595977603e+00
7.456146800123547580e-01
5.880796356342776754e-01
5.657085745578439573e-01
7.543962591912254378e-01
6.431374339175480737e-01
6.558397193205651732e-01
7.658687977198869179e-01
7.022173557604859395e-01
7.918142690893846813e-01
5.902003789798035971e-01
7.427643251033166916e-01
9.897570646286641960e-01
6.836421718047837048e-01
7.289788251891412552e-01
8.441672919327215530e-01
6.981719460861729454e-01
6.959250785469262013e-01
8.151132911160786643e-01
6.923459432024846594e-01
6.707245811791788803e-01
9.195246556194244247e-01
7.766230197524769396e-01
6.960341517205408390e-01
7.579307422067370625e-01
6.172388947762762479e-01
8.530095205692038718e-01
8.343270702604272948e-01
7.140363403605204384e-01
7.591438486590886825e-01
7.754476763311473064e-01
7.769932044847929209e-01
8.267276350005932084e-01
6.859170298562229373e-01
6.402985091772479542e-01
7.714558789222980550e-01
8.001160542496910111e-01
6.920598124452664868e-01
5.943623867916280057e-01
6.860063158474524192e-01
6.212676217158703551e-01
7.364981227390599017e-01
6.798401425807782950e-01
7.454735981136865197e-01
7.067066808434121494e-01
6.382979954380606502e-01
7.693024772028008718e-01
6.726352249427159924e-01
7.917485126759783443e-01
8.350566995701473871e-01
9.371287870838366230e-01
8.117539434795395525e-01
6.426005400345147223e-01
6.613481776357397202e-01
6.730449985580349015e-01
5.704963849520073849e-01
6.079428632493492080e-01
7.517669306750607294e-01
5.829999448765438297e-01
6.965499000990252876e-01
1.003804353747912881e+00
7.119829737710877682e-01
7.805505733469580987e-01
8.347091621419187035e-01
8.845343770701626918e-01
7.764545765520085574e-01
7.616454666358526415e-01
6.734618150695782512e-01
7.082128326837630050e-01
7.898694223615065901e-01
7.239911133873067062e-01
8.239233121322909748e-01
7.706897361474832620e-01
7.766258900591377357e-01
7.602981310575215312e-01
8.671070125739902545e-01
7.200543517633396506e-01
7.279012166403668882e-01
4.856315419599574468e-01
7.563441653317098945e-01
8.023182558575414625e-01
8.875224124301184236e-01
5.964238006965085770e-01
7.028578105696422496e-01
6.404340636729575209e-01
6.819718968061970754e-01
6.169216083115447447e-01
6.661988401315144248e-01
7.918719719202095275e-01
7.139628547903502653e-01
6.960837893502435092e-01
7.143077440161482716e-01
6.990226295719138561e-01
6.441748633866047902e-01
6.940042442343238305e-01
5.796981380727102007e-01
1.245673640134584259e+00
6.901754363632952582e-01
6.647159644585095561e-01
7.693088464751495215e-01
5.667419605479666611e-01
6.757336996445830746e-01
6.252867267490871406e-01
8.405782447576884975e-01
7.138017195172338125e-01
7.128150771839264488e-01
5.081772791172037840e-01
6.395341076593686891e-01
6.670977777048481272e-01
7.639087317006567623e-01
6.083754394096132501e-01
8.238999846769211599e-01
6.805247157712180917e-01
7.593975002934535423e-01
7.236411174852632744e-01
1.007974521645630617e+00
8.048556171021367112e-01
6.802063645771485589e-01
6.349111644948568500e-01
8.345274441755106132e-01
7.627272781899138154e-01
8.464415689661608511e-01
8.788831971355559602e-01
6.723707371979413816e-01
6.133439505592184204e-01
1.016628003039494521e+00
8.206051951244101028e-01
7.502131286874714755e-01
8.623788225697468501e-01
8.209702960076472600e-01
7.290829425091612803e-01
7.110196347415216334e-01
7.195166780220445535e-01
6.972031029182932382e-01
7.709584648366378801e-01
6.936141315284418685e-01
6.334137178886547481e-01
7.954892013673595663e-01
5.837352601388715589e-01
6.183579991968063405e-01
8.117093029456575737e-01
7.011432949275540061e-01
8.973535476099632202e-01
6.772768313726075240e-01
6.735023685834605756e-01
7.735132155926033315e-01
8.856677903375813621e-01
7.466335361114230240e-01
8.465961065142124653e-01
6.911377182958160503e-01
6.937391632623881588e-01
6.525645908076936896e-01
6.828232107130597361e-01
5.375831407855465871e-01
5.336491780962256959e-01
7.393125799916505647e-01
8.383743127381085847e-01
5.842355907247456237e-01
9.926251100571494845e-01
7.476845316169992151e-01
5.935372607516344878e-01
8.670976939284597007e-01
7.587188462009158973e-01
7.479665120641342257e-01
7.226505021887545954e-01
7.981324910415428242e-01
8.153470325197427204e-01
7.541534806412041325e-01
8.882830816541735786e-01
7.268142009652878155e-01
9.279867523235484361e-01
8.119346575719955661e-01
5.414843712515203800e-01
5.940352950091406514e-01
6.976601779398077241e-01
7.898893575440516512e-01
6.822927819225800272e-01
6.880357857236301111e-01
8.350444144343418529e-01
7.943268405846034552e-01
6.892052848065749471e-01
6.934801519898661226e-01
8.945002535418142831e-01
8.010808318527371519e-01
7.133400440221723260e-01
5.519650158600251100e-01
7.907069126424547401e-01
7.294223384565939883e-01
5.677916108010033769e-01
8.202826761548186463e-01
9.084483789363472228e-01
6.311841205806462130e-01
7.034372144520759651e-01
6.862733971949107614e-01
6.547176626577290159e-01
7.327934598371725894e-01
1.027025198615537205e+00
6.352781712450947804e-01
8.993016163275240338e-01
5.528578344108405762e-01
6.383512763614254126e-01
6.086425530270397344e-01
9.115564265872381222e-01
7.630142454841198907e-01
7.764633425523628230e-01
6.257083521911555035e-01
7.505762083202484058e-01
6.518522337230289176e-01
6.610563521776011697e-01
5.421284748491710381e-01
8.272986183582922148e-01
7.573458989839619848e-01
6.904472755251792604e-01
6.239274835254510210e-01
6.810901741400979814e-01
7.214857517988196856e-01
6.486782912253227229e-01
5.553055906673416420e-01
7.765417720079005326e-01
5.875732204171717488e-01
6.901292128925162750e-01
9.043417228634373917e-01
6.344158680310189036e-01
9.392275786916164382e-01
6.986669854178860772e-01
6.795388821079011432e-01
7.563295073991703754e-01
7.439840359531746383e-01
5.058999597237856527e-01
8.224351811336613194e-01
9.960628312237320703e-01
9.200006748395938017e-01
7.330260787575341164e-01
8.703301186643389586e-01
8.095462406693334501e-01
8.200733800467399082e-01
6.685891130765339030e-01
7.397988029429125589e-01
9.366795927198295901e-01
6.620180655518261847e-01
9.950085138886283209e-01
7.165976395833473234e-01
6.682135640197143234e-01
7.397979203509998936e-01
7.375389628454721569e-01
6.171992030422592812e-01
6.426365918945803335e-01
6.379365128279459451e-01
6.853338994571319676e-01
7.525167176282550052e-01
7.177154559436105252e-01
8.942021279267348133e-01
7.956646586847319069e-01
6.018128659557806515e-01
7.078725171144680806e-01
8.135376878682509805e-01
7.935975439638475182e-01
7.346940514682679391e-01
7.085608676458982069e-01
6.377258199357694890e-01
6.938369564760072938e-01
7.010644614771385230e-01
6.954381596456929993e-01
6.425383398916675315e-01
7.406958669427753383e-01
7.402144572374055320e-01
7.092749902153294705e-01
5.719723934969928036e-01
6.248213077311274288e-01
7.547009737095468074e-01
8.748254263521405560e-01
8.150166891241236167e-01
6.991568665447159825e-01
7.661480748191606960e-01
7.237610787483627073e-01
7.443352638112676889e-01
6.522831649594534875e-01
6.496856334318809045e-01
7.693352280523434450e-01
7.084807245060781300e-01
6.576898364916704542e-01
6.821543104172687055e-01
6.445337872945002822e-01
7.444915388414028445e-01
7.139201796282899082e-01
6.029001916182554766e-01
8.865347566932071377e-01
6.762467093638063753e-01
6.149720506981627421e-01
6.546319702357434878e-01
6.359151693058716637e-01
7.516970816036390168e-01
8.631218621858043338e-01
6.156868486551818620e-01
7.347948099787413589e-01
7.234744659459669824e-01
6.642630289989732706e-01
6.307051641820207166e-01
6.930687929372029155e-01
7.089891278553004383e-01
6.550060392485682614e-01
7.699454740497037042e-01
7.404648276325811462e-01
6.540672726896000766e-01
6.988894179207874036e-01
6.281664397378053932e-01
6.678355502962515233e-01
7.213188042424245605e-01
7.277912323180906196e-01
7.299706312735605440e-01
6.903702885515112797e-01
7.116677884907280927e-01
6.676326953038919099e-01
7.005527543080796171e-01
8.304291278785971286e-01
6.392438982416210891e-01
6.162296926615664638e-01
6.575813414790133704e-01
6.494210311527099933e-01
6.448959809561652934e-01
7.602729539388877189e-01
7.106295423203398132e-01
7.236187910504047194e-01
7.322039311122476857e-01
6.768797780505978468e-01
7.239618087314579897e-01
6.755759484587238184e-01
7.210718201583916631e-01
6.757759683116316696e-01
8.079761584050679790e-01
7.830807623239458559e-01
6.723266463195981535e-01
6.828677968675499477e-01
8.307064042000134041e-01
7.475492753074595154e-01
5.886589660238461530e-01
6.344142728243603591e-01
7.101582410786126953e-01
6.134658106759566243e-01
5.854013611851237586e-01
6.559470418494534050e-01
8.177126354957189314e-01
7.498555582380060924e-01
8.393605949552650491e-01
6.483447016734952273e-01
5.918573776515286822e-01
6.557299822714501847e-01
7.201603598006652840e-01
8.506329683462161562e-01
7.002758995317681645e-01
6.700134457214598216e-01
6.992170705337358294e-01
6.772788976931782834e-01
8.259649445457449835e-01
6.577139152591687798e-01
8.283493656317049147e-01
6.751977776885482729e-01
8.839100175158448591e-01
7.422343584991454302e-01
6.211581315152238103e-01
7.331140502508122214e-01
6.289715148412536871e-01
7.662182727287343287e-01
6.163140789164106570e-01
6.562972307982445352e-01
7.454422319711525580e-01
7.302116602566868231e-01
6.019499761017668149e-01
6.609819871442786932e-01
6.952722686363698168e-01
6.704336815279852146e-01
6.755744182919819485e-01
6.743089339805863336e-01
6.655521535360099383e-01
5.828217733036218373e-01
7.861287924379908310e-01
6.439254189855457833e-01
8.511513084369474180e-01
5.757104292340380347e-01
6.465990689966910621e-01
5.866903502402104342e-01
7.642690734321275770e-01
7.177460757367779554e-01
7.934185913306712745e-01
6.629479075807452881e-01
6.029639227683971647e-01
7.941342557217446751e-01
6.675082889779225814e-01
6.855977484523403387e-01
6.716925772614572576e-01
5.338706579029276478e-01
7.671799891386478221e-01
7.614121477171458263e-01
6.822091461000195922e-01
6.462679888384266214e-01
8.361515476087831855e-01
6.124193474385348779e-01
8.700116711737346797e-01
6.404951162857379643e-01
8.743693669759827758e-01
6.319800452586620265e-01
6.294930350252446738e-01
7.432200577873129266e-01
6.875653034445776690e-01
6.778121973005375445e-01
7.029934154343210340e-01
7.770507103685693195e-01
6.149284212684827944e-01
9.022872550847269579e-01
7.344952828387486532e-01
7.460157342725888263e-01
7.669868049336608928e-01
6.975955717503171671e-01
6.386904252541966143e-01
7.715776250856557494e-01
6.750757284917158207e-01
7.115784156039797193e-01
8.290018478969517490e-01
7.790891933786003865e-01
7.926020481941009610e-01
7.016238784912933735e-01
8.003806319890103271e-01
6.525661314179518335e-01
7.980627954853429795e-01
6.290488818778279256e-01
7.473429907210444867e-01
7.890897293305452198e-01
6.002140063262786374e-01
6.715614340508504476e-01
5.982082481718242750e-01
8.763087736091939028e-01
8.037630707030124499e-01
6.770143722541289710e-01
7.546151688066228269e-01
7.732675703852890381e-01
5.169555397224318005e-01
7.211019022003295476e-01
7.237026683514804493e-01
8.160556399110290293e-01
6.322995652637208863e-01
7.042565525754267419e-01
7.384706461066051775e-01
5.898200282624038726e-01
7.225142186338263661e-01
7.304115609734597170e-01
7.474636031699005700e-01
5.732211495056503958e-01
6.668299905104156933e-01
6.813607370032181976e-01
7.692066977974383324e-01
6.969455278117279162e-01
6.435834508274106414e-01
6.840797593996374992e-01
7.899308584273282419e-01
6.316804925731026588e-01
7.161482713609094164e-01
6.785421382963727766e-01
6.673991887653885069e-01
7.045260252069428519e-01
8.415204481725460095e-01
6.945174020568161133e-01
6.268669043735312085e-01
7.636590128588938153e-01
6.952295796008389761e-01
8.027260951140571255e-01
7.792947448346042583e-01
7.746002487292191763e-01
7.392351537629967551e-01
6.601478773876787720e-01
6.604255439501512948e-01
6.067345735402328577e-01
7.479207417077988751e-01
6.902343611184793559e-01
8.649430975226810592e-01
5.676457488500157300e-01
7.057577957152454395e-01
7.061954407168362646e-01
6.475511852798877532e-01
6.370271735728358919e-01
7.384514324605859770e-01
6.228807743753148607e-01
7.148157094536990996e-01
5.769669993699533261e-01
6.601003778332099614e-01
6.911174313869132835e-01
7.082760879043162872e-01
7.818787255021203420e-01
6.947878201966456446e-01
6.706872878088366852e-01
7.072448161753241980e-01
7.448241390690607533e-01
5.815424607525288003e-01
6.311166329370351269e-01
7.150126677391629437e-01
7.139350228083490846e-01
5.753752896980903753e-01
6.899035540914710829e-01
5.575957253037083783e-01
7.084211412151137921e-01
6.244982269378668294e-01
7.204071991714652290e-01
7.659559400383331162e-01
5.652838858229609631e-01
7.445520604378356166e-01
6.056572592844556846e-01
5.940899315312133666e-01
7.432845844336161134e-01
7.078611086524783103e-01
