9.099326873252411296e-01
9.253552752460079134e-01
1.028274327311323066e+00
7.867046828494113075e-01
1.086910701188297690e+00
5.368892983110501449e-01
8.697728791751255795e-01
3.910618580701363256e-01
9.061152150676256012e-01
4.690909910157980423e-01
6.401137481569744159e-01
5.329191271631299465e-01
3.893821702767855109e-01
5.489525106451152991e-01
1.997148786294148159e+00
5.860583409891383377e-01
6.411826403891067727e-01
5.144425614362707622e-01
1.034687680704116985e+00
7.346343612555352731e-01
6.456109082079408701e-01
1.318707616670713678e+00
1.028121628421018396e+00
1.570355387892730326e+00
1.038810550742341965e+00
8.693147825042116805e-01
1.195632311085188526e+00
7.073012598910080051e-01
2.678949331504284270e+00
1.617692043887162923e+00
7.750995671862600522e-01
5.976634566522895931e-01
6.695846339857663976e-01
9.154298473762074728e-01
1.011172051597205357e+00
1.082787831150072932e+00
1.000941225946795576e+00
5.449823394971951007e-01
4.078587360036447507e-01
1.043086119670871392e+00
9.252025763557032434e-01
1.011324750487510027e+00
1.321303497805892180e+00
1.007965374900808175e+00
9.942224747733923174e-01
9.358914986770268118e-01
7.908275528876361760e-01
1.146463268407100333e+00
1.143714688381616940e+00
1.050415666405493109e+00
1.045376603025440554e+00
1.827347620275408646e+00
1.730994620493192304e+00
1.382993849488959315e+00
1.067823339900219937e+00
1.499655801681690326e+00
8.995491627845267901e-01
1.170284295294621302e+00
1.256864566097341873e+00
2.065252491370009214e+00
4.777948277631615115e-01
