8.619024095724243661e-01
7.040294817937791105e-01
7.324098850936565652e-01
7.223196829861433521e-01
6.336680601646339506e-01
9.227325883174609666e-01
7.976692288618895121e-01
5.005745776751422405e-01
5.238701464035645516e-01
8.591640943032399225e-01
8.992308235128078087e-01
7.777169765131114465e-01
8.776163178242901708e-01
7.221470707183399451e-01
6.761338809752687196e-01
7.370533529123837191e-01
7.847032966788382025e-01
4.395034089752722917e-01
6.791130251523342931e-01
7.657051732258091103e-01
5.058799363304906649e-01
7.268078889700512191e-01
6.589506172839506570e-01
7.184775176504268890e-01
5.349680734499565604e-01
5.092312856663309129e-01
6.810453826050253401e-01
8.081813387797466275e-01
7.274409044193216323e-01
5.063021240992146010e-01
8.067397482744621540e-01
8.343941997802322152e-01
5.224203133441382985e-01
6.758817921830314601e-01
5.328482011093583770e-01
5.249790703606239672e-01
7.783197701093913512e-01
7.624894157493649072e-01
7.056277056277056037e-01
5.770006724949563459e-01
7.794161014450013969e-01
7.546897546897547437e-01
7.459473150962512289e-01
7.549183103205283629e-01
8.002936857562408246e-01
7.821877851940661763e-01
7.172866520787745115e-01
7.321270763746386967e-01
4.305869292436813045e-01
9.196788933075618067e-01
6.878959147289762655e-01
7.552310438676070881e-01
4.268054248990129085e-01
8.224760108616879783e-01
8.299218031278748908e-01
9.592717997920611195e-01
6.726466967946833631e-01
7.445788267888538980e-01
2.008547008547008905e-01
8.867594867594867925e-01
4.978560716560223587e-01
7.869086599767685097e-01
6.927988761713199661e-01
6.064364307066083537e-01
6.729823913887199582e-01
5.831496300770043772e-01
7.512138643016478268e-01
6.399631675874769554e-01
7.234940363426048959e-01
3.285948682573170410e-01
5.490479317137229032e-01
6.114359715418803409e-01
5.167611801019308393e-01
7.411635769346431868e-01
7.211875710122016558e-01
8.323409356530926395e-01
6.287227001985440378e-01
5.440774770300472740e-01
5.960396039603960139e-01
7.095592220800902572e-01
6.947441795622473215e-01
3.522677619505374391e-01
6.692547969656402751e-01
4.153222638333595174e-01
6.246089008344741789e-01
7.661675978928743636e-01
5.677461334401121551e-01
8.181198184181922572e-01
6.616416645166045551e-01
5.717421815957102194e-01
5.766380077082715605e-01
4.989083679949876116e-01
5.493398737149715050e-01
3.242999096657633307e-01
6.583097560757923405e-01
7.514911462476984161e-01
4.986460658466172480e-01
7.409971628731315541e-01
6.968939647706303697e-01
6.023391812865497297e-01
6.764472640761300948e-01
7.011193369793825569e-01
6.244014585104702419e-01
6.235284976106296728e-01
5.897623400365630264e-01
6.738769088162160914e-01
6.985418040595002820e-01
5.760227521330123501e-01
7.379739065069479409e-01
6.425702008593984216e-01
5.391596440568093840e-01
4.980832342104906107e-01
8.108776025794218745e-01
8.121143577042562178e-01
8.379544536752575601e-01
5.978442221761501862e-01
5.761530072492195842e-01
6.088689088026867369e-01
8.886717814112222724e-01
9.871645853441040064e-01
7.825159914712153109e-01
3.751232680156855737e-01
5.851712810886907645e-01
2.945184267575100545e-01
5.935845059766983178e-01
7.356468262683943937e-01
6.667456613075424254e-01
6.116627179227324129e-01
5.135908440629470828e-01
7.035745422842196728e-01
4.063357445747070584e-01
5.620073062872524838e-01
6.648769933488261064e-01
8.008022940353535235e-01
6.654667626589871876e-01
5.876761717469684010e-01
7.791951855511788372e-01
7.526199853147319541e-01
6.181242200249592589e-01
7.854611461664793293e-01
5.064581667723035974e-01
9.629553569208658681e-01
7.485187099852863568e-01
7.237656032901647052e-01
8.661685585525402686e-01
1.368347502037962626e-01
6.168728518906051450e-01
2.849631966351209300e-01
8.987212611941906015e-01
8.011591657144236933e-01
8.131556647838490415e-01
6.091134452369483254e-01
7.631266038772367422e-01
8.231089224628989065e-01
7.564340673918810154e-01
8.173142929785159883e-01
7.974423285338286815e-01
8.642611998632696579e-01
8.606888162903545414e-01
4.983463837001567143e-01
8.433403968496293590e-01
7.275173610713390193e-01
8.788316797685088444e-01
6.936936936936937137e-01
8.375847400379374807e-01
7.134831460674158077e-01
7.631060666103492984e-01
6.275619960143064002e-01
8.497922382444110800e-01
7.666138394376330600e-01
6.607463580123728031e-01
8.011822284370432312e-01
8.149559855431426358e-01
6.948483216657691530e-01
7.371324327846068281e-01
7.202972088952069862e-01
6.289682539682538431e-01
6.928551875171092833e-01
7.629769639582822949e-01
7.991103263268701795e-01
6.156485252375665240e-01
7.187508438236739350e-01
5.661704564043841259e-01
7.446660367036355144e-01
7.221588860573584512e-01
7.792423354813513559e-01
6.246692819998176383e-01
7.017959070026451585e-01
6.607834116197610630e-01
6.346213909159438282e-01
6.930022573363432414e-01
9.058187679308783435e-01
5.926991463472151001e-01
6.135026936193347380e-01
5.999406520287252631e-01
9.370009769901964658e-01
8.545024128198123181e-01
8.480786416443253373e-01
9.659342896586624594e-01
8.109360804286110946e-01
8.142837634849104944e-01
7.154811715481171897e-01
5.446044983573414822e-01
7.386575525594595293e-01
6.988964076479405874e-01
7.475041637051382803e-01
5.508313719535343767e-01
8.020667212032508431e-01
8.212113556439678552e-01
8.075389167631544796e-01
6.124129195693476246e-01
6.874683917766113428e-01
6.661726565394591182e-01
7.158378604262430889e-01
5.335117047903078502e-01
9.491377389871370474e-01
6.908866413784308103e-01
7.609539597585207593e-01
8.470764617691154408e-01
3.766484400128659038e-01
8.091295416411848906e-01
6.902050113895217276e-01
4.143203825216951741e-01
6.931088352716542333e-01
6.971577937332493757e-01
7.290028737190261676e-01
8.271166120877805339e-01
7.999494268996174551e-01
6.897810218978102093e-01
7.633475922473789144e-01
7.798968872349498760e-01
8.163715256147041632e-01
7.769795408402311310e-01
6.361041740991794091e-01
6.904214233729807360e-01
6.979341872601025898e-01
8.244193747714464449e-01
4.852399533789499286e-01
7.711712584128214143e-01
9.358013087789021078e-01
7.371461823018412574e-01
3.523821915763827861e-01
2.490383422260825097e-01
6.365646885366752494e-01
5.867810826294576065e-01
5.804935370152761731e-01
6.625740777497377554e-01
6.889426363110574547e-01
7.581515940454071067e-01
5.366041462121152739e-01
6.828626418866126091e-01
8.620556414219474606e-01
6.083431191634512958e-01
7.240613386869420021e-01
7.949663009687333304e-01
7.001492858282778453e-01
7.655037761163171472e-01
7.450706223275984641e-01
6.199055733434633009e-01
5.322494193317849343e-01
8.567307751758043155e-01
6.582543929423675388e-01
6.218946079681679784e-01
6.918172410101467440e-01
9.708979563277186919e-01
8.425252959969140587e-01
7.514001244555070791e-01
6.290554120011485617e-01
7.106382978723404520e-01
6.793592872544607086e-01
7.581095057510891522e-01
7.100824587706148217e-01
6.371929330611671993e-01
5.481546713633815848e-01
8.581282466150047528e-01
7.165170850703610483e-01
6.208178438661710041e-01
4.292450760770228912e-01
5.896007428040853648e-01
5.896430239141702279e-01
6.765265524995675017e-01
7.471607618252434913e-01
6.938906752411575507e-01
7.475282633181761227e-01
5.296345233428233490e-01
7.053473100977841748e-01
6.632222561907672453e-01
7.138931822084835233e-01
7.865873802444666163e-01
8.337602523132889853e-01
7.910826728764460691e-01
4.301710645567862756e-01
4.437043664330498904e-01
5.896173902853459881e-01
3.446168312176775550e-01
5.811191925189250762e-01
6.400090110385221465e-01
4.439901880621421881e-01
6.407140825858544941e-01
9.231086196157347601e-01
6.158192090395480101e-01
6.739573070607552951e-01
7.753962407623030684e-01
7.376124328064292968e-01
6.883294568340402320e-01
8.029339914410310586e-01
6.396323874689743283e-01
5.477041911028466270e-01
7.877842175657601143e-01
7.649918347195321378e-01
7.164048647703717965e-01
7.962852007189934467e-01
6.468758226242611320e-01
6.885063853414769008e-01
8.672575960912976001e-01
6.794235412203043500e-01
7.128809807675879906e-01
7.225199989226168684e-01
8.275918342088932622e-01
7.608302938089884782e-01
8.299310773313396394e-01
5.015089599811416443e-01
5.344683890939397886e-01
4.806835804796190659e-01
5.718091547590216095e-01
5.453342787459163343e-01
6.903937993700505205e-01
7.588177339901478469e-01
7.260825780463242562e-01
8.050767720708946751e-01
5.699313335742681730e-01
7.020275066599176439e-01
5.514511873350923521e-01
6.824037284300205064e-01
2.965517241379310165e-01
9.584824615454827779e-01
7.975622879136150534e-01
6.551842242037805297e-01
7.313540045492638031e-01
7.400410281684213221e-01
6.901980791779670499e-01
5.233323024266972601e-01
7.599042489527229050e-01
6.388365447498175476e-01
6.247240618101544962e-01
7.466739155318307120e-01
9.402149364466860781e-01
5.961208424917917581e-01
5.930965968163020019e-01
5.000341893913374802e-01
7.847414238912809870e-01
6.224248263613381127e-01
6.718203623963239224e-01
7.768228726103874049e-01
9.215074670510918775e-01
7.501153127475940208e-01
6.270473062130518249e-01
9.950588683637215937e-01
8.618631029845851277e-01
8.236003990941196395e-01
7.615579651507795589e-01
8.452616897893269199e-01
4.907892934076254488e-01
3.992211494762314405e-01
8.606309035822491404e-01
7.608632816263609655e-01
7.526483726866622925e-01
8.702450729141277819e-01
7.310734463276836737e-01
9.223567024434802253e-01
7.937518956627236388e-01
6.188191107850969930e-01
5.739395619628501199e-01
8.393740418741217901e-01
6.635570831778945244e-01
5.537500000000000755e-01
7.588989415586683274e-01
9.095827558054768724e-01
4.574653830184646219e-01
6.789092842983998066e-01
6.837209302325580884e-01
7.845315161839864215e-01
9.072730007721667711e-01
4.761697746631853301e-01
9.445044096353824026e-01
8.419976454551088008e-01
6.727468062045195429e-01
8.511097525981560219e-01
7.013170093295238994e-01
6.190361046047455629e-01
6.757518818790435589e-01
4.984783964479187479e-01
9.800230072146041138e-01
9.817152123641569306e-01
9.634054018827846733e-01
9.094210736039163301e-01
3.782056519557725482e-01
9.479040660634505677e-01
8.103929024081115706e-01
3.322645290581160982e-01
8.618503522902467573e-01
6.617155281411370993e-01
6.593186372745490909e-01
7.037168771118620381e-01
7.533571714718342305e-01
7.831572661524125456e-01
7.466762363717146522e-01
7.495294940044092691e-01
6.261869065467267070e-01
8.367567957835457815e-01
8.011564760459951584e-01
1.538165490699164029e-01
4.318623416740575149e-01
7.097796395011386483e-01
6.625360316186740262e-01
5.889858965748825392e-01
5.380055629018283270e-01
8.458302338742111903e-01
8.501404007684179032e-01
5.370650529500756720e-01
6.123227593913036504e-01
7.957398510806923397e-01
6.919500972439638353e-01
7.328926694479058757e-01
9.553359630041520223e-01
8.337619674246435908e-01
7.276368491321761889e-01
8.823244114889119416e-01
7.060805860805861034e-01
7.978151950718685992e-01
7.993335592454534622e-01
7.116256397757739771e-01
7.235197833233985021e-01
7.340793352227202861e-01
5.869817083874592223e-01
8.792361430017027191e-01
5.496688741721854621e-01
7.754301028788795902e-01
7.133161216936202420e-01
4.991306091787300891e-01
8.220352424903888400e-01
8.465219435949816740e-01
7.740617680701563641e-01
7.511507778248629474e-01
4.995375967476382573e-01
6.769205991302947867e-01
8.640809042236763382e-01
5.349974981931395757e-01
8.629772809663929234e-01
7.039291716845545999e-01
7.355641199659282981e-01
7.611925679835642722e-01
9.705888601940390048e-01
5.928617101668313127e-01
6.078215972756233487e-01
8.169521690767519440e-01
9.468088504534143413e-01
7.611506838562821509e-01
9.316175355272324765e-01
5.998348131323558707e-01
7.984776002647652193e-01
7.077046536203210891e-01
9.419895865484806396e-01
6.596390110723493461e-01
6.264148704020556790e-01
6.609779482262703176e-01
6.187583206765295829e-01
7.545713478137977548e-01
8.746543778801844082e-01
8.505206482658106415e-01
8.711443907406943854e-01
6.815467239527389642e-01
8.512761102875640029e-01
8.285368954091734128e-01
7.997622438619166330e-01
6.026460859977949003e-01
6.661991584852735571e-01
8.793211917151163570e-01
6.031872909307820496e-01
8.339048486314462050e-01
6.687946280796330800e-01
8.181532654738619126e-01
7.728790915163660236e-01
6.226034308779010429e-01
3.747455766594108284e-01
5.451505016722407726e-01
5.455460953950379555e-01
6.427562953364944764e-01
6.256880733944953921e-01
8.242845611331407474e-01
7.868442557966507378e-01
7.696541723271501656e-01
3.658456096638692534e-01
6.535295910813045950e-01
6.983161753370218383e-01
6.871017981027890409e-01
6.681682612948053324e-01
6.448136835797244615e-01
4.978139454690189702e-01
6.320173168321489010e-01
5.800899993196445559e-01
5.711969251096031819e-01
4.158808733041507999e-01
6.833771174925264980e-01
5.989374634190266500e-01
5.818920570997088149e-01
3.726135014159128178e-01
3.842632448233676001e-01
6.895585609476443389e-01
7.847912087912088941e-01
6.419591240248435637e-01
5.519365725612043194e-01
7.904558937879792024e-01
6.442095042882570732e-01
6.739243131156040789e-01
6.392218510512870377e-01
4.717097782505532133e-01
7.448921756497800528e-01
6.249400479616308290e-01
5.307375751820195831e-01
5.723270440251573277e-01
5.727491635928714242e-01
7.169546337811300019e-01
5.162860351928114655e-01
3.938411669367909984e-01
8.173709498583220379e-01
4.987621286156934119e-01
4.322272825851226075e-01
6.348012889366272393e-01
4.807045502842995921e-01
6.771317829457363935e-01
8.004956389522484006e-01
4.596964576871424568e-01
6.715697361020064315e-01
6.170710111563662004e-01
5.399188092016238283e-01
4.330917272671873652e-01
6.725872030815321923e-01
6.078653809793913565e-01
6.721214484227254760e-01
7.716671342627802188e-01
6.229290695696546587e-01
5.883777239709443441e-01
7.709143872571071476e-01
5.838571581435950675e-01
6.536378746447911725e-01
7.517535583904180196e-01
6.289124388268845234e-01
6.083073508428896714e-01
6.058436882258340095e-01
6.549492572437123350e-01
5.575699648532870256e-01
7.033839937554524635e-01
6.616915422885571996e-01
5.609208309938236159e-01
4.965838804267149742e-01
5.830293904835425201e-01
4.002891084404984201e-01
5.294431094536941051e-01
6.557941713840717002e-01
5.862853243873316078e-01
6.679836604841374870e-01
7.717878969866109884e-01
6.202508162505869782e-01
6.505475989890480149e-01
6.368522813901080770e-01
5.540724069690737830e-01
5.368213228035539908e-01
7.702565094452807903e-01
6.862370723945904194e-01
7.162156401274416551e-01
6.722522232415857335e-01
7.658248606100360734e-01
8.132782188598093320e-01
3.761467889908258755e-01
5.263380534003051503e-01
5.502720803683549544e-01
4.097843240399789977e-01
2.807754975645686546e-01
5.484295542925515798e-01
7.370694536571160693e-01
6.324324324324324120e-01
8.177459163657569974e-01
5.884797666788188497e-01
3.568166155889044844e-01
4.425310550427003498e-01
5.851712810886907645e-01
7.495573340888165292e-01
5.615880556498134002e-01
5.425401457836334096e-01
4.867586316921778677e-01
5.265049415992811843e-01
7.691701371426880041e-01
5.769187295840573215e-01
7.654047209333888491e-01
4.146070300106489692e-01
7.891022905107412111e-01
6.269677214183496661e-01
4.719500689454968478e-01
6.473029045643152735e-01
4.401855722917772940e-01
6.942735447231423995e-01
5.010012226869483554e-01
6.168294515401954170e-01
6.903583448822016022e-01
5.053431183211020139e-01
2.936336521649693942e-01
5.614237401068664646e-01
5.554785921468460286e-01
5.447252548404607486e-01
6.898676693197910437e-01
6.151905638508214924e-01
5.242675994752949986e-01
4.392219741804004318e-01
7.733737359578002346e-01
4.061386787504568940e-01
7.987129987129986119e-01
4.959851760345891369e-01
5.426008968609865590e-01
4.977670903469597619e-01
6.347234182146225256e-01
6.530468328701207747e-01
7.670560441002757246e-01
5.883777239709442330e-01
4.939497061467885142e-01
6.584611988078155065e-01
5.926220796327013041e-01
5.314548204582375535e-01
6.268530676758892195e-01
1.478696741854636787e-01
7.167434623662506388e-01
6.947266673826655303e-01
5.894600236980196417e-01
5.105939328714603764e-01
7.835330650378397044e-01
4.635469495003953777e-01
8.072454287761268166e-01
5.649392194497759867e-01
7.468982630272953394e-01
6.433317015175886722e-01
5.196560196560195966e-01
7.210828547990155712e-01
5.696202531645567779e-01
5.001794587781402956e-01
5.750000000000000666e-01
7.167929560820615054e-01
4.613163544828607909e-01
8.415608114886771185e-01
6.376372870330988540e-01
6.548223350253808972e-01
6.696279844530816927e-01
6.165684487217535370e-01
4.533743165931626296e-01
7.453598176489742988e-01
5.903614457831325435e-01
5.365668964967518217e-01
7.735205506283634458e-01
6.086122361969729111e-01
7.425468241615641452e-01
5.068702290076336769e-01
7.366555334713029701e-01
5.009562780767691237e-01
6.713330495104055107e-01
5.059445178335534310e-01
7.061288027062726513e-01
7.185123383499663063e-01
2.699753607884549100e-01
6.096708007583836464e-01
3.979517806174795447e-01
7.716634960356473227e-01
6.883178568884035231e-01
6.544864864864864407e-01
6.939801285797779773e-01
6.251652665622520200e-01
3.000491883915421334e-02
7.059286051265921680e-01
5.555555555555555802e-01
6.753784712547600266e-01
5.411591467458810589e-01
5.372350768034221957e-01
5.837153759573942002e-01
4.026904803946771971e-01
6.533139111434815849e-01
6.702999107976338466e-01
6.733195328672421098e-01
5.260450724726369875e-01
6.357460151554744643e-01
5.986263146597982088e-01
7.589170463892296326e-01
5.953157995776542366e-01
5.608544461003478476e-01
5.860536764892988471e-01
7.668211306765523316e-01
5.445753744253148954e-01
6.955353716259434771e-01
6.757178065969636771e-01
4.363420437451029921e-01
6.892167066383094731e-01
7.969605533715167223e-01
6.889426363110574547e-01
4.752712589670001764e-01
7.085171691130706106e-01
7.251474804462436641e-01
6.071968363734239205e-01
7.032613688562241450e-01
7.187556194928969022e-01
6.363784798759081207e-01
5.252531605761368017e-01
5.128996563974143053e-01
3.540380656107807722e-01
6.920951650038373870e-01
5.178835978835979459e-01
8.485910364992764743e-01
1.976626587256995748e-01
6.043178780713477360e-01
5.724550898203591975e-01
6.898703792606818430e-01
4.992091625959292345e-01
6.464973581046531415e-01
6.131242604648301509e-01
6.382760938027400854e-01
4.997779872350799346e-01
5.418984566341717990e-01
6.569352885779630169e-01
5.757862582282837760e-01
6.979728190722040981e-01
5.926991463472149890e-01
6.482231219073322226e-01
6.323278315310186803e-01
7.135674017207011000e-01
3.005360564337636320e-01
5.434607465759554445e-01
6.415801771450307944e-01
6.183161004431314556e-01
3.341429010111067743e-01
6.230554747153719264e-01
2.813008130081300351e-01
5.866489832007072414e-01
3.811335882704834921e-01
7.211356466876972515e-01
7.654334852520977561e-01
2.960662525879916851e-01
8.032642560127695175e-01
3.483804545814527254e-01
3.689496988212844220e-01
7.024692767187915576e-01
7.449851735566020983e-01
