8.835106447065627089e-01
6.773051195732959773e-01
5.679909401192922980e-01
7.808728707509751121e-01
6.702182593832165525e-01
6.997162918858218505e-01
5.236897829539438609e-01
9.212082169741599991e-01
6.471984487830970689e-01
5.583042476907937868e-01
6.459736760286038937e-01
2.170039263062521484e-01
7.143436578171091789e-01
7.908761781481331576e-01
6.524333020512133041e-01
7.281175263084397331e-01
7.071199937543914960e-01
5.216193302246713293e-01
7.490089161764916792e-01
6.149509253015658095e-01
8.682813882095841151e-01
7.146395156851954589e-01
8.233718441828855594e-01
6.627633640954204708e-01
6.583462833462833119e-01
7.342864778193479713e-01
7.095137126768396030e-01
6.888747210710869373e-01
7.222647017934102909e-01
8.019964095503409052e-01
5.967894239848914317e-01
7.094377961167092073e-01
7.508800589006741077e-01
7.773705058615213437e-01
7.607482274852918058e-01
6.932195779074989961e-01
8.659031643261615452e-01
7.332865306926790172e-01
6.716253762445011377e-01
8.284317555275289013e-01
5.642857142857142794e-01
5.608562104050682784e-01
7.777694338714492561e-01
6.852784222328605068e-01
5.356890815606414336e-01
7.308901895693195039e-01
6.733063985718312772e-01
5.642857142857142794e-01
3.617300150224134758e-01
7.403462321792260159e-01
7.321907617394440848e-01
6.883926183471515969e-01
6.027636594663277059e-01
2.779030439684330167e-01
6.245789064524487344e-01
6.655232849273911011e-01
7.896714706338138212e-01
5.542707150964811813e-01
6.399559823929570346e-01
5.385888192885002201e-01
7.946828591571717393e-01
6.068645083932852069e-01
5.840781350778585512e-01
5.044210500492967153e-01
5.632966649205516374e-01
7.404095179081422451e-01
6.493386079861540594e-01
6.881540431292454407e-01
6.788177981512834025e-01
8.146304503682461062e-01
5.584175084175083681e-01
6.772183605736112888e-01
4.059140336559290407e-01
6.561996779388084011e-01
6.863447722257636219e-01
7.589054978464656598e-01
5.981858147526106784e-01
4.996731380359796804e-01
8.436035275993410965e-01
7.478912386706947357e-01
8.329223398446444770e-01
4.271822222353989784e-01
3.215209518882565232e-01
4.455478875610167644e-01
9.042113086462931770e-01
9.869106628217794164e-01
1.790297339593113768e-01
5.878742382760752117e-01
3.100848256361920519e-01
3.550635311966623964e-01
6.859286848879881937e-01
7.577814781606251326e-01
6.203499537662707786e-01
5.535778821828696294e-01
6.196386946386948091e-01
6.732318350249718586e-01
4.444422168547038088e-01
6.755319148936169693e-01
8.284131268646115487e-01
4.986418908530753646e-01
5.750569825882417829e-01
7.325310196846721578e-01
5.775951333160757040e-01
9.679856735345948593e-01
6.078294080203692218e-01
7.667971101745936213e-01
7.100323269622857980e-01
8.098988003485021459e-01
7.366548780150857789e-01
7.933090411328648228e-01
6.936581721590436844e-01
6.295727246122330145e-01
5.865828504076221472e-01
6.127883573308561260e-01
6.287690179806362245e-01
6.996379435191889540e-01
7.605148163321042709e-01
7.746722082436472423e-01
6.322677510203025264e-01
5.294223179045566274e-01
7.670684578579316515e-01
5.770380018387987198e-01
9.033847692643721672e-01
8.067615003063798307e-01
6.708578025397781142e-01
6.032852832718740288e-01
7.757352941176470784e-01
5.765581302437076117e-01
6.287347842124675346e-01
7.434219480728271323e-01
6.268954237230381921e-01
6.731039052147478330e-01
6.347111817700051839e-01
6.059563758389262533e-01
7.266624821285351254e-01
6.750248614860065999e-01
6.316832595870206513e-01
7.335836334380507751e-01
6.161480438751469890e-01
7.390013087687506976e-01
6.268248598044213749e-01
6.131382738171137214e-01
6.625452505990924168e-01
6.757649762965091123e-01
8.945092181069408399e-01
5.362993517972893809e-01
7.073159144893111927e-01
9.318082330310087924e-01
7.379198750139491780e-01
8.878432321277366368e-01
8.105590062111801553e-01
9.844175803121217871e-01
8.554112034564493872e-01
8.471118383460599643e-01
9.132518697987991318e-01
6.609655246482654123e-01
5.892038643255058661e-01
7.436683702441795329e-01
4.817281828809163446e-01
5.287166960177243080e-01
8.356156341994736003e-01
7.152976059740830950e-01
6.945820596605882802e-01
8.029926037219122792e-01
5.862353140055784895e-01
9.391906556197113787e-01
7.966263946656103601e-01
8.345056270096463669e-01
7.078554992236169019e-01
7.417702782711663723e-01
4.428010387721613150e-01
7.932023643949930314e-01
6.884146874891073908e-01
7.153009811721030564e-01
7.694830915023461726e-01
6.779788838612368362e-01
7.822330298013244754e-01
7.822827574011855800e-01
8.275109837900034293e-01
6.997742842657602713e-01
6.661508266022494462e-01
8.905790812380771637e-01
8.076232638534196484e-01
7.186089118628542494e-01
8.122387057477731265e-01
6.262365273881589367e-01
8.147205007056513848e-01
9.051799638266194714e-01
8.572854917502211736e-01
8.812511626929014907e-01
7.263053940338642933e-01
4.672799254774105404e-01
7.863243761996160375e-01
5.500135354629128726e-01
6.581338988185398975e-01
7.305653710247349553e-01
7.059390667180870382e-01
6.407555837935584586e-01
7.704636253832576331e-01
6.248663101604278181e-01
6.477805846264885759e-01
6.630689590109928311e-01
8.975920804748940274e-01
6.403725975710410356e-01
8.513416448617310284e-01
7.560577378135352467e-01
6.776057030481807963e-01
3.465721819380356283e-01
8.263172597558878785e-01
7.054653790836243887e-01
7.763515161368993445e-01
7.914227760069545425e-01
7.674667334624104553e-01
9.775303603073219882e-01
8.868857525497064742e-01
8.045094691046169588e-01
7.954225697739096823e-01
3.099528984722934033e-01
7.411790978115229134e-01
7.632796923953290014e-01
7.092414669707277630e-01
7.220604986710542628e-01
5.354493614338990959e-01
7.602644719807657436e-01
8.531064376304383634e-01
6.410901409043118226e-01
7.562629074256982387e-01
3.756349084192707188e-01
7.380752356949500381e-01
7.268656716417909447e-01
4.551624001740837144e-01
7.880011298501800043e-01
8.430514251344939369e-01
7.300884955752212635e-01
4.231288840853822952e-01
6.861844834739317944e-01
6.372922701631346110e-01
8.084959757695383553e-01
9.690366737757327709e-01
5.770864026345436937e-01
6.992082256146712194e-01
8.588034796764512091e-01
6.470044738377748184e-01
2.420535542284722730e-01
4.998793202150603188e-01
6.797900262467192478e-01
8.900900900900901025e-01
6.587372478961966982e-01
8.011689333483196229e-01
6.274828839489476895e-01
6.407136715391230641e-01
8.135733980001993437e-01
5.319100440662514195e-01
8.822075682432848343e-01
7.955810074344371596e-01
7.888269337491080613e-01
7.757153446997776536e-01
7.363740267161938968e-01
5.468738090766276372e-01
8.318506757727105461e-01
6.522289967535037647e-01
8.706740614427813663e-01
7.893323100537221748e-01
5.015571831851904916e-01
8.328250603496554216e-01
9.316280595600431313e-01
5.787540405524537190e-01
6.274546650380531387e-01
7.050556167952700681e-01
5.421702073527540078e-01
7.272426752035632269e-01
4.970580228883327290e-01
8.632585904376549601e-01
8.177427247671593680e-01
7.086836618013048206e-01
3.882156289176763586e-01
8.756749025637358130e-01
4.890551708733528735e-01
9.940931390874809814e-01
7.166528008874097910e-01
7.289420822882699547e-01
7.208887414949728401e-01
8.212637026394210560e-01
5.885836486264188760e-01
5.193840093114870937e-01
8.146893805052471960e-01
6.337534181429080871e-01
6.992462192443229529e-01
8.120806463852617840e-01
5.317891590816463676e-01
6.325301204819276935e-01
6.627127569227108106e-01
5.855978260869565410e-01
4.972590334837451720e-01
6.146740789095239688e-01
8.341896774621274657e-01
7.707094036171602269e-01
9.929428043416187455e-01
7.781461216607659104e-01
8.802558400278264195e-01
9.074493981126412478e-01
7.283270129641061796e-01
8.202621578454590834e-01
9.127809177768805293e-01
9.276847026192766021e-01
7.939323068927434113e-01
6.210828852215833917e-01
6.765074327710038915e-01
5.163553062542604044e-01
7.351842503785965821e-01
7.764917994649296329e-01
8.892729261985279354e-01
7.692032800328240105e-01
9.750509606912242111e-01
7.089999852090769217e-01
7.811272327274632055e-01
5.728859178308862710e-01
4.990538101743277610e-01
8.813880340329520724e-01
8.444497517195751479e-01
8.782481863892833696e-01
5.369176372712146650e-01
5.530505847541213882e-01
6.718783619020297637e-01
8.226281377778075221e-01
3.660193744531166082e-01
9.740121133330112979e-01
9.677205530118201393e-01
7.314621834124540589e-01
6.831982650382375510e-01
7.675166673744107104e-01
7.056574286782044680e-01
8.320353746156217145e-01
7.858662506205233989e-01
7.812261740114501141e-01
7.973907683878921349e-01
8.943822840431259191e-01
8.613036872330752658e-01
7.830708507561843223e-01
7.728912000768989321e-01
7.942203003451734356e-01
7.672991441650633959e-01
5.793103448275862544e-01
6.729770480817556244e-01
7.407261834721970972e-01
8.564438575104971196e-01
8.486266600190364162e-01
6.944293066190971864e-01
6.681503461918890663e-01
8.482731920490463873e-01
7.354126921277130968e-01
9.103367419214352108e-01
6.844195965318381480e-01
7.004854904556991890e-01
8.171573835179845036e-01
6.413471995649809854e-01
4.101659479942507680e-01
6.638822887925811544e-01
8.224659498207885777e-01
7.280396088986831327e-01
6.848427974623760850e-01
6.379821958456972641e-01
7.893815052041632807e-01
8.671435756497996028e-01
7.578699887026350002e-01
8.122170071783545442e-01
7.610966057441252985e-01
6.645117715167888628e-01
8.714364835210808291e-01
9.399354104703224744e-01
7.585232463245593637e-01
9.232079451024572947e-01
5.983715131681470734e-01
8.421645357758921202e-01
6.990329583580028316e-01
6.532545697726259704e-01
7.126351804411740209e-01
7.232535530762466136e-01
7.484750111265282557e-01
7.091752967921193251e-01
7.485551589325175614e-01
6.907303778884317236e-01
8.637607106072449081e-01
7.032883994920954285e-01
7.484218773020318016e-01
7.079309215910950526e-01
8.667004468735839406e-01
8.208738490663453069e-01
6.798394566224142954e-01
6.409320879548549010e-01
8.173784404613387844e-01
9.668653529797867074e-01
7.365423134702052677e-01
7.495440760108413869e-01
9.531420158875407722e-01
8.148399840527708049e-01
9.233639232971061483e-01
7.871840955478009993e-01
8.431712036406618926e-01
7.361516553933783458e-01
8.243340532757379435e-01
7.249658180871150215e-01
8.349193347627421602e-01
8.864596566904009434e-01
8.367995961635537050e-01
7.428075396825397636e-01
8.618082135098790175e-01
5.393840687000296397e-01
9.783687943262411313e-01
4.999171662600667698e-01
6.669666426685864069e-01
5.573780487804878003e-01
6.327259164535379288e-01
1.010748959778085543e-01
7.518154069382291249e-01
5.596803299819540500e-01
5.837255271084336172e-01
2.327562888828779430e-01
7.444944310312848756e-01
6.436996710899396401e-01
4.998288689084709469e-01
5.701675041577943803e-01
7.100822561499401386e-01
5.006274322000754395e-01
6.309328007518796300e-01
7.309021395485625350e-01
7.528097870042645967e-01
4.920495024714179322e-01
4.980699139213507487e-01
5.818098720292504966e-01
6.857009027422925618e-01
5.673045199604089817e-01
5.265593847906578917e-01
8.057493051143599372e-01
6.399559823929570346e-01
6.986036519871106076e-01
5.188387726336332051e-01
5.448468832581999655e-01
6.854930815742223960e-01
5.678559235233869851e-01
6.158030346407100675e-01
7.638213578245992563e-01
6.169156144132228459e-01
7.131904439173161192e-01
6.667241775937428061e-01
8.480835813642713106e-01
6.511265164644713943e-01
5.095081582345346582e-01
6.940926476838078507e-01
7.133833410031427125e-01
7.305768412090249964e-01
5.923607203151377565e-01
6.914204775394575675e-01
4.573885180009814033e-01
6.089743589743590313e-01
5.360563380281690993e-01
7.677975156938694479e-01
5.972310969116081392e-01
5.548614027719445119e-01
7.207215456460029923e-01
6.573033707865169051e-01
5.358203414996289826e-01
4.808597457973096678e-01
3.983727343551311528e-01
7.348608604877080452e-01
5.125069927275632820e-01
4.983867029849309294e-01
6.021551113001560873e-01
4.378915120768142599e-01
8.057733447625698986e-01
5.379040546673523604e-01
6.576530612244899654e-01
5.491222667077302333e-01
7.288044401653734905e-01
4.306332531519719287e-01
6.166605760420648119e-01
6.543707769155545639e-01
6.892522111819702202e-01
5.701342281879194784e-01
4.997264819535909841e-01
6.211011147810601152e-01
5.221198156682028690e-01
7.083909925776827876e-01
5.575824175824176665e-01
3.955061008454507365e-01
5.305180053444590316e-01
7.684119728001745919e-01
5.111805711616725922e-01
6.771446980854197717e-01
4.568972105464272904e-01
4.742694267836602418e-01
7.186684522207424930e-01
6.119592875318067282e-01
7.354431466849880028e-01
5.056293161634158873e-01
7.911784068466095610e-01
4.996351490832643960e-01
6.569665626648328871e-01
3.762621345802076855e-01
7.095238095238095566e-01
5.004108576976673550e-01
5.206167854856175170e-01
3.895042511039106259e-01
6.224960009113027493e-01
5.766722408026756508e-01
6.666078984485190873e-01
5.552891672374987708e-01
6.647430612805715899e-01
5.173891544420636812e-01
5.147175815433572277e-01
4.275064937029079970e-01
7.848376497873984503e-01
7.909458841960963493e-01
7.207383966244725881e-01
4.104566179418577820e-01
7.034717676381627705e-01
6.557562076749434699e-01
4.996243454322950583e-01
3.686540525801283441e-01
4.990949048611729166e-01
3.523051303086012220e-01
6.308472358521426404e-01
2.988505747126437573e-01
4.397631590765309628e-01
6.859820485744454466e-01
4.641158547039390125e-01
4.822150579505422030e-01
6.418247515808490622e-01
6.687333344064528839e-01
6.871293476518672838e-01
4.849704447349892922e-01
1.709939148073020554e-01
7.690553325085707215e-01
5.811389693838983073e-01
7.689057263587352198e-01
7.280164459551436984e-01
6.080770995869665407e-01
6.360602103943432395e-01
4.998698001143176417e-01
6.417660017020248020e-01
7.100126209507783281e-01
6.403500446447534244e-01
6.796644299510228304e-01
6.642589118954055349e-01
4.812149100169679228e-01
5.136958299264103855e-01
4.454545454545453254e-01
6.098837209302325757e-01
5.086877828054298112e-01
4.723159740926544670e-01
7.041746564644592032e-01
4.991914535797508656e-01
7.048387096774192395e-01
7.009803921568628082e-01
5.653900118682865239e-01
