5.079989759063452404e-01
1.084663431364975006e+00
8.123417331572028166e-01
8.275246238977744806e-01
1.290089084655642093e+00
1.265031607080036924e+00
9.050943551625748595e-01
9.589764937306186621e-01
1.204071729971275539e+00
1.362236354941666949e+00
1.632160754611454045e+00
1.129584239683884439e+00
1.355215694937567994e+00
1.125588742120576136e+00
1.475993878422716898e+00
1.753338487852933891e+00
1.710757899535390925e+00
1.290888184168303754e+00
1.789240887386090328e+00
3.101990151079352387e+00
1.742208173212289379e+00
2.211336665681306268e+00
1.635357152662100688e+00
2.204316005677207535e+00
1.895521122570091865e+00
2.408942559455212962e+00
2.222524058858569518e+00
2.448669220941821489e+00
1.846718973761111604e+00
1.817095213256011199e+00
2.649129041546662400e+00
2.495016992676197809e+00
1.713954297586037567e+00
1.570630092136505729e+00
1.629420984853757082e+00
1.363549161283896805e+00
1.328502939800020766e+00
1.631247498025555132e+00
1.154927109942583074e+00
1.538380718946945613e+00
1.262691387078670680e+00
1.402762115940937138e+00
1.187062326058905715e+00
9.105738946779691201e-01
9.806092591091023492e-01
8.839752966136593670e-01
9.758717405697510117e-01
9.422524825013423033e-01
1.208752169974008250e+00
1.085005902584687210e+00
1.149961277256756897e+00
7.785512394789381174e-01
8.096019633995057418e-01
7.401373843345593340e-01
1.392145508129860598e+00
1.067197399159655724e+00
8.564634419634505891e-01
1.079126813312962119e+00
1.309724101252471629e+00
1.047676539636063664e+00
1.441347206695171801e+00
7.871130199717416565e-01
8.314059643878454198e-01
9.569216664123457727e-01
1.076215807945408942e+00
1.328674175409876979e+00
8.380841531722322824e-01
1.036317910848944202e+00
1.333697086632321671e+00
9.028112136978272417e-01
9.334053093254452982e-01
9.163959054130755844e-01
1.155155424089057803e+00
7.787224750887941083e-01
8.584611907451047408e-01
8.871716946643060098e-01
1.566634594573197425e+00
8.741007097786259727e-01
1.239859972431194501e+00
7.109131735857898704e-01
9.049801980893374953e-01
8.979595380852385400e-01
1.077243221604545331e+00
1.038087345484123736e+00
8.460751482988488892e-01
1.058863932813326914e+00
9.618874990981718387e-01
1.226617751935658251e+00
6.381951179335781932e-01
9.561225668996841121e-01
1.036317910848944202e+00
7.824325799690090566e-01
9.648555830023437530e-01
6.128522476748796688e-01
1.203044316312139150e+00
9.423666395745797786e-01
9.319783459099780787e-01
8.875141658840182135e-01
9.268412776142959109e-01
9.722757927627735386e-01
8.938498834486928724e-01
9.655405254417680494e-01
9.149689419976082538e-01
1.165943267509990333e+00
9.268412776142959109e-01
8.276387809710118448e-01
7.691332809368541801e-01
9.491019068955852678e-01
9.679949025163717691e-01
8.030950102249749811e-01
8.220450843823802201e-01
8.540090648888468694e-01
1.063087744523110167e+00
1.221880233396307025e+00
7.661651970326822658e-01
9.542960537278860622e-01
8.761555370968987511e-01
8.143965604754757059e-01
8.877995585671116796e-01
9.572641376320579765e-01
9.126287219962420094e-01
8.881991083234425099e-01
9.224462302946567771e-01
1.327532604677503114e+00
9.530974044588935712e-01
1.042368235730525505e+00
9.917966522863657097e-01
8.962471819866778544e-01
8.641690444069738408e-01
1.095451274785907536e+00
1.051786194272609443e+00
1.228786736327168505e+00
8.748998092912876334e-01
8.770117151461791494e-01
1.063316058669584896e+00
1.560184719935285402e+00
1.003668987903053367e+00
1.048475639148725325e+00
1.413664116435106921e+00
1.151959026038411160e+00
1.362464669088141678e+00
1.215601594368250993e+00
1.262748465615289417e+00
1.255385334391478258e+00
1.134264679686617150e+00
1.455502683776607187e+00
1.661556200970079722e+00
1.207781834851490377e+00
1.281413147089601079e+00
1.684501772690793375e+00
1.237633909503065510e+00
1.249734559266227896e+00
1.570801327746361942e+00
1.403504136916980061e+00
2.124406054411040579e+00
1.684159301471081172e+00
1.750142089802287249e+00
1.481245103791636542e+00
1.814869150327882430e+00
1.899288305986925440e+00
2.113275739770396289e+00
2.007109661659631783e+00
2.592792525904014767e+00
1.825371601065721272e+00
1.267771376837734110e+00
1.446940903283803426e+00
1.702310276115824639e+00
1.682618180982376588e+00
1.227588087058176125e+00
1.142541067496327223e+00
1.114058877723600682e+00
1.203615101678326083e+00
1.430331049127764542e+00
1.557730342860681683e+00
1.537867012117377419e+00
1.027128266453334993e+00
1.827026878627663331e+00
1.471313438419984410e+00
1.096935316737993604e+00
1.056010005982392475e+00
1.052299901102177637e+00
1.026671638160385536e+00
1.126616155779712525e+00
1.198592190455881168e+00
1.062003252327355041e+00
1.044365984512179546e+00
1.365261517382457379e+00
1.164858775314235206e+00
1.036888696215131134e+00
1.258981282198455842e+00
1.348080877860231563e+00
8.826624902714295118e-01
1.049445974271242976e+00
8.417371795158283820e-01
9.025258210147337756e-01
9.832348717935621707e-01
1.247280182191624176e+00
1.218912149492135111e+00
1.914071646971166274e+00
9.891710396019058882e-01
1.122506501143166968e+00
1.524624791621841169e+00
1.091512855759217970e+00
8.502989600086320321e-01
1.207838913388109114e+00
1.097677337714036527e+00
1.045222162561459944e+00
1.327875075897215096e+00
1.011488747419813983e+00
1.315146562231247263e+00
8.018963609559824901e-01
1.290146163192260831e+00
1.120737066507987434e+00
1.153157675307403762e+00
1.394428649594608327e+00
1.192884336794012290e+00
1.248079281704285837e+00
1.411780524726690134e+00
1.121707401630505307e+00
1.115657076748924004e+00
1.481530496474730008e+00
1.922975898683682017e+00
1.055496299152824280e+00
1.154698795796108346e+00
9.732461278852913011e-01
1.003383595219959901e+00
1.678850997565543013e+00
1.158237665066467192e+00
1.292200990510533609e+00
1.344884479809584921e+00
1.053213157688076551e+00
1.408469969602806238e+00
9.072062610174663755e-01
1.308068823690529570e+00
1.527992425282344024e+00
1.093967232833821690e+00
1.491405083309763402e+00
1.388378324713027023e+00
1.738098518575743601e+00
1.332441358826710331e+00
1.300934006613193361e+00
1.525252655524646839e+00
1.376734303242814317e+00
1.478391176960701880e+00
1.649227237060442608e+00
1.674513028782522506e+00
1.384325748613099982e+00
1.583472762875711037e+00
1.381243507635690815e+00
1.391745958373529879e+00
3.405305494671073685e-01
4.000634631604015334e-01
3.786019333917738927e-01
5.061153841979284529e-01
3.267746221420029795e-01
3.452680680064587060e-01
3.677570114342227359e-01
4.329407002527672632e-01
4.419591090385203702e-01
5.873381418063249315e-01
5.471548520267668358e-01
6.228980701197691650e-01
4.025749187716239352e-01
3.379049367826476025e-01
5.932743096146687600e-01
6.240967193887616560e-01
4.569707641692359323e-01
3.070825270085547620e-01
4.190706158544254545e-01
4.348813704978027328e-01
5.490384437351836233e-01
5.826006232669737051e-01
1.004182694732621561e+00
8.693631912392746353e-01
6.626818101429964303e-01
8.811213697827248170e-01
5.006358446825341924e-01
3.622774719188284198e-01
4.734093827154187695e-01
4.863091319912428712e-01
6.537204798938620609e-01
7.037212779718348132e-01
1.077814006970732263e+00
4.451555070891670129e-01
6.137084257241599561e-01
5.594838159364040608e-01
4.949279910206650923e-01
5.036610071233247332e-01
5.186726622540402953e-01
3.129616162802798529e-01
9.378003566450845430e-01
6.532638516009124929e-01
4.226665636614029831e-01
6.666202291696861071e-01
5.736392930178392247e-01
4.090247934095359583e-01
5.887651052217922620e-01
7.134817077336309543e-01
8.522967087902861838e-01
4.680440002732618732e-01
4.752358958872168748e-01
4.502354968482304431e-01
6.659352867302618106e-01
6.007515979117172833e-01
6.205007715817841829e-01
9.501293205547216569e-01
5.380222861677763646e-01
5.790046754599961210e-01
5.798608535092765193e-01
5.708995232601421499e-01
8.169650946233167899e-01
1.069023912331453996e+00
7.328884101839856502e-01
1.416061414973091903e+00
4.356804700104643935e-01
3.573116392330023539e-01
5.107958242006610527e-01
6.306036725632924167e-01
7.302057189629072020e-01
5.290609559186419952e-01
4.200409509769432170e-01
6.340854632970325255e-01
6.464715057432882661e-01
6.137084257241599561e-01
6.491541969643667143e-01
6.578301345304077286e-01
3.984652641350782121e-01
5.887651052217922620e-01
5.316294900664830791e-01
6.500674535502658502e-01
7.564047672708861247e-01
7.444753531175798411e-01
7.174772052969392577e-01
7.238700013982326542e-01
8.485866039100712355e-01
6.095987710876142884e-01
5.564586534956134090e-01
7.766676477705213300e-01
7.950469365617396367e-01
8.822629405150986814e-01
8.393969595144621376e-01
7.733000141100185854e-01
4.190706158544254545e-01
3.904171904718428676e-01
4.382490041583054774e-01
8.009831043700834652e-01
4.595392983170770163e-01
6.028064252299900616e-01
8.658243219689157888e-01
6.288913164647316201e-01
1.020906705961897920e+00
6.025210325468965955e-01
7.643957623975028426e-01
7.367697506740567004e-01
6.905932145495360386e-01
6.654215799006935050e-01
1.257383083173132521e+00
1.075759179652459485e+00
8.856876527122200526e-01
6.043475457186947564e-01
6.050895666947376794e-01
5.168461490822422455e-01
4.535460519721145056e-01
7.631971131285103516e-01
5.976693569343080048e-01
5.060583056613097153e-01
4.101663641419097672e-01
5.595979730096414251e-01
7.259248287165054325e-01
9.224462302946567771e-01
6.928192774776650298e-01
7.275230277418287539e-01
7.774096687465642530e-01
5.310016261636775203e-01
6.086284359650965259e-01
7.862568419224612581e-01
4.390481036709671381e-01
6.151353891396272866e-01
5.564015749589947823e-01
5.765502983853925123e-01
5.846554505852464834e-01
7.718730506945512548e-01
7.835170721647641834e-01
6.404211808617070734e-01
8.332895560962622072e-01
6.794628999088914156e-01
6.372247828110604306e-01
1.108750573818062524e+00
1.088316457708571328e+00
9.453918020153703194e-01
1.116113705041873461e+00
4.244930768332010329e-01
6.583438413599759231e-01
9.217042093186137430e-01
6.430467935461668949e-01
5.823152305838802389e-01
7.568043170272169551e-01
8.506414312283441248e-01
6.912781569889603350e-01
7.884829048505902493e-01
7.253540433503185003e-01
1.069594697697640706e+00
1.049217660124768248e+00
8.117709477910158844e-01
6.379097252504847271e-01
8.688494844097064407e-01
7.757543911846221940e-01
4.692426495422544197e-01
6.653645013640748784e-01
4.603383978297386769e-01
6.316310862224288059e-01
7.455598453133349679e-01
9.438506815266657357e-01
6.271789603661709345e-01
9.367729429859480428e-01
7.073743043154310239e-01
7.130821579773001240e-01
8.751852019743810995e-01
9.225033088312754037e-01
1.182895592885741420e+00
4.529181880693088913e-01
6.171331379212814383e-01
8.974458312556703454e-01
7.248974150573690434e-01
5.895071261978351851e-01
6.651932657542187766e-01
6.681613496583906908e-01
9.235878010270305305e-01
9.618304205615532121e-01
8.598310756239533337e-01
8.629703951379812388e-01
9.300947542015612912e-01
9.596614361700429585e-01
1.038715209386929184e+00
8.128554399867710112e-01
1.665608777070006763e+00
6.665060720964486318e-01
9.084049102864588665e-01
8.162230736472737558e-01
8.913384278374704150e-01
7.785512394789381174e-01
7.725009145973569247e-01
1.399622796426909233e+00
9.798672381330594261e-01
8.560068136705010211e-01
9.530403259222748336e-01
9.183936541947297361e-01
