7.503069744597248292e-01
7.702278591046113343e-01
9.087482112339093643e-01
9.142013736794121215e-01
4.186255144908561654e-01
8.914902634950275795e-01
9.225500526870390461e-01
5.725004362240445621e-01
6.494403872853697912e-01
6.707601866093768628e-01
5.349803921568627718e-01
7.449652196425554651e-01
7.687658441170055479e-01
4.482850330236941572e-01
6.675288648972859118e-01
7.440981431799144064e-01
5.197790449037776872e-01
6.329588014981274435e-01
9.186415669675093154e-01
5.512306811677161189e-01
4.954948942527444555e-01
7.376058041112454333e-01
4.662822604069633559e-01
4.994523784672680877e-01
4.687409306042579216e-01
7.491327580463899016e-01
2.817882008061561860e-01
5.458949210806296470e-01
2.180851063829786773e-01
4.999246482897162225e-01
4.928285125570687764e-01
4.969081787422703900e-01
4.484174281552111840e-01
8.670454943843030060e-01
5.060088129256242739e-01
5.006742894161544388e-01
4.518072289156626620e-01
4.581378095022388131e-01
7.120628055660023215e-01
5.428388291432234558e-01
6.139659803043866493e-01
5.154518918623397505e-01
3.213097370767646899e-01
6.934306569343066107e-01
3.253623188405799782e-01
5.462303893085415085e-01
6.173233936812211331e-01
3.245465538089480351e-01
7.411700437974004796e-01
8.665032896189340805e-01
6.426962295470715070e-01
4.982978601737392266e-01
4.418940795559667123e-01
2.411122844068989690e-01
6.482030691320948002e-01
6.315137454385753024e-01
8.677168787309665898e-01
2.054676484411719350e-01
3.754725004878023409e-01
6.029586678560807655e-01
8.153883213084052173e-01
5.348727319385422341e-01
5.198040016333197455e-01
7.313616506262414774e-01
5.105313395253225917e-01
6.396449122644332075e-01
7.426173740401071921e-01
4.195729272581276703e-01
4.293478260869566521e-01
6.842891146022913595e-01
7.749064915256287378e-01
5.290061927756933846e-01
2.199846566935174108e-01
4.078988949867969893e-01
7.151878590931171065e-01
4.703947368421054209e-01
5.790025146689019575e-01
1.341310699874774526e-01
4.619188960803400912e-01
2.838325514254781967e-01
4.419223075159204872e-01
5.071218795888400299e-01
7.559828707706885975e-01
4.805676526814108285e-01
5.364632990440536542e-01
4.477970045077795946e-01
6.199330663105302452e-01
7.467594144597162753e-01
3.115878893487257217e-01
7.363991323210412610e-01
5.396704638850042812e-01
4.920571833963703900e-01
4.296226919989296622e-01
7.118505709594674657e-01
5.869577942984254282e-01
4.820852740953063820e-01
6.192468619246862538e-01
7.360119433986758164e-01
6.977681118083285394e-01
8.787550640891067522e-01
6.002631578947368318e-01
5.842188739095954819e-01
9.514905711594040527e-01
4.487355565813261338e-01
9.469143728432710683e-01
6.207468170348851011e-01
6.918376728767260397e-01
7.735075777269868613e-01
6.306309571268073899e-01
7.251575537056843546e-01
8.485582545357346351e-01
7.758850549783561368e-01
8.350616837422825123e-01
5.585585585585586266e-01
6.189241736876215372e-01
5.516381593757769819e-01
7.383354509420517742e-01
3.421869358396761873e-01
7.330614432007620529e-01
6.733633688856196509e-01
6.396137119467895094e-01
7.244560423404879934e-01
5.185842803030303871e-01
3.437500000000000555e-01
7.132984584833270691e-01
7.356865912657317708e-01
6.046726615681989880e-01
6.442831215970961090e-01
6.759753802329722117e-01
5.671273838195023398e-01
6.922110552763819369e-01
6.399546952672311440e-01
3.364929511894710901e-01
5.383810188415911746e-01
6.922553834295274156e-01
5.902715338967811087e-01
5.404040404040403311e-01
6.028100513374763381e-01
7.300784071250676632e-01
6.140307692307692689e-01
5.807063728322143792e-01
4.359388248457391479e-01
5.806043465317058949e-01
5.730777608364190367e-01
5.951117682873793280e-01
5.231236374961071300e-01
6.263328384397354176e-01
5.674257932446263863e-01
6.472202492412990615e-01
5.612464183381088434e-01
6.211044122949538338e-01
5.002690821867199489e-01
4.126575820950988960e-01
6.262911361998559912e-01
4.992834880327612912e-01
4.994430581053210250e-01
4.962782572716727958e-01
5.366295478184190948e-01
4.010801591813531464e-01
4.999999886967593787e-01
2.968990755007704374e-01
3.204723328298776930e-01
7.832168331975356557e-01
6.760623602157610490e-01
6.139966659039649555e-01
4.414063825287113940e-01
7.970572374735811483e-01
6.480311553440067929e-01
6.365085188837166230e-01
6.516071172799475786e-01
7.618315591178091983e-01
6.669948342458514867e-01
7.893395221427484953e-01
1.855955678670359876e-01
3.361185679781859004e-01
2.293577981651376552e-01
7.586870414888009506e-01
5.446088752679362210e-01
4.733289665325409734e-01
3.418764599013756067e-01
7.037310131249078227e-01
9.732514581291304978e-01
9.850845096971367898e-01
6.500000000000000222e-01
4.381786054638159289e-01
3.077813802686428790e-01
7.044833864360491305e-01
5.006434959581552713e-01
5.638828813841291199e-01
5.000000000000411893e-01
6.284776119402984973e-01
6.872584611781238362e-01
5.204776685635454925e-01
5.940111129978440374e-01
6.808563940505033552e-01
4.383113285532411196e-01
4.018536611219676868e-01
4.423334061563561348e-01
6.055084745762713272e-01
4.735589344099329079e-01
7.829544241647987679e-01
6.604477611940298143e-01
6.608591885441528202e-01
5.129586623316302330e-01
6.312108698548022367e-01
8.072430286275779077e-01
3.895348837209303694e-01
3.401593625498007256e-01
5.469114787191035054e-01
6.711950884272877005e-01
6.843689796781228241e-01
6.137313030588869012e-01
9.662820804367472372e-01
6.160700568443693292e-01
7.249322493224932273e-01
7.934473422666987741e-01
5.570596382561578963e-01
7.832881550429547923e-01
4.306944069170494660e-01
5.064102564102564985e-01
5.580392156862744590e-01
4.032691642356433515e-01
8.554158099681817840e-01
9.139865352673561816e-01
8.676537258652021745e-01
4.774794929157345491e-01
6.956701939303586713e-01
5.226102941176470340e-01
6.262102689486552798e-01
5.516428670456120509e-01
5.176678445229682124e-01
6.845448949478170064e-01
5.562182460790809913e-01
8.088658567662843080e-01
7.753494168966438282e-01
8.189043199749576063e-01
5.003978019745891626e-01
5.685558289756998951e-01
6.977384887478510489e-01
5.024282560706402334e-01
6.499999999999999112e-01
7.526614077127283808e-01
7.703412073490814027e-01
6.900376603507120121e-01
7.093023255813953876e-01
7.844812098082649676e-01
7.897985874967302644e-01
6.838006230529594109e-01
4.123769657201040162e-01
4.995491759778575291e-01
7.849848412318494173e-01
7.086001829826166221e-01
8.386621192612758735e-01
8.642492890065706090e-01
6.868239921337266907e-01
7.230836110708593889e-01
6.291624621594350542e-01
6.770953294945617484e-01
6.112268174154517064e-01
6.581943553559975735e-01
4.495074081510369579e-01
7.297718279026691457e-01
4.972295941439657807e-01
8.714439488324492444e-01
5.720972474500489735e-01
7.159097368271470918e-01
6.485207452824571783e-01
6.796733190528124746e-01
5.123786407766991458e-01
5.658459242678606227e-01
4.604267033723331015e-01
7.369777128870185212e-01
5.255413235742604217e-01
5.871645516954442368e-01
6.932671575372212347e-01
6.461677974071337038e-01
5.890524967989756444e-01
9.309659918608225171e-01
7.922374429223743020e-01
6.937124647628385432e-01
7.073170731707316694e-01
7.240849756846685636e-01
4.372260213922496419e-01
5.635874067937034493e-01
6.179667623990416914e-01
5.697674418604651292e-01
9.880687772800036406e-01
8.454633672974283254e-01
6.777301927194862019e-01
6.293288916649316667e-01
6.292200232828870643e-01
8.299751498505519853e-01
6.818181818181818787e-01
8.935116476705046162e-01
7.633802816901408272e-01
6.674297143992844461e-01
7.155981469132598471e-01
6.162897822445561058e-01
6.128792653281713854e-01
7.249491681258656284e-01
5.712322823257158788e-01
7.675326165971610992e-01
4.280287047608331008e-01
7.699212687801365584e-01
5.853479375999657286e-01
5.631260319207483933e-01
5.732007742389583216e-01
6.750148485448427271e-01
3.690987124463518954e-01
4.861643645770776789e-01
7.290846323965692877e-01
7.783540055029747329e-01
6.612711552149399541e-01
6.062853610992250397e-01
6.538076778792045740e-01
5.656934306569343374e-01
3.640452325880236262e-01
4.996625568450126509e-01
5.419007357689865634e-01
2.126081582200247677e-01
6.006236059919097814e-01
6.579254268035893416e-01
7.974419750432624188e-01
6.543637573636643667e-01
5.705607011253858163e-01
6.674579874226997944e-01
7.894699771086457485e-01
5.059174398788108817e-01
8.195117986125619591e-01
5.635874067937035603e-01
3.880449056008857256e-01
5.108153078202994912e-01
5.581733566026759741e-01
5.198461920119076263e-01
2.694294435313452363e-01
5.926032110091743466e-01
5.955039052941566435e-01
6.106406940852588949e-01
4.300965580705630176e-01
7.593089097420916422e-01
6.579097586601104775e-01
9.355151226731013292e-01
8.625228870736111331e-01
7.641466044977321959e-01
5.377358490566037652e-01
4.774496229272379710e-01
4.266959745427134632e-01
7.267338539961651911e-01
4.781065088757395221e-01
5.327319587628864817e-01
4.720104581611369587e-01
5.481954972281933847e-01
7.374413931681178536e-01
4.874779480395541875e-01
4.739884393063584778e-01
5.338817389837529070e-01
5.357142857142858094e-01
6.574820742881415381e-01
6.456278763971071699e-01
7.420822553305379543e-01
4.049302095729497841e-01
6.517126311221510537e-01
5.775709435778763057e-01
6.723392328021142728e-01
5.307149076134275445e-01
8.063713179897775696e-01
8.472044360208995650e-01
3.435478903603325640e-01
6.072033604923194883e-01
4.996497960638367486e-01
5.948257663136367057e-01
7.026320166832717984e-01
5.337950981884610480e-01
8.374600770657962823e-01
5.400164451144305877e-01
4.992282792124552726e-01
3.894604481024234177e-01
2.747747747747747993e-01
7.310246679316888541e-01
5.424361900809298032e-01
7.022614075172577408e-01
8.069285544035275093e-01
5.353153362811263749e-01
6.588375269907018605e-01
4.280259913559484874e-01
7.114673023553690356e-01
9.459288487498832554e-01
5.722222222222221877e-01
5.281129368145508485e-01
6.072958408180184620e-01
4.974358974358975005e-01
6.499999999999999112e-01
9.091842322898084916e-01
4.716430983437883140e-01
8.676581560360692169e-01
9.443279147002272556e-01
4.851831896551723755e-01
4.954931527153877413e-01
2.674418604651161435e-01
4.744754423947604161e-01
4.574301876817386536e-01
5.407968574635242387e-01
6.429961574928888535e-01
5.917612164661421037e-01
3.477347034096215372e-01
6.731386678152690983e-01
4.994495560101997467e-01
4.572857852704707571e-01
4.608376715570278170e-01
5.578708211619605173e-01
6.407284768211920500e-01
4.085260262809413123e-01
4.395824178749052624e-01
4.876818860452892257e-01
4.856281964600093204e-01
4.875658761528327001e-01
4.131751653166352845e-01
6.319030860855441301e-01
6.307738678321150871e-01
5.827672986708366532e-01
3.130841121495326895e-01
4.500429481875858340e-01
6.617033335050749310e-01
5.617161846694879168e-01
5.620741527298469542e-01
5.082856360522450823e-01
4.674529750424770147e-01
3.177885915112192983e-01
6.510591374874316051e-01
5.779461894326758387e-01
5.070422535211267512e-01
5.512820512820513219e-01
5.227272727272727071e-01
6.987750071573045618e-01
7.281108246388948713e-01
5.942979886740870077e-01
2.896262886597938402e-01
4.337821543408360569e-01
3.600037377263729521e-01
5.300321152677719416e-01
4.788700380076641450e-01
3.748275862068964903e-01
5.115673811910070867e-01
4.995357822361777833e-01
4.168267913347675213e-01
7.441959691790275278e-01
6.830313138242458670e-01
3.287671232876712701e-01
5.755481386059350113e-01
6.226051294357509702e-01
3.124193548387098618e-01
4.508746042617409189e-01
4.672007930073334703e-01
5.915715475391801759e-01
4.099707404906592911e-01
4.927104571256082921e-01
5.773898451077442706e-01
5.899374873966524158e-01
5.650729688521020089e-01
6.320265046935394926e-01
4.887928240178859851e-01
4.973310786256456839e-01
5.413719975111772609e-01
5.418195735026754001e-01
2.045454545454545303e-01
5.604231301162485579e-01
7.640827779343999371e-01
5.534606017754734042e-01
7.155595185020066640e-02
2.804292572719570553e-01
6.135377240131509868e-01
5.962924819773428586e-01
4.583177696901589715e-01
6.937193719371936851e-01
4.654864091559370309e-01
4.861567699179306090e-01
6.749676565726818733e-01
5.529533483822421935e-01
2.311406155703078225e-01
5.215766634522660539e-01
5.602422337826802323e-01
4.856230031948881587e-01
4.994988840147476794e-01
8.072611639158731034e-01
4.228749822619553012e-01
4.205908592531962253e-01
7.781483105886325413e-01
3.106779661016947358e-01
6.499999999999999112e-01
6.298701298701299134e-01
7.416446822385581727e-01
4.385663011129967703e-01
4.883245446846936066e-01
7.448028831362897284e-01
5.958349250733095959e-01
7.067337934427048163e-01
7.870807473261285381e-01
5.391229012086177219e-01
3.504517353404503210e-01
8.617271031717521623e-01
8.079690409362105807e-01
6.412460231593596349e-01
5.394736842105263275e-01
3.915146921121861467e-01
8.339096410209746457e-01
7.055366738185201436e-01
6.894415411580797626e-01
6.500000000000000222e-01
6.868203621386774760e-01
4.936032085892915200e-01
6.029023746701847042e-01
6.581564986737392653e-02
6.809116102771543000e-01
6.479563192453005049e-01
5.661112927963701802e-01
4.351260938041282000e-01
4.997070729689063739e-01
4.852629619764010638e-01
5.020449847537465926e-01
6.391050583657588158e-01
8.712199496337713622e-01
4.993572661927949130e-01
6.585994856018396737e-01
6.444862170254724854e-01
7.338931680910432132e-01
5.183133732534930260e-01
5.374911785462244129e-01
6.346447467473982362e-01
2.417469050894085203e-01
3.753081276177329673e-01
5.314620604565083450e-01
5.469953775038520760e-01
4.054982377008833905e-01
5.174154583082947179e-01
5.961984429352326087e-01
7.178698180170656196e-01
8.726486841003601169e-01
5.238244514106581429e-01
4.010649885029650141e-01
5.469343407692893733e-01
5.318035871776823909e-01
6.054098699153417362e-01
3.806048464033581769e-01
5.315723270440251280e-01
5.438002539145155856e-01
4.291539505783027453e-01
4.712568992732362738e-01
7.576110448651065532e-01
7.254482477587612665e-01
4.333333333333333481e-01
4.987371304484911616e-01
5.016593512471898553e-01
1.018109540636041449e-01
6.318734015345268684e-01
5.105715952172643624e-01
3.333333333333333148e-01
4.421743063932448425e-01
4.925959946119652932e-01
2.221346543571269261e-01
3.725920316668074328e-01
3.872288623284638742e-01
5.697421738159236249e-01
4.154395352062621449e-01
4.683110519045350362e-01
6.654752208024294902e-01
4.522178173187159644e-01
2.780537947575809632e-01
5.476234003656307303e-01
7.236842105263158187e-01
3.637092772278925912e-01
5.001143396888917403e-01
3.971092336973306991e-01
5.126299199182143829e-01
5.141326646911329457e-01
2.461538461538461120e-01
5.658888458559255819e-01
4.527161271669912224e-01
6.496742689526540104e-01
1.249999999999999722e-01
5.095882292710327555e-01
4.825355754367709471e-01
5.055344629951727953e-01
6.592578624826731515e-01
7.520934356654525033e-01
7.785169260048989681e-01
5.711462450592884599e-01
5.106429508674733553e-01
7.144236270022882307e-01
6.852240243599303504e-01
8.627224785761371528e-01
4.487027130925148044e-01
7.091495695263899668e-01
1.689524945338744108e-03
5.517526360786549899e-01
6.149610196757826497e-01
7.324871191182993346e-01
6.297364386361977706e-01
5.765439777927404696e-01
3.308461213571728954e-01
6.562694243564359819e-01
4.629640793204121141e-01
4.693507123096444800e-01
4.055169280693705636e-01
5.958080331064462554e-01
4.836065573770491066e-01
6.752578195663738736e-01
4.697491392031480362e-01
7.676673109446726651e-01
8.205971011827752903e-01
6.149031258728828719e-01
5.040976246666627469e-01
4.679828545365946613e-01
5.965521677601955952e-01
5.469794477759210016e-01
4.654701451570245063e-01
5.442919342562159146e-01
1.808510638297874118e-01
3.610151329479786564e-01
6.501291912656451677e-01
7.817247287264419420e-01
4.275392402708795281e-01
5.741666666666666030e-01
6.926933001266244450e-01
6.743843119230916727e-01
6.718106530298230128e-01
5.112292438179428800e-01
4.362383777241758964e-01
6.143600920208257543e-01
6.743520269924850874e-01
4.689300368900095051e-01
5.360501543562231630e-01
6.161555220316142778e-01
6.723207622983755627e-01
7.435538184918971671e-01
4.004554100409684625e-01
5.005871659902920712e-01
5.117212658792947844e-01
7.428757378828704239e-01
5.960900027932860556e-01
6.688564782800026087e-01
3.916234411212889954e-01
4.208633093525181446e-01
3.222380867392469761e-01
6.641519312691878119e-01
4.921544569832181915e-01
1.580127007844600862e-01
5.021665120993340503e-01
5.385852090032154926e-01
4.378761283851553832e-01
4.293478260869565410e-01
3.999292997687534656e-01
6.918156279635693240e-01
5.377358490566037652e-01
6.331204630443807435e-01
4.668750788279967256e-01
5.569872570655656219e-01
9.599268885132514750e-01
4.191025550286645029e-01
4.522880149480518752e-01
5.991344199460094666e-01
4.451837490538526065e-01
6.139122129810180573e-01
3.588202008770688956e-01
1.886511627906976851e-01
3.102743022136668638e-01
1.697621375040729852e-01
5.485666795988384248e-01
5.515558267236120304e-01
5.308587420827810543e-01
6.417017504985598197e-01
5.294117647058823595e-01
5.868852459016392631e-01
5.887066005341472508e-01
7.395053949751909661e-01
6.328877945831867802e-01
8.520996668242746264e-01
4.730371834782807205e-01
5.412071125816356743e-01
5.713667070847047169e-01
5.056868756799525189e-01
4.127282515576675692e-01
7.636651321523805214e-01
4.135792688134597994e-01
3.919067245300933977e-01
2.859004739336493128e-01
2.360977177756347078e-01
4.671465768111501826e-01
3.538779771001964725e-01
6.181146370241570320e-01
5.788202247191008842e-01
6.228272150302346377e-01
8.311201472534049950e-01
7.962992419839342029e-01
5.847648873946482695e-01
4.292015381135489971e-01
6.812740989103102107e-01
7.709752313019441194e-01
3.297872340425531124e-01
4.220330233490358074e-01
6.424988600091199320e-01
7.085680635979977326e-01
4.574105621805791833e-01
5.068618481244282492e-01
4.903824647729814190e-01
4.428167495842560419e-01
6.683334736003206933e-01
5.723384179902498703e-01
5.028071156019819909e-01
5.139924370656635544e-01
5.647129489124935731e-01
6.357821953327572606e-01
5.814070351758793276e-01
1.949883836707600737e-01
6.426498663612065787e-01
4.886042609756343080e-01
6.199669966996699255e-01
3.729492059325370534e-01
1.052951917224587558e-01
4.418808411214952270e-01
5.779206227575429677e-01
5.213675213675214026e-01
4.555504167430288742e-01
5.567904314242598796e-01
4.641768359465846538e-01
5.300742635125165192e-01
4.836086488882747614e-01
5.698271204754187247e-01
5.639390395438930170e-01
6.548296825243654640e-01
5.772467101359097796e-01
5.983606557377049162e-01
5.905577606016294556e-01
8.572259130564867657e-01
7.146657601868137144e-01
6.855767828496426297e-01
5.685135663290881158e-01
3.970917225950782448e-01
5.570363466915190243e-01
3.641308770446887166e-01
7.709870899880312267e-01
6.959581868908294444e-01
7.800560792956625633e-01
4.108699545480140602e-01
5.445376156949608415e-01
4.887494037356235888e-01
5.508105086640581183e-01
7.663677768289210990e-01
5.313113145846958263e-01
6.650605109816225546e-01
4.426208865010074489e-01
5.251569889138693048e-01
4.991968854807851130e-01
5.438993710691824024e-01
4.970201979546819415e-01
5.254598611280303366e-01
4.370047543581617178e-01
4.322185675301873364e-01
6.368040154079607218e-01
7.559848250608750542e-01
6.195652173913043237e-01
4.193509547531992787e-01
5.035727966260961086e-01
5.490069433231067331e-01
5.083029926294291290e-01
5.978305699909262083e-01
6.770079490635179109e-01
6.386737400530504427e-01
5.601670814077497340e-01
6.865575249277805492e-01
3.520059435364041311e-01
4.473684210526315819e-01
5.826923076923077316e-01
6.315789473684210176e-01
5.504587155963303058e-01
5.386788011925310871e-01
5.554435483870968637e-01
4.344779078518400395e-01
4.499857914180164786e-01
5.791442945446045876e-01
3.903619972070506705e-01
2.999999999999999889e-01
4.858411122870031074e-01
2.918653158522048208e-01
5.150392568837776075e-01
4.707197692172821468e-01
5.361348418379127123e-01
5.588235294117647189e-01
6.315055088431429375e-01
5.043075316538311315e-01
3.549603983275634866e-01
6.620928540913628702e-01
4.686563977423788829e-01
7.229848553041416936e-01
6.484277514349887639e-01
4.913458953042709187e-01
6.203001364256479633e-01
5.134240529606473036e-01
5.107644305772232052e-01
6.160099331875357187e-01
6.637625289128759043e-01
7.013050771181934540e-01
8.181319043331209961e-01
5.577370902446192602e-01
5.479590547200807737e-01
6.699771764882923586e-01
7.028665931642779086e-01
5.126886145404664363e-01
7.334420312821754440e-01
6.145374449339208178e-01
7.083887306109528659e-01
7.437149595113732303e-01
5.768492672714585767e-01
6.470117395944504635e-01
6.994996586095393321e-01
6.432038834951456785e-01
5.046832977835481460e-01
6.173783020435288371e-01
3.106060606060605522e-01
8.592831310965139968e-01
3.860172096456352397e-01
5.465311933730262473e-01
5.630698326820959831e-01
4.005604343020205960e-01
5.287314341368395398e-01
9.132586063046396196e-01
5.806926059633641390e-01
5.509268902312017824e-01
8.252421214450422760e-01
7.166239893558230545e-01
8.832786515654016402e-01
7.348548972188633233e-01
6.949311294765839753e-01
6.498112189859762688e-01
7.655442449815728079e-01
6.705898785294931441e-01
9.515988883038462021e-01
5.597484276729558506e-01
9.167089992575514490e-01
3.418289490944281250e-01
8.141299193930772171e-01
9.038632686084141499e-01
9.944769007644639336e-01
7.145074042664192326e-01
6.823710309649778649e-01
6.317919075144508012e-01
7.526058995942290775e-01
8.291452942193533460e-01
8.750000000000000000e-01
8.062887726553946699e-01
9.931330600896259853e-01
8.605340584674356919e-01
6.911764705882352811e-01
7.496323439888820106e-01
8.978285136586702242e-01
9.814760922472060001e-01
9.690838176561126227e-01
8.650179522099789020e-01
9.275567898028089786e-01
7.987430720506729642e-01
9.130427291523086630e-01
9.601248301458211731e-01
9.718312949529790412e-01
9.062511175481886561e-01
9.355486327448945261e-01
9.419720767888306590e-01
9.800620181349048998e-01
9.769047600600204717e-01
9.361374407582938595e-01
6.359580861919388317e-01
9.433187294633074704e-02
5.043834728197473805e-01
4.275732814161031237e-01
6.429872495446266045e-01
4.720337230179710297e-01
2.528089887640448952e-01
4.173097971778271242e-01
3.194444444444444753e-01
3.933333333333332571e-01
5.300821600484533214e-01
3.518518518518517491e-01
3.211039680780315986e-01
5.075631993369249528e-01
6.165698612455630112e-01
2.881355932203388814e-01
5.882352941176470784e-01
2.727698797062958480e-01
1.908109875735776451e-01
5.873824430297551746e-01
4.661016949152542166e-01
5.122662376834908882e-01
4.356608594400032120e-01
5.001514602737503479e-01
4.427457912404887397e-01
4.170659557968978692e-01
2.199846566935174108e-01
5.116723549488053635e-01
1.750110766504209270e-01
5.890410958904110927e-01
6.370370370370370683e-01
5.611838856392260544e-01
3.998449612403101039e-01
4.285263987391647045e-01
4.629993115918940028e-01
7.956264375476086448e-01
5.881785615872140438e-01
5.307603017991874284e-01
5.318120503597122406e-01
5.787757521861568444e-01
4.967127798999267929e-01
3.818334735071488573e-01
6.481754696567324503e-01
2.998038666293079135e-01
6.183914931855623021e-01
4.883348561786325925e-01
2.999999999999999889e-01
4.689082278481012112e-01
3.890664961636827734e-01
2.661290322580645573e-01
8.453993460999542631e-02
6.157334167223054155e-01
3.336495888678052135e-01
1.318500206015656706e-01
3.731343283582089776e-01
3.601121290851908019e-01
1.997030438010392872e-01
2.416994935284188517e-01
1.228206724782067161e-01
3.661432491693576985e-01
6.006212534771463440e-01
5.933560554203964887e-01
5.863289760348584512e-01
5.068329351346358980e-01
5.018977351610152127e-01
4.965356527442554846e-01
4.875555036706710199e-01
5.726744186046511809e-01
3.903223758426356826e-01
5.536437246963563652e-01
1.018109540636042559e-01
1.979166666666666574e-01
3.181818181818181768e-01
4.192273924495172333e-01
3.266384778012683121e-01
5.674084973330880688e-01
4.165204311857609309e-01
3.377674474329614984e-01
4.486774575602052173e-01
4.299041200294751452e-01
5.395002160449373640e-01
2.771007055805002062e-01
5.724672806592340235e-01
3.647947925860546836e-01
4.066138798323240544e-01
5.112441059122234677e-01
3.632517376851013280e-01
5.892654904865598509e-01
5.057849183586309305e-01
5.158102766798419170e-01
6.381248635088132559e-01
5.320661138865763196e-01
5.782632079499120392e-01
5.746731201980941339e-01
6.063412240892924743e-01
3.950617283950617620e-01
1.236089030206677652e-01
4.838269094095121736e-01
5.594405594405593707e-01
3.535620052770448996e-01
2.086283185840706600e-01
5.423001622859912052e-01
4.865631163708086793e-01
4.598291607972640471e-01
5.124083575797067081e-01
7.046615211345890246e-10
5.249455337690630552e-01
3.106779661016949579e-01
4.678540399652475479e-01
5.767887047555085855e-01
5.524323778764633763e-01
5.754866022086394528e-01
4.297324795530746977e-01
6.122484087390330787e-01
5.847457627118644030e-01
6.279260978912749591e-01
5.920245398773006373e-01
3.917100121970931159e-01
2.199846566935174108e-01
5.005745318983061409e-01
3.310842617291699375e-01
5.082167990603891905e-01
4.001688476150273566e-01
4.476044259203745268e-01
3.379638439581351128e-01
5.114612483041443003e-01
3.354794520547945691e-01
4.655751076983407621e-01
6.782080593424908432e-01
4.524488825487399946e-01
2.870370370370369795e-01
5.002068115355281508e-01
5.668056713928273371e-01
5.541405549357382165e-01
3.318253723796320553e-01
5.253957004488543081e-01
4.955196376322681950e-01
5.380434782608695121e-01
2.998038666293080245e-01
6.134936437432991774e-01
6.626998016567495764e-01
3.916916733481560220e-01
4.635748407643312530e-01
4.709960528931366186e-01
5.625000000000000000e-01
5.536056770233986901e-01
2.869915848527347935e-01
3.503049588968443762e-01
3.719496609766310136e-01
5.863636363636363091e-01
3.978494623655915441e-01
5.149515363992575034e-01
2.459016393442634354e-02
2.153024911032029587e-01
4.185905064650667917e-01
6.773283992815181120e-01
3.578347578347576552e-01
2.121238177128115521e-01
4.971205739730728546e-01
4.446994692296658003e-01
4.987631554510715270e-01
3.626815678066806492e-01
5.306658427313454274e-01
4.981588032220943263e-01
3.119280530135690177e-01
4.871232107941689260e-01
4.882740930743861285e-01
4.995717140458189598e-01
5.501580739299610778e-01
5.364076051244952570e-01
5.591885405731796821e-01
4.516428589928684900e-01
5.008149159458834543e-01
5.086445366528353773e-01
5.982476270894585557e-01
4.957384978212098781e-01
3.417135199056028361e-01
4.433921464963574421e-01
2.664670658682635196e-01
1.600000000000001421e-01
3.921206120747847690e-01
3.453115956010033294e-01
6.591693744922826337e-01
1.175355450236967303e-01
3.380671977831657959e-01
4.431818181818181768e-01
1.427255985267034955e-01
5.400739227701586431e-01
2.096774193548387455e-01
5.378477633248344159e-01
4.995536745751386065e-01
4.726027397260274543e-01
4.234279529781619367e-01
5.712322823257159898e-01
2.143705463182899174e-01
2.778266608007038951e-01
3.411764705882353033e-01
3.114190251572327428e-01
1.385483870967740838e-01
5.623319247022665612e-01
5.525345858583209369e-01
4.143785241480755221e-01
5.007425885661549447e-01
4.717975683594693437e-01
5.565880868747530297e-01
4.195142278842718953e-01
2.300439974858579095e-01
8.071627571185939765e-01
6.463083315576390042e-01
3.543537205278988189e-01
5.552024990102583102e-01
4.584054942053168991e-01
4.252926689224569845e-01
6.405425374709732278e-01
4.551263197995641385e-01
4.255212483665121170e-01
4.405692837034718146e-01
1.618094272681195323e-01
6.084199813330997131e-01
5.587811272012009889e-01
3.011217948717949122e-01
4.234867506297253503e-01
5.712661842216740782e-01
5.138888888888890616e-01
6.171713552569904060e-01
7.092469988322098740e-01
3.889071217591073548e-01
5.084884770873430160e-01
3.287671232876712701e-01
5.999824438202246979e-01
4.624149667305528233e-01
7.745471877979022424e-02
3.808227982087686314e-01
4.321707326790405479e-01
5.047952197159759624e-01
6.333349835315227327e-01
3.893003063968870081e-01
3.123368146214099417e-01
4.993361139236181523e-01
5.750000000000000666e-01
1.677891654465594740e-01
6.257016769724125238e-01
7.313596491228071539e-01
4.398581537933962671e-01
5.289952531645569778e-01
4.534957240216129226e-01
3.235217504558480228e-01
3.645533141210375860e-01
2.109500805152979275e-01
4.997388097745219526e-01
1.967213114754098602e-01
4.076236225545486480e-01
4.870330425756159709e-01
5.040682675133955071e-01
4.976964176906051307e-01
3.580565298122547757e-01
2.537210107303565221e-01
3.706688490390927515e-01
4.140789539399676866e-01
5.572909371060371653e-01
4.470857190384334712e-01
2.290430745421715986e-01
2.461538461538461120e-01
5.174111611536114097e-01
4.257812499999998890e-01
3.959833795013850688e-01
3.328412073490812917e-01
3.933333333333332571e-01
4.897748592870543871e-01
3.365024488619995369e-01
4.994898880113177175e-01
6.328100327088935773e-01
3.993090382257886151e-01
6.631784754581830921e-01
4.488831022457831499e-01
1.579232995658466365e-01
5.438678147544798724e-01
5.655902539954341668e-01
6.034482758620690612e-01
6.289909977856866785e-01
3.474922239502332144e-01
3.926305530713944947e-01
5.678766499772416321e-01
5.045205805377112052e-01
4.837238559521936931e-01
6.988573215777037495e-01
2.376920047262701396e-01
4.181778929188257332e-01
1.872329731088213378e-01
5.519899605593402425e-01
3.530194472876150846e-01
5.861512647814234311e-01
1.726229508196723272e-01
4.865631163708087348e-01
6.373056994818653287e-01
5.301088167592855616e-01
5.554840220063209655e-01
2.488669688083177678e-01
5.007779187498349049e-01
7.312135922330097459e-01
4.954978472262832057e-01
4.199604043612381599e-01
2.758620689655171265e-01
1.026929982046678735e-01
7.005256081163671045e-01
2.109500805152977609e-01
5.124196535247502737e-01
2.361139789386743904e-01
5.869565217391303769e-01
5.002612389712624008e-01
5.229936360748248525e-01
5.867977226340101993e-01
4.241787355476155930e-01
3.039772727272727626e-01
6.536181210094254013e-01
4.965112174812576495e-01
6.737288135593220151e-01
4.087216248506572169e-01
4.281817338370974557e-01
3.514135239946656886e-01
5.696590233064148245e-01
3.020558002936856168e-01
4.989867354458363824e-01
2.812341932220536744e-01
4.976522147440914368e-01
5.464145490268647043e-01
5.016785985899058220e-01
5.234840729812729743e-01
4.206605184203808245e-01
5.079106547517510117e-01
5.477012863268223564e-01
6.404079283056696159e-01
4.810108220524575984e-01
3.999257793171697717e-01
4.998434569259231353e-01
6.163941975592909239e-01
1.250000000000000278e-01
4.999999999999010236e-01
5.000098796140419743e-01
4.767954264800461917e-01
3.839181286549708250e-01
5.772946859903381744e-01
5.698341841836512822e-01
5.726528135901713945e-01
2.672374429223745018e-01
4.892683646514329743e-01
3.666760325934251274e-01
6.420394637746648092e-01
4.722222222222222099e-01
3.253623188405797562e-01
5.861198669864707833e-01
5.020733120433666929e-01
5.177692728266813926e-01
5.764700288287741836e-01
5.198194230345738465e-01
2.021445591739476078e-01
4.783313577251536164e-01
4.698162323711803090e-01
5.084814875224271669e-01
