1.693877551020408267e+00
1.322448979591836782e+01
7.387755102040816091e+00
6.530612244897959329e+00
1.897959183673469497e+00
7.510204081632653406e+00
3.000000000000000000e+00
2.040816326530612290e+00
3.265306122448979664e+00
2.816326530612244916e+00
2.469387755102040671e+00
1.979591836734693855e+00
2.510204081632652962e+00
2.510204081632652962e+00
3.693877551020408045e+00
2.367346938775510168e+00
2.244897959183673297e+00
2.775510204081632626e+00
1.546938775510204067e+01
1.959183673469387710e+00
1.755102040816326481e+00
8.857142857142857650e+00
5.816326530612244916e+00
6.775510204081633070e+00
4.755102040816326259e+00
2.714285714285714413e+00
1.632653061224489832e+00
3.285714285714285587e+00
2.387755102040816535e+00
4.040816326530611846e+00
3.244897959183673297e+00
3.591836734693877542e+00
3.469387755102040671e+00
1.381632653061224403e+01
3.081632653061224580e+00
5.163265306122449161e+00
1.857142857142857206e+00
2.489795918367347038e+00
2.551020408163265252e+00
5.346938775510204245e+00
1.795918367346938771e+00
3.489795918367347038e+00
1.673469387755102122e+00
1.714285714285714191e+00
1.938775510204081565e+00
5.204081632653061007e+00
1.795918367346938771e+00
2.326530612244897878e+00
4.877551020408163573e+00
1.259183673469387799e+01
2.510204081632652962e+00
3.551020408163265252e+00
4.020408163265305923e+00
1.795918367346938771e+00
2.408163265306122458e+00
7.306122448979591510e+00
2.893877551020408134e+01
4.224489795918366930e+00
1.653061224489795977e+00
2.224489795918367374e+00
3.040816326530612290e+00
9.469387755102040671e+00
1.959183673469387710e+00
4.897959183673469497e+00
5.142857142857143238e+00
3.693877551020408045e+00
8.734693877551020336e+00
3.428571428571428381e+00
2.142857142857142794e+00
2.795918367346938993e+00
5.265306122448979664e+00
2.877551020408163129e+00
1.693877551020408267e+00
4.142857142857143238e+00
1.416326530612244916e+01
3.285714285714285587e+00
1.673469387755102122e+00
5.183673469387755084e+00
1.918367346938775420e+00
1.653061224489795977e+00
5.000000000000000000e+00
2.795918367346938993e+00
1.387755102040816269e+01
9.142857142857142350e+00
1.673469387755102122e+00
3.163265306122449161e+00
2.122448979591836871e+00
3.775510204081632626e+00
2.632653061224489832e+00
5.061224489795918657e+00
3.061224489795918213e+00
3.857142857142857206e+00
1.775510204081632626e+00
2.755102040816326703e+00
5.877551020408163573e+00
2.408163265306122458e+00
3.714285714285714413e+00
1.693877551020408267e+00
7.061224489795918657e+00
1.693877551020408267e+00
2.530612244897959329e+00
2.183673469387755084e+00
2.530612244897959329e+00
1.918367346938775420e+00
2.755102040816326703e+00
2.755102040816326703e+00
7.693877551020408490e+00
7.836734693877550839e+00
8.489795918367347483e+00
3.020408163265305923e+00
1.132653061224489832e+01
7.693877551020408490e+00
4.979591836734694077e+00
2.000000000000000000e+00
1.959183673469387710e+00
1.836734693877551061e+00
2.183673469387755084e+00
2.040816326530612290e+00
3.734693877551020336e+00
2.959183673469387710e+00
2.346938775510204245e+00
3.122448979591836871e+00
1.693877551020408267e+00
2.142857142857142794e+00
9.591836734693877986e+00
3.367346938775510168e+00
3.918367346938775420e+00
2.938775510204081787e+00
5.306122448979591510e+00
2.877551020408163129e+00
2.551020408163265252e+00
1.816326530612244916e+00
2.346938775510204245e+00
2.204081632653061007e+00
2.040816326530612290e+00
3.795918367346938993e+00
1.857142857142857206e+00
2.448979591836734748e+00
9.571428571428571175e+00
2.612244897959183465e+00
1.591836734693877542e+00
1.612244897959183687e+00
4.693877551020408490e+00
1.632653061224489832e+00
3.877551020408163129e+00
2.551020408163265252e+00
2.306122448979591955e+00
4.224489795918366930e+00
4.551020408163265252e+00
2.040816326530612290e+00
3.714285714285714413e+00
1.857142857142857206e+00
1.836734693877551061e+00
2.591836734693877542e+00
1.795918367346938771e+00
4.836734693877550839e+00
2.040816326530612290e+00
5.408163265306122014e+00
2.632653061224489832e+00
2.775510204081632626e+00
3.040816326530612290e+00
4.122448979591836427e+00
1.263265306122448983e+01
4.102040816326530503e+00
9.836734693877550839e+00
2.816326530612244916e+00
5.938775510204081343e+00
3.387755102040816535e+00
1.320408163265306101e+01
1.795918367346938771e+00
1.116326530612244916e+01
7.285714285714285587e+00
2.306122448979591955e+00
2.938775510204081787e+00
2.204081632653061007e+00
3.428571428571428381e+00
5.510204081632653406e+00
3.489795918367347038e+00
3.000000000000000000e+00
4.224489795918366930e+00
1.673469387755102122e+00
9.183673469387755972e+00
2.310204081632653228e+01
2.285714285714285587e+00
2.673469387755102122e+00
2.489795918367347038e+00
2.163265306122449161e+00
2.918367346938775420e+00
2.183673469387755084e+00
5.714285714285714413e+00
2.591836734693877542e+00
2.224489795918367374e+00
4.632653061224489832e+00
2.755102040816326703e+00
1.938775510204081565e+00
1.775510204081632626e+00
2.163265306122449161e+00
1.857142857142857206e+00
1.938775510204081565e+00
1.938775510204081565e+00
1.693877551020408267e+00
5.571428571428571175e+00
1.775510204081632626e+00
4.367346938775510168e+00
2.306122448979591955e+00
2.285714285714285587e+00
2.142857142857142794e+00
3.448979591836734748e+00
2.346938775510204245e+00
8.163265306122449161e+00
4.326530612244898322e+00
7.163265306122449161e+00
1.473469387755102034e+01
2.081632653061224580e+00
4.142857142857143238e+00
5.020408163265305923e+00
1.612244897959183687e+00
5.795918367346938993e+00
1.755102040816326481e+00
1.571428571428571397e+00
4.693877551020408490e+00
2.122448979591836871e+00
2.053061224489795933e+01
5.197959183673469141e+01
1.659183673469387799e+01
2.918367346938775420e+00
2.163265306122449161e+00
3.244897959183673297e+00
3.183673469387755084e+00
2.693877551020408045e+00
5.571428571428571175e+00
3.612244897959183465e+00
1.673469387755102122e+00
6.918367346938775420e+00
2.102040816326530503e+00
7.938775510204081343e+00
2.081632653061224580e+00
4.673469387755101678e+00
3.387755102040816535e+00
2.816326530612244916e+00
2.857142857142857206e+00
3.938775510204081787e+00
3.571428571428571619e+00
4.387755102040816091e+00
3.571428571428571619e+00
3.714285714285714413e+00
6.693877551020408490e+00
4.142857142857143238e+00
4.326530612244898322e+00
2.142857142857142794e+00
3.367346938775510168e+00
3.183673469387755084e+00
1.367346938775510168e+01
2.306122448979591955e+00
2.653061224489795755e+00
3.183673469387755084e+00
1.836734693877551061e+00
4.204081632653061007e+00
3.265306122448979664e+00
1.775510204081632626e+00
2.040816326530612290e+00
2.673469387755102122e+00
2.122448979591836871e+00
2.081632653061224580e+00
2.551020408163265252e+00
1.248979591836734748e+01
4.918367346938775420e+00
2.857142857142857206e+00
2.510204081632652962e+00
1.938775510204081565e+00
1.959183673469387710e+00
5.102040816326530503e+00
5.183673469387755084e+00
3.306122448979591955e+00
4.224489795918366930e+00
4.387755102040816091e+00
2.673469387755102122e+00
4.322448979591836604e+01
5.571428571428571175e+00
6.244897959183673741e+00
3.428571428571428381e+00
2.693877551020408045e+00
2.673469387755102122e+00
1.755102040816326481e+00
2.836734693877550839e+00
5.285714285714285587e+00
1.268571428571428612e+02
5.836734693877550839e+00
6.142857142857143238e+00
4.448979591836734748e+00
2.918367346938775420e+00
3.795918367346938993e+00
4.571428571428571175e+00
6.795918367346938993e+00
3.428571428571428381e+00
1.006122448979591866e+01
6.367346938775510168e+00
3.816326530612244916e+00
7.163265306122449161e+00
5.040816326530611846e+00
2.469387755102040671e+00
5.061224489795918657e+00
3.693877551020408045e+00
2.610204081632653228e+01
4.653061224489795755e+00
6.612244897959183909e+00
4.040816326530611846e+00
4.102040816326530503e+00
2.081632653061224580e+00
9.265306122448979664e+00
8.367346938775510168e+00
1.281632653061224403e+01
1.177551020408163218e+01
6.897959183673469497e+00
2.306122448979591955e+00
2.428571428571428381e+00
2.061224489795918213e+00
5.102040816326530503e+00
3.326530612244897878e+00
2.653061224489795755e+00
1.734693877551020336e+00
8.795918367346938993e+00
6.367346938775510168e+00
1.816326530612244916e+00
3.591836734693877542e+00
6.877551020408163573e+00
4.979591836734694077e+00
4.346938775510204245e+00
3.455102040816326792e+01
1.755102040816326481e+00
2.306122448979591955e+00
6.122448979591836427e+00
1.897959183673469497e+00
6.448979591836734748e+00
2.591836734693877542e+00
2.959183673469387710e+00
5.142857142857143238e+00
7.775510204081633070e+00
2.020408163265305923e+00
2.004081632653061362e+01
6.857142857142856762e+00
1.638775510204081698e+01
3.718367346938775597e+01
1.238775510204081698e+01
2.000000000000000000e+00
1.673469387755102122e+00
3.591836734693877542e+00
9.734693877551020336e+00
3.306122448979591955e+00
2.265306122448979664e+00
6.326530612244898322e+00
3.326530612244897878e+00
1.600000000000000000e+01
3.142857142857142794e+00
7.428571428571428825e+00
5.693877551020408490e+00
1.857142857142857206e+00
2.244897959183673297e+00
7.632653061224489832e+00
7.224489795918366930e+00
1.938775510204081565e+00
1.938775510204081698e+01
5.612244897959183909e+00
6.816326530612244916e+00
4.040816326530611846e+00
3.275510204081632537e+01
3.975510204081632537e+01
1.775510204081632626e+00
3.306122448979591955e+00
1.938775510204081565e+00
6.285714285714285587e+00
2.346938775510204245e+00
2.551020408163265252e+00
2.224489795918367374e+00
1.118367346938775597e+01
2.346938775510204245e+00
2.224489795918367374e+00
3.285714285714285587e+00
1.157142857142857117e+01
1.836734693877551061e+00
3.163265306122449161e+00
2.159183673469387799e+01
3.326530612244897878e+00
1.289795918367346950e+01
2.122448979591836871e+00
2.026530612244897966e+01
4.640816326530612201e+01
3.142857142857142794e+00
4.816326530612244916e+00
2.367346938775510168e+00
3.510204081632652962e+00
2.428571428571428381e+00
1.920408163265306101e+01
1.653061224489795977e+00
2.030612244897959329e+01
2.653061224489795755e+00
4.775510204081633070e+00
2.693877551020408045e+00
3.857142857142857206e+00
1.775510204081632626e+00
2.285714285714285587e+00
6.816326530612244916e+00
5.959183673469388154e+00
3.000000000000000000e+00
2.326530612244897878e+00
9.367346938775510168e+00
2.367346938775510168e+00
2.816326530612244916e+00
1.897959183673469497e+00
5.673469387755101678e+00
4.428571428571428825e+00
4.836734693877550839e+00
2.755102040816326703e+00
5.469387755102040671e+00
1.959183673469387710e+00
2.591836734693877542e+00
2.040816326530612290e+00
2.265306122448979664e+00
4.081632653061224580e+00
1.422448979591836782e+01
3.000000000000000000e+00
3.020408163265305923e+00
5.469387755102040671e+00
1.918367346938775420e+00
4.122448979591836427e+00
3.020408163265305923e+00
3.326530612244897878e+00
4.204081632653061007e+00
7.673469387755101678e+00
5.775510204081633070e+00
2.857142857142857206e+00
2.857142857142857206e+00
3.428571428571428381e+00
6.306122448979591510e+00
9.244897959183672853e+00
8.653061224489796643e+00
1.836734693877551061e+00
2.346938775510204245e+00
3.530612244897959329e+00
4.510204081632653406e+00
5.469387755102040671e+00
2.265306122448979664e+00
3.142857142857142794e+00
3.775510204081632626e+00
1.877551020408163351e+00
8.489795918367347483e+00
3.285714285714285587e+00
2.000000000000000000e+00
6.448979591836734748e+00
2.469387755102040671e+00
1.775510204081632626e+00
2.938775510204081787e+00
4.551020408163265252e+00
7.387755102040816091e+00
2.183673469387755084e+00
1.714285714285714191e+00
4.183673469387755084e+00
1.693877551020408267e+00
3.326530612244897878e+00
8.326530612244898322e+00
1.734693877551020336e+00
1.897959183673469497e+00
3.000000000000000000e+00
2.775510204081632626e+00
2.857142857142857206e+00
9.795918367346938993e+00
4.367346938775510168e+00
4.734693877551020336e+00
1.734693877551020336e+00
4.244897959183673741e+00
2.775510204081632626e+00
4.897959183673469497e+00
3.836734693877550839e+00
2.551020408163265252e+00
2.489795918367347038e+00
1.693877551020408267e+00
3.959183673469387710e+00
1.979591836734693855e+00
2.122448979591836871e+00
4.959183673469388154e+00
4.775510204081633070e+00
6.571428571428571175e+00
2.000000000000000000e+00
5.518367346938775597e+01
3.387755102040816535e+00
2.285714285714285587e+00
2.612244897959183465e+00
1.693877551020408267e+00
4.142857142857143238e+00
8.142857142857142350e+00
2.904081632653061362e+01
2.102040816326530503e+00
1.653061224489795977e+00
4.836734693877550839e+00
4.877551020408163573e+00
3.836734693877550839e+00
4.440816326530612201e+01
2.938775510204081787e+00
2.163265306122449161e+00
2.191836734693877631e+01
2.024489795918367463e+01
3.061224489795918213e+00
4.285714285714285587e+00
1.136734693877551017e+01
3.344897959183673208e+01
1.291836734693877631e+01
1.375510204081632715e+01
3.428571428571428381e+00
2.077551020408163396e+01
2.469387755102040671e+00
6.142857142857143238e+00
2.346938775510204245e+00
5.265306122448979664e+00
1.324489795918367285e+01
1.167346938775510168e+01
3.571428571428571619e+00
1.938775510204081565e+00
2.081632653061224580e+00
3.653061224489795755e+00
7.571428571428571175e+00
1.836734693877551061e+00
2.877551020408163129e+00
2.163265306122449161e+00
8.469387755102040671e+00
2.877551020408163129e+00
4.020408163265305923e+00
2.183673469387755084e+00
2.020408163265305923e+00
1.836734693877551061e+00
2.000000000000000000e+00
1.897959183673469497e+00
1.959183673469387710e+00
4.040816326530611846e+00
2.632653061224489832e+00
4.061224489795918657e+00
1.244897959183673386e+01
1.520408163265306101e+01
5.061224489795918657e+00
4.122448979591836427e+00
2.244897959183673297e+00
2.408163265306122458e+00
3.183673469387755084e+00
5.408163265306122014e+00
3.102040816326530503e+00
4.489795918367346594e+00
1.632653061224489832e+00
2.020408163265305923e+00
1.083673469387755084e+01
5.612244897959183909e+00
2.428571428571428381e+00
3.714285714285714413e+00
3.877551020408163129e+00
1.693877551020408267e+00
3.836734693877550839e+00
5.591836734693877986e+00
2.285714285714285587e+00
1.232653061224489832e+01
3.632653061224489832e+00
2.877551020408163129e+00
1.836734693877551061e+00
2.306122448979591955e+00
5.530612244897959329e+00
3.081632653061224580e+00
1.775510204081632626e+00
5.428571428571428825e+00
2.244897959183673297e+00
3.510204081632652962e+00
8.244897959183672853e+00
1.414285714285714235e+01
1.653061224489795977e+00
2.632653061224489832e+00
2.714285714285714413e+00
9.530612244897959329e+00
3.551020408163265252e+00
2.000000000000000000e+00
3.734693877551020336e+00
8.857142857142857650e+00
3.755102040816326703e+00
2.285714285714285587e+00
3.836734693877550839e+00
1.673469387755102122e+00
2.224489795918367374e+00
1.897959183673469497e+00
1.071428571428571352e+01
1.046938775510204067e+01
4.428571428571428825e+00
2.795918367346938993e+00
3.326530612244897878e+00
1.687755102040816269e+01
4.024489795918367463e+01
4.653061224489795755e+00
1.359183673469387799e+01
4.183673469387755084e+00
6.551020408163265252e+00
2.591836734693877542e+00
6.530612244897959329e+00
8.448979591836733860e+00
1.918367346938775420e+00
3.959183673469387710e+00
1.008163265306122369e+01
3.530612244897959329e+00
1.795918367346938771e+00
3.408163265306122458e+00
1.755102040816326481e+00
3.857142857142857206e+00
1.775510204081632626e+00
1.795918367346938771e+00
1.922448979591836604e+01
2.275510204081632537e+01
1.263265306122448983e+01
6.795918367346938993e+00
2.387755102040816535e+00
5.224489795918366930e+00
4.081632653061224580e+00
2.040816326530612290e+00
2.285714285714285587e+00
3.142857142857142794e+00
2.653061224489795755e+00
2.244897959183673297e+00
6.367346938775510168e+00
1.714285714285714191e+00
1.042857142857142883e+01
1.057142857142857117e+01
7.081632653061224580e+00
6.040816326530611846e+00
6.816326530612244916e+00
9.000000000000000000e+00
2.653061224489795755e+00
5.306122448979591510e+00
5.408163265306122014e+00
2.591836734693877542e+00
3.551020408163265252e+00
4.755102040816326259e+00
3.448979591836734748e+00
1.795918367346938771e+00
2.775510204081632626e+00
1.775510204081632626e+00
4.459183673469387799e+01
8.571428571428571175e+00
8.775510204081632182e+00
4.591836734693877986e+00
3.285714285714285587e+00
3.163265306122449161e+00
1.175510204081632715e+01
4.102040816326530503e+00
1.877551020408163351e+00
2.571428571428571619e+00
5.857142857142856762e+00
3.734693877551020336e+00
2.142857142857142794e+00
3.326530612244897878e+00
1.434693877551020336e+01
1.836734693877551061e+00
2.734693877551020336e+00
2.000000000000000000e+00
5.183673469387755084e+00
8.477551020408162685e+01
6.836734693877550839e+00
6.204081632653061007e+00
6.265306122448979664e+00
3.408163265306122458e+00
8.081632653061223692e+00
3.775510204081632626e+00
3.632653061224489832e+00
2.387755102040816535e+00
2.122448979591836871e+00
5.673469387755101678e+00
1.836734693877551061e+00
2.653061224489795755e+00
2.693877551020408045e+00
2.285714285714285587e+00
5.142857142857143238e+00
1.795918367346938771e+00
1.102040816326530681e+01
8.693877551020408490e+00
1.120408163265306101e+01
1.395918367346938815e+01
4.877551020408163573e+00
4.122448979591836427e+00
4.163265306122449161e+00
4.897959183673469497e+00
4.102040816326530503e+00
2.020408163265305923e+00
4.000000000000000000e+00
2.510204081632652962e+00
1.979591836734693855e+00
2.897959183673469497e+00
1.836734693877551061e+00
5.122448979591836427e+00
3.122448979591836871e+00
6.163265306122449161e+00
1.834693877551020336e+01
2.773469387755102034e+01
7.510204081632653406e+00
1.051020408163265252e+01
1.583673469387755084e+01
9.040816326530611846e+00
5.142857142857143238e+00
3.081632653061224580e+00
3.265306122448979664e+00
1.236734693877551017e+01
2.387755102040816535e+00
2.244897959183673297e+00
1.897959183673469497e+00
2.224489795918367374e+00
1.775510204081632626e+00
2.265306122448979664e+00
1.673469387755102122e+00
4.857142857142856762e+00
5.734693877551020336e+00
3.510204081632652962e+00
2.081632653061224580e+00
2.020408163265305923e+00
3.897959183673469497e+00
5.938775510204081343e+00
3.836734693877550839e+00
3.979591836734694077e+00
2.448979591836734748e+00
2.387755102040816535e+00
2.142857142857142794e+00
2.285714285714285587e+00
3.224489795918367374e+00
1.897959183673469497e+00
7.571428571428571175e+00
7.959183673469388154e+00
3.469387755102040671e+00
5.306122448979591510e+00
9.938775510204081343e+00
2.979591836734694077e+00
2.306122448979591955e+00
2.000000000000000000e+00
1.632653061224489832e+00
3.497959183673469141e+01
1.608163265306122369e+01
5.387755102040816091e+00
3.612244897959183465e+00
1.795918367346938771e+00
1.979591836734693855e+00
1.714285714285714191e+00
1.285714285714285765e+01
1.397959183673469319e+01
1.587755102040816269e+01
7.795918367346938993e+00
4.795918367346938993e+00
4.469387755102040671e+00
3.346938775510204245e+00
2.734693877551020336e+00
2.387755102040816535e+00
2.489795918367347038e+00
5.530612244897959329e+00
5.102040816326530503e+00
1.836734693877551061e+00
1.510204081632652962e+00
3.346938775510204245e+00
3.244897959183673297e+00
1.775510204081632626e+00
3.122448979591836871e+00
5.183673469387755084e+00
1.816326530612244916e+00
2.857142857142857206e+00
3.734693877551020336e+00
3.836734693877550839e+00
2.326530612244897878e+00
4.612244897959183909e+00
4.061224489795918657e+00
3.979591836734694077e+00
2.836734693877550839e+00
4.122448979591836427e+00
2.326530612244897878e+00
1.816326530612244916e+00
4.285714285714285587e+00
4.428571428571428825e+00
2.285714285714285587e+00
2.000000000000000000e+00
2.448979591836734748e+00
3.306122448979591955e+00
3.020408163265305923e+00
1.612244897959183687e+00
2.959183673469387710e+00
2.734693877551020336e+00
4.000000000000000000e+00
3.612244897959183465e+00
1.979591836734693855e+00
3.653061224489795755e+00
2.571428571428571619e+00
1.673469387755102122e+00
2.142857142857142794e+00
8.469387755102040671e+00
3.163265306122449161e+00
2.081632653061224580e+00
1.795918367346938771e+00
2.204081632653061007e+00
5.530612244897959329e+00
2.346938775510204245e+00
3.448979591836734748e+00
5.795918367346938993e+00
2.204081632653061007e+00
2.612244897959183465e+00
1.816326530612244916e+00
3.632653061224489832e+00
6.081632653061224580e+00
6.897959183673469497e+00
2.244897959183673297e+00
2.979591836734694077e+00
2.510204081632652962e+00
3.816326530612244916e+00
1.775510204081632626e+00
2.408163265306122458e+00
3.571428571428571619e+00
3.836734693877550839e+00
2.183673469387755084e+00
4.040816326530611846e+00
2.204081632653061007e+00
1.979591836734693855e+00
4.530612244897959329e+00
4.448979591836734748e+00
1.918367346938775420e+00
1.857142857142857206e+00
1.304081632653061185e+01
2.408163265306122458e+00
5.836734693877550839e+00
3.632653061224489832e+00
1.673469387755102122e+00
1.612244897959183687e+00
9.959183673469388154e+00
5.224489795918366930e+00
1.795918367346938771e+00
4.734693877551020336e+00
7.061224489795918657e+00
1.638775510204081698e+01
3.653061224489795755e+00
2.306122448979591955e+00
2.163265306122449161e+00
6.510204081632653406e+00
3.755102040816326703e+00
3.244897959183673297e+00
2.857142857142857206e+00
1.775510204081632626e+00
1.836734693877551061e+00
4.244897959183673741e+00
1.979591836734693855e+00
2.200000000000000000e+01
1.612244897959183687e+00
6.244897959183673741e+00
1.591836734693877542e+00
4.714285714285714413e+00
2.469387755102040671e+00
2.142857142857142794e+00
2.653061224489795755e+00
5.695510204081632537e+02
5.387755102040816091e+00
3.428571428571428381e+00
2.816326530612244916e+00
4.040816326530611846e+00
5.408163265306122014e+00
4.959183673469388154e+00
1.816326530612244916e+00
3.020408163265305923e+00
1.693877551020408267e+00
2.102040816326530503e+00
6.551020408163265252e+00
5.346938775510204245e+00
2.183673469387755084e+00
2.326530612244897878e+00
2.714285714285714413e+00
8.612244897959183021e+00
7.448979591836734748e+00
1.795918367346938771e+00
3.163265306122449161e+00
2.755102040816326703e+00
1.938775510204081565e+00
2.918367346938775420e+00
2.448979591836734748e+00
4.040816326530611846e+00
2.714285714285714413e+00
2.142857142857142794e+00
2.000000000000000000e+00
1.857142857142857206e+00
2.816326530612244916e+00
2.857142857142857206e+00
2.551020408163265252e+00
1.979591836734693855e+00
1.979591836734693855e+00
1.714285714285714191e+00
4.000000000000000000e+00
3.877551020408163129e+00
2.061224489795918213e+00
2.367346938775510168e+00
2.571428571428571619e+00
2.020408163265305923e+00
1.673469387755102122e+00
2.448979591836734748e+00
1.571428571428571397e+00
2.183673469387755084e+00
1.693877551020408267e+00
2.979591836734694077e+00
1.551020408163265252e+00
8.571428571428571175e+00
2.000000000000000000e+00
2.000000000000000000e+00
1.612244897959183687e+00
3.020408163265305923e+00
3.061224489795918213e+00
8.469387755102040671e+00
2.489795918367347038e+00
2.020408163265305923e+00
1.734693877551020336e+00
2.367346938775510168e+00
2.367346938775510168e+00
2.448979591836734748e+00
2.979591836734694077e+00
2.081632653061224580e+00
4.244897959183673741e+00
5.653061224489795755e+00
2.000000000000000000e+00
2.795918367346938993e+00
3.183673469387755084e+00
1.857142857142857206e+00
1.632653061224489832e+00
4.367346938775510168e+00
1.755102040816326481e+00
1.755102040816326481e+00
1.714285714285714191e+00
3.897959183673469497e+00
1.795918367346938771e+00
2.244897959183673297e+00
2.346938775510204245e+00
1.979591836734693855e+00
2.673469387755102122e+00
1.857142857142857206e+00
3.163265306122449161e+00
1.755102040816326481e+00
5.081632653061224580e+00
3.836734693877550839e+00
1.095918367346938815e+01
3.000000000000000000e+00
1.836734693877551061e+00
2.204081632653061007e+00
1.693877551020408267e+00
1.571428571428571397e+00
2.142857142857142794e+00
2.204081632653061007e+00
1.591836734693877542e+00
1.959183673469387710e+00
1.938775510204081565e+00
2.571428571428571619e+00
2.326530612244897878e+00
3.000000000000000000e+00
5.326530612244898322e+00
1.877551020408163351e+00
2.938775510204081787e+00
4.795918367346938993e+00
2.122448979591836871e+00
2.244897959183673297e+00
1.755102040816326481e+00
2.000000000000000000e+00
2.102040816326530503e+00
1.734693877551020336e+00
2.571428571428571619e+00
1.591836734693877542e+00
4.448979591836734748e+00
1.693877551020408267e+00
2.673469387755102122e+00
2.000000000000000000e+00
1.836734693877551061e+00
2.571428571428571619e+00
2.571428571428571619e+00
2.653061224489795755e+00
1.489795918367347038e+00
2.081632653061224580e+00
1.734693877551020336e+00
1.795918367346938771e+00
2.510204081632652962e+00
1.612244897959183687e+00
1.816326530612244916e+00
1.693877551020408267e+00
2.040816326530612290e+00
1.836734693877551061e+00
3.693877551020408045e+00
1.857142857142857206e+00
4.938775510204081343e+00
1.877551020408163351e+00
2.000000000000000000e+00
3.204081632653061007e+00
2.714285714285714413e+00
1.653061224489795977e+00
1.693877551020408267e+00
2.836734693877550839e+00
3.551020408163265252e+00
2.020408163265305923e+00
2.367346938775510168e+00
4.816326530612244916e+00
2.897959183673469497e+00
2.163265306122449161e+00
2.020408163265305923e+00
1.857142857142857206e+00
3.020408163265305923e+00
1.918367346938775420e+00
1.571428571428571397e+00
1.775510204081632626e+00
2.163265306122449161e+00
2.102040816326530503e+00
2.367346938775510168e+00
1.673469387755102122e+00
1.673469387755102122e+00
1.214285714285714235e+01
2.081632653061224580e+00
2.102040816326530503e+00
2.408163265306122458e+00
1.938775510204081565e+00
2.244897959183673297e+00
2.142857142857142794e+00
1.714285714285714191e+00
1.938775510204081565e+00
1.693877551020408267e+00
2.040816326530612290e+00
1.551020408163265252e+00
1.857142857142857206e+00
2.285714285714285587e+00
1.959183673469387710e+00
2.428571428571428381e+00
1.836734693877551061e+00
1.897959183673469497e+00
2.469387755102040671e+00
1.877551020408163351e+00
3.816326530612244916e+00
2.000000000000000000e+00
3.224489795918367374e+00
1.959183673469387710e+00
3.489795918367347038e+00
2.530612244897959329e+00
1.816326530612244916e+00
1.816326530612244916e+00
2.265306122448979664e+00
2.326530612244897878e+00
4.244897959183673741e+00
3.081632653061224580e+00
2.102040816326530503e+00
1.816326530612244916e+00
2.183673469387755084e+00
2.897959183673469497e+00
3.551020408163265252e+00
1.959183673469387710e+00
1.897959183673469497e+00
2.285714285714285587e+00
2.102040816326530503e+00
1.836734693877551061e+00
2.571428571428571619e+00
3.306122448979591955e+00
5.653061224489795755e+00
2.795918367346938993e+00
1.551020408163265252e+00
1.591836734693877542e+00
2.000000000000000000e+00
1.938775510204081565e+00
7.877551020408163573e+00
2.000000000000000000e+00
1.714285714285714191e+00
2.877551020408163129e+00
1.571428571428571397e+00
2.040816326530612290e+00
2.469387755102040671e+00
1.653061224489795977e+00
2.734693877551020336e+00
2.285714285714285587e+00
2.918367346938775420e+00
2.224489795918367374e+00
1.897959183673469497e+00
2.551020408163265252e+00
3.979591836734694077e+00
2.265306122448979664e+00
2.204081632653061007e+00
2.081632653061224580e+00
4.061224489795918657e+00
3.061224489795918213e+00
7.183673469387755084e+00
5.530612244897959329e+00
3.020408163265305923e+00
2.020408163265305923e+00
1.591836734693877542e+00
1.673469387755102122e+00
2.836734693877550839e+00
3.265306122448979664e+00
1.571428571428571397e+00
2.979591836734694077e+00
2.755102040816326703e+00
1.673469387755102122e+00
2.183673469387755084e+00
1.816326530612244916e+00
3.571428571428571619e+00
4.122448979591836427e+00
2.142857142857142794e+00
5.653061224489795755e+00
5.530612244897959329e+00
4.653061224489795755e+00
2.979591836734694077e+00
2.000000000000000000e+00
1.897959183673469497e+00
1.795918367346938771e+00
1.612244897959183687e+00
1.836734693877551061e+00
2.285714285714285587e+00
2.265306122448979664e+00
5.367346938775510168e+00
3.040816326530612290e+00
1.755102040816326481e+00
2.265306122448979664e+00
2.428571428571428381e+00
2.367346938775510168e+00
3.183673469387755084e+00
3.877551020408163129e+00
3.285714285714285587e+00
4.959183673469388154e+00
3.836734693877550839e+00
2.163265306122449161e+00
2.204081632653061007e+00
1.632653061224489832e+00
1.877551020408163351e+00
1.755102040816326481e+00
2.020408163265305923e+00
4.163265306122449161e+00
2.081632653061224580e+00
2.285714285714285587e+00
2.591836734693877542e+00
3.591836734693877542e+00
1.938775510204081565e+00
3.612244897959183465e+00
2.632653061224489832e+00
2.040816326530612290e+00
2.489795918367347038e+00
2.000000000000000000e+00
2.693877551020408045e+00
1.591836734693877542e+00
1.816326530612244916e+00
1.693877551020408267e+00
1.857142857142857206e+00
2.265306122448979664e+00
1.918367346938775420e+00
1.836734693877551061e+00
2.265306122448979664e+00
4.489795918367346594e+00
3.122448979591836871e+00
2.102040816326530503e+00
1.938775510204081565e+00
1.632653061224489832e+00
2.020408163265305923e+00
3.285714285714285587e+00
4.877551020408163573e+00
2.795918367346938993e+00
1.877551020408163351e+00
3.163265306122449161e+00
1.734693877551020336e+00
2.734693877551020336e+00
2.448979591836734748e+00
1.612244897959183687e+00
2.244897959183673297e+00
2.693877551020408045e+00
2.081632653061224580e+00
2.632653061224489832e+00
3.816326530612244916e+00
2.102040816326530503e+00
1.734693877551020336e+00
2.857142857142857206e+00
1.959183673469387710e+00
3.163265306122449161e+00
2.346938775510204245e+00
2.285714285714285587e+00
2.306122448979591955e+00
4.285714285714285587e+00
2.040816326530612290e+00
1.714285714285714191e+00
2.081632653061224580e+00
2.040816326530612290e+00
1.632653061224489832e+00
3.448979591836734748e+00
3.081632653061224580e+00
2.714285714285714413e+00
1.714285714285714191e+00
2.510204081632652962e+00
3.204081632653061007e+00
2.755102040816326703e+00
3.163265306122449161e+00
1.897959183673469497e+00
3.326530612244897878e+00
4.714285714285714413e+00
2.061224489795918213e+00
2.102040816326530503e+00
1.857142857142857206e+00
2.938775510204081787e+00
1.979591836734693855e+00
2.265306122448979664e+00
2.367346938775510168e+00
2.673469387755102122e+00
2.040816326530612290e+00
3.918367346938775420e+00
6.591836734693877986e+00
1.775510204081632626e+00
1.816326530612244916e+00
3.163265306122449161e+00
3.897959183673469497e+00
2.081632653061224580e+00
2.020408163265305923e+00
3.285714285714285587e+00
2.775510204081632626e+00
1.857142857142857206e+00
5.571428571428571175e+00
1.816326530612244916e+00
3.959183673469387710e+00
2.632653061224489832e+00
3.571428571428571619e+00
2.489795918367347038e+00
2.346938775510204245e+00
2.673469387755102122e+00
2.346938775510204245e+00
1.877551020408163351e+00
1.979591836734693855e+00
2.714285714285714413e+00
1.938775510204081565e+00
3.020408163265305923e+00
2.040816326530612290e+00
2.204081632653061007e+00
4.469387755102040671e+00
1.816326530612244916e+00
1.673469387755102122e+00
3.428571428571428381e+00
5.836734693877550839e+00
2.510204081632652962e+00
