-8.744066500838330569e+01
-1.655277275896000901e+02
-1.493619389756452449e+02
-1.374042164922176994e+02
-9.205887767233974728e+01
-1.525819007867395953e+02
-8.296604949683961649e+01
-9.603657765526152446e+01
-1.158026364466154945e+02
-1.096770144949103667e+02
-1.021170862690950685e+02
-9.396441294250301723e+01
-1.029435273279665921e+02
-1.010242400232553450e+02
-1.196005642048388182e+02
-1.014707216024834224e+02
-9.835467361745936898e+01
-1.078265079158822459e+02
-1.821285267111607027e+02
-9.502767800840689461e+01
-9.089308209250138759e+01
-1.528717558981742854e+02
-1.292497769003770998e+02
-1.323568411685975548e+02
-1.235698092052152788e+02
-1.073427942323119453e+02
-8.555316449589778927e+01
-1.115306230245625869e+02
-9.342821343653886856e+01
-1.173590480401452254e+02
-1.120884705845568448e+02
-1.139326733196762262e+02
-1.112397448891896374e+02
-1.763834369195053853e+02
-1.101983230914983665e+02
-1.265817943994990884e+02
-8.967852316372317034e+01
-1.017045667280285670e+02
-1.053138199126369017e+02
-1.287093444062817298e+02
-9.120619165332881551e+01
-1.121784614645901854e+02
-8.628520752201923472e+01
-8.874409073688487126e+01
-8.966849787077987344e+01
-1.287575546228632390e+02
-9.112248349604861630e+01
-9.599565807388086114e+01
-1.319799195768291042e+02
-1.728727778666097663e+02
-1.043942203907724036e+02
-1.153282156785624011e+02
-1.156746129265407461e+02
-8.669108817486646501e+01
-1.024915580109523034e+02
-1.399833645648029403e+02
-1.963783231303644357e+02
-1.117794766139601705e+02
-8.659390163228215442e+01
-9.951669557412256495e+01
-1.115303866864799573e+02
-1.414872791720854082e+02
-9.459328948181503449e+01
-1.317378842830083272e+02
-1.223735031645311864e+02
-1.181246903433201680e+02
-1.519847152475771850e+02
-1.120968677898597576e+02
-9.512775404719060646e+01
-1.087408111102134995e+02
-1.352956740638796873e+02
-1.067649742327016469e+02
-8.533466949669094959e+01
-1.169534506075258662e+02
-1.676685396079123507e+02
-1.090027777509502016e+02
-8.843137706665065423e+01
-1.122401945019908993e+02
-9.275942840106451115e+01
-8.427868333588197913e+01
-1.224586576317160933e+02
-1.060451360036120150e+02
-1.654756866852011683e+02
-1.414492624723100391e+02
-8.792314486021415121e+01
-1.061214650282539651e+02
-9.745337257954675181e+01
-1.219662588948408910e+02
-9.995087928578777792e+01
-1.349601650314666017e+02
-1.092800491594662731e+02
-1.156103051958574355e+02
-8.885970671854657610e+01
-1.084298240714759629e+02
-1.331200051317963471e+02
-9.928095218199842975e+01
-1.182046905107611394e+02
-8.652963818418591302e+01
-1.432716805402910722e+02
-7.623617904523815980e+01
-1.044620521924108090e+02
-9.863870602357664552e+01
-6.779740588181972782e+01
-9.214192133453003919e+01
-7.776110515801079259e+01
-1.074569115965558410e+02
-1.439224824207910842e+02
-1.495421093043991903e+02
-1.449694558189437430e+02
-1.123118686115232236e+02
-1.689543084015130887e+02
-1.493196507335408683e+02
-1.344187016577090787e+02
-9.598412036229534294e+01
-9.469273451335452307e+01
-9.151646838538586337e+01
-9.832570941598352476e+01
-9.293193551523715712e+01
-1.212839899236780639e+02
-1.112001589112504973e+02
-1.020881569195201877e+02
-1.137881233911114691e+02
-8.845867575468641064e+01
-9.402217220126208019e+01
-1.521640664706093276e+02
-1.167660360700832172e+02
-1.199979294563689365e+02
-1.117524544368941548e+02
-1.322161107053266846e+02
-1.077961512034597149e+02
-1.055740737140089038e+02
-9.157867082033561701e+01
-9.815261948781045476e+01
-9.907224714528844345e+01
-9.613299806641886391e+01
-1.202492274220121402e+02
-9.231769791562727789e+01
-1.034187438848218079e+02
-1.532881410584822106e+02
-1.055793982538100124e+02
-8.648802071668426095e+01
-8.659222138155411130e+01
-1.288376459003249863e+02
-8.776852746019594065e+01
-1.192413924024625089e+02
-1.026191622958537693e+02
-1.015384643244662612e+02
-1.214238959948898753e+02
-1.276138210233400372e+02
-9.597964639289958200e+01
-1.178842412268685251e+02
-9.084056253196921205e+01
-9.015382970752500569e+01
-1.056626366099996517e+02
-9.062857077451495513e+01
-1.221569887123176983e+02
-9.580599970966856915e+01
-1.267293799077420289e+02
-1.007183660059713475e+02
-1.048083098007410854e+02
-1.038922762492556728e+02
-1.128271205082722020e+02
-1.672435534113057543e+02
-1.235476832528411535e+02
-1.490040988862868971e+02
-1.055495344548850198e+02
-1.409150192883853947e+02
-1.166740611124747176e+02
-1.606429029429315847e+02
-9.113263619875009169e+01
-1.625889156860741878e+02
-1.411055516043035709e+02
-9.916830966240587486e+01
-9.978070213864286586e+01
-9.754317356870407707e+01
-1.063768570196911014e+02
-1.368326435276129871e+02
-1.137764042181119635e+02
-1.081575670032395493e+02
-1.143016555506596319e+02
-8.736141130688488943e+01
-1.348161517816705270e+02
-1.903163296407266216e+02
-1.009671635283038427e+02
-1.044370768789371908e+02
-9.733646601386084285e+01
-9.831733027309556405e+01
-1.080602909360542867e+02
-9.893039883026798975e+01
-1.285051196174949553e+02
-1.060650316288328838e+02
-9.965480285364205315e+01
-1.240162044802150092e+02
-1.065880814626562767e+02
-9.411444292110441268e+01
-8.975410594080210558e+01
-9.556079282401790920e+01
-9.124374043784852972e+01
-9.451324320742219243e+01
-9.284376651495438182e+01
-8.606205031726253196e+01
-1.347479616010419079e+02
-9.064410692485296295e+01
-1.207362034031904585e+02
-1.008656904360659468e+02
-9.872595214284537235e+01
-9.452524188171247488e+01
-1.076263578602571584e+02
-1.002647096204766939e+02
-1.451320376964634136e+02
-1.264453392761472230e+02
-1.412563126136958260e+02
-1.781622860529110426e+02
-9.721195575178821002e+01
-1.247060584744352667e+02
-1.351727614723590705e+02
-8.679074245027914003e+01
-1.392128670924609253e+02
-8.848042542786720333e+01
-8.567176345715077446e+01
-1.257481669403329221e+02
-9.562742350687588555e+01
-1.866125877596583962e+02
-2.223515097891076948e+02
-1.816026956083918265e+02
-1.062026941092557308e+02
-9.850412000894462494e+01
-1.140362209307738084e+02
-1.136083238026490534e+02
-1.057992944032937430e+02
-1.285465883347733609e+02
-1.184427833817602504e+02
-8.875991941838815080e+01
-1.471130462220795323e+02
-9.475679341327186478e+01
-1.525707055763533333e+02
-9.597785255965970919e+01
-1.254948772582578300e+02
-1.165419960080915018e+02
-1.068977284867719391e+02
-1.097837032373052892e+02
-1.233705935676232883e+02
-1.195197543056075915e+02
-1.291330744152797081e+02
-1.192322050955249182e+02
-1.211748657903418973e+02
-1.468116412456704722e+02
-1.235041914823555231e+02
-1.177110637674608853e+02
-9.696045118250508210e+01
-1.168333170645174874e+02
-1.151119806905722101e+02
-1.743260915224149130e+02
-9.238025490525464534e+01
-1.070623616326027729e+02
-1.144370832560294673e+02
-9.211444648761334975e+01
-1.243838399100123411e+02
-1.144137343041447537e+02
-9.061639251069070156e+01
-9.501179948366053907e+01
-1.071896478993967463e+02
-9.697472268247089744e+01
-8.653208485551112972e+01
-1.043814357011487743e+02
-1.651203954797022959e+02
-1.304148669084997607e+02
-1.095186822381905500e+02
-1.035814261405616037e+02
-9.410540309708642326e+01
-9.220686683222361069e+01
-1.354217241391356765e+02
-1.264841645222622475e+02
-1.142059407709589607e+02
-1.249823748116812254e+02
-1.269609279516648712e+02
-1.056205486521240999e+02
-2.266783877645159464e+02
-1.386401938892033741e+02
-1.427356533424489555e+02
-1.171758059076059766e+02
-1.075650791037225105e+02
-1.018695849771587234e+02
-9.009424814685600325e+01
-1.081337087644516544e+02
-1.288347350592530063e+02
-2.854689521755944384e+02
-1.412592504171236669e+02
-1.405154316087461552e+02
-1.265696873948554924e+02
-1.106861422932242647e+02
-1.216643490355245518e+02
-1.286867187746980505e+02
-1.477716337727296434e+02
-1.178245076309266466e+02
-1.505097279345445997e+02
-1.401905597870323845e+02
-1.193087509873287075e+02
-1.393514974549576380e+02
-1.319838768729043750e+02
-1.034345848020118979e+02
-1.341556510872608499e+02
-1.156113681640824211e+02
-1.823314709815687138e+02
-1.241636105160081769e+02
-1.366071140041462684e+02
-1.214005504873893670e+02
-1.237003530491296885e+02
-9.297383230840610224e+01
-1.406714025414524087e+02
-1.508259953774577866e+02
-1.671549443942962796e+02
-1.543862445900578280e+02
-1.382198187727592256e+02
-1.012670850115489714e+02
-1.024966519958894651e+02
-9.315811854777682299e+01
-1.232474964994062390e+02
-1.122672669049770349e+02
-9.927742490459228009e+01
-8.971909213741726319e+01
-1.519184420015131423e+02
-1.437255937762797089e+02
-9.155616117586492919e+01
-1.152331993291895174e+02
-1.390629810211975723e+02
-1.340789952773421305e+02
-1.221506347745566075e+02
-1.962037881320321446e+02
-8.992726306351514154e+01
-9.709873064673149656e+01
-1.307835671721943243e+02
-9.277213306857908037e+01
-1.337351375514668064e+02
-9.828930998037435529e+01
-1.096181833034194142e+02
-1.275137086525537740e+02
-1.425232203481595263e+02
-9.369574762382427480e+01
-1.774255365682238903e+02
-1.385936510778060438e+02
-1.887231259194842607e+02
-2.016420145508939186e+02
-1.661161662247559434e+02
-9.502238755213846844e+01
-8.785463565799072683e+01
-1.128006007948276590e+02
-1.560661677247551609e+02
-1.095434521339938243e+02
-9.882967457804103617e+01
-1.324715514466890909e+02
-1.123746239668064391e+02
-1.681963374211060227e+02
-1.108252044659269018e+02
-1.337706714992600610e+02
-1.283788564632525322e+02
-9.225997146348603906e+01
-9.995925786075719088e+01
-1.429406516607630806e+02
-1.465904490370493534e+02
-9.210497937656988654e+01
-1.696019971540063693e+02
-1.301570269870373409e+02
-1.399960943217533611e+02
-1.181950326055728482e+02
-1.951395175618601172e+02
-2.084627942128573466e+02
-8.674379762639533453e+01
-1.134077527252634638e+02
-9.344003764604549644e+01
-1.335772572351549456e+02
-1.018204169431231918e+02
-1.049998321531038528e+02
-9.550595526204621422e+01
-1.514432321347306925e+02
-1.005202491243538105e+02
-9.575889366495422905e+01
-1.081733571853324634e+02
-1.636908124124759922e+02
-9.164340120491227992e+01
-1.139811757784783737e+02
-1.872230686022785733e+02
-1.125518965244905303e+02
-1.616945878429488914e+02
-9.518116281030310688e+01
-1.746373345791435554e+02
-2.282446112240951095e+02
-1.119524867004231652e+02
-1.224196675728266399e+02
-1.022533654830773457e+02
-1.124929149033713713e+02
-1.031708756879521900e+02
-1.904533060989161584e+02
-8.753429267986948048e+01
-1.909683348430846195e+02
-7.558665014947872862e+01
-1.208542260743842434e+02
-1.048120642433923422e+02
-1.119397961787541362e+02
-9.014168447122139582e+01
-9.859350912288765301e+01
-1.363291086609334286e+02
-1.383035503701906066e+02
-1.097671336140463580e+02
-9.626631966959787690e+01
-1.499479226621401438e+02
-1.002539984884364657e+02
-1.053100341294256310e+02
-9.075495494615154257e+01
-1.317756624918614534e+02
-1.254184940357125981e+02
-1.196707520430750407e+02
-1.050437735807622914e+02
-1.272027220761243456e+02
-9.355739747614681789e+01
-1.024603063466558268e+02
-9.353750620985513820e+01
-1.004556055894894655e+02
-1.232920753212748792e+02
-1.574440777604879997e+02
-1.037147210108868194e+02
-1.068045181418053602e+02
-1.325303950335140826e+02
-9.318980191576908112e+01
-1.227885700284814874e+02
-1.075236328133320427e+02
-1.107458887355849271e+02
-1.158617435784021126e+02
-1.424409592896053027e+02
-1.309189464221722119e+02
-1.079159888037225699e+02
-1.090793452710158107e+02
-1.142347709198180183e+02
-1.388294532717005723e+02
-1.533671328993348197e+02
-1.442008304597459016e+02
-8.839997696952717376e+01
-9.826719313367317454e+01
-1.116127693873739730e+02
-1.226350222149931994e+02
-1.255577909465003472e+02
-9.502537428008460552e+01
-1.094627834962855673e+02
-1.148835989754442721e+02
-9.083233432558876075e+01
-1.506381685237273587e+02
-1.149569749810993073e+02
-9.195360480384978530e+01
-1.334847687561644136e+02
-1.031677495386475414e+02
-8.798323059195585927e+01
-1.079305816712029724e+02
-1.232542197431552182e+02
-1.384198839396252652e+02
-9.360022419263387405e+01
-8.881025281353495870e+01
-1.206232366624454500e+02
-8.897972576579743986e+01
-1.151356164618875511e+02
-1.474182014090470432e+02
-8.885832649219004509e+01
-9.272487804739611761e+01
-1.082258705018147822e+02
-1.059339773583004245e+02
-1.015997219939265790e+02
-1.484900885158796484e+02
-1.278615827775116713e+02
-1.243337201688075453e+02
-8.174100979274714973e+01
-1.157459356559345309e+02
-1.074448036244645124e+02
-1.266330262761133270e+02
-1.146410491321869500e+02
-1.053724674862130826e+02
-1.004943095104488151e+02
-8.904273237221590875e+01
-1.215824688466984611e+02
-9.451705083243682282e+01
-9.106115300518391109e+01
-1.243827979912509676e+02
-1.239256834091911372e+02
-1.280195016486403006e+02
-9.379670782309668198e+01
-2.080839992642491154e+02
-1.098829338683793821e+02
-9.830260779686598482e+01
-1.055039317639983381e+02
-8.612099044180148155e+01
-1.256889115026349515e+02
-1.447315310833021726e+02
-1.879044638163233572e+02
-9.529559260720847647e+01
-8.753203102298334670e+01
-1.312832853412411680e+02
-1.260327932346946369e+02
-1.217335420019849579e+02
-2.025066836819036098e+02
-1.077854479397955458e+02
-9.585586222540030121e+01
-1.895284725988475429e+02
-1.810659755515023619e+02
-1.128497994910103301e+02
-1.214299097296274255e+02
-1.421394491349670091e+02
-2.001365645314890855e+02
-1.602430070193424001e+02
-1.608559711960993752e+02
-1.165708266902213381e+02
-1.715792678409442829e+02
-1.012407866387365090e+02
-1.342989076041117471e+02
-9.237306510645977653e+01
-1.324457000069340609e+02
-1.571768736723303448e+02
-1.495654990503323916e+02
-1.134800937837539010e+02
-9.287252364164665153e+01
-9.534944676904684968e+01
-1.133476382964308016e+02
-1.444882712516726428e+02
-8.014644024872650618e+01
-1.060876415609740775e+02
-9.851796110524209382e+01
-1.442206635131196037e+02
-1.103231227265977594e+02
-1.190095551897137369e+02
-9.776016713286352910e+01
-9.567975440740423210e+01
-8.771782897267407009e+01
-9.201477611440535043e+01
-9.271600143637431302e+01
-9.471898873300406763e+01
-1.167470650060173227e+02
-1.036371857466609754e+02
-1.223764212306702603e+02
-1.634172510601876525e+02
-1.805049844785012567e+02
-1.283257438720203254e+02
-1.136012824251386206e+02
-9.872057764079913511e+01
-1.007401128291794379e+02
-1.127885762796420721e+02
-1.234136438427761959e+02
-1.095383495052964520e+02
-1.240918403041709013e+02
-8.636983398864437333e+01
-9.394853092136810346e+01
-1.599562314407776853e+02
-1.387886627369341568e+02
-9.910782693204376415e+01
-1.143953591483471683e+02
-1.166264535156201418e+02
-8.249195568640395493e+01
-1.216550671515111191e+02
-1.307310863863849306e+02
-9.496069043376992624e+01
-1.445998318220236456e+02
-1.160505670899324286e+02
-1.013658044611570404e+02
-8.954889070327160994e+01
-9.618224626440927238e+01
-1.295837322433202417e+02
-1.074653223365421155e+02
-8.954161804089635268e+01
-1.319940295664442829e+02
-9.836997671171103264e+01
-1.085384666034356655e+02
-1.423064572248866568e+02
-1.651820431050655600e+02
-8.611431999686865879e+01
-1.053315288072714395e+02
-1.028270926122880269e+02
-1.445774066224943510e+02
-1.155661140754851317e+02
-9.037211589400250489e+01
-1.186404207298373734e+02
-1.432148388877165814e+02
-1.191162821416513111e+02
-9.268433248021942461e+01
-1.155381804599924038e+02
-8.827297066993700980e+01
-9.770603903873768559e+01
-9.329011658091147297e+01
-1.592562962869831722e+02
-1.637258038903173372e+02
-1.227979021160284958e+02
-1.061129171056775959e+02
-1.164277433017087731e+02
-1.670915885415017499e+02
-2.184669820013992876e+02
-1.225335062340401464e+02
-1.688681297985664003e+02
-1.073620851067366289e+02
-1.368884298788406113e+02
-1.058434350361293639e+02
-1.435447922623698105e+02
-1.439521332788287680e+02
-9.329099569882136223e+01
-1.127108814153163650e+02
-1.499439989716491084e+02
-1.127753728817707497e+02
-9.059054535488219528e+01
-1.098334556683137606e+02
-9.014463716660908688e+01
-1.134116028946733081e+02
-9.060476426887984758e+01
-8.968282710602126429e+01
-1.759925916104879491e+02
-1.891128380397039166e+02
-1.582483505868736415e+02
-1.313555208946719972e+02
-9.956729334419654265e+01
-1.293782177612043824e+02
-1.186747944141356470e+02
-9.478980465462194616e+01
-9.915736713810414926e+01
-1.002550958555229670e+02
-1.022670265305048503e+02
-9.987121069972853604e+01
-1.445698039413796891e+02
-8.890254895175134209e+01
-1.476141272225414411e+02
-1.533618491232225551e+02
-1.454708568635463450e+02
-1.369054542609379155e+02
-1.346518323608832759e+02
-1.422792061182693715e+02
-1.071735321297316972e+02
-1.329965654072174743e+02
-1.256768253557655157e+02
-1.035472697193035145e+02
-1.162688600920388780e+02
-1.280802383998988319e+02
-1.177710621478074557e+02
-8.970642166712909216e+01
-1.046857244191415504e+02
-8.989710350457281152e+01
-1.981405427745349357e+02
-1.422990127419108148e+02
-1.485935981536595989e+02
-1.189695961512540663e+02
-1.076559255956172194e+02
-1.063500349903599727e+02
-1.624037503534343614e+02
-1.195379881328809688e+02
-8.734205480842076952e+01
-1.012780173100897656e+02
-1.326991517326931387e+02
-1.122648966973787878e+02
-9.496078597615779415e+01
-1.093627790521726411e+02
-1.648461340893910574e+02
-9.164315748530296446e+01
-1.071527700634453879e+02
-9.395505697326561290e+01
-1.312497013723799739e+02
-2.583435263540152391e+02
-1.290432248658835022e+02
-1.290112270494757354e+02
-1.335751832721796006e+02
-1.112577865593222697e+02
-1.442693767705044934e+02
-1.125033766448588608e+02
-1.074118328107591367e+02
-9.801017943000837818e+01
-9.068880225486752522e+01
-1.282745281130215460e+02
-9.163325456179086359e+01
-1.053646543557365760e+02
-1.072247452826084810e+02
-1.001490854929094922e+02
-1.280639518942161601e+02
-9.151095154940324505e+01
-1.602207661458137693e+02
-1.478645333856632362e+02
-1.679576439305899953e+02
-1.521995645830243973e+02
-1.243373985386967036e+02
-1.222730750205097792e+02
-1.208501518745634513e+02
-1.214063109850772406e+02
-1.251483872809386497e+02
-9.451752512104256709e+01
-1.154396223184773760e+02
-9.641684817294954257e+01
-8.985805569821449978e+01
-1.048576341878211480e+02
-9.029338676658636587e+01
-1.313987310383656109e+02
-1.112984160373756595e+02
-1.342178927888996611e+02
-1.808568130961995166e+02
-1.943149374945402030e+02
-1.412342165869322343e+02
-1.416665765449314165e+02
-1.660501706044667003e+02
-1.540098700678768751e+02
-1.217861517043298250e+02
-1.085097747134353767e+02
-1.157199843841439559e+02
-1.624187029495239756e+02
-9.924033626743751313e+01
-1.002120809791706790e+02
-9.157791252611411892e+01
-9.808164448900656396e+01
-9.049196606914549079e+01
-9.945296466595154072e+01
-8.769074126409088876e+01
-1.230132447438503078e+02
-1.343677742483450004e+02
-1.183408439031369568e+02
-9.681054147105119512e+01
-9.137978272924289058e+01
-1.215651561780072143e+02
-1.284991100928620256e+02
-1.210410417869595250e+02
-1.144049872089737221e+02
-9.522210575332398719e+01
-9.846681354121608365e+01
-9.779739534250835220e+01
-9.901132175285223980e+01
-1.096094610026744363e+02
-9.279616812262183601e+01
-1.347398730076843947e+02
-1.381710241188382042e+02
-1.125457088609756227e+02
-1.307745591353236421e+02
-1.448585027330853165e+02
-1.115311201341255156e+02
-1.000791225412387035e+02
-9.510190085644543956e+01
-8.749744055736067594e+01
-2.075871402644251873e+02
-1.696138694336866024e+02
-1.352133446029160098e+02
-1.157037704776291065e+02
-8.876757589366970080e+01
-9.442363759786975663e+01
-8.730483542458951263e+01
-1.647963350719145978e+02
-1.656181170116591943e+02
-1.756695020680996038e+02
-1.356836551720765556e+02
-1.251739915598412409e+02
-1.200647106352794680e+02
-1.149117323384077451e+02
-1.075511202665009165e+02
-1.013710529982042772e+02
-1.044180012167102802e+02
-1.230314797832168239e+02
-1.270071613148869574e+02
-9.111999660782265664e+01
-8.449625783122827727e+01
-1.129802888283501687e+02
-1.117943392976573591e+02
-8.837422240414080932e+01
-1.076442002346785358e+02
-1.294665774627216592e+02
-8.902276120723324482e+01
-1.093580578806254096e+02
-1.158007422445882497e+02
-1.158556109581529512e+02
-1.002106731583210859e+02
-1.227949684228260736e+02
-1.205396294664791554e+02
-1.220284553090893951e+02
-1.090803534200709635e+02
-1.211278425653380708e+02
-1.015000494441986802e+02
-8.888485045445965227e+01
-1.177173149878545075e+02
-1.237682160931494622e+02
-1.008387169566639301e+02
-9.526958359525130504e+01
-1.027672454902059940e+02
-1.133382286807138968e+02
-1.071171653138413689e+02
-8.558733720330273798e+01
-1.088450786487711923e+02
-1.028519901544338211e+02
-1.114952831134230280e+02
-1.148544160286188998e+02
-9.030130099344412997e+01
-1.152804443522573763e+02
-1.033450350845623831e+02
-8.874021209383646180e+01
-9.755798493448176600e+01
-1.488285923038737337e+02
-1.115185728365010362e+02
-9.437253749035065198e+01
-9.104217376521481242e+01
-9.745879651973348246e+01
-1.356767839975277639e+02
-1.015645307645040987e+02
-1.118240941814408274e+02
-1.352921547714535109e+02
-9.808277759186250933e+01
-1.050237125955067654e+02
-9.151872583439033804e+01
-1.186669482489720480e+02
-1.387167277597152406e+02
-1.492041149341426376e+02
-9.898652283208004121e+01
-1.087413916425575877e+02
-1.043615250670473955e+02
-1.228465089350873143e+02
-9.038557111524963261e+01
-1.027575747107559181e+02
-1.172024612387000815e+02
-1.215764978072064508e+02
-9.847852914551616266e+01
-1.208973370482516714e+02
-9.912307957068203734e+01
-9.474291542344475658e+01
-1.261676875901349035e+02
-1.204790289264716279e+02
-9.375531172055420370e+01
-8.946199101646877239e+01
-1.729049659199378084e+02
-9.885878005877162877e+01
-1.327705536066881109e+02
-1.167321228209923305e+02
-8.657560689419374000e+01
-8.681417524031945732e+01
-1.653978732065906172e+02
-1.283050912416528888e+02
-9.116444037240449916e+01
-1.318471612911852162e+02
-1.435969711289572786e+02
-1.863207595847637492e+02
-1.203830195995897299e+02
-1.011394751763076698e+02
-9.867715691010614876e+01
-1.431571715068041328e+02
-1.201045093485974036e+02
-8.834776156746268327e+01
-1.090103126349821139e+02
-6.715202794662025099e+01
-8.937264033164544230e+01
-1.267823500189087440e+02
-7.923594658538543456e+01
-1.411258925371338933e+02
-8.581047708281346331e+01
-1.379872125420228883e+02
-8.640429501657271771e+01
-1.303621858369595259e+02
-1.012108091708050779e+02
-8.736314162054904386e+01
-1.053380235664508433e+02
-3.453786486424893383e+02
-1.372986812278889772e+02
-1.170020571885141010e+02
-1.093274502542308682e+02
-1.170371805222713562e+02
-8.705159298977417848e+01
-1.041557414052061716e+02
-7.953071266817450180e+01
-8.649610229286905394e+01
-8.396974267017311888e+01
-7.277381559934246980e+01
-1.129659257086991033e+02
-9.522668813220774098e+01
-7.432213464016794546e+01
-6.942946046141516092e+01
-7.698705794884257614e+01
-1.070774126115253040e+02
-1.035414592925020258e+02
-6.322826322742807292e+01
-1.124642599543897461e+02
-9.473650961255115988e+01
-9.208722175797464615e+01
-1.056045586915164165e+02
-1.033611572897627298e+02
-1.179163243237585590e+02
-1.011226456026521419e+02
-9.516307155094693826e+01
-9.141927043275873643e+01
-8.934096901496050691e+01
-1.067096695858075179e+02
-1.027605698116580015e+02
-9.899062900778380936e+01
-9.433542287771525992e+01
-9.487989427105028994e+01
-8.742819151692697233e+01
-1.193867461218645900e+02
-1.102003211305819974e+02
-9.011133992698023576e+01
-1.010682368531784618e+02
-1.017576777754032094e+02
-9.493357814016655993e+01
-8.770435336303816598e+01
-1.022821306334636802e+02
-8.551605437216738892e+01
-9.582062199369657662e+01
-8.536465984323488954e+01
-1.083227355845373410e+02
-8.064969889841869133e+01
-1.428962199261476655e+02
-9.544424514079817357e+01
-9.500289912472467790e+01
-8.510726955212724931e+01
-1.061815446639861165e+02
-1.075321010130805206e+02
-1.518156235875027278e+02
-1.033096540217389787e+02
-9.538646445793249029e+01
-8.934428079481949680e+01
-1.014036132098006391e+02
-1.012869322151623948e+02
-9.861506981267068284e+01
-1.115138841106757042e+02
-9.282750669389255904e+01
-1.240198350105077054e+02
-1.279119273020882304e+02
-9.237842735844255060e+01
-1.039152691411164824e+02
-1.072749636482953122e+02
-8.747713096192255477e+01
-8.027833212608022961e+01
-1.230888375136963333e+02
-8.773145094558675794e+01
-8.206569924771899593e+01
-8.680751038903490269e+01
-1.133312709189624741e+02
-8.602854227833891798e+01
-9.467442924022977024e+01
-9.170008332651792671e+01
-9.197385734566145743e+01
-1.056946181011340116e+02
-9.223151922972729722e+01
-1.119625340201782251e+02
-8.902584710533650991e+01
-1.246288698716688828e+02
-1.174808903333259167e+02
-1.455773312386292844e+02
-1.106055960052972296e+02
-9.053567479623862368e+01
-9.913426829501197801e+01
-8.267623672717256511e+01
-8.144895612011977448e+01
-9.149757138148423508e+01
-9.473070865479273550e+01
-8.319825960067774417e+01
-9.428521905078427778e+01
-9.155431975424897928e+01
-1.012561443069096896e+02
-9.813545189872290564e+01
-1.081168056611204094e+02
-1.269752975117733058e+02
-9.010599053545546155e+01
-1.087727494597834834e+02
-1.189883000192511133e+02
-9.413620064840156942e+01
-9.899774570230920290e+01
-8.738572678071732014e+01
-9.529126296452297140e+01
-9.561866558399356109e+01
-8.963434393488115859e+01
-1.048822624757632269e+02
-8.618445159058283878e+01
-1.230364608863184657e+02
-8.870815334019444265e+01
-1.071662015310891718e+02
-9.173357209501733678e+01
-8.586923402153438190e+01
-1.028814097150732891e+02
-1.044029746216726267e+02
-1.007629798129833034e+02
-8.064184417744105815e+01
-9.575536898159963073e+01
-8.839306615668793654e+01
-9.018646748473126706e+01
-1.002663322141613236e+02
-2.280152224317506807e+03
-9.157197388857476028e+01
-8.600804181847334462e+01
-9.258983883137398152e+01
-9.165628939599986325e+01
-1.171191681088221799e+02
-9.210500044698478916e+01
-1.215102026082579272e+02
-9.279280505204825147e+01
-9.500121857733790875e+01
-1.141959714051839967e+02
-1.064084350399118506e+02
-8.616616054356556731e+01
-8.477832877945282064e+01
-1.076298999372375960e+02
-1.091215276425812704e+02
-9.431929337547896353e+01
-9.796263728295862450e+01
-1.229684793283751816e+02
-1.034974511476946049e+02
-9.690269458848106865e+01
-9.212356689967931800e+01
-9.188358190120797531e+01
-1.117276363524997720e+02
-9.144368251143966120e+01
-8.350974984553251090e+01
-8.947899928045576701e+01
-9.783632658847027130e+01
-9.640785579129719451e+01
-9.856198747821332518e+01
-8.795454767143611718e+01
-8.749704115291913809e+01
-1.494017351253256152e+02
-9.160125291733216102e+01
-9.735334605514529471e+01
-1.032321365716618828e+02
-9.321367528201339780e+01
-9.541727202880484526e+01
-9.590679492302254516e+01
-8.928918377537965512e+01
-9.437165413102306388e+01
-8.652093063418097074e+01
-9.150427550430742940e+01
-8.508090382638127380e+01
-9.222726985971098657e+01
-9.572900586318577609e+01
-9.433456354328210125e+01
-9.271705919920333372e+01
-8.654394750993785124e+01
-9.177745670555192703e+01
-1.038137173806937739e+02
-8.927212638219185692e+01
-1.077758404199217637e+02
-9.491391249502338212e+01
-1.086190163580453003e+02
-9.332533382812101763e+01
-1.108116235867852168e+02
-1.033439788509239179e+02
-9.113845662596946795e+01
-8.834927664116555945e+01
-9.925276115278842326e+01
-9.739678035336072526e+01
-1.194427547965151177e+02
-1.103357941445124055e+02
-9.607408719493020044e+01
-9.117875270303990476e+01
-9.765942695298207354e+01
-1.056463797878121085e+02
-1.135882845909142986e+02
-9.427506652952207844e+01
-9.253335257872790010e+01
-9.703402687691425399e+01
-9.500812584650186920e+01
-8.730807045999050331e+01
-9.453996929932203841e+01
-1.094617962578958412e+02
-1.242294488102202621e+02
-1.084430178888521112e+02
-7.995483547381360268e+01
-8.389264812782514014e+01
-9.306392292853668380e+01
-8.776647527477899757e+01
-1.404335273678560156e+02
-8.976839791859038087e+01
-8.886482271535530231e+01
-1.075762032384469791e+02
-8.438960136412295299e+01
-9.446674119958844074e+01
-1.035110850296780001e+02
-8.408700182778807175e+01
-9.941814680712386121e+01
-9.555490390186675143e+01
-1.011343943120029962e+02
-9.155104045781926914e+01
-9.279751509841625534e+01
-1.032537767795083994e+02
-1.135588017048242335e+02
-9.989558626258616414e+01
-9.693032876257723274e+01
-9.609402882680973335e+01
-1.148748854454158703e+02
-1.022887538756521764e+02
-1.486813489486087576e+02
-1.329124157694269002e+02
-1.066054849974464389e+02
-9.494602624385018430e+01
-8.551424113004227934e+01
-8.756350622438415598e+01
-1.106686402591052030e+02
-1.095229955232849903e+02
-8.561407622671531215e+01
-1.059328486878874571e+02
-9.709297300167376932e+01
-8.839662299676606949e+01
-9.806703669133953838e+01
-8.806199418080593944e+01
-1.136985616765729930e+02
-1.198450866820233358e+02
-9.659919416505209711e+01
-1.313564943275229666e+02
-1.345162403926421746e+02
-1.183732791933643256e+02
-1.064593164425662906e+02
-9.048332509866085616e+01
-9.315760986501845764e+01
-9.023956426573899137e+01
-8.202654936803456565e+01
-8.943205773354151233e+01
-9.811088805879776942e+01
-9.761493791489466787e+01
-1.305330254488460753e+02
-1.063117506173241935e+02
-8.724525865133254854e+01
-9.921599048218935479e+01
-1.022409025878644968e+02
-9.328075581136468486e+01
-1.124123199548194947e+02
-1.225499585849486266e+02
-1.102848018104813974e+02
-1.268002417623201552e+02
-1.153530607386660023e+02
-9.449246877824826640e+01
-9.497035697852014380e+01
-8.147091764380833467e+01
-9.212913234249627692e+01
-8.629164246374958225e+01
-9.298509447828790542e+01
-1.184472209016217619e+02
-9.593927518954066613e+01
-9.892045660366555637e+01
-1.001239518219931028e+02
-1.066012183987824216e+02
-9.136408902958952183e+01
-1.121097055678756789e+02
-1.061704104638465651e+02
-9.429127929235100680e+01
-9.588589899241769388e+01
-9.111272851327647970e+01
-1.043174444743648053e+02
-8.486434346949397423e+01
-8.923477902238511206e+01
-8.650563261048522179e+01
-8.891750522113517263e+01
-9.802589551398764911e+01
-8.988210748295760766e+01
-9.124651291472848413e+01
-1.000377687848644257e+02
-1.170789054707506267e+02
-1.126421144461517372e+02
-9.500315149324509889e+01
-8.808354690132443920e+01
-8.770300462795627539e+01
-9.524227331269288754e+01
-1.138959531976703943e+02
-1.272419434099276572e+02
-1.020431265646896861e+02
-9.055367307054028458e+01
-1.123706975435928115e+02
-8.925415893415960511e+01
-1.036092580732238275e+02
-1.035530144587147845e+02
-8.308217724953532013e+01
-9.560760270004180938e+01
-9.827154104687808456e+01
-9.715110041690229536e+01
-1.004168411869553665e+02
-1.176115369757573603e+02
-8.899330159082624903e+01
-8.857495065273354840e+01
-1.097810705886960818e+02
-9.366588955101840952e+01
-1.110393770911991709e+02
-9.495541605664141116e+01
-9.925950851602151204e+01
-1.007242683250438375e+02
-1.201479838285051187e+02
-9.372753716012253733e+01
-8.671963160066883347e+01
-8.945629070673764716e+01
-9.589167434937826329e+01
-8.390151430297846957e+01
-1.115073728704275311e+02
-1.021038776845749965e+02
-1.068335240955298673e+02
-8.810494239116940207e+01
-1.019798408546108988e+02
-1.125796843266417682e+02
-1.047427496266212614e+02
-1.057530512703062726e+02
-9.331005835851044594e+01
-1.128501587948969274e+02
-1.299857306107876127e+02
-9.257968239365388285e+01
-9.541009689589913023e+01
-9.022074307130080228e+01
-1.084158339340504824e+02
-9.108602948672574939e+01
-9.845101435392673750e+01
-9.764599007100092365e+01
-1.050436855951512314e+02
-9.525358493768752055e+01
-1.148915439479248022e+02
-1.323295236385515921e+02
-8.978907973171844503e+01
-9.034257550471296838e+01
-1.128856895948477757e+02
-1.198465534657735105e+02
-9.607683845390201327e+01
-9.189568904959561735e+01
-1.132204323134753849e+02
-1.088782838333815306e+02
-8.537821746261226963e+01
-1.270652049539545771e+02
-9.039219269923626143e+01
-1.170197416910099264e+02
-1.013973076003388769e+02
-1.188028702937751859e+02
-1.027922898258391768e+02
-1.011458476263710935e+02
-9.960162420787089843e+01
-9.927229131511819560e+01
-8.882908383182552825e+01
-9.503339538802946151e+01
-1.028215294382108738e+02
-9.022753128175152426e+01
-1.098507966269013281e+02
-9.440591650311631611e+01
-9.945663014560430781e+01
-1.227430227288300699e+02
-9.102623876076428644e+01
-8.384146425838170558e+01
-1.120408397772910405e+02
-1.280347114558780390e+02
-1.026992218612896011e+02
