5.637018247279276251e-01
3.958492762628016859e+00
6.857490227466793709e-01
5.110541775498534944e-01
2.670364254013255501e+00
9.092032198646140539e-01
2.518560822387206910e-01
1.523925632429137922e+00
1.644713997368031144e+00
1.296814991101104431e+00
2.146459463421785507e+00
6.647463321509821110e-01
6.943169063117577977e-01
3.101325908739573034e+00
1.839782108159712326e+00
7.738257807598265536e-01
2.074048680150839097e+00
1.609467455621301113e+00
1.706032386979095206e+00
1.595015576323987494e+00
1.694370250110043052e+00
3.150819672131148330e+00
6.695629759286329197e+00
6.760125700624911360e+00
5.468303052691485533e+00
8.409743703178305108e-01
4.161248374512352299e+00
2.735938666102537553e+00
8.560975609756100724e+00
4.026802378508323343e+00
3.373106268134512309e+00
3.636534397745950553e+00
4.267572356763142949e+00
2.184539208683754730e+00
3.008444385802876653e+00
5.149142103946279470e+00
2.253333333333332966e+00
2.991039308365294858e+00
1.031557404106423492e+00
4.503017580687483701e+00
1.129192184310294778e+00
3.248873066635478146e+00
3.537616498714709401e+00
7.578947368421051767e-01
4.020044543429839301e+00
4.323183298982780087e+00
1.113283496262219563e+00
4.842026825633382714e+00
1.664317943417582324e+00
1.939945066424782594e+00
1.395535467207821512e+00
3.587913733313061293e+00
5.077718173492082876e+00
5.652554744525548180e+00
1.308144103619337528e+00
4.278000596759195417e+00
4.551396719431003213e+00
1.633587495234463205e+01
2.770831460911918676e+00
1.464800887683393338e+00
6.877886470521948903e-01
8.210607301705969974e+00
1.809897879025922807e+00
1.767229232994871113e+00
4.889180558109543107e+00
2.081681590669487658e+00
3.044775506813811816e+00
4.776085627133618949e+00
2.848101265822783112e+00
1.289760201390166783e+00
1.533036245075588111e+00
2.566847651659192930e+00
6.006102877070620849e+00
6.035414963536679167e+00
5.640294172756230573e+00
3.699300699300696493e+00
1.216793340571841853e+00
3.346265560165973341e+01
2.281444953406046583e+00
4.171010807374443630e+00
6.332591432850666280e+00
2.717388156942231792e+00
4.490084193476831409e+00
9.891526105699147919e+00
1.461507199591153938e+00
3.900795583698652536e+00
1.301112009058452923e+00
1.280348658860498645e+00
5.816497728067110629e+00
1.811712030163779907e+00
2.618396337155293629e+00
3.983219529769704614e+00
2.357209592027404987e+00
1.114164538353819012e+00
4.136032711678467422e+00
2.587142326272760418e+00
2.283783783783783772e+00
6.075491665931740393e-01
3.058504930764907925e+00
2.318133754254779189e-01
1.685225778167470434e+00
1.554092574996606801e+00
1.290171004715635339e-01
2.371166494743181641e+00
1.544556972753082791e-01
1.672125503308621752e+00
3.431282170137123444e+00
2.300821002430336382e+00
4.972587782311364002e+00
1.142561384762466048e+00
2.021439962199516049e+00
2.236151493591756356e+00
1.065251031219693667e+00
1.580645161290322509e+00
1.206282722513089212e+00
1.489406756907442952e+00
7.703507670214035929e-01
3.928218817874417734e+00
1.359959390862944151e+00
1.435447531917799058e+00
1.322367763223677883e+00
1.187610978641367998e+00
1.572472038347409118e+00
4.090909090909089940e+00
3.858353105804451566e+00
1.208971368140021596e+00
2.561779013203614230e+00
1.622535211267606137e+00
2.543456994506734237e+00
2.200115305446716629e+00
1.134301270417422680e+00
1.022763666842529062e+00
4.639360304948798586e+00
1.889825016202202557e+00
9.055240378684569214e-01
2.634881949733435036e+00
1.579439252336448885e+00
1.613626176602420248e+00
3.537162124160349030e+00
1.642012427340147962e+00
1.144118630629779032e+00
2.134711328229967897e+00
3.390590949878220961e+00
1.216267578867351151e+00
2.638117509500146785e+00
2.325494865307337733e+00
1.375821570951406336e+00
3.220518602029311950e+00
2.480620541726942019e+00
1.595405232929164363e+00
2.267026843116716872e+00
1.882691832823965239e+00
2.627448962112398867e+00
1.546552881388435718e+00
1.783779996726287953e+00
4.823588185777015092e+00
2.171266703956187261e+00
4.656794666933946836e+00
3.931254429482634816e+00
2.777824152712752959e+00
7.201102821926692599e+00
8.741216795201374623e+00
3.496536871595046225e+00
1.965507175869618317e+00
6.184092844974446557e+00
3.595588270176435675e+00
1.555435660138012821e+00
1.840010683760684218e+00
7.540466540574621845e+00
9.582636520823016868e-01
3.489928267335393297e+00
3.642061690852977485e+00
6.154624765026269761e-01
1.289552238805970319e+01
4.391960301404564504e+00
1.151999999999999602e+01
1.764300034838485409e+00
2.936406478233844819e+00
3.380493145048061088e+00
8.132283165686086335e+00
7.045264040234704428e-01
2.524012394458888808e-01
3.912986025741929108e-01
1.230769230769230616e+00
3.474075492895894346e+00
5.599699021820917721e+00
9.074462930059765675e-01
2.872998487209826646e+00
1.688892166986281085e+00
5.690580485084341333e+00
1.532155409898357190e+00
1.012268893243588597e+00
4.268118943096164131e+00
1.883721065174108533e+00
9.101943567708629113e-01
2.321301891739729228e+00
3.234125973350887584e+00
2.363070113953869900e+00
1.263121063680895384e+00
2.177488303129544445e+00
4.695658101015610097e-01
2.864406779661016866e+00
9.111592632719390794e-01
4.146685983339370551e+00
1.347367310330273460e+00
5.455115130141952040e-01
3.358208955223878078e+00
6.690325603185759640e+00
1.947869237828304012e+00
4.000556859196998438e+00
1.952527356924573576e+00
4.508398287408057925e+00
5.221484465315524570e-01
1.297256857855361822e+00
1.571962616822429881e+00
1.306928127159640241e+00
1.284103535560312315e+00
1.613265333244253030e+00
2.319949811794227656e+00
1.531645569620252667e+00
3.717498243148279702e+00
3.168192721528949374e+00
3.483618376926729709e+00
4.955338514410918549e+00
2.551194418714276768e+00
3.193659222239574547e+00
9.477191191194205278e-01
2.964122405909250801e+00
1.900359206621895281e+00
2.189494847951746870e+00
5.191126279863479631e+00
1.664966097357523100e+00
1.335186656076251532e+00
1.656584498493839375e+00
6.090475917102015080e-01
1.761156740626577344e+00
2.051007218411967425e+00
3.546425914654762757e+00
1.461250489000395003e+00
2.789103690685412307e+00
1.538461538461538547e+00
1.289923212262448660e+00
1.064735945485519641e+00
1.970963203001747654e+00
1.463700234192037097e+00
1.021157681029640996e+00
1.781546002517056859e+00
1.915717539863326158e+00
6.165157750342937781e+00
2.100760212191703502e+00
9.223498323000303145e-01
1.309231762427372603e+00
2.630437839864991911e+00
3.622308586990440893e-01
1.209735146743020628e+00
1.219238476953907746e+00
1.082598235765837691e+00
2.004913540583955101e+00
2.076910595489210198e+00
9.220367888902419873e-01
2.565289239875085947e+00
9.899625036054223726e-01
2.094011714045875827e+00
2.961237688537501911e-01
1.908047380632555301e+00
4.956252481143311073e+00
2.665611088163752473e+00
1.347342352025894030e+00
2.388915206063476404e+00
1.487555628811603192e+00
2.295964125560538083e+00
1.820883346929262459e+00
4.679820107355288528e+00
2.324534986713906015e+00
1.868610150199549791e+00
2.402671656531004896e+00
1.865123356156939582e+00
3.205229628655781760e+00
1.461095100864553631e+00
2.757243816254416835e+00
1.418719211822660142e+00
1.026511134676564074e+00
3.441146982153600486e+00
1.359059169423006086e+00
1.755309082742647853e+00
3.991253644314868065e+00
1.531837519668978409e+00
1.066857962697274287e+00
2.921011058451815856e+00
2.620423467137185547e+00
1.719703977798334948e+00
7.799975239843195407e-01
2.133333333333333304e+00
8.179974745265643499e-01
1.062730627306272879e+00
5.029253929300123716e+00
2.498455323402918093e+00
2.376095671672215914e+00
4.524624481251606767e+00
1.914548268464852487e+00
1.853525762754779205e+00
1.532924580030905926e+00
4.979298215109878356e+00
7.914219352364172622e+00
3.305994527208158562e+00
5.129788897576232465e+00
3.008749040675363862e+00
1.974923009238890304e+00
3.558139534883721922e+00
9.792664386164956269e+00
3.109162875004624293e+00
3.649608558050008167e+00
6.048802914290350330e+00
4.479454203262232426e+00
1.221095916610883014e+00
1.864516129032257385e+00
3.600776561948464405e+00
5.092689878176850371e+00
2.821856496703458728e+00
9.825581395348834235e+00
1.154684591102080660e+00
4.573253895960018411e+00
1.665552449507687438e+00
9.574917966115854551e-01
2.703438645487869163e+00
3.432070394780383449e+00
1.327920774412276961e+00
4.245251239824085587e+00
7.617034157254739313e+00
1.359059169423005420e+00
3.651805151122908821e+00
5.863192182410422504e+00
1.502344971339239166e+00
5.956573610116919326e+00
7.027886710239656054e+00
2.034349298500242043e+00
3.488689868389068582e+00
4.957853751835788358e+00
2.692299258582248278e+00
6.352679218435026698e+00
3.566610414680036811e+00
1.214294868290979323e+00
6.100959081389778049e+00
3.823473252736989902e+00
1.719298245614034881e+00
1.859785782373579055e+00
4.850579672958146737e+00
3.660435335188789718e+00
3.608910891089110784e+00
1.986937590711176149e+00
7.113204416918549100e+00
2.741615932308326009e+00
5.696639418710263136e+00
3.382645542941097094e+00
8.243902439024386908e+00
4.994541070589612275e+00
1.609523809523808913e+00
1.160333846297457727e+00
4.189409368635438113e+00
2.510940129838903356e+00
2.871169115373627179e+00
1.036117744305658128e+01
4.108981979265013962e+00
3.321898636174140051e+00
3.573095151294201521e+00
7.865268885163913204e+00
7.169937950163625118e+00
3.392649036306589316e+00
2.140382880287470257e+00
1.906604264892748812e+00
4.294452074652224560e+00
9.945103248926776551e-01
2.228005133323826215e+00
4.303947681736143838e-01
9.526202258596626393e+00
2.305915672964411467e+00
3.487232169063692488e+00
8.672131147540980578e+00
4.257624918883840870e+00
1.549349655700076100e+00
1.339930995921024603e+00
5.166215904370702994e+00
2.887620910770567928e+00
6.678884355561502950e+00
2.848024445900631196e+00
8.218513239816967797e+00
2.727529904664974580e+00
2.349514563106795961e+00
4.274601177202427493e+00
1.530830489192264166e+00
3.546391752577318535e+00
1.307692307692307709e+00
2.225837445826067906e+00
1.912228491948476661e+00
3.097244773140371610e+00
1.564090698750578434e-01
5.067184897279290112e+00
2.783187871709901007e+00
1.056521739130435478e+01
2.007091118417156927e+00
2.749919048769505547e+00
5.787900799003838692e+00
3.308653473030656933e+00
2.065593712607426635e+00
4.364002686366691641e+00
4.519341328820257075e+00
2.345610319174780578e+00
3.357096235062644318e+00
2.220539152759950063e+00
4.496392832208516488e+00
2.483204134366925331e+00
7.002742800149604818e+00
3.547069093967979647e+00
5.761484795165842776e+00
2.108131973625421374e+00
2.724033102516466798e+00
2.910458780736849160e+00
1.319588732997750702e+00
2.389200812328276413e+00
1.018403454709347322e+01
6.582089552238806540e+00
3.693189786097736071e+00
2.796231410106672755e+00
1.511189196727803052e+00
3.211901763224180861e+00
2.899787067589900680e+00
3.808275294656025434e+00
9.025095703955761550e+00
4.115732899116031795e+00
4.217652325030282867e+00
2.777777777777777679e+00
2.325581395348837344e+00
3.130434782608695343e+00
2.689958275236070229e+00
3.492430849945615368e+00
5.907077610567130321e+00
4.505005561735260677e+00
3.063470002316423635e+00
6.281087801218567357e+00
3.999099320396299451e+00
5.953069015875390058e+00
3.778288868445263127e+00
2.998588611066500320e+00
3.769548677083745858e+00
2.638395251047739976e+00
2.918215237260127104e+00
1.525906518560214975e+00
4.083333333333332149e+00
4.762305401813541117e+00
1.498783962195864961e+00
3.907589055240058951e+00
3.637692313024565749e+00
5.283911581100603883e+00
5.107745390786535111e+00
3.142739500411751319e+00
1.806173757049450268e+00
3.065427465643804528e+00
1.177405571697146547e+00
2.560373903825768238e+00
4.847807094181374232e+00
1.822554831017467070e+00
1.887773849366273904e+00
2.568008625137943923e+00
2.339540548082402527e+00
1.111111111111111249e+01
7.683585673314215825e+00
1.457520716603889266e+00
3.820014194464157242e+00
2.250778816199375498e+01
1.089224572004028246e+01
1.750108451369661422e+00
3.316062176165804232e+00
4.540381637268817272e+00
1.126288474014272456e+00
2.859008835958509742e+00
1.882066852577316984e+00
1.909116815068819806e+00
1.600442252083688288e+00
7.060052219321146794e+00
4.548879131037673496e+00
3.828567158362996992e+00
6.960526315789472562e+00
1.997985726453616273e+00
1.317545977777858113e+01
4.623489932885909148e+00
3.178473000668853299e+00
7.668732927554904322e-01
3.758319694489911100e+00
2.230769230769231282e+00
4.784977908689247883e+00
1.011650121652070311e+01
2.709360687177186033e+00
1.770397823124356895e+00
1.657244858820405176e+00
3.303744724677995404e+00
1.588526011343104782e+00
1.201319301379177240e+01
2.514631836292012590e+00
4.032331799281745788e+00
3.711444828148297681e+00
4.823780315980538802e+00
1.622980542588137398e+00
3.658536585365853355e+00
1.766693240703832757e+01
6.662056360313171055e+00
5.391619683248786821e+00
6.209555922528085858e+00
1.846153846153846034e+00
9.473316635281642917e+00
2.544145358664564593e+00
4.045951859956236518e+00
3.331234256926956760e+01
2.440733007636932239e+00
7.169855919732464500e+00
8.944948914971689646e+00
4.671889449740874944e+00
1.937529337610380598e+00
2.238230712278019841e+00
3.532786898050622515e+00
4.275494672754946102e+00
2.588776503409857543e-01
2.880737972322950480e+00
1.106703315660430675e+00
4.680164102124254377e+00
1.033995707374942175e+00
3.736304996630403163e+00
1.879041523059248764e+00
1.164107778427167172e+00
5.761024182076813993e+00
3.339238786899844769e+00
1.673244341265235358e+00
1.622535211267605915e+00
5.954062596279785069e+00
2.457379902401920724e+00
2.750642494964229634e+00
4.892576327346358944e+00
2.218830828765945284e+00
4.600837821663676053e+00
6.156306578153288633e+00
1.862981479000366480e+00
2.135347219139127617e+00
2.075034106412005031e+00
8.801228224088228913e+00
2.733554188357785186e+00
3.766536964980542912e+00
2.187462524749927972e+00
2.270367141470235772e+00
3.467088841069782212e+00
2.123999438281140240e+00
3.175824175824175200e+00
3.701419251576354874e+00
3.851899274434485765e+00
1.494360086767897577e+01
2.235264356185175494e+00
5.360274168213625678e+00
4.571428571428571175e+00
1.555055413469735903e+01
3.827007080026377572e+00
1.007653319817535831e+01
3.099973782110693410e+00
3.649328379537011724e+00
4.143078889702944245e+00
4.351345738966862164e+00
2.031388417301062344e+00
2.731387795267306906e+00
2.783433906240815325e+00
9.113986444855205704e+00
6.810882991153395238e+00
5.399999999999999467e+00
2.899859142436301163e+00
2.575411436824974754e+00
4.095539546176634182e+00
9.060991316631350045e+00
3.355796940811349049e+00
6.125000000000001776e+00
2.865001283257764264e+00
1.076046948576300011e+01
2.026281412244026026e+00
1.600000000000000355e+01
3.629650986555761349e+00
1.866234679241377759e+00
2.174483320054953595e+00
9.785228901907966348e-01
3.572292319893489942e+00
2.978473691954230951e+00
3.325259515570935687e+00
2.679371877230550147e+00
1.329713227566188039e+00
7.753154296985705685e+00
6.403820439350524474e+00
5.759450764787824362e+00
5.574552583953346740e+00
2.472058823529638175e+03
5.322090801094984336e+00
1.622799074353556970e+00
2.385056132668747608e+00
4.967712016694683541e+00
1.409667886161033223e+00
8.007659574468089403e+00
5.283397634162612100e+00
4.124396121558481454e+00
2.086928874094209352e+00
5.018135794172753350e+00
1.189486429762148356e+00
4.118644067796611630e+00
8.550029728094665771e-01
2.027225130890052629e+00
5.818246193792044885e+00
4.974830234130842577e+00
7.911482315046149516e+00
6.590144495781743217e+00
2.718483882375530847e+00
3.533318956221694229e+00
3.389692532832272676e+00
2.390803944576501472e+00
1.916476825843411058e+00
1.423529411764704200e+01
4.710018696642240599e+00
1.207641364011297735e+00
1.777907656341321196e+00
2.355267125744531675e+00
7.734397677793904968e+00
4.692425693212090465e+00
3.419253159165128064e+00
2.951027281913101596e+00
6.516882813412783193e+00
1.167435571792443127e+01
1.665352778872684292e+00
2.562353119551209257e+00
6.140969947155901387e+00
2.246108705065039679e+00
2.213577273587417960e+00
2.317566702241194765e+00
1.191538671241355152e+00
2.711547685039761291e+00
2.782036623300540690e+00
1.695602788804966510e+00
1.543413323678026217e+01
5.816748622792027312e+00
4.344659053526950032e+00
7.133295758771314610e+00
4.521367521367517739e+00
6.653281639435056682e+00
5.944315046404128111e+00
4.254308438143807436e+00
1.000472813238771685e+01
2.629337407967599738e+00
5.017910447761193105e+00
4.794416607015034693e+00
2.848101265822784001e+00
4.995865219573359717e+00
6.391157034412300320e+00
1.578947368421052655e+00
1.585844524456562876e+00
2.310207991746338507e+00
4.122955010224949035e+00
3.539038766812555803e+00
9.476061808663342134e+00
7.530753231121680713e+00
4.195132126510295656e+00
4.268115983635081712e+00
5.082517663836129351e+00
6.746501084171102391e+00
1.562327416173569716e+01
5.307871267933310655e+00
1.038003838771593124e+01
4.716844039501213892e+00
1.493362831858406681e+00
2.344617092119865909e+00
1.504143646408839352e+00
2.031746031746031633e+00
3.620111731843576486e+00
1.254698639014906192e+00
3.881995846424197261e+00
5.042961151558938759e+00
1.944710778462431344e+00
1.555233580038706442e+01
4.150456386263642550e+00
3.092617856601485471e+00
4.069626442401721889e+00
6.973677810169555791e+00
1.269508547254728947e+00
2.910269930795047255e+00
6.216064593692478546e+00
6.269788644840446068e+00
6.405037440435674689e+00
3.305573770491804009e+00
3.380211729018646860e+00
3.164766162656351245e+00
2.272056682519655979e+00
3.737721867629310690e+00
3.740436959862011079e+00
7.094792847127519231e+00
5.332913286603136349e+00
1.397760210803688885e+01
7.409026034745803457e+00
2.691977357660794823e+00
1.045161290322581138e+01
4.255865951699130179e+00
1.816891412349184165e+00
5.086653000166215577e+00
2.832402234636871796e+00
2.184115523465703479e+00
1.972405929304447358e+00
2.856818158939002039e+00
8.667639931058965796e-01
1.692677565599671086e+00
1.645405431568403243e+00
4.599153928784273759e+00
4.420366119912669589e+00
2.010875475802065271e+00
1.498703543647364134e+00
8.341276595744677280e+00
2.167488562771077376e+00
6.219717987851750785e+00
2.351876497205216854e+00
6.691008270279782622e+00
2.080924855491332792e+01
3.015862524785196008e+00
1.579057907626897572e+00
2.098360655737704139e+00
3.880593919917855850e+00
1.525180887400910068e+00
8.746734501263713213e+00
7.056040081647802609e+00
3.717099064802867669e+00
4.005688551789522656e+00
7.685071773435725895e+00
1.570586501620985231e+00
1.689677378459018886e+00
1.342465753424657349e+00
1.131941987973116515e+00
5.825977971593904847e+00
6.420680384655152118e+00
2.470963624760690092e+00
2.749610271376071946e+00
2.726760563380282498e+00
1.574201104232892945e+00
2.997668722503687544e+00
4.007551914780741242e+00
6.107235360726788187e+00
4.476820212419750256e+00
1.118951115036214894e+01
4.011404082225612733e+00
4.677828633010998161e+00
2.729449969555511224e+00
8.336892933420001484e-01
2.106324049853824487e+00
1.253917438921651417e+00
6.964532954006637411e+00
4.613227044582225211e+00
1.821938632134157521e+00
1.266419981498612346e+00
3.403556834156320932e+00
2.930450909933927317e+00
2.287398005439709170e+00
4.105885151372357988e+00
2.956465951791770852e+00
5.754417336881317846e-01
1.754385964912281048e+00
5.208308178274281275e+00
3.709252050907244858e+00
1.911176470588235032e+00
4.461565338923828783e+00
2.732045532942394939e+00
1.897515954979553054e+00
1.604867513913115440e+00
3.236871331112168182e+00
1.050679968865679825e+00
3.343604896580835817e+00
5.294117647058823373e+00
3.171617161716170585e+00
1.333333333333333481e+00
1.633333333333333304e+00
2.097290999126128153e+00
2.646098003629763884e+00
3.945679058518248183e+00
1.970634670034733471e+00
2.152759079376358020e+00
4.278494873433659862e+00
9.333333333333332149e+00
3.878610997846526853e+00
4.802960694231754424e+00
3.439720880300589201e+00
2.948847000076847635e+00
1.447889750215331395e+00
1.691729323308270194e+00
4.942035639473155939e+00
3.109227384495923729e+00
3.802776558869513934e+00
9.061506178710351245e-01
2.546533413098801546e+00
2.102427928842024674e+00
1.272491099778697343e+00
3.572574311264848923e+00
3.547813847101258578e+00
2.088825214899712623e+00
2.502138057422111928e+00
1.132922472629928512e+00
1.840167266813799385e+00
2.590246178975614821e+00
1.533394180178245580e+00
1.755732932491572029e+00
2.458025830258304012e+00
1.236948018409543604e+00
1.613333333333333064e+00
1.687625418060200611e+00
8.713361378185473516e-01
2.240143369175626731e+00
1.579408347484135833e+00
7.517639843392579513e-01
2.964161500075607414e+00
1.202474226804123303e+00
8.441954405987304177e-01
2.513207547169810763e+00
4.366409408305770512e+00
1.188912809472551180e+00
4.121951219512196118e+00
2.143930134202536308e+00
3.841505122127986560e+00
4.842865600947305005e+00
2.818861209964412584e+00
2.504869411198988871e+00
1.437025097858623202e+00
9.459242605994645503e-01
3.772507483306469567e+00
1.463894139886578571e+00
1.002645206959502211e+00
2.764135402560960575e+00
2.165569008077110169e+00
1.318071496153687905e+00
1.012368191548402407e+00
1.165802033616933020e+00
2.023427119676653341e+00
1.826583048157644384e+00
1.632667274506494903e-01
2.247191011235956104e+00
1.613205737547688812e-01
3.538949201752718210e+00
9.691322073383810132e-01
2.105534047933403652e-01
1.311776347609935056e-01
6.346934565504551706e-01
2.879829223808754168e+00
9.277218664226899447e-01
1.547964022104707071e+00
5.088450978347756060e-01
3.061224489795917325e-01
6.373991099042015662e-01
3.938115435087937044e+00
8.747539275400891823e-01
1.531914893617021267e+00
9.365072791249660078e-01
4.598386037346343658e-01
1.020710725711154176e-01
1.825482193502887540e-01
2.834293484094893567e-01
2.358972149826609188e-01
4.268013134254384222e-01
2.001962523352140699e-01
2.720719674066015559e-01
1.549819830396734488e-01
2.258942840794744278e-01
1.602782299837205715e-01
1.672070402964335456e-01
1.752039967022090694e-01
1.761031146689367166e-01
1.225161371978230468e-01
1.807074823888804582e+00
2.645137880986938939e+01
2.005650135163918879e+00
3.909991652242226667e+00
1.359773371104815887e+00
4.562233095328307009e+00
8.022222222222223920e+00
2.996692471656999146e+00
4.260869565217390686e+00
2.864406779661017310e+00
2.475991091813921852e+00
5.263157894736844256e+00
5.393510528132546611e+00
1.920596040008165195e+00
1.231061101661651280e+00
4.235294117647060652e+00
2.800000000000000266e+00
1.033791523482245189e+01
8.741216795201362189e+00
1.664761843633378202e+00
2.945454545454546214e+00
1.923650637880273795e+00
2.218620656539714187e+00
2.404574464269185974e+00
2.018528562481548327e+00
3.056955749493655006e+00
6.006102877070620849e+00
2.843649946638208359e+00
7.311392405063291022e+00
5.980066445182721679e+00
1.139534883720930036e+00
1.605836617985523684e+00
2.419930205506010346e+00
4.027951452739976901e+00
3.558093138934548261e+00
2.377361946382039903e+00
1.743265401733427700e+00
1.786221979223619138e+00
1.527161276685690128e+00
1.722919334186939544e+00
2.261427583991088675e+00
3.964757709251101492e+00
1.617298937784522828e+00
4.861682242990655212e+00
2.619520465003633447e+00
5.927945021623108879e+00
4.666666666666666075e+00
3.166694786569934639e+00
4.999178307313066227e+00
5.121212121212121104e+00
1.767955801104969993e+01
2.728153536598942441e+00
3.505213270142179205e+00
1.155625000000000391e+01
2.879999999999999449e+00
6.926333776343269300e+00
7.197026022304836346e+00
7.043073341094289397e+00
1.676172370088720243e+01
3.429024156554157265e+00
1.778757296741166671e+00
1.273751271350343606e+00
2.231769623780770928e+00
1.807744388972083449e+00
5.030864879902969378e+00
3.903175026133023806e+00
1.151863391229008471e+01
2.238578680203045845e+00
2.897493782195143641e+00
1.776965265082266043e+00
1.494360086767895801e+01
6.368421052631578760e+00
4.591836734693877098e+00
3.053403141361255013e+00
3.281553398058254523e+00
1.493679092382496298e+00
2.715919349984952547e+00
5.055436003971729875e+00
2.858776946766388605e+00
4.016822346949003197e+00
4.546552759794433740e+00
4.898148148148151471e+00
2.194750211685013053e+00
8.350975351580222750e+00
3.097365406643758590e+00
2.146151117417522958e+00
3.076539101497502759e+00
1.396547508029094997e+00
2.052870508863991361e+00
1.628352490421455689e+00
1.459928804319982509e+00
1.404667720628931971e+00
3.292114619528422104e+00
1.254581415583822857e+00
1.735713563264892567e+00
3.062499999999999556e+00
1.302250803858520634e+01
2.769027072183331217e+00
2.025000000000000355e+00
4.850746268656715543e+00
5.651113467656420752e+00
1.772051203714943401e+00
1.830504180390169600e+00
2.156456384151348438e+00
2.641682625441642340e+00
7.527209676295961422e-07
1.643702012865740247e+00
3.758319694489906659e+00
2.321262766945218825e+00
1.347404890541960221e+00
2.992692061752078470e+00
1.371474997992857769e+00
6.556296305787870260e+00
1.189098061253161642e+00
1.420289855072463858e+00
1.898559654933373642e+00
1.870466321243523744e+00
2.568795825131703570e+00
6.006102877070620849e+00
2.935132433442464883e+00
7.174407582938388650e+00
1.945710855118885307e+00
3.548523206751055703e+00
5.976557973376878330e+00
5.676801801801802050e+00
2.068775623048695778e+00
4.002041649652918309e+00
2.196740795406284530e+00
1.423118190728344334e+00
2.321597477666840881e+00
3.903225806451613877e+00
1.781485538311119665e+00
1.653325485579752785e+00
1.706051206950514931e+00
4.779154569385466012e+00
1.511690647482014205e+00
1.823988580184228159e+00
1.042568542568542433e+01
4.861682242990653435e+00
1.324304081887404783e+00
1.225704225352112431e+00
3.052448225988963593e+00
2.597681408329754582e+00
2.413428145787317014e+00
1.333333333333333259e+00
1.563311969513250466e+00
4.208307880268787216e+00
3.785011355034064273e+00
2.652018411310723245e+00
1.310077519379845290e+00
3.459459459459457431e+00
1.845414497396876463e+00
9.633333333333285964e+01
6.694214876033053763e+00
2.670525052574248548e+00
1.170636766860274847e+00
3.369426751592359714e+00
1.417470612079449843e+01
1.984074306797869447e+00
4.026451612903225730e+00
1.947646602036416708e+00
6.135093063109334999e+00
2.238136826783116096e+00
1.829752829752830046e+00
4.006575619625694529e+00
2.470407507129626090e+00
2.438273921200751371e+00
4.240127121852244940e+00
2.519725936567576596e+00
1.820800856119174194e+00
1.441278159832990680e+00
2.716460501030821817e+00
2.919700769981147470e+00
3.430319510537049865e+00
1.316401697795662740e+00
1.974412683102146016e+00
4.410195137578308611e+00
2.648863595753644606e+00
5.056179775280898347e+00
1.349999999999998757e+01
5.128016625935766015e+00
1.071783768682776739e+01
1.445659708850034919e+00
1.164516129032257474e+01
3.116803278688526468e+00
2.512820512820512775e+00
1.164516129032258007e+01
6.708509680324176827e+00
7.538461538461536549e+00
1.475598008137277706e+00
2.838532654563006297e+00
1.753623188405796673e+00
2.812807178828255150e+00
1.853525762754778761e+00
6.058171745152350240e+00
7.108471892319872865e+00
4.413793103448275801e+00
6.452824234774375611e+00
1.383119906868453164e+01
1.477198975234842226e+00
2.055086579039898442e+00
5.624168022481882190e+00
2.225836089071864698e+00
2.474484808879101827e+00
1.659993408265295178e+00
5.619554420320705290e+00
1.024590163934426279e+01
1.916220756689595461e+00
3.026622707603544793e+00
5.514186892282201491e+00
1.613224703633435730e+00
1.883537646884448469e+00
2.303537102618804955e+00
1.591909038477383076e+00
3.910714543188032355e+00
2.166605577590672294e+00
3.783457578984738667e+00
1.427173061863744152e+01
1.075700641066375862e+00
1.710403823599244033e+00
4.215540180947311200e+00
4.896147393415104077e+00
3.095100325883078707e+00
2.027027027027025419e+00
3.509800972063168434e+00
2.271318005669035411e+00
7.311392405063289246e+00
3.084275299234467749e+00
4.083333333333332149e+00
1.265398683247988432e+00
2.114205661319692453e+00
1.920307692307693870e+01
3.000765703445033683e+00
3.028422759045746648e+00
2.313418715933506231e+00
3.109045959794269898e+00
4.772128565521229326e+00
3.864158829676070273e+00
2.229122634490282806e+00
1.795031055900620620e+00
1.174171029668410426e+01
1.906302772603390316e+00
1.424287856071963398e+00
4.210986359254254907e+00
4.415538772152846292e+00
4.645030323674566475e+00
4.523349436392912537e+00
3.841897233201578388e+00
6.106870229007633100e+00
1.854241153871347469e+00
7.166666666666664298e+00
2.939826420365420301e+00
4.400262900285691003e+00
2.048031496062991952e+00
2.247826764653842790e+00
4.646787669259584419e+00
1.056480218281036976e+01
3.296809570063924610e+00
5.122273910353300153e+00
2.091366092748523808e+00
2.540332857850664983e+00
8.380630630630641065e+00
6.125000000000001776e+00
2.508205560262732003e+00
2.146788990825688970e+00
2.770549143057012387e+00
3.395268605224249558e+00
2.864406779661017310e+00
2.359892740854242721e+00
3.782534246575340653e+00
1.820766588091472737e+00
1.315716284682607151e+00
6.754116662015067440e+00
1.585664510933655791e+00
2.587656028429158539e+00
1.033791523482245012e+01
1.369276850663243561e+00
1.531195150722293841e+00
2.159183673469386999e+00
2.878517121109404275e+00
5.250069930069932056e+00
2.910606449502610715e+00
2.407073439535117210e+00
1.703607639707615418e+00
2.918725617685305807e+00
1.052788957143850235e+00
5.170671085335544426e+00
3.123386680433657858e+00
1.169395973154362167e+01
1.689509581032802910e+00
4.824876775877067203e+00
2.690712834528683040e+00
1.007502374169039427e+01
1.830504180390169156e+00
1.626016260162601368e+00
1.739159032745301703e+00
2.531345485196502487e+00
7.083556507766471277e+00
2.248818732532384512e+00
8.477063002058023988e-01
4.368254430847892777e+00
2.829723617446208372e+00
4.500000000000001776e+00
1.818881118881118653e+01
8.724480893386844516e-01
6.106870229007639317e+00
3.252181211848711673e+00
9.969829470922604742e+00
1.910052910052910446e+00
1.726317290329900223e+00
2.291283641553103045e+00
2.256201372997710841e+00
3.770492656061417591e+00
7.242990654205606837e+00
1.005814629608094091e+00
3.212963217977023334e+00
2.283018867924528461e+00
2.981876644256063802e+00
2.842001551736661469e+00
3.441479260436685284e+00
2.237184858063671289e+00
4.574137092853673536e+00
2.274506184234816430e+00
6.050359712230214626e+00
2.698694763327567081e+00
1.691672843980649432e+00
3.974723766113899881e+00
6.000402599643411605e+00
2.483024665675933385e+00
1.874730408420528960e+00
2.612264868979015109e+00
2.191136708382421361e+00
2.307224868026444664e+00
3.031549644293225043e+00
3.219189215956365313e+00
1.727306686589465290e+00
1.299999999999999645e+01
5.562706550926146853e+00
1.816576573400733308e+00
4.382109253781000469e+00
4.224676313785224124e+00
2.615062761506276701e+00
1.877041992197222120e+00
1.751423652496358230e+00
7.330627936779150922e+00
2.450723158968409532e+00
3.242911877394636377e+00
1.103695014662756879e+00
3.033613445378151141e+00
4.020044543429842854e+00
2.134359375471434284e+00
1.994743452100658176e+00
2.052798310454064357e+00
3.300257997844034286e+00
1.677822495234060796e+00
6.605108055009822898e+00
3.765427793864186690e+00
6.597635002454094177e+00
2.426463512429830605e+00
