-3.980984921164832713e+02
-8.150652434735083318e+01
-1.318030184758521841e+02
-1.665527026335585390e+02
-8.149941411031656457e+01
-8.036370733021297497e+01
-1.424747133999302093e+02
-8.679922043690064015e+01
-1.157829349469158871e+02
-7.618933669391815044e+01
-1.429290614542263143e+02
-1.395694592073790830e+02
-1.003983049966441143e+02
-8.464792957019109565e+01
-1.670167991327274137e+02
-8.322379619374369497e+01
-1.477979189029747999e+02
-8.068967742628217366e+01
-1.310267097262183995e+02
-1.032804587999890060e+02
-9.036697974628756924e+01
-7.619190367081982629e+01
-9.613162092368712308e+01
-9.187890982204642398e+01
-8.024696611493536125e+01
-8.696718986785155892e+01
-1.117944429574243088e+02
-8.478154811909995203e+01
-7.324817000960233315e+01
-7.740049581013505531e+01
-7.821128065873659807e+01
-1.664705667482306239e+02
-8.247243601141353508e+01
-8.667912789591387934e+01
-1.828678573780375984e+02
-1.568102920790359178e+02
-9.526897398767843583e+01
-1.103455876920755259e+02
-8.838060019027152237e+01
-1.491548705593117745e+02
-1.198085222122637674e+02
-1.004009221545521342e+02
-3.086704860102510679e+02
-1.088235850197547450e+02
-1.155167975881816744e+02
-2.228643228514280565e+02
-2.583832861043301818e+02
-2.260642743084233359e+02
-1.337676380510595493e+02
-8.224086385584911341e+01
-8.971559910178312691e+01
-8.394287581617494709e+01
-1.128360675985942265e+02
-1.516514865476795251e+02
-1.227030401973981952e+02
-8.650626398638254955e+01
-1.443071875870297731e+02
-8.875721345763561487e+01
-1.722273599070155683e+02
-2.013618881680039863e+02
-1.188240279178729395e+02
-1.340511667800245448e+02
-4.507393885885190912e+02
-9.199826760771253475e+01
-1.486197486271011030e+02
-2.617166130258630687e+02
-7.931310571201365178e+01
-1.630303654666984698e+02
-1.436320475179541063e+02
-7.629947297804802986e+01
-1.755417640756247408e+02
-2.414416743067692153e+02
-1.370622995960206367e+02
-2.473970327184589166e+02
-1.264044460995356189e+02
-1.265206481904756970e+02
-1.118354325982378725e+02
-1.631745248176054588e+02
-2.743867203894486124e+02
-1.193534716370742927e+02
-9.647377380364848420e+01
-1.383578379329680672e+02
-3.804299844255844505e+02
-1.312853696808532789e+02
-7.754470907898019050e+01
-7.687714178000595666e+01
-1.684885852366867027e+02
-1.992375635303096715e+02
-1.653507105026997976e+02
-1.139481504419345725e+02
-8.359885269200458424e+01
-1.536300822517659412e+02
-3.706517012804141586e+02
-8.513293549679985972e+01
-2.048523278028088441e+02
-1.053722094315172910e+02
-1.456191032900963194e+02
-1.104108639503776033e+02
-8.525116026116032231e+01
-3.192229421078039877e+02
-7.726865972666918481e+01
-1.520358282076087448e+02
-1.139518664976302631e+02
-7.692400643927763326e+01
-2.277290335457782930e+02
-1.037287188913741574e+02
-8.337277296195873078e+01
-8.761320263276650167e+01
-1.979716172379829118e+02
-9.792352084119251288e+01
-8.625491605132637574e+01
-2.689091629955347003e+02
-1.046958838864960910e+02
-1.402335212271338776e+02
-1.328798609850658750e+02
-1.156093297583286130e+02
-2.173319064312607338e+02
-7.804375327250343730e+01
-2.156542924699208186e+02
-8.286222472566838348e+01
-1.714212747317666583e+02
-1.765335237623204705e+02
-2.225339643910347718e+02
-3.633741853490901121e+02
-1.685077484792988400e+02
-9.452761298895943298e+01
-8.336663370080587754e+01
-7.727602889206197290e+01
-1.922304902017323798e+02
-8.250431392573003109e+01
-1.241270457591652416e+02
-8.221775092250672401e+01
-9.767937015477559726e+01
-1.505033734608282998e+02
-1.786351388588142868e+02
-1.129902768331161838e+02
-8.284367960032261635e+01
-1.163124797466745690e+02
-3.732097443011704172e+02
-2.824732243708215833e+02
-1.013967562589625686e+02
-1.486252012266536440e+02
-8.221203388476949669e+01
-1.302380778578811373e+02
-1.702836622708670973e+02
-1.338843079017598825e+02
-3.200103809741955843e+02
-9.157651535360675155e+01
-1.634339500049529477e+02
-7.492258502069199722e+01
-1.868379872802000818e+02
-8.288445729850697319e+01
-8.954225412268374384e+01
-1.410311939641056256e+02
-1.231338504250155097e+02
-1.131237619894888837e+02
-8.938176670978585037e+01
-1.194011191959605327e+02
-2.223388183776820028e+02
-9.459345676341854414e+01
-7.482380220522948377e+01
-8.966970121753143985e+01
-1.507945312749083655e+02
-8.265682344901983925e+01
-1.539846306026082345e+02
-2.274970341562150509e+02
-8.909407511657298073e+01
-1.064118343625610663e+02
-8.095273850470088917e+01
-9.191378056682060560e+01
-1.165787895772553071e+02
-8.154838473747481942e+01
-7.832510571485877904e+01
-8.511753776962810036e+01
-1.257409894421348042e+02
-9.498512132293930676e+01
-1.184286836037621811e+02
-7.953926292527036424e+01
-8.049605013768047002e+01
-1.007068453562226296e+02
-1.481629222100579568e+02
-8.285148171257176841e+01
-8.602263559911926905e+01
-1.063702261051913780e+02
-7.832141519143755204e+01
-1.645656209258825413e+02
-1.478229461306807195e+02
-1.002593200928827173e+02
-1.920348711088867901e+02
-8.843980763215870411e+01
-9.861815102658742660e+01
-1.338312531828244971e+02
-1.809985913342226524e+02
-9.544576838968535526e+01
-2.742435512588966731e+02
-7.825946856224199166e+01
-4.595227517505398396e+02
-4.010932144490595874e+02
-1.219884022707540794e+02
-1.156686847798653730e+02
-8.472279167943554512e+01
-8.661494227026570059e+01
-8.135803686452140937e+01
-1.234076418225670295e+02
-7.894764801468689086e+01
-1.634075578447192925e+02
-1.507753860780262016e+02
-2.054266721343032600e+02
-1.341932502806896537e+02
-1.142470712735638045e+02
-1.250416125921151576e+02
-9.996306164576438391e+01
-1.110194958559549718e+02
-9.103939918291558797e+01
-1.165707388327467413e+02
-2.039477481892883475e+02
-2.188216165538664768e+02
-1.531046983871026157e+02
-1.130907138978151352e+02
-9.198110069926278243e+01
-8.419376766617847352e+01
-8.273338748337386050e+01
-1.417862549859235912e+02
-2.142727099269818325e+02
-2.625718526054048994e+02
-3.034780283192020534e+02
-1.208363507377432740e+02
-2.205483867034073171e+02
-1.457607803730982141e+02
-2.755315492970328251e+02
-1.440197180571992988e+02
-1.038604867752546426e+02
-2.094624914180533324e+02
-1.710255958536928347e+02
-3.659068021370852648e+02
-1.960251973122105085e+02
-3.094179059033423300e+02
-8.409661149282452186e+01
-7.813042658687209041e+01
-1.992463149120394519e+02
-2.673032835808930940e+02
-2.644628878402762098e+02
-2.732874465424903860e+02
-2.308763160438295756e+02
-2.208002611937884865e+02
-2.148039462563386621e+02
-2.912744912613534325e+02
-2.080459373704127586e+02
-2.384445551124258316e+02
-2.312851427761492573e+02
-2.124410666731749302e+02
-2.300045358594765048e+02
-1.472990828499453642e+02
-2.934466665269407599e+02
-1.817480395184414022e+02
-1.676861009820115385e+02
-2.295619342023954061e+02
-4.317613309513851050e+02
-2.008838257176125524e+02
-1.924534922227220477e+02
-1.637019537994585505e+02
-1.792364894955545651e+02
-1.500714830978352552e+02
-1.900036078135155435e+02
-1.990959616319482564e+02
-2.045375170154038642e+02
-2.171719423038319974e+02
-1.972421853958237534e+02
-3.447691620987928331e+02
-1.833024343392967239e+02
-2.274589325401259714e+02
-2.843712098628859053e+02
-2.224561494300364188e+02
-2.531152509736483012e+02
-2.393106845092987953e+02
-3.049164892721943261e+02
-1.948313354304376617e+02
-2.717132345482202709e+02
-1.930289691141111348e+02
-1.666142556140326008e+02
-1.585984865746974322e+02
-2.462664986883503389e+02
-1.900684852208331108e+02
-1.341697611923245859e+02
-3.216776983893159354e+02
-2.239826477099881572e+02
-3.549222370248771767e+02
-2.570725398972593894e+02
-2.011583168960489445e+02
-2.106958326783589541e+02
-3.106418021517421835e+02
-4.397651934261204474e+02
-1.044560031265908719e+02
-2.963578193892168997e+02
-1.183500931668672678e+02
-1.850507102500853875e+02
-3.877005409307103037e+02
-2.553975719286669062e+02
-8.097110544704342772e+01
-2.700426973230560179e+02
-2.396182630759589642e+02
-4.242053529347397216e+02
-1.604446367302542171e+02
-4.484954218332999289e+02
-3.745345744134905885e+02
-2.154654487376825216e+02
-2.148871970526034829e+02
-2.121723191364879426e+02
-1.426127370614840117e+02
-8.481825616538186807e+01
-2.192764643660534318e+02
-2.872251090803233637e+02
-2.791539351273394800e+02
-2.165308158335052440e+02
-9.281012510284647021e+01
-2.308476320120450112e+02
-1.156050419089958439e+02
-1.252502401250138746e+02
-1.392160261334264248e+02
-1.325280761377326542e+02
-1.149735354399330447e+02
-1.364942325529684410e+02
-2.340348455034219057e+02
-2.091737332347949803e+02
-1.327461501479544665e+02
-1.544554606278599351e+02
-2.427048032227319823e+02
-1.128785384135985055e+02
-1.880085346472216941e+02
-2.476684805361179258e+02
-2.659361934283123219e+02
-1.580658829068686373e+02
-1.495557756447762188e+02
-1.210573181338332489e+02
-3.081339070591018299e+02
-7.538441893326185550e+01
-1.303066817453568547e+02
-9.926674207693744734e+01
-1.424731129065335438e+02
-2.603276414835064543e+02
-1.704495723900063524e+02
-1.703740196578054906e+02
-2.430263926617834613e+02
-2.763563926531636525e+02
-2.561175356685479869e+02
-1.570661265416758852e+02
-1.559483296411608819e+02
-1.273936089519329897e+02
-2.242747734475720449e+02
-1.725799214806947930e+02
-1.926584251591276029e+02
-2.209362457920392160e+02
-1.486570095521227870e+02
-7.685781503222558797e+01
-8.188892023536452314e+01
-2.402106936096709546e+02
-1.717636098208587896e+02
-2.109357761675202880e+02
-1.167191671284581105e+02
-8.353185078409478592e+01
-7.729510245491206888e+01
-1.290408267338324322e+02
-1.411775375669134576e+02
-9.520840101497769581e+01
-1.092985604452736794e+02
-8.423736558101505523e+01
-1.139293970365512507e+02
-7.904613917602476647e+01
-1.189974718919935128e+02
-1.295520773238858112e+02
-8.290339280221112972e+01
-1.101432105118464193e+02
-1.009341170117690751e+02
-1.286704785671013269e+02
-8.183192104642731124e+01
-8.045846198391936355e+01
-1.181048545381387953e+02
-2.167866242043720888e+02
-1.960627559387453971e+02
-1.314208469412645570e+02
-7.644314859986137378e+01
-1.853612506534911972e+02
-6.511877515846829567e+01
-9.363011939481482671e+01
-1.412827906426016682e+02
-1.102103258141144551e+02
-1.050276267975342535e+02
-8.535593995908774900e+01
-1.353085676204847232e+02
-2.499787430965555757e+02
-1.056121903384189551e+02
-1.031989739719006280e+02
-8.742057144363025145e+01
-1.333895803181569590e+02
-7.889237417127218066e+01
-8.226807326826887845e+01
-2.211457448638492451e+02
-1.798774697053856642e+02
-2.043258647998265189e+02
-2.151946525826188292e+02
-2.229747257510124712e+02
-2.187830759776342973e+02
-5.084356509666204715e+02
-7.113524986825387941e+02
-1.269001825545123978e+02
-1.651068407847686217e+02
-6.127355093419311061e+02
-1.750766160953801034e+02
-1.491295789226310262e+02
-2.250233227266265601e+02
-7.665058076717562585e+01
-2.490681373343311691e+02
-1.620971532736391794e+02
-2.312180610804973924e+02
-2.468765283535960009e+02
-1.880765463165558060e+02
-1.661292411240960405e+02
-2.298351113859189354e+02
-1.795418626948537053e+02
-3.169742008826324877e+02
-2.513361268848289569e+02
-1.932354592825506074e+02
-1.805542275892369162e+02
-3.462796200211519135e+02
-2.405560475410648849e+02
-3.749625241411516186e+02
-2.171270937198692934e+02
-1.303261983746183716e+02
-1.650355298828300477e+02
-2.124546393688209776e+02
-3.836605309752552557e+02
-3.010136140331031811e+02
-2.887519667925866997e+02
-3.125964186113050687e+02
-1.911568637067112491e+02
-3.149608415771976411e+02
-3.527094245066340363e+02
-3.362866081967111427e+02
-3.434734485078627131e+02
-3.966387910602682041e+02
-3.185821089630277356e+02
-2.695172655914907978e+02
-2.045933415117850132e+02
-3.206467258554108639e+02
-2.847249356115493129e+02
-3.803090727215518996e+02
-2.363938254830308381e+02
-1.401308889088529099e+02
-1.134614339598817594e+02
-1.025114919861934055e+02
-2.691957808357623776e+02
-2.867412446836616482e+02
-2.194307866332125911e+02
-3.474421182394774519e+02
-2.909147406236576785e+02
-2.069584592990899239e+02
-1.186263208363749158e+02
-1.718904303355550667e+02
-1.209760828472190468e+02
-2.999623501071531564e+02
-1.740154460123312674e+02
-2.316931052976446495e+02
-1.135987905539629281e+02
-1.828461004334196502e+02
-1.358588445860902709e+02
-8.493606317595353516e+01
-1.856042814835987542e+02
-1.343695692233934551e+02
-7.631257672288433014e+01
-1.187183582954391028e+02
-1.007585371236741025e+02
-8.114307209947264710e+01
-1.507529621376828572e+02
-1.324211777057886081e+02
-1.221153271350609941e+02
-1.452400772191546992e+02
-8.990572702366580415e+01
-1.111892284891186620e+02
-3.845041225899531696e+02
-1.191443037824418099e+02
-1.193038943326811392e+02
-1.144989847740181403e+02
-8.440831599371014704e+01
-8.650807194685698676e+01
-8.582036078531655221e+01
-9.686048885208835202e+01
-4.946361796944455591e+02
-1.036444482737550317e+02
-1.431815933788713835e+02
-1.413524480362744100e+02
-8.601678483043369283e+01
-8.240877783190492778e+01
-1.895564142007158068e+02
-9.379526334049302250e+01
-1.731760054169693319e+02
-8.919275616768152304e+01
-8.184825313781972511e+01
-2.058526082681185017e+02
-1.030643581771181374e+02
-1.221179011729312123e+02
-1.301885816148734420e+02
-1.041856004000590872e+02
-1.664665261719497948e+02
-1.182412773715626031e+02
-2.537523487966848563e+02
-2.065685439505618888e+02
-1.867757498818066324e+02
-1.523819667784026706e+02
-1.839996072220979499e+02
-1.806468560832527146e+02
-9.237114327391201130e+01
-1.417813177843032406e+02
-7.755811578914504878e+01
-8.167573832983754301e+01
-1.012035124504397317e+02
-2.930935110871769211e+02
-7.843582984995163088e+01
-1.000275511974783171e+02
-7.658714855743507144e+01
-1.152684267900695403e+02
-1.868090823850342872e+02
-3.987148625510375268e+02
-9.553305781838700739e+01
-9.722547013764911128e+01
-1.789931351733622762e+02
-1.015427305734682903e+02
-1.249263272935197762e+02
-2.593840752493803166e+02
-1.157895524806093732e+02
-2.188758992936105585e+02
-2.376763548750274708e+02
-1.645300234555461429e+02
-9.231480535338478433e+01
-8.006170826931641216e+01
-2.889609723957149754e+02
-2.387133709701124644e+02
-3.149991869662892441e+02
-3.355258268515366922e+02
-2.372247619677236230e+02
-7.723287469092082347e+01
-1.056068580734183371e+02
-1.100689848514044371e+02
-1.420773579772020412e+02
-1.325108022514409356e+02
-2.374800048280154385e+02
-1.023569041469695549e+02
-9.154992276793987571e+01
-1.721200735928387360e+02
-1.191389479224092725e+02
-1.459747956515404042e+02
-1.405126513114051647e+02
-1.424106233234322758e+02
-3.276846234880560473e+02
-2.974872804500552661e+02
-9.889327772630409186e+01
-8.879249448901028074e+01
-8.617643914872274991e+01
-1.189479936910367570e+02
-1.659853964403439477e+02
-1.217652849993490776e+02
-2.107669666283631216e+02
-3.082671512583393678e+02
-1.624254327321530695e+02
-2.232546580163480598e+02
-5.352393811209500427e+02
-1.054367392795607685e+02
-1.201807089552784618e+02
-1.539114537894149066e+02
-2.134472305785876642e+02
-1.378223723418734608e+02
-1.246833108318066508e+02
-2.612611487363985248e+02
-2.173818358764611105e+02
-9.189165010794852151e+01
-1.444370155111802205e+02
-1.312138959579339996e+02
-2.142476648068663962e+02
-1.387824547484574111e+02
-1.693250642762009193e+02
-2.478047302487099444e+02
-1.972656855241692995e+02
-3.737843329254895934e+02
-9.981214098475550145e+01
-8.499929282857462454e+01
-9.348758907796532469e+01
-9.310612631728312749e+01
-2.602620661194496847e+02
-2.619997937506395829e+02
-7.346469290652609629e+01
-8.948723023036643553e+01
-5.364194844526912220e+02
-4.142176921833427059e+02
-8.050685615020515229e+01
-1.089231191641537464e+02
-1.073104565418493763e+02
-2.032255930770245413e+02
-2.045941390025627129e+02
-1.211804171468339746e+02
-1.986644034182304495e+02
-1.276914250604513796e+02
-8.716520856695595398e+01
-8.747668683062262573e+01
-1.270536069359681335e+02
-2.247345300305199487e+02
-2.267569804131360911e+02
-4.081791165018991592e+02
-1.070875031079979323e+02
-1.152944513580074073e+02
-1.736786470899001529e+02
-2.384929776088272604e+02
-2.544526251575555307e+02
-1.249059294151366117e+02
-7.736016159547918392e+01
-1.289166327593424342e+02
-1.079331130939939527e+02
-7.840634114293925450e+01
-1.110492620127331804e+02
-8.029655175436039372e+01
-1.279268746233550473e+02
-2.001247067513687909e+02
-8.198712637691605210e+01
-1.096632445568968564e+02
-1.263261532245052052e+02
-1.139485568011826473e+02
-1.110102135276732582e+02
-8.429376025062516931e+01
-2.976413009347498360e+02
-3.097309789493030507e+02
-1.557781856716304958e+02
-4.431130667937852081e+02
-9.376492259907745108e+01
-1.172957817368707367e+02
-2.254504099746845043e+02
-1.009203983443924528e+02
-2.354839962363917323e+02
-1.984645811805883966e+02
-4.759252963347688024e+02
-4.564012729735894709e+02
-1.704152485202152150e+02
-1.868559977635315477e+02
-1.538522792291488486e+02
-1.742929256011204870e+02
-2.027744540688772474e+02
-1.482491051407190525e+02
-2.037750551922779323e+02
-2.257328394283173338e+02
-9.819665715852669052e+01
-8.347116234201371299e+01
-1.249465982080484707e+02
-7.683359806733824371e+01
-7.850748907009509026e+01
-4.342404686273614516e+02
-1.068178557123634533e+02
-1.631448155065109518e+02
-1.652193078121368330e+02
-1.231484723060673190e+02
-8.340013600052063225e+01
-2.547767145947392180e+02
-1.300839190931640132e+02
-1.292998808467782510e+02
-2.929924359856781280e+02
-8.110473517895474060e+01
-1.240125571244639389e+02
-3.831845207563422946e+02
-1.528751403659939001e+02
-2.212997895301027427e+02
-3.790608028777084542e+02
-2.318291410059297846e+02
-4.040160282963649365e+02
-6.427713591252813785e+02
-1.022302342288267596e+02
-2.563336342102688263e+02
-1.089521286121076145e+02
-2.225921292700851382e+02
-1.128931745685255805e+02
-1.065545188463219120e+02
-1.196036463348213204e+02
-7.648645444157035911e+01
-1.052347925808686853e+02
-2.101346274686991364e+02
-1.397286847706794504e+02
-1.130846980352974214e+02
-4.215431092011141914e+02
-1.505266166902377165e+02
-9.615970933064568271e+01
-1.495086139758549564e+02
-5.791332948066648214e+02
-1.481511642471524794e+02
-1.011126014972136460e+02
-9.110962397153583936e+01
-9.541714985083223155e+01
-9.269496856764152426e+01
-8.249034548519603049e+01
-7.706363820566490119e+01
-8.649635114834147487e+01
-1.559689812949377483e+02
-1.899184709742770281e+02
-1.065818183451563641e+02
-1.627279550298530069e+02
-7.505160174641103765e+01
-9.205903597322586052e+01
-1.271290858831333708e+02
-7.827968076374379791e+01
-2.420713393211823643e+02
-1.650512567107147106e+02
-9.281499773039665513e+01
-7.810210176816224248e+01
-1.323385436425044475e+02
-1.085327676169638522e+02
-2.561721345846785880e+02
-8.763906584453700077e+01
-1.372592686912413740e+02
-8.084853028674653785e+01
-9.090022931451855470e+01
-9.910034420825830637e+01
-1.824795619178525783e+02
-1.665917463650186505e+02
-1.860646369815323737e+02
-1.356932301719203622e+02
-1.793105345711180121e+02
-8.570793150468755073e+01
-1.040358902253849465e+02
-1.281409094337991803e+02
-8.194587250215185747e+01
-9.295749325666079699e+01
-1.300444757306206043e+02
-8.424221779630477158e+01
-8.848096037585065687e+01
-1.471740854628373825e+02
-7.399272505998148119e+01
-2.780339836868255361e+02
-7.954968278693647221e+01
-1.635954624304706044e+02
-9.715311916152404592e+01
-1.057936727546030653e+02
-1.316223286613249854e+02
-1.855026774373030207e+02
-9.481273596393744185e+01
-1.361251465705682620e+02
-8.068147514737063375e+01
-1.142857703083398917e+02
-1.403242770088390898e+02
-1.577430488105702011e+02
-8.168436632506475803e+01
-1.545350620896031728e+02
-1.575311027597850568e+02
-1.782777754354319484e+02
-1.310026988693646786e+02
-1.186921756496715687e+02
-1.058483837167782440e+02
-1.973949097470067215e+02
-2.070962271391955767e+02
-2.003305173683213525e+02
-7.865462058683418434e+01
-9.478760433539338237e+01
-8.782398056055208713e+01
-1.084188935497430606e+02
-1.122012390676240159e+02
-1.491186918024686179e+02
-1.551283577818240360e+02
-1.603238894042001732e+02
-1.277622284823942778e+02
-1.499425909415342346e+02
-1.329141127614300046e+02
-9.218891239923490843e+01
-2.214800693338638951e+02
-1.357920734146770485e+02
-9.755967720301519819e+01
-1.983985657586449349e+02
-1.129671741237428648e+02
-1.062743003813098568e+02
-1.287978614494170131e+02
-1.089214006475420433e+02
-1.346833036728568800e+02
-1.801665061405862787e+02
-8.874026212179498430e+01
-9.337795896631654102e+01
-8.897169982713187153e+01
-1.489535887276360313e+02
-7.529244353389964317e+01
-8.729654505738170656e+01
-8.285585927489118774e+01
-9.721618897838676787e+01
-1.655734666568297939e+02
-2.037623746684391222e+02
-8.289286873260604693e+01
-8.995737713349124931e+01
-1.002622844669027131e+02
-1.153263881044898937e+02
-1.285052737796304712e+02
-1.338202943685572848e+02
-1.895251878375957233e+02
-1.335299892622064704e+02
-1.559318810501631276e+02
-8.070880153961124392e+01
-1.031729786252727479e+02
-9.704988987517072019e+01
-1.463949523831118142e+02
-7.893970056444462102e+01
-9.739730460014804692e+01
-8.118584338453517546e+01
-1.187086343729868787e+02
-1.251092940607672404e+02
-1.760564349918742266e+02
-1.574627632186758035e+02
-1.247985034822125954e+02
-1.423828103855321388e+02
-7.807171905770692888e+01
-1.407377016052579677e+02
-9.502151138548850895e+01
-1.072541704439601915e+02
-9.206927666052393988e+01
-1.237030853501653382e+02
-1.732678830024443073e+02
-1.598138920299313384e+02
-2.335867502823741120e+02
-1.214236371740666414e+02
-4.839818846317917291e+02
-7.809321279946807692e+01
-1.207416512882247304e+02
-1.292107543221574986e+02
-1.332489843543433494e+02
-8.311286535086530591e+01
-1.005261955393480804e+02
-1.643198452311473261e+02
-1.856007369191731300e+02
-4.137549575928825334e+02
-1.041886971287854777e+02
-9.449851649099170459e+01
-1.330082315012703589e+02
-1.943461297834189452e+02
-1.738583189615007996e+02
-4.159804104390528892e+02
-7.622964368421305892e+01
-1.301212816254685833e+02
-1.322229795423475309e+02
-3.624814707002726095e+02
-2.763684561575900602e+02
-7.866116971710330574e+01
-1.058576872038489682e+02
-1.490544583333807509e+02
-2.366365256859708666e+02
-3.849733784197551927e+02
-2.831447807108073107e+02
-2.535405867644910529e+02
-1.262143846488378642e+02
-1.502845682966712388e+02
-3.204298632461023431e+02
-1.209121080801765515e+02
-2.173893356206528438e+02
-8.594909890924668616e+01
-1.102314449210958713e+02
-1.199936002266577617e+02
-2.382742664746521370e+02
-2.002870540937159376e+02
-8.617466553332806711e+01
-9.391418689730249980e+01
-1.058288113312263192e+02
-1.087810694525097688e+02
-1.144233934814050855e+02
-1.747537331660556390e+02
-2.572583312511314944e+02
-8.583952636582453977e+01
-7.661920706663708813e+01
-9.209098144096614647e+01
-7.883606386708972025e+01
-9.975014399006875010e+01
-8.557960318098997732e+01
-8.073531683920177215e+01
-1.105734847370621452e+02
-9.502565230311833488e+01
-1.692642450971833625e+02
-1.122272624600003894e+02
-1.731588233896674751e+02
-9.236106452195791405e+01
-7.990347644758365675e+01
-8.516488963274476021e+01
-9.993917540018600221e+01
-8.012051057626635497e+01
-8.637686674622445082e+01
-7.664143963947564941e+01
-8.801925127798455151e+01
-9.833731515850222138e+01
-7.964440309556309217e+01
-9.515157678616968440e+01
-1.529747099970553279e+02
-1.063348624561938891e+02
-7.521935824343589161e+01
-1.107111994488433311e+02
-1.921013417242634773e+02
-2.823124138408505814e+02
-1.720216297199919495e+02
-1.552792611772706266e+02
-1.277005445994632424e+02
-8.480661694118100513e+01
-1.135014198528029965e+02
-1.079986639817336567e+02
-1.236017208645796899e+02
-1.845510847111825967e+02
-1.065628880190430010e+02
-1.505245638311845653e+02
-1.099323864697119149e+02
-8.792458304029150895e+01
-8.365944085133320129e+01
-2.813468535929154655e+02
-1.550718432076769773e+02
-1.047970234879087457e+02
-1.407218488978916184e+02
-8.143066860963948272e+01
-1.338652549643078373e+02
-9.502539337475977277e+01
-1.186758222830031855e+02
-9.363486913321024474e+01
-1.332296402760056822e+02
-2.115057737075421471e+02
-9.771700278277394602e+01
-3.090864418318956268e+02
-7.985127526501378270e+01
-1.338760613825384382e+02
-1.004325581272209149e+02
-8.671853156707719279e+01
-7.763599866244321390e+01
-8.859768551360278366e+01
-1.238417578264884327e+02
-1.482697043422852801e+02
-1.263335117100575218e+02
-7.874987945252746613e+01
-8.151779953295724113e+01
-1.627074700700093501e+02
-1.086451357770626629e+02
-1.535981828243568827e+02
-2.037229425261199935e+02
-3.315406689584872311e+02
-7.653868680878565556e+01
-7.978627140711263621e+01
-8.860313974567918649e+01
-9.988343965928659429e+01
-9.947435536848868765e+01
-2.432576606462586426e+02
-1.231750134428230581e+02
-9.895987557916566857e+01
-1.646622912434437751e+02
-2.108611252772180364e+02
-1.332193654854343094e+02
-1.009861421849866474e+02
-1.362219552303000683e+02
-9.211583709753959681e+01
-1.025032875995184867e+02
-7.542076792715819522e+01
-7.860967618096547938e+01
-9.468500813737233557e+01
-7.742955748521220016e+01
-2.330277640350310548e+02
-1.845627372625127407e+02
-1.505877042268100183e+02
-1.016096853933023993e+02
-1.624587356862845695e+02
-7.797063763917118706e+01
-2.335423827487252311e+02
-3.529769911471276487e+02
-1.623060309994039585e+02
-3.111369880225848874e+02
-7.679254983408362989e+01
-8.084223488922788192e+01
-1.425971561575858004e+02
-1.568161560687793497e+02
-1.184708893389141622e+02
-1.456909173631386807e+02
-1.759471449317033489e+02
-8.653987048289674533e+01
-1.661928221542558788e+02
-1.829484261084082561e+02
-1.379301513864209028e+02
-1.076408456740971360e+02
-1.192931310961947418e+02
-8.279444165534989963e+01
-1.465947756360739334e+02
-8.672291383190804481e+01
-8.733499053621855523e+01
-8.062682514594345662e+01
-7.475701324350170296e+01
-7.560544112029802477e+01
-2.719805032505333315e+02
-2.479365451460360532e+02
-2.850034978187821366e+02
-1.577964141879076578e+02
-8.750832172740507531e+01
-1.751099005661975241e+02
-1.355584800984570393e+02
-8.997304417698320833e+01
-1.116869095073233922e+02
-1.329972189637580300e+02
-1.255298259807321841e+02
-1.113640754675736844e+02
-1.442340438676347105e+02
-9.404409146974602152e+01
-2.174624602596393572e+02
-2.111220613001117101e+02
-1.522282188570442543e+02
-1.627879453653738722e+02
-1.928551272308541229e+02
-2.234763167594309152e+02
-1.213734087632502963e+02
-1.541533734489024425e+02
-1.207509097312779573e+02
-1.504015257561899830e+02
-7.909424698438549228e+01
-1.383210987833481909e+02
-1.638709836127414405e+02
-9.917133862476867989e+01
-7.647299322187258497e+01
-1.244678532805524895e+02
-1.315680877840722189e+02
-7.908091484562544338e+01
-9.021426408590784263e+01
-9.053174930711911372e+01
-4.372442760025094799e+02
-1.899417021284323255e+02
-2.117232419051869954e+02
-1.507217653101489532e+02
-1.099533447070541712e+02
-1.442204671068228947e+02
-1.953063150991387147e+02
-1.197191946408377277e+02
-8.935415683958119359e+01
-9.937335416595678339e+01
-1.138831071675028994e+02
-2.142743217021293276e+02
-1.552500753704804879e+02
-7.889290849194522082e+01
-1.096618041656057159e+02
-2.733846298084588966e+02
-9.663282699961024491e+01
-8.102304528937249017e+01
-1.106621381694592543e+02
-7.945458058815567881e+01
-1.175889472869424139e+02
-1.632967516356980013e+02
-4.005522345870566028e+02
-1.518699236806793635e+02
-2.149279492660996880e+02
-1.636834920093473897e+02
-1.262090956232837158e+02
-1.589011432161749440e+02
-1.064977098777268907e+02
-1.311731302987380161e+02
-9.359010968738080294e+01
-8.160639918562742423e+01
-9.167528421759494961e+01
-1.729054832640111670e+02
-9.771076469230098382e+01
-1.082322352638215364e+02
-1.011502500673782663e+02
-9.945750490791860443e+01
-1.720942533892506106e+02
-7.961884760141037987e+01
-2.468362343968639721e+02
-2.269563790530950769e+02
-2.062476332369236047e+02
-2.886087572850868810e+02
-1.430433170883742946e+02
-1.287586411092532046e+02
-1.441160391911337513e+02
-1.629054120256216720e+02
-1.390280357927632622e+02
-1.008393957232004539e+02
-1.323814702903499381e+02
-1.231417290041299140e+02
-1.035025872615487117e+02
-1.215988150599953315e+02
-7.720301617294583707e+01
-1.257096264083510135e+02
-7.581665882296364600e+01
-8.124320225718935262e+01
-1.377427505948770943e+02
-1.619630362519416735e+02
-2.558316132408705528e+02
-3.577924812077206980e+02
-1.834709436922711632e+02
-1.786501027854851031e+02
-2.639583931290824239e+02
-1.846299497175465660e+02
-1.850617892605403938e+02
-1.109475875796629651e+02
-1.137837816677970295e+02
-2.743553582622693625e+02
-9.416439653027973122e+01
-1.207450465069790937e+02
-9.129447829824023586e+01
-8.392580770277341173e+01
-9.028213985870161196e+01
-9.164450793345645252e+01
-1.252057276444085545e+02
-8.941282930793170181e+01
-8.319826996069123481e+01
-1.264233284806689568e+02
-1.609482925189972491e+02
-1.240775502333332554e+02
-8.076567057386718318e+01
-8.447763420018080183e+01
-9.034673391307291013e+01
-8.602300673548185728e+01
-1.447088311051919902e+02
-9.178585782951613226e+01
-1.501197805194625801e+02
-9.050107943228448448e+01
-7.266737667571348425e+01
-1.076684156405997896e+02
-9.462178879228753203e+01
-1.257671233416410246e+02
-1.229394783400744018e+02
-8.334437702631248612e+01
-7.785072231188789260e+01
-1.355750488998596666e+02
-2.164047250459325369e+02
-1.052916002089021106e+02
-1.764271195313932026e+02
-2.154913589860141201e+02
-7.615707189299591562e+01
-8.929661913371313631e+01
-9.574650091137212371e+01
-8.117464456793437932e+01
-7.915325493284503011e+01
-3.870014358759773359e+02
-2.323852103203741706e+02
-1.645255556921214293e+02
-1.031807794326971646e+02
-8.433884064016386617e+01
-9.123570060371748980e+01
-9.752017834751313785e+01
-7.858450557760150446e+01
-2.065940488912574438e+02
-2.402703534845898901e+02
-2.732461208009100915e+02
-1.617539942473356120e+02
-1.637514409817385683e+02
-1.317622310730008621e+02
-1.074383499830240538e+02
-9.354761848682686320e+01
-1.132207044667924407e+02
-8.246857038091751235e+01
-9.280257174205988235e+01
-1.558323603913329123e+02
-1.405353899257086994e+02
-8.996301436078184111e+01
-9.338222466161673196e+01
-7.923459153234924202e+01
-7.847792091814869764e+01
-9.114026403062730708e+01
-1.003322363429875281e+02
-1.125877904969606362e+02
-1.328182795905485705e+02
-8.402245732598838401e+01
-1.121173234211667022e+02
-7.448130277029927981e+01
-8.695011627576985802e+01
-1.282666750471620389e+02
-8.615394121853748288e+01
-1.148835950489856543e+02
-1.393967711707925616e+02
-1.129407484281517924e+02
-9.579507683863175771e+01
-1.401826183887504840e+02
-1.524737248880887819e+02
-1.199204979207370201e+02
-1.081377401481802991e+02
-8.061229537271368883e+01
-1.004213495609249378e+02
-1.513039263352124237e+02
-9.399912771580788728e+01
-8.739897010356956741e+01
-8.766519205773076351e+01
-1.710794823556215363e+02
-1.256499569168060333e+02
-8.123708476166723358e+01
-9.266354898713603916e+01
-9.745684744893672757e+01
-1.289249009990138575e+02
-1.515923948767348577e+02
-1.015176800023493087e+02
-9.569375279062165873e+01
-1.144241558273940313e+02
-8.874706123712054762e+01
-1.252541116935738472e+02
-1.497491724363692924e+02
-1.395478092176807081e+02
-8.448655624873804015e+01
-1.041418107378144526e+02
-8.766119059783912348e+01
-1.391266650694774967e+02
-1.160700103727392474e+02
-1.029015023184690136e+02
-1.955344910230499238e+02
-1.229030633330463615e+02
-8.782724227774829728e+01
-9.583439813745852121e+01
-1.398602589326433190e+02
-1.050025918189087974e+02
-8.144352019546998633e+01
-7.673241727940187218e+01
-1.423424411233976343e+02
-8.608830016081164160e+01
-7.868618436582654851e+01
-8.024841444112360023e+01
-2.151908927805780536e+02
-1.407958628172416695e+02
-1.278578743429145987e+02
-1.908173397678010872e+02
-7.718285516609257968e+01
-8.449666292166983794e+01
-8.231887210724262616e+01
-8.985455261499703283e+01
-8.969787768826252261e+01
-1.083519674066936460e+02
-1.341398304468049503e+02
-1.377549016174389180e+02
-1.003258297620885315e+02
-8.265232607629630479e+01
-9.578407350574340740e+01
-8.390303879291963085e+01
-9.310556902260829304e+01
-1.055437095543832982e+02
-1.046892175907860576e+02
-9.218075953609802298e+01
-1.237460427975572799e+02
-9.147110435833609188e+01
-8.568941420062283498e+01
-8.712026132988818006e+01
-1.443873491456054694e+02
-7.732004634048739433e+01
-1.003785697509653971e+02
-1.643501606644833259e+02
-1.129840893447768053e+02
-1.653233156633030774e+02
-1.465304421348204755e+02
-8.142264853512641309e+01
-9.502118092730438548e+01
-7.822722742216811298e+01
-1.025657527580595882e+02
-1.755728960749345333e+02
-8.455377016709152826e+01
-1.282826562848470076e+02
-8.236307692054673169e+01
-1.026699483303744813e+02
-2.072400860472335182e+02
-2.977259201017399732e+02
-9.311107704240922089e+01
-8.280435950751220275e+01
-8.971445915125488568e+01
-2.053634843663347453e+02
-1.096985931490738011e+02
-1.434166306092212153e+02
-9.491060301032626967e+01
-1.474152825243011762e+02
-1.413582311588732239e+02
-7.881337882109875181e+01
-9.374805648932724012e+01
-1.072384680659197187e+02
-7.810280838866981412e+01
-8.342142347950135672e+01
-1.537449919590488321e+02
-7.839158046556204340e+01
-2.077593406647084464e+02
-1.627150219634498001e+02
-1.648791891621471279e+02
-1.178031865606933053e+02
-7.585966162045745875e+01
-1.601556639849897010e+02
-1.052949350578221441e+02
-1.000791587442107300e+02
-7.435045767691663343e+01
-7.568081102029590568e+01
-8.815510590524075951e+02
-1.541759318807559964e+02
-8.969101669400743049e+01
-9.887704155116010440e+01
-8.467084114376547177e+01
-7.616936348096282927e+01
-1.364198630272550190e+02
-9.503602164798107310e+01
-7.772875014374039893e+01
-8.123599522508106929e+01
-7.864844409370300582e+01
-9.632314452990573272e+01
-1.208882820308264314e+02
-7.422114339838330466e+01
-1.183876310100401099e+02
-8.657586788319576954e+01
-8.065204612633903025e+01
-1.290051026978482867e+02
-1.121387766708049298e+02
-1.191402430979311049e+02
-1.133744013913805873e+02
-1.235708213326528551e+02
-1.061101442574740332e+02
-1.389872378714900378e+02
-1.002044013714145620e+02
-1.129350874789804351e+02
-8.529987263043047108e+01
-1.020380008216633314e+02
-8.403247098644129665e+01
-1.086578447182997991e+02
-8.258976192109712144e+01
-1.257938232664494080e+02
-8.139580260526099664e+01
-7.950604293964812541e+01
-8.199416218694014447e+01
-1.739026524777724774e+02
-1.445597209164810693e+02
-1.253908326698038280e+02
-1.143639200443117403e+02
-8.322275629316121126e+01
-1.769052972387780187e+02
-7.903549731407383661e+01
-1.220268410929671461e+02
-8.267114758074001202e+01
-1.309882545883097293e+02
-1.943103363780851396e+02
-9.689114538671944388e+01
-8.501467665978262289e+01
-9.760080943635844619e+01
-8.876289450220782840e+01
-8.448866343003871293e+01
-1.457778508721227411e+02
-9.443561006661988699e+01
-9.718433935046793692e+01
-1.617723458668685339e+02
-1.464284981983496152e+02
-9.879017682465865846e+01
-7.749052591624385400e+01
-2.366222922538087801e+02
-1.020755239660153109e+02
-8.788548828025901116e+01
-7.644719131214236540e+01
-1.333740143409903851e+02
-8.052461022390046708e+01
-1.071125997802203216e+02
-9.460873225429912736e+01
-7.803476419866146330e+01
-1.030323472559997100e+02
-8.913013406858124199e+01
-7.807769065608951564e+01
-9.040344024892351626e+01
-8.426225284072781108e+01
-1.272396672987172650e+02
-8.436770114567823953e+01
-8.584809966116512214e+01
-8.114962735656715154e+01
-8.135733336902544011e+01
-1.245169701868806271e+02
-1.425429818431239539e+02
-7.755953401636904232e+01
-1.512025816234286424e+02
-1.085763825801139575e+02
-1.260728144042788585e+02
-9.955909934154134078e+01
-1.238995665179978118e+02
-1.056821264987872695e+02
-8.441321578136036408e+01
-8.391275203407816718e+01
-1.025278417453407371e+02
-8.549498839729908184e+01
-8.754398620757874028e+01
-1.307897463616100993e+02
-8.772296696242156600e+01
-8.452128778585716873e+01
-7.735807469664304392e+01
-1.724136584215244739e+02
-1.170444492608738614e+02
-9.946251849548158930e+01
-1.056531306521302866e+02
-9.212626275334748982e+01
-1.335159028299698036e+02
-8.328443303749716620e+01
-1.254764009199434582e+02
-9.461654838633648978e+01
-1.063357008244904165e+02
-1.429201038626358127e+02
-1.288985171650633674e+02
-1.047250274767534393e+02
-8.079244899406728564e+01
-1.056401403757557631e+02
-1.030393827632313730e+02
-8.409869357813877855e+01
-1.886407837500027824e+02
-1.320962773205132805e+02
-1.279891237325862363e+02
-7.726843875230881054e+01
-9.643696400707554517e+01
-1.104538913334864390e+02
-7.625108455519051631e+01
-8.161588031971014345e+01
-8.379211926507257147e+01
-2.116996312488648471e+02
-1.100657300521640423e+02
-1.991509826402607644e+02
-7.716304539708582411e+01
-9.519688233332558980e+01
-8.635367845959972044e+01
-1.348632553606341560e+02
-8.068080719468309780e+01
-1.063196413671136042e+02
-1.691569688754126162e+02
-7.920782407375291712e+01
-2.714653279950434239e+02
-9.965871991631645699e+01
-1.772790035057887508e+02
-8.017343154980308384e+01
-1.563862613587768351e+02
-7.385763974923956710e+01
-7.708337366488213149e+01
-9.312835211487671927e+01
-8.576109390849846648e+01
-8.147245464804707638e+01
-9.753752862258193090e+01
-2.318977072703270892e+02
-9.296788846706084541e+01
-1.371725864285419334e+02
-1.249069790595091973e+02
-1.140438558716453912e+02
-1.458594097194440735e+02
-8.270472561587097005e+01
-9.551560854033577641e+01
-8.698884727924630056e+01
-1.165469599835895025e+02
-1.470033473727158366e+02
-7.849897989897202422e+01
-1.091982416688043003e+02
-1.598067092266807947e+02
-1.032006627942341481e+02
-7.848945301482440584e+01
-1.444022115300105327e+02
-7.823825440905315531e+01
-2.380091683424394091e+02
-8.374425651440958518e+01
-1.038833691280213998e+02
-1.028411866112814437e+02
-1.187992190503548642e+02
-1.315866989047299569e+02
-9.145309407954439962e+01
-1.396671886694244620e+02
-1.053065293525339712e+02
-1.617454182172562867e+02
-1.326751340015138396e+02
-1.060695791060443725e+02
-7.936638435197814090e+01
-1.085661874010627770e+02
-1.150978725358909003e+02
-1.470977576701400551e+02
-1.154843450370541831e+02
-8.467508945101720030e+01
-7.869417011432304321e+01
-7.747527973711406446e+01
-8.245440357274456744e+01
-8.367317789088511404e+01
-7.924701608624449989e+01
-8.319941186102683162e+01
-1.453084287545514712e+02
-1.171569096182623326e+02
-8.284876092140129344e+01
-1.077746488144925650e+02
-7.456294374938229907e+01
-8.970230678828308157e+01
-1.241982449611911932e+02
-1.335134660257708390e+02
-8.181906550031239078e+01
-1.164600363689647367e+02
-1.643795386884148115e+02
-7.673300846191084190e+01
-8.367044174679045909e+01
-1.181501679226501267e+02
-7.897764780906359761e+01
-1.384717680526777883e+02
-1.202345355433352978e+02
-9.094845769726657636e+01
-9.302727370286780229e+01
-9.669412417720864994e+01
-8.011159581221393466e+01
-7.615811198514467151e+01
-1.312031428270650508e+02
-9.810051199609587513e+01
-8.130426715880253141e+01
-9.485405539690125920e+01
-8.935475445107833536e+01
-9.625874160841202354e+01
-7.949125962734697737e+01
-1.415819899864860076e+02
-1.014234697934617202e+02
-1.274845170055542525e+02
-1.999855340399049339e+02
-1.328624329332272680e+02
-1.467267251141762472e+02
-8.833515375822382509e+01
-1.306779146855959937e+02
-1.848534430463273281e+02
-8.627401505539361892e+01
-8.790690192687547722e+01
-8.716450092052392051e+01
-9.290460766096762768e+01
-8.900235835744136637e+01
-8.652602237659321815e+01
-9.340259545035590349e+01
-8.101083348291233222e+01
-8.896989567730240367e+01
-7.912615784501903704e+01
-7.907613520168332855e+01
-9.147011609151503819e+01
-7.829002155618967151e+01
-1.171222119730305025e+02
-1.123233574676760185e+02
-8.661322762268751774e+01
-1.086392269411495164e+02
-9.550605640653729722e+01
-9.709050190488547116e+01
-1.029096354878936666e+02
-1.001127247468957648e+02
-7.828194577028931178e+01
-8.143875578563036299e+01
-8.644024235904228703e+01
-1.003628460442298405e+02
-1.080696027138245086e+02
-7.635416964003098883e+01
-8.514667253635180089e+01
-1.746186968609312089e+02
-1.136557325219123697e+02
-1.108256057565274375e+02
-1.002388033036122437e+02
-1.064220822885312714e+02
-9.075270424927202839e+01
-1.356874300021909505e+02
-1.004834927008440530e+02
-8.717867991389933024e+01
-1.462767512813845769e+02
-1.888725847241747147e+02
-1.737830367964703839e+02
-8.448222875501480189e+01
-7.885379497668614590e+01
-1.767905485816689861e+02
-1.251584883508222532e+02
-8.260132752272295420e+01
-1.674337461310959441e+02
-7.784889968765256185e+01
-9.663382379154673174e+01
-1.284342053118459717e+02
-7.866533576689373319e+01
-9.374002133737982945e+01
-9.844988730517431463e+01
-1.044513302999347388e+02
-7.655705375112819411e+01
-1.897719775684943500e+02
-1.252597284807917788e+02
-1.074365674348268840e+02
-7.529343452398289571e+01
-1.596639389609026409e+02
-8.739355322920170011e+01
-2.658657047280951247e+02
-9.165569820488327935e+01
-1.262676078388501821e+02
-2.001693649628912794e+02
-8.691854049457469955e+01
-9.438430529937524227e+01
-7.864732714118959223e+01
-7.812800443325092203e+01
-8.027231310333480963e+01
-8.825902394584575461e+01
-8.471390029885908746e+01
-1.023674569877506997e+02
-7.461918852576300765e+01
-1.074755716496294582e+02
-7.999027511675096491e+01
-1.102294858376653650e+02
-1.196129377517809473e+02
-9.883853803408935335e+01
-7.817985167553207759e+01
-8.880988512390972289e+01
-1.448951707664097057e+02
-1.276571941105231502e+02
-1.052939083298833651e+02
-8.489436008293534996e+01
-1.657699306156552836e+02
-1.416884207125155513e+02
-7.680906075868990968e+01
-8.028699942899562814e+01
-9.520732595549235100e+01
-1.110356771243631187e+02
-8.204481613664211181e+01
-9.709249918180775296e+01
-8.495032002150072969e+01
-1.170374986995092286e+02
-1.556339073957568360e+02
-8.334277316758202403e+01
-9.625434268774874624e+01
-7.764250742092077928e+01
-1.808625418594669725e+02
-8.664033829703808465e+01
-1.009069188544674773e+02
-1.564418480464382810e+02
-7.888150551813406253e+01
-1.533898460044402725e+02
-1.949857158669035471e+02
-9.147536814331884614e+01
-1.232626145976149985e+02
-7.854683554832696757e+01
-1.011076276237109823e+02
-7.751599647066254306e+01
-1.029570155741346440e+02
-8.814052030595640019e+01
-9.331593449996995560e+01
-1.619258822796058155e+02
-1.311531765024481331e+02
-8.241647139569580816e+01
-1.002587894309857717e+02
-1.636526520015274855e+02
-9.337342782285168141e+01
-7.825684909510883358e+01
-1.393303031178889171e+02
-1.124138246123348353e+02
-1.296202756848424542e+02
-8.041392925587857121e+01
-7.766087436326334625e+01
-1.862085593529617711e+02
-7.803359196348206694e+01
-7.642559381438817923e+01
-1.006712581243971556e+02
-1.716149011454203617e+02
-8.611883329478635574e+01
-1.370533710410663844e+02
-8.241479820039768356e+01
-1.430834113888379306e+02
-8.200188661712111582e+01
-9.083125265679557003e+01
-1.517670225616659252e+02
-1.151656937564532939e+02
-1.306534466453946663e+02
-8.313557782642278937e+01
-1.297115939780296685e+02
-8.646104970333749407e+01
-8.481687450109551207e+01
-9.771859167119615108e+01
-8.757357365266034321e+01
-1.007066977076541718e+02
-8.996052453166529972e+01
-1.711087368293856343e+02
-7.796592589490970227e+01
-9.697005597281935252e+01
-9.061155943594914675e+01
-7.678520964448073016e+01
-8.288093925501217996e+01
-9.561825751443333843e+01
-8.138464288659301360e+01
-7.596447329167861540e+01
-9.750851397426077938e+01
-2.088125833427741611e+02
-8.363638009942278018e+01
-1.233439976312055535e+02
-7.663800480963301709e+01
-1.451292759457292334e+02
-7.442732875552314908e+01
-9.540484294030780177e+01
-1.787654719735122058e+02
-8.954884524060140905e+01
-7.663866354556579097e+01
-1.710029100772548247e+02
-1.146724644602917778e+02
-1.207397585994694538e+02
-1.894559692053337869e+02
-7.865174824316930824e+01
-8.246173618546130513e+01
-1.212196961963529844e+02
-7.463914946709792275e+01
-1.129632307406213982e+02
-1.149525441661043885e+02
-1.863421373284865297e+02
-1.096113605059909162e+02
-1.677355768438594339e+02
-1.401093273366736867e+02
-1.190605300139162921e+02
-8.217619023480918372e+01
-7.646425305337719180e+01
-1.085409201150210663e+02
-1.040204689448158888e+02
-8.754334215428610833e+01
-7.863228687524005522e+01
-1.510648972234886287e+02
-9.434112159335802517e+01
-1.016541162052825058e+02
-9.886096913340583114e+01
-1.458185497174421243e+02
-8.671493418062833314e+01
-8.280029563817910798e+01
-1.199268182385934125e+02
-9.683297954081172065e+01
-8.345787086010092537e+01
-1.006721780237977271e+02
-8.043481842904697032e+01
-7.682481140022589727e+01
-1.708554790417255163e+02
-7.577806650865998961e+01
-9.759653303799527180e+01
-1.116692492412360451e+02
-1.902035925571469193e+02
-1.762057439884135590e+02
-8.676284551572750559e+01
-8.494376159807961812e+01
-1.444699233297850753e+02
-1.339866126491670855e+02
-1.047926870361610412e+02
-1.400110820430080025e+02
-1.035862787160725418e+02
-1.214599109459408055e+02
-7.770751127882192577e+01
-9.017088707364328570e+01
-7.628499908212877756e+01
-9.996255271416647759e+01
-1.552148705685320920e+02
-9.162066656563185063e+01
-1.787693926689397586e+02
-1.006458529100354582e+02
-1.126655639371276862e+02
-7.650565522692050990e+01
-8.415155414685209223e+01
-8.842221070553901541e+01
-1.442134807472188527e+02
-9.957732216343677578e+01
-1.298588716958674354e+02
-8.222776386609169208e+01
-8.218465717412767901e+01
-8.842093761665978491e+01
-9.072126160935187045e+01
-7.755748383256815259e+01
-8.464646211438889623e+01
-1.090022989116950924e+02
-9.852129917983381802e+01
-1.296550885624785963e+02
-8.028451232539924831e+01
-1.441186981760362187e+02
-9.166332079212679673e+01
-1.180663047283631499e+02
-1.019112469526123022e+02
-2.353548413321330770e+02
-1.150706810504551214e+02
-1.175006808422859308e+02
-9.691767594935230079e+01
-9.154879908947121692e+01
-1.028068740823903653e+02
-1.860786129182794184e+02
-1.015101966449848305e+02
-1.111857347945633876e+02
-7.892410869961990727e+01
-7.943217230061071632e+01
-1.669606364412942412e+02
-8.841674186652316791e+01
-1.252716829397737683e+02
-7.778508337890235680e+01
-1.442287629624330236e+02
-1.592607878978392648e+02
-1.567032640519784081e+02
-1.248517966583337682e+02
-1.569970842213124342e+02
-1.013832464174830079e+02
-8.483331671743025026e+01
-1.167918248884828074e+02
-8.332610975325648894e+01
-9.841086136635570369e+01
-9.641150828885631086e+01
-1.304383505720151675e+02
-1.471997856635278765e+02
-7.831862164904630674e+01
-8.568666692244276817e+01
-1.919272697178221279e+02
-1.043789339294303034e+02
-8.148533741852301659e+01
-7.841203358123625833e+01
-9.070957588653404002e+01
-1.089519553446000515e+02
-1.109680529660950157e+02
-8.636667453356433555e+01
-1.374208455108764610e+02
-9.337513387893032757e+01
-1.230639571757599100e+02
-8.389296069755043561e+01
-1.036783022844918776e+02
-1.749064669550150768e+02
-9.194117082974348421e+01
-1.398984250623578589e+02
-1.636347420769816381e+02
-1.468254416092589167e+02
-1.167681561896366844e+02
-7.599089710689649735e+01
-7.457354260028763804e+01
-1.131147269978175416e+02
-1.611050309388735400e+02
-9.193308187338381288e+01
-1.149023321489693359e+02
-7.388131188584023334e+01
-1.128987034001933978e+02
-1.613487359999493549e+02
-9.280406172587417757e+01
-9.847844103027385643e+01
-1.817835068809213794e+02
-9.883369136807951350e+01
-1.343848967364725695e+02
-1.373942903632315620e+02
-7.342472926289765667e+01
-8.702286035268750197e+01
-8.413872404195427634e+01
-1.226146833092986839e+02
-1.182631629189737055e+02
-1.173098672007859591e+02
-8.174242879037709031e+01
-7.853980701347165905e+01
-1.055089409209954567e+02
-7.598337541940603046e+01
-7.792611484680971046e+01
-8.620497121073165658e+01
-8.635601005425783683e+01
-9.741701658239988149e+01
-2.313837521843413754e+02
-1.119767738862502142e+02
-1.002734049637824398e+02
-8.333330054017588395e+01
-9.365655325343865911e+01
-8.940193304400210650e+01
-9.305878341130411968e+01
-1.336032824193625856e+02
-8.463786945407289863e+01
-9.709021238063382953e+01
-9.115228257369102494e+01
-1.042449692178483645e+02
-9.303180122973094512e+01
-8.661968109849912878e+01
-8.664595021910146500e+01
-9.432140506289644577e+01
-9.754092350260938815e+01
-1.050725303760318639e+02
-1.206682197587462895e+02
-9.955330182336203393e+01
-7.671294390897753601e+01
-7.801166418628756105e+01
-1.052516098926209480e+02
-2.008573154874574982e+02
-9.086482932727241746e+01
-1.810522092712007804e+02
-1.274997072576548902e+02
-8.131521405054292018e+01
-7.677586621428478963e+01
-1.017439208123391268e+02
-1.164962935078550430e+02
-2.886413619728177764e+02
-1.056440399926429023e+02
-1.060683433272230474e+02
-7.971962553855880174e+01
-9.361582810082761341e+01
-8.173940693856799555e+01
-1.831158823309199022e+02
-1.778282185931249728e+02
-1.173987318939922915e+02
-1.791967931476731906e+02
-1.225112317435056610e+02
-2.072984190299749514e+02
-2.286685309454724688e+02
-9.122752646867961346e+01
-8.251660551369695895e+01
-7.821637554235789480e+01
-1.404213553368024634e+02
-7.766973112138762758e+01
-7.957978436259605814e+01
-1.401858461512973406e+02
-8.070132545189882478e+01
-9.821812064096748429e+01
-1.014955851018112583e+02
-1.231300756717750886e+02
-1.107078863448554102e+02
-8.016514405966559309e+01
-8.945162718826625792e+01
-9.822390112180511323e+01
-9.251113956899401103e+01
-1.396332557757224038e+02
-1.263020878003171248e+02
-9.764060630474986624e+01
-1.033427456511558944e+02
-1.327933635682690010e+02
-8.260889059770377685e+01
-1.882800205434003544e+02
-8.035729017419124887e+01
-8.051731852873155049e+01
-8.701152857015836162e+01
-1.095617916810562633e+02
-1.847412523589811997e+02
-9.242774683199797892e+01
-1.885031057527342568e+02
-8.730150420726447180e+01
-8.640213588245208598e+01
-8.923606531946428788e+01
-7.244602157350313121e+01
-7.591102896001972056e+01
-1.274354801364560217e+02
-7.689004300184014085e+01
-8.543816586166011007e+01
-1.293192514775980726e+02
-9.486155141873018692e+01
-9.635274526614463753e+01
-8.631231536147569727e+01
-8.394246607292137696e+01
-1.073640607988843669e+02
-8.942939461542768242e+01
-8.174958949655544416e+01
-9.805737396313830345e+01
-8.176816951885024309e+01
-8.508327188697049337e+01
-8.916302978127669121e+01
-1.501673489182354331e+02
-8.417020411920795198e+01
-9.562755038330053026e+01
-8.497755101945936929e+01
-1.033673905916738534e+02
-7.942881809405177762e+01
-8.146181278609614651e+01
-9.268745603785608012e+01
-8.534614974505144858e+01
-8.636943112862611827e+01
-1.307702669063585859e+02
-1.540952299749904171e+02
-8.001723457902046732e+01
-8.280951310594483061e+01
-1.014499108708750867e+02
-9.372060159189712181e+01
-1.250239755157068942e+02
-1.127499672127269577e+02
-7.583790040571898317e+01
-1.143454038184720929e+02
-1.035153715599736159e+02
-8.648258858687974282e+01
-8.023111449235729253e+01
-9.155568712302337531e+01
-8.415501255021047200e+01
-1.398298708045772116e+02
-8.200609983461838226e+01
-7.685521777152960965e+01
-1.247501473204299174e+02
-1.275087348392939077e+02
-9.141721924493866425e+01
-1.818523139853952273e+02
-8.267719447373238495e+01
-1.505742914583501033e+02
-2.249226665302796562e+02
-9.662577030368872499e+01
-1.814317430772824764e+02
-8.381136558575295226e+01
-1.066607725843737029e+02
-8.778235702875693391e+01
-8.576008833358507388e+01
-8.794899643651355348e+01
-8.682817798992084590e+01
-7.480802790284512582e+01
-8.467924994147799111e+01
-8.004880381270224632e+01
-9.285615366383693470e+01
-1.036514848812007017e+02
-8.927190760234600475e+01
-1.344787577974648514e+02
-1.120060513607317745e+02
-1.750940615495138672e+02
-1.202346575658949774e+02
-1.060739660523983332e+02
-8.187612330346152589e+01
-1.347232474986203954e+02
-9.209879070815408397e+01
-7.733054055386985226e+01
-8.870128012716270405e+01
-1.781284616217251084e+02
-1.697954537254195202e+02
-8.234941454492545176e+01
-1.121455679744221214e+02
-9.003267684759649114e+01
-9.013397682861031512e+01
-1.538901024887724418e+02
-1.691237000479279118e+02
-8.642418962207680977e+01
-1.368395656674546501e+02
-1.016643758766592498e+02
-1.071037336522528278e+02
-1.030024649194508868e+02
-1.166487558175404189e+02
-1.163631539912427968e+02
-8.040153853265638872e+01
-8.667936383045729087e+01
-7.772823259297790344e+01
-2.737461857481899870e+02
-8.661322762268750353e+01
-8.820821379045604260e+01
-1.385532096394144617e+02
-1.003229904342980632e+02
-8.385772824010223303e+01
-1.135932035045330792e+02
-1.302241462196620887e+02
-8.958323104743568877e+01
-8.900363209653124841e+01
-7.907826859913639339e+01
-9.810935832269595380e+01
-1.332780901933167854e+02
-1.004905520264758110e+02
-8.306541692864800552e+01
-8.412822880264735659e+01
-1.382490157788676299e+02
-1.245491872086002729e+02
-8.584108575031778798e+01
-1.058992149955664246e+02
-8.123497063847013067e+01
-1.050033360589398796e+02
-9.735733620580410275e+01
-8.103991015426746003e+01
-1.051160360605272786e+02
-7.501820395349936632e+01
-1.146683038153608010e+02
-1.205158042041791191e+02
-1.167857992237176603e+02
-7.755191956555687227e+01
-9.832748033261417220e+01
-8.046590269473531976e+01
-1.522502715423714506e+02
-8.108365794979992813e+01
-8.686531472539388687e+01
-7.960287495958957038e+01
-1.313190755970180703e+02
-1.426752346885358236e+02
-1.140477535252603616e+02
-7.423269940793478838e+01
-1.232080159736868126e+02
-7.961447662697830197e+01
-8.135428980213825412e+01
-1.110188624606399515e+02
-9.058472917088984389e+01
-1.090377800476261712e+02
-1.286457484034038998e+02
-1.385343543142471674e+02
-1.097265516735407829e+02
-1.029793467784252812e+02
-1.423101701380633699e+02
-7.874202576367798656e+01
-8.887695701588306463e+01
-1.039799475064708076e+02
-7.461684356846741650e+01
-7.760625102707230383e+01
-8.961537040622664563e+01
-1.302017054540096410e+02
-9.108277800926236978e+01
-1.200923271088509807e+02
-9.278032911077100664e+01
-1.055386377408799490e+02
-1.448512087408048785e+02
-7.590338416633903762e+01
-8.395953545411300922e+01
-1.449391801347000239e+02
-1.782518606259458238e+02
-2.130142778768986886e+02
-7.928722370713877865e+01
-7.844959807414899444e+01
-1.422310097126839423e+02
-2.185538348899592052e+02
-1.028782775346096230e+02
-7.646265619814485603e+01
-9.064005162248849956e+01
-1.460172211897756540e+02
-8.893760981898034856e+01
-1.098645689079256158e+02
-7.997303148020932895e+01
-1.760354299435728649e+02
-1.001243300232029156e+02
-8.579231920602427408e+01
-2.214804884800466027e+02
-1.099275878131339255e+02
-9.121724364023501153e+01
-9.120775202364751522e+01
-9.299387209234299689e+01
-8.054599948416412758e+01
-8.885440884748852852e+01
-1.569773874875081958e+02
-1.325746642501635790e+02
-1.152699336357344322e+02
-9.091699076516661648e+01
-1.462910112205857445e+02
-1.575072374003686377e+02
-1.164409171250738382e+02
-8.304270445309050785e+01
-8.395074991221360960e+01
-1.119549488944894193e+02
-8.521312287176240829e+01
-1.287859935778749900e+02
-1.167946747842146920e+02
-7.333102957808705469e+01
-2.468712563840823293e+02
-1.280921011919179762e+02
-1.137326284967789576e+02
-9.130088497554896776e+01
-8.177006546887747618e+01
-7.745335572863770324e+01
-8.979959967083287609e+01
-8.520357694750421729e+01
-1.196199670063532068e+02
-1.483410306786137767e+02
-1.566158696036038691e+02
-8.313854171423058403e+01
-8.887838024594978492e+01
-8.635368049477345664e+01
-1.027663352642541383e+02
-8.012620103985322828e+01
-8.458315599495225001e+01
-1.182514773687834690e+02
-8.254670627827027829e+01
-8.626033876218460250e+01
-1.296572498899375319e+02
-1.200416420221051652e+02
-1.023102827789299454e+02
-8.636126648241135229e+01
-8.620172000250403244e+01
-8.320721060378313894e+01
-9.746097883154300234e+01
-1.040657952045773129e+02
-9.394299538744935774e+01
-1.184969425065725090e+02
-2.230562682331604378e+02
-1.200869291540692814e+02
-1.124769707827660028e+02
-1.218153151573299624e+02
-1.052969157123721970e+02
-7.695534792924631518e+01
-7.788724515278923377e+01
-1.038320055145981797e+02
-1.607065233669164002e+02
-1.013231000645259599e+02
-1.981565643262065635e+02
-7.800288387246268940e+01
-7.878769713037046074e+01
-1.185853533636549031e+02
-1.941161422544397226e+02
-1.402169759121465802e+02
-8.991165379057231632e+01
-9.666772192733718327e+01
-1.608612337400775800e+02
-7.676984639536652821e+01
-1.441970004119671387e+02
-7.534984586195709255e+01
-8.656296275602534251e+01
-8.054084179407982447e+01
-1.044481513805425266e+02
-1.417345689667843374e+02
-9.081866190301850850e+01
-7.798885934482755999e+01
-1.891890417854898772e+02
-7.668208129580330024e+01
-1.537900658275491992e+02
-8.195776428254453094e+01
-7.670354144103671956e+01
-7.938682291712747485e+01
-1.069716757591999112e+02
-8.443767873829231974e+01
-9.064985964143181718e+01
-1.329362586554422876e+02
-1.181171173822042135e+02
-7.979063922111039631e+01
-1.566947304826627203e+02
-8.283438880676494875e+01
-8.749627216748356773e+01
-2.632348226238236180e+02
-7.965763980632772245e+01
-1.351113703658162990e+02
-9.842080142001000809e+01
-9.038097827046794919e+01
-8.783697085175759867e+01
-1.292060830680379127e+02
-9.607320783944756215e+01
-1.056424124995443776e+02
-1.012666312009129257e+02
-8.079915087380580019e+01
-9.114181923131609153e+01
-1.208807044908918868e+02
-1.259748692455347765e+02
-2.539399966594206433e+02
-7.525266280054600543e+01
-8.006678586425604749e+01
-1.094228868576419700e+02
-1.052301482986115673e+02
-9.879847904141567483e+01
-7.690828398175248992e+01
-8.873662423501207286e+01
-1.160295605917683872e+02
-7.840257626780166333e+01
-1.146863517373164569e+02
-7.734148721146488015e+01
-8.030154965134138934e+01
-8.574788689921309981e+01
-1.346198790667135086e+02
-1.064739592244280857e+02
-7.515278494622968708e+01
-1.332172611635832027e+02
-1.080435938628437782e+02
-9.491558317781918674e+01
-1.722703769413438124e+02
-9.954749124137262584e+01
-7.465970132084135003e+01
-8.346496102520789862e+01
-1.319889812256389519e+02
-1.290512694460642535e+02
-1.771558144017128598e+02
-1.587410215784051672e+02
-1.005519530584086567e+02
-1.010103227294847130e+02
-9.834086224376885355e+01
-7.750594203614171818e+01
-1.448543892754347269e+02
-8.965034012467131674e+01
-9.417550090566851395e+01
-8.068723583913677544e+01
-1.282679669795159896e+02
-1.016266098150093597e+02
-1.148542500676568494e+02
-9.989893583738557936e+01
-8.661190497309837610e+01
-8.233373722918138071e+01
-1.703765779338885409e+02
-1.043271960218828980e+02
-9.204287875476289571e+01
-7.924058679158018492e+01
-1.833676570192426993e+02
-1.713411002560185921e+02
-1.049107217027751062e+02
-8.101656947721198776e+01
-8.028042572054283710e+01
-1.287504660605553966e+02
-8.479619605359044954e+01
-8.069826343365335219e+01
-2.495660369454897705e+02
-9.252612078355943481e+01
-1.268294881493689985e+02
-8.267559084914729794e+01
-7.817177588963174628e+01
-1.890388687853044019e+02
-8.218670810904004043e+01
-7.775632673361467084e+01
-8.836162117913183067e+01
-8.420369355477566842e+01
-1.072785251130591462e+02
-7.687519098448490240e+01
-7.920848280968569100e+01
-1.037805944733954391e+02
-9.527204888050276566e+01
-7.636694775567494275e+01
-8.749196385822274635e+01
-7.996670009065869067e+01
-1.214894972196042175e+02
-1.705229730413252582e+02
-7.754066548516935597e+01
-7.445277386872470515e+01
-9.113729452831451283e+01
-1.969926178740020362e+02
-7.999748910977827165e+01
-7.830376904068074850e+01
-8.565456803376591211e+01
-8.811257684346254848e+01
-9.196033158904633353e+01
-1.527812373635187839e+02
-7.746728477186282191e+01
-1.003005742523449726e+02
-1.272330044065137287e+02
-1.408967214516847264e+02
-1.314617895978086324e+02
-1.269991383917865448e+02
-2.561076510647237683e+02
-9.107869315678198063e+01
-1.101786117819491011e+02
-8.391442700974504021e+01
-7.842480819042960150e+01
-1.729276031629714510e+02
-1.011552487056010818e+02
-8.474722720680097154e+01
-8.137110427336781981e+01
-1.047852840979468141e+02
-1.228677080231456671e+02
-8.756643598605954537e+01
-1.027366011752720141e+02
-9.587127308942345394e+01
-1.738632083996720894e+02
-9.649576122080786433e+01
-8.507859474981573555e+01
-1.334615008323793290e+02
-1.396005055539760917e+02
-9.012721638392554269e+01
-7.582991398508653447e+01
-1.960698756816406672e+02
-1.199709812600861767e+02
-1.287436205232496889e+02
-7.926307152342455709e+01
-1.008079340588286925e+02
-9.450054059872911694e+01
-7.379888330957517439e+01
-2.734773458403827817e+02
-1.609721541755568239e+02
-1.213695044614692335e+02
-1.161593003043391406e+02
-1.929905666746425368e+02
-1.195520698116823013e+02
-7.961194738223541378e+01
-8.642274101005747866e+01
-2.024061140783552446e+02
-7.657980836783218592e+01
-7.470829580127373504e+01
-9.961528613318284897e+01
-8.496715722486256084e+01
-7.440514596308288731e+01
-1.968115971055624129e+02
-8.883107231765077927e+01
-1.092269624241110222e+02
-8.656758169721216234e+01
-8.187808047114928911e+01
-1.028209752338555489e+02
-1.478908102656057793e+02
-1.672449495651383700e+02
-1.126567850337550851e+02
-1.096389524359923655e+02
-8.836340307122607385e+01
-9.054280765633021133e+01
-1.013303748032417104e+02
-1.013557701283616410e+02
-1.472337360735049003e+02
-1.238060548799695226e+02
-8.263800467009630779e+01
-1.331735865487025023e+02
-1.083040982645004817e+02
-8.629260328573442962e+01
-7.884703422811220719e+01
-1.708537714152478202e+02
-7.919629483331715392e+01
-1.126211302455468797e+02
-9.241561864875140486e+01
-9.219290347549650733e+01
-7.431794071698858772e+01
-1.207585696807408198e+02
-1.398914335081933871e+02
-7.802386340835199974e+01
-7.730069216314049640e+01
-1.134361859467575186e+02
-1.098239512988379687e+02
-7.807331968165742353e+01
-1.433008226343960985e+02
-1.065348723565270319e+02
-9.550605777361587911e+01
-1.023695448195951911e+02
-7.972525937628310544e+01
-8.132723179336581154e+01
-8.794187540039906992e+01
-1.191554206465624901e+02
-7.678069165021864251e+01
-8.179913223717225890e+01
-9.624871093897321828e+01
-8.161361531316461537e+01
-9.909753681825381477e+01
-1.048796393373750817e+02
-8.496286060214686131e+01
-1.313694168614677835e+02
-7.899266425436501038e+01
-1.143758108654117081e+02
-1.039815521773333842e+02
-8.869200601465517764e+01
-7.640202528938591797e+01
-8.503940273732416699e+01
-8.803871832002013775e+01
-1.409064817811024852e+02
-1.190277417513202352e+02
-1.839325913175422897e+02
-7.485281100952296640e+01
-7.756124258856364406e+01
-9.894144351894803435e+01
-9.082738702629953309e+01
-1.196670221031678381e+02
-1.024994604858839296e+02
-8.752760124540267839e+01
-8.103147801619613233e+01
-1.378991457277226687e+02
-1.091221328817196792e+02
-1.062052874570862286e+02
-7.884290112463884270e+01
-7.838155388414064362e+01
-8.075154840938111533e+01
-8.408450692890174594e+01
-1.803184470147602383e+02
-9.037731913471893108e+01
-9.461802898285132812e+01
-9.032709617723665474e+01
-9.911375234497414510e+01
-7.869975982255145652e+01
-9.697100315719343655e+01
-1.007262892278207431e+02
-9.583013532011032964e+01
-1.631048863890156611e+02
-7.666488417675783751e+01
-1.128742383681117900e+02
-1.020518705928577674e+02
-8.576404246345549609e+01
-2.342674485248523695e+02
-2.087910698493937502e+02
-9.169906368672867814e+01
-1.149847761989489783e+02
-1.756805418257277722e+02
-1.947584189984098373e+02
-8.740717483075506777e+01
-8.399405438684401304e+01
-8.444678013672807992e+01
-9.060825243623810366e+01
-2.058053049591470085e+02
-8.080062176660794648e+01
-8.605563056654860077e+01
-1.021605760211765102e+02
-8.629396126386949106e+01
-1.212458926306468641e+02
-9.165749983972986570e+01
-8.307278434261189659e+01
-1.832447298661104185e+02
-8.597761919278971732e+01
-2.112340678227313617e+02
-1.680354161394098469e+02
-1.439109605540225800e+02
-7.938583192704425073e+01
-9.333430662003608802e+01
-8.459743650134780069e+01
-1.276597572134266301e+02
-9.801264951849150009e+01
-1.225680934547377490e+02
-8.176008808628762381e+01
-1.434105562103043212e+02
-1.504814192371231911e+02
-1.161699764552399614e+02
-9.052561072123447161e+01
-9.867538712063696948e+01
-1.053484638247300609e+02
-1.620313486782781069e+02
-7.706678941448390674e+01
-1.114226787569395469e+02
-8.738299146239545223e+01
-1.008170657288074210e+02
-1.098750213244176592e+02
-1.232476281826100148e+02
-9.747006110648453614e+01
-2.221455809553705478e+02
-1.079331407568918166e+02
-8.298620664780494849e+01
-7.919044812149360268e+01
-9.337227392115765667e+01
-8.241677642548526705e+01
-8.781774135888028354e+01
-9.711262580397551858e+01
-1.388272640345614093e+02
-1.217289471639588214e+02
-8.013392853212714328e+01
-8.023116035964284265e+01
-9.397344799155123951e+01
-8.797772221079368649e+01
-9.405082937659165054e+01
-9.064934855406750103e+01
-8.517723628887650023e+01
-1.459008778450141790e+02
-9.048416414478423064e+01
-7.439424517277342375e+01
-9.401586428788714045e+01
-9.018677820342324480e+01
-1.176249046810794283e+02
-9.320757710729974121e+01
-8.096523417553255797e+01
-2.005099751736029248e+02
-9.091861067361578819e+01
-2.530326637469396474e+02
-9.271259736297474774e+01
-8.135987951036668164e+01
-1.398887741007588090e+02
-8.669517644062830186e+01
-7.741266820502454493e+01
-7.635848157671821923e+01
-1.391058493119323884e+02
-1.895097118865399182e+02
-7.465939387916959902e+01
-1.246584833691339753e+02
-1.444964298428993459e+02
-1.005451462925190071e+02
-8.287408597162631452e+01
-1.300953398679769180e+02
-1.383231092921381844e+02
-1.345346103345343067e+02
-2.195929723941476084e+02
-8.618533891649718726e+01
-8.956094956409786789e+01
-1.075702619555946313e+02
-1.719768422798674692e+02
-1.138785539007854339e+02
-8.634018552711748384e+01
-9.195574848165577464e+01
-8.268317069285275522e+01
-8.295980108618223881e+01
-1.174677876897996214e+02
-7.882422674062455314e+01
-1.260017997289248370e+02
-8.636144158948616223e+01
-1.396462638147803830e+02
-2.119969979903490866e+02
-9.365673410394175846e+01
-7.576755988012504872e+01
-7.919580830564015628e+01
-9.762315128785169804e+01
-1.144048779019278612e+02
-1.272947704636807913e+02
-7.700549976979222322e+01
-1.055421889471151360e+02
-7.923662638329936669e+01
-7.843778638890096033e+01
-7.579729847865556280e+01
-8.182058926389819931e+01
-1.322065707720115029e+02
-8.783681370468198679e+01
-1.004977656330726461e+02
-8.654225903999019920e+01
-7.914066227537306020e+01
-8.837683466492327966e+01
-2.026959073141533167e+02
-8.424810618103518323e+01
-8.067194366720607945e+01
-1.046604875087172104e+02
-2.358224002106464070e+02
-8.981562041243057593e+01
-1.432887368025252499e+02
-8.397485383563923733e+01
-1.610970560301591945e+02
-8.415737057286914080e+01
-9.470156832384388679e+01
-7.773192239089468103e+01
-8.969512397990121144e+01
-1.200294801983265813e+02
-9.242390248804365172e+01
-8.115719528988313414e+01
-1.442044516811734525e+02
-1.808989543066936392e+02
-2.059810426173196447e+02
-7.767148262868654740e+01
-8.496815062682809128e+01
-8.664000288245330239e+01
-9.233026646298581852e+01
-8.511032601957369081e+01
-1.064604036087672654e+02
-7.376643967543905944e+01
-7.696894471832098361e+01
-1.971942162377389423e+02
-1.250111689681375964e+02
-8.154414672897105731e+01
-1.296506210180744461e+02
-9.725799690186977386e+01
-9.635866969960613915e+01
-9.151540412103996402e+01
-9.216305164332612776e+01
-8.430722843124196686e+01
-8.993165528534839837e+01
-9.583648526765058762e+01
-8.734392080401772773e+01
-1.017268451227516408e+02
-8.321409265629786489e+01
-1.052766958745524164e+02
-2.452019508434076727e+02
-8.659354693461845898e+01
-1.273974922462009545e+02
-7.809204056428866636e+01
-7.764021122972982880e+01
-8.006609966981689297e+01
-1.233568419977229240e+02
-8.290525558930013972e+01
-9.423572414648339191e+01
-8.728407326912231667e+01
-7.798530227869376574e+01
-9.796904518172040355e+01
-8.305121050570608077e+01
-8.311972605381454571e+01
-8.850288282568217824e+01
-9.966039707189898422e+01
-1.187540677399966995e+02
-8.847892636667747013e+01
-1.474670231233922664e+02
-7.459416227755535544e+01
-1.809912647288757341e+02
-9.103091083321896804e+01
-1.004142832164660888e+02
-1.331772983308821665e+02
-1.399543066240126450e+02
-1.667409612684826641e+02
-1.177655527109301232e+02
-8.532809673636096193e+01
-2.249424504962564697e+02
-7.933881902455952684e+01
-8.135095694514478737e+01
-1.383852296771684962e+02
-1.088028259739912471e+02
-8.049816749565756879e+01
-9.060453647159975787e+01
-8.068954495129622728e+01
-7.437317015247411689e+01
-8.248594633317681257e+01
-8.205403953940241024e+01
-1.472736002161326780e+02
-2.715764124091287499e+02
-1.085373735970940459e+02
-1.307086411466075333e+02
-7.898956127559452511e+01
-1.773595521839006039e+02
-1.553380278706463571e+02
-8.300590236477097505e+01
-8.694614414225209487e+01
-8.380041892815795279e+01
-1.227457318237342321e+02
-9.978272955670951205e+01
-8.660891568600028734e+01
-7.905182263611352766e+01
-9.403165866219879376e+01
-8.453885252273056494e+01
-7.605442344703737945e+01
-1.723377110426495449e+02
-1.017827080141654790e+02
-1.485985789358546754e+02
-7.481828684871744883e+01
-2.547181067430988151e+02
-1.671610280295632833e+02
-8.981576301612122393e+01
-1.431303366801829213e+02
-1.068203716362541513e+02
-9.421344943249830806e+01
-8.545693462886615066e+01
-8.336371370977218476e+01
-9.520245271947896981e+01
-8.788221122623042447e+01
-1.129865780871573548e+02
-1.324512822867066859e+02
-9.572322256871331092e+01
-8.188364232627829153e+01
-8.912251419442935685e+01
-1.073310264310354682e+02
-8.846841662887794655e+01
-9.089067192404441187e+01
-1.310363772520384202e+02
-2.482003780250208536e+02
-9.070906479916970966e+01
-9.814235499693880627e+01
-9.457765721138331116e+01
-7.919545600724302403e+01
-8.225983666334076361e+01
-8.349933688723430691e+01
-2.059308628903305589e+02
-1.240502959667086742e+02
-9.004982013125722062e+01
-1.253278487403832173e+02
-1.464735225677817425e+02
-1.456871602437474280e+02
-9.111601698501310409e+01
-8.455247456145609419e+01
-1.693982575895632579e+02
-7.662358378449744123e+01
-8.778517345119300330e+01
-9.004526755830144680e+01
-1.058399017184727882e+02
-8.536783155584440408e+01
-2.534303947577205918e+02
-1.458582393730648619e+02
-1.325883263762047761e+02
-1.126845191206509043e+02
-1.224213185860893560e+02
-1.581960239046612742e+02
-8.626298838214646025e+01
-1.003648271463579249e+02
-1.404175256300050023e+02
-9.523461273848369046e+01
-8.071702999200387296e+01
-8.187165115760573997e+01
-1.092716016970286148e+02
-1.208574646483885289e+02
-9.994782827987647522e+01
-8.352735470144455121e+01
-8.919572977751947462e+01
-7.888923059852568542e+01
-7.381148259200526240e+01
-7.945101979588282859e+01
-1.091796293098171873e+02
-8.901920584073860709e+01
-1.009484385591844102e+02
-8.501825691615336211e+01
-8.049392050894556405e+01
-8.641450756556368162e+01
-8.690713614069797188e+01
-2.277477235367083779e+02
-9.754365971120849110e+01
-8.865644195326716215e+01
-8.457546285686775889e+01
-1.175469220311902347e+02
-7.887685891541410399e+01
-1.633765990370872885e+02
-1.499861423167962755e+02
-1.039833817577519994e+02
-8.535574493117489681e+01
-8.150593818276567504e+01
-1.101674116410174804e+02
-1.266257089993713265e+02
-9.072690683985388205e+01
-9.816495585613343167e+01
-9.405966327806812899e+01
-1.067307042405629147e+02
-1.076278465032308986e+02
-1.233262547792011361e+02
-2.102208162666360067e+02
-8.336695653594165378e+01
-1.695025933134318166e+02
-1.123308851435887732e+02
-1.002689915635058355e+02
-9.755050297083838018e+01
-1.024684790198392648e+02
-7.484247021707707859e+01
-9.117463536553154313e+01
-1.119563715997955740e+02
-1.330445970158824025e+02
-1.055451688393406755e+02
-1.545120296388893735e+02
-1.331445239717236859e+02
-2.105770929328702437e+02
-1.381289350521871313e+02
-8.751029332713683573e+01
-9.680565943735415146e+01
-8.448106265785673941e+01
-1.031841758012262176e+02
-1.242312319736475530e+02
-8.525080064028223603e+01
-7.626990021560656885e+01
-1.844733929755294923e+02
-7.967786296943330626e+01
-1.176029444611731520e+02
-1.202950281262498748e+02
-9.047817276940580200e+01
-9.731365036276370972e+01
-7.879900347168245389e+01
-9.002514763204405313e+01
-8.288429613891791803e+01
-1.014581094212056485e+02
-7.580728160467371879e+01
-1.014378483508193085e+02
-1.092639716655139779e+02
-8.172614560948392182e+01
-1.033370945689429021e+02
-7.914335496406447135e+01
-8.599484825414231182e+01
-8.170519290076956054e+01
-8.840589675606568676e+01
-1.301633019607768347e+02
-1.002991231985979255e+02
-8.155687172103995408e+01
-9.474149851720225968e+01
