4.087097511779607117e+00
1.049230068623206558e+00
1.831560236641457839e+00
2.075956515326215612e+00
1.094121523096315718e+00
9.614374858676147939e-01
1.976376862712613258e+00
1.102530572838654743e+00
1.629242283564892757e+00
1.017873561467927068e+00
2.043151032412917623e+00
1.954691242445128818e+00
1.271898966581599844e+00
1.045116523110276141e+00
1.742331588523547303e+00
1.035391142397489750e+00
2.077207044142480363e+00
9.782348719703116702e-01
1.789835420649278142e+00
1.484116389229517274e+00
1.168908663264296433e+00
7.699397939207827113e-01
1.358331703201049123e+00
1.149476237383944000e+00
9.627837704450885603e-01
1.026464307653033314e+00
1.587003812002688141e+00
1.072351420529075838e+00
9.856356141512853108e-01
9.710238904556540707e-01
9.282849981229076564e-01
2.311234288566321293e+00
1.055693010551126632e+00
1.130194785516417388e+00
2.451840576903883573e+00
2.148334156138799855e+00
1.396671746003083747e+00
1.616216399039381191e+00
1.171526388462134527e+00
2.128764246080795619e+00
1.736741116345785541e+00
1.420464076607716786e+00
3.507967507627849812e+00
1.527186114614782930e+00
1.599837459774154480e+00
2.851685758365123835e+00
3.152179365949025591e+00
2.895376118531399090e+00
1.866065884599993563e+00
1.143151280965532646e+00
1.161714646853348132e+00
1.073758709916105003e+00
1.631124957679310095e+00
2.172794121348259555e+00
1.729873617042080092e+00
1.103657143142785957e+00
2.047829943040278877e+00
1.209563122928230428e+00
2.356028316696829883e+00
2.654176527177150469e+00
1.715712959799914783e+00
1.919679986563709306e+00
4.393663033115610794e+00
1.281472189437242948e+00
2.096266776517198505e+00
3.173544218923556315e+00
1.018988023047314062e+00
2.294193352500748073e+00
2.058872387634112844e+00
9.065479958223703338e-01
2.298101997705309429e+00
3.020629446295441944e+00
1.971132792611511197e+00
3.056040348216197966e+00
1.805046370706134384e+00
1.781590888313396848e+00
1.501561236451052661e+00
2.276762391008284592e+00
3.273222422847547719e+00
1.737319568214501064e+00
1.385839967934459738e+00
1.973497017387366714e+00
3.976642110498780358e+00
1.933364128069881005e+00
1.104806653228614488e+00
9.954494646072264974e-01
2.344964648408496721e+00
2.627053904875287671e+00
2.300403252810041543e+00
1.670104595348589571e+00
1.147128339027142951e+00
2.171144401654630851e+00
3.926143520229551598e+00
1.142653947071685216e+00
2.689840638861206390e+00
1.518970554515439053e+00
2.057954700154708494e+00
1.573871773459155854e+00
9.952043344644579959e-01
3.589865936607876229e+00
1.026994741813583190e+00
2.158564024541764326e+00
1.690512419548292122e+00
9.828816603605100566e-01
2.883007515117574915e+00
1.500844188283862790e+00
1.170146623791685769e+00
1.259340920384184326e+00
2.636650180626354256e+00
1.373246415189327774e+00
1.162463066266357981e+00
3.221564527643284936e+00
1.495959941562473805e+00
1.988022473202006424e+00
1.910500095450918812e+00
1.636918489321933512e+00
2.776484074868640572e+00
9.739269808561819008e-01
2.763326493988190080e+00
1.028713403760100231e+00
2.386334254659469689e+00
2.439309450289415260e+00
2.857503356572169029e+00
3.872179696050074504e+00
2.328983571824561949e+00
1.301937689932507691e+00
1.108596759340626958e+00
9.467982374554033687e-01
2.581358358594775915e+00
1.091048844977765331e+00
1.812593622634459445e+00
1.045922420846892908e+00
1.380864442753198196e+00
2.120252589442797486e+00
2.415535684675816253e+00
1.646296148882556931e+00
1.125358236459902850e+00
1.679479349886835449e+00
3.943835714324781527e+00
3.332166140254985809e+00
1.312828696592521993e+00
2.082625009873068755e+00
1.010169830994305906e+00
1.873304307227881882e+00
2.265466504724801489e+00
1.936349987251156257e+00
3.592611189937797267e+00
1.330340701971962414e+00
2.272636393371282093e+00
9.129861798671130568e-01
2.508337252911254200e+00
1.095531621200063421e+00
1.222277575111271997e+00
2.020047317634930728e+00
1.744288566246065875e+00
1.627921229661577929e+00
1.164509752548676502e+00
1.698339538133250004e+00
2.834950396671120476e+00
1.314013125046532338e+00
9.473766893241183373e-01
1.293845648082760036e+00
2.152872154353527190e+00
1.086751114348641245e+00
1.988683575546741356e+00
2.850787471175551868e+00
1.142840513931341562e+00
1.487636987141856881e+00
1.142956935364332960e+00
1.303242292004482827e+00
1.665384555235117192e+00
1.026497407919735760e+00
9.799987429082757107e-01
1.172625114006394131e+00
1.809158727631870800e+00
1.254282501009889916e+00
1.708126454256537530e+00
8.980485280971371997e-01
1.010672740438274930e+00
1.399493718428743705e+00
2.085949175946486545e+00
8.980962257620115352e-01
1.089320883023222386e+00
1.450718771342041968e+00
9.571849642299373739e-01
2.230477745079264995e+00
2.103753681622216654e+00
1.423570234819242053e+00
2.492121054417621107e+00
1.177913787965308767e+00
1.337248695193971937e+00
1.823999267636915000e+00
2.388087137268614324e+00
1.008823314074581701e+00
3.189307071365324209e+00
9.375959391348797078e-01
4.443760163813172959e+00
4.110263186403053659e+00
1.785411606018684649e+00
1.661507968711440686e+00
1.080666703138114748e+00
1.019480772006277514e+00
8.350102562841814624e-01
1.688943377665488521e+00
9.749780087355670588e-01
2.196627116563512949e+00
2.095503728637998719e+00
2.684225344564485916e+00
1.950227436546006166e+00
1.539744998679746013e+00
1.822824541626634209e+00
1.401366232058156136e+00
1.577322982295099596e+00
1.244565184520652901e+00
1.640864163552024690e+00
2.684549690094357732e+00
2.829209494582786366e+00
2.142533157148347467e+00
1.401045438821233224e+00
1.223206712937508822e+00
1.095998621660611461e+00
1.086493335047440389e+00
2.046614110118335272e+00
2.775304812848314207e+00
3.182655456620822498e+00
3.461235078567418189e+00
1.739249742021836909e+00
2.831085431052038359e+00
2.042669387407213488e+00
3.273747588579296597e+00
2.057490712088464235e+00
1.471817895210518534e+00
2.736478266434684947e+00
2.380737813033007910e+00
3.893113431428942839e+00
2.624116758567537566e+00
3.520606168882515874e+00
1.105860489824718185e+00
9.898125933642168972e-01
2.640994660387391058e+00
3.203061094858419722e+00
3.196916428401177512e+00
3.261597813339067731e+00
2.931828543619897420e+00
2.841973978586888272e+00
2.778566238143038269e+00
3.397090655820483640e+00
2.717065777614941169e+00
2.992020698852321470e+00
2.934464127991848859e+00
2.760948167840698186e+00
2.919989004819709688e+00
2.070822831853039059e+00
3.398972057798010038e+00
2.430433921506140127e+00
2.329304784825764418e+00
2.908396364489716390e+00
4.285393685761966331e+00
2.664054128446336378e+00
2.562127548527671994e+00
2.285194837978424154e+00
2.438905553121078817e+00
2.139130214480458037e+00
2.542876601862314789e+00
2.646913017251851130e+00
2.698036612627523922e+00
2.801865607034149885e+00
2.605892784745555080e+00
3.760216859696268621e+00
2.478749433134611824e+00
2.896777136831796273e+00
3.332330933806490592e+00
2.861947896361083821e+00
3.108983146969960920e+00
2.992043323804849386e+00
3.490472876858234486e+00
2.614005970364445375e+00
3.213991279265125733e+00
2.588842320750937454e+00
2.321439049908482044e+00
2.203960612885540460e+00
3.047648304440113254e+00
2.565517581844842354e+00
1.932196678757504005e+00
3.586500531480331322e+00
2.856657240733708303e+00
3.830656939091822810e+00
3.125973726808710218e+00
2.665544738999654939e+00
2.750040996281092998e+00
3.526128241464756119e+00
4.338558116458669289e+00
1.299899265845693819e+00
3.422258676131583854e+00
1.750370488783165257e+00
2.518503984432027387e+00
4.031009360677743736e+00
3.130459748120577590e+00
1.107267779211747127e+00
3.235087590641850142e+00
2.995970065938023730e+00
4.241366851236826996e+00
2.269751654029189325e+00
4.375637716892414097e+00
3.943409914903716729e+00
2.730530300767858520e+00
2.788154652702081293e+00
2.760280466110435871e+00
2.033477889075624656e+00
1.185662727430376817e+00
2.814057752969873594e+00
3.353958453842330378e+00
3.308819255803524317e+00
2.794219586249228726e+00
1.232650994741124606e+00
2.930816598996867306e+00
1.606840848072004890e+00
1.806911542400003068e+00
2.032064446340245301e+00
1.923109431428461136e+00
1.683283753758767709e+00
1.727809434488452922e+00
2.848393505643643575e+00
2.731984888629724217e+00
1.942953219303303003e+00
2.168474139454010352e+00
3.027628381508363553e+00
1.600728140160561530e+00
2.558367360211791119e+00
3.064262711693996888e+00
3.207590902949491340e+00
2.205190837911669810e+00
2.114696378133380517e+00
1.757515560510092945e+00
3.521197252804627364e+00
8.982327132133314240e-01
1.836238209680282729e+00
1.468406319815899197e+00
2.042602076109953924e+00
3.155842871216322898e+00
2.333573477111039018e+00
2.345429733250969928e+00
3.030378997516987472e+00
3.284830341728269598e+00
3.130036080881160920e+00
2.229477159751536597e+00
2.175999951189883763e+00
1.769405116682171819e+00
2.867082033238702810e+00
2.396347158542103006e+00
2.566741243962235242e+00
2.843453452736435683e+00
2.133587950211314421e+00
1.028758612751547341e+00
9.993178799773883014e-01
2.953835523429163334e+00
2.379280674114077954e+00
2.726978423727689282e+00
1.689106780967142507e+00
1.079501077190886837e+00
9.595603873033191622e-01
1.844787929373121305e+00
1.998183379501831558e+00
1.302327751576417558e+00
1.497468521872664438e+00
1.135167501980960614e+00
1.656048396325674910e+00
1.001654627233945494e+00
1.651662197926414333e+00
1.878532496174515787e+00
1.098378629668876671e+00
1.546937755485848998e+00
1.414567857650039784e+00
1.845865626010882776e+00
1.050528715318787221e+00
1.057739696833444709e+00
1.643830549209672309e+00
2.792101166338803342e+00
2.548441201200474460e+00
1.854130874508518767e+00
8.485102852338293200e-01
2.499942929270022596e+00
1.190927298191797740e-01
1.255793718015224769e+00
1.825840331805504979e+00
1.570130225488996611e+00
1.494898753198083519e+00
8.160212523980246990e-01
1.945028308723805832e+00
2.961539703492886311e+00
1.302076347415890734e+00
1.421762723303297671e+00
1.067326101421483875e+00
1.858133131985279185e+00
8.682890709952033603e-01
1.043981888582595774e+00
2.776378212734547990e+00
2.448406783179111645e+00
2.664851342387521527e+00
2.792842314222038880e+00
2.869870757654487736e+00
2.821487077338919125e+00
4.701919845083341265e+00
5.663824895784507873e+00
1.746894243904068444e+00
2.273516126777430646e+00
5.216499808737342647e+00
2.381565786134531404e+00
2.090529976333951989e+00
2.872305358469586789e+00
9.193157212204079443e-01
3.070611547061306457e+00
2.278978128307549866e+00
2.922633975492106018e+00
3.043727869388217044e+00
2.499138527877366567e+00
2.291210704080232308e+00
2.902388307712567173e+00
2.437913683744691529e+00
3.574717278670652032e+00
3.089028613656017441e+00
2.561617217227023069e+00
2.462486384988571864e+00
3.768555578066109302e+00
2.870924766912237303e+00
3.935453481283426314e+00
2.793636214053323297e+00
1.858259063164677372e+00
2.257789263884275144e+00
2.766448609850737927e+00
4.004077198897054934e+00
3.462403634619090287e+00
3.372245122395084671e+00
3.550662419380412160e+00
2.567664521360768060e+00
3.558379040054245213e+00
3.811582533703397058e+00
3.701928284612975073e+00
3.752626877949475581e+00
4.084616401455708257e+00
3.588276988102863108e+00
3.234132780333303092e+00
2.687161954598870306e+00
3.594182350565082729e+00
3.342822526597663657e+00
3.984143795466347893e+00
2.958764464220919876e+00
1.979606844467318494e+00
1.671203122920893458e+00
1.467491779387833928e+00
3.234595177377591835e+00
3.358188682876081188e+00
2.829843270589535553e+00
3.770506408532611431e+00
3.391722504833261098e+00
2.719560028559323328e+00
1.740195471841405661e+00
2.374649816814787151e+00
1.765980892129120239e+00
3.459120743946234811e+00
2.395940870170706116e+00
2.928533608719440462e+00
1.333657092713600445e+00
2.476958340290647875e+00
1.958164766235879872e+00
1.103009302197675234e+00
2.506210600165910130e+00
1.887890295010796304e+00
8.424081897484364534e-01
1.727079549159273419e+00
1.418474670677049909e+00
1.080163793694145502e+00
1.990962237502168941e+00
1.927472368634802313e+00
1.769337223459572117e+00
2.086591894863975227e+00
1.116922202434671219e+00
1.632109405199017926e+00
3.989274555020567714e+00
1.692694615252390067e+00
1.616036475473829670e+00
1.548440403029076817e+00
1.095804276059412219e+00
1.177456087512786409e+00
1.152909761945021261e+00
1.226757264456875163e+00
4.603640556615184565e+00
1.467774594732188298e+00
2.013977909548930967e+00
1.944563722012333518e+00
1.048373386345020641e+00
9.813075500888618352e-01
2.482570658338615566e+00
1.273232069426677215e+00
2.346507785967304027e+00
1.168562353035032420e+00
9.888169349612839776e-01
2.481706401690994213e+00
1.365190480294956377e+00
1.669306105822291553e+00
1.848343723813619333e+00
1.334136581606052641e+00
1.938776936239984261e+00
1.571475854053239640e+00
3.082590835983378685e+00
2.679088519024141135e+00
2.520033928799381595e+00
1.737023584320684488e+00
2.486510589345771738e+00
2.441454130951255852e+00
1.180982079120931338e+00
1.953375283979306154e+00
9.211928197847037980e-01
9.423817036498254307e-01
1.378439225753486097e+00
3.395401941134292390e+00
9.654727221223958766e-01
1.352967208657412046e+00
9.697527684766537037e-01
1.672413299873319881e+00
2.530389140398230374e+00
4.099687153151046815e+00
1.338428538713099414e+00
1.376000368980103028e+00
2.140885913342830627e+00
1.410598863811978854e+00
1.765659686987642418e+00
3.114958656634025935e+00
1.704961907294187284e+00
2.794548448480318470e+00
2.944288469897491822e+00
2.231406504340902597e+00
1.232300368566584314e+00
1.038648005632234250e+00
3.373175740134777723e+00
2.963122806636086182e+00
3.555967594586606051e+00
3.697170188438241745e+00
2.983464209840327008e+00
1.017295109599212211e+00
1.496975772913700542e+00
1.520815625820684192e+00
2.044544104228047221e+00
1.859594656656200939e+00
2.991143055257320160e+00
1.380277268674684921e+00
1.277328310491013585e+00
2.342806561821995093e+00
1.715110647889541928e+00
2.087172637434162148e+00
2.001034903098814155e+00
2.056808264168885625e+00
3.643147912353996265e+00
3.427281413453818537e+00
1.375182362518741597e+00
1.294532742642923173e+00
1.093428852986030542e+00
1.665707324064086947e+00
2.306524276214501956e+00
1.713463483866574988e+00
2.714135334130370225e+00
3.428046703108066140e+00
2.275473571332258249e+00
2.864722754495268475e+00
4.845920781703303426e+00
1.276471248386555235e+00
1.754969971920460781e+00
2.186408748365750387e+00
2.783401935027797425e+00
1.989118086456884482e+00
1.718866755893332821e+00
3.147507097161078349e+00
2.788112194677454969e+00
1.268690259053004477e+00
2.045477016848689100e+00
1.909279939867804865e+00
2.788315756366401388e+00
1.955150419058191202e+00
2.339731122133711150e+00
3.056974002492817810e+00
2.625690846196257588e+00
3.947146179055124549e+00
1.428628654193536462e+00
1.086904966031536190e+00
1.253102657490762883e+00
1.247952959656595251e+00
3.171760511811946071e+00
3.079866636939997626e+00
9.904941123742583287e-01
1.142572829096817344e+00
4.848913107032291059e+00
4.184482354625989053e+00
1.066823191977514629e+00
1.588252664771938605e+00
1.545571630589071432e+00
2.690826538599074613e+00
2.537036266818235131e+00
1.775692055270007508e+00
2.650438014756759664e+00
1.822382437047247228e+00
1.106282281293819558e+00
1.124065165314443782e+00
1.831646258192573207e+00
2.875072797905104505e+00
2.889152034702586302e+00
4.148727160751357168e+00
1.534314201936407773e+00
1.658356708438433857e+00
2.391350048132680151e+00
2.993443799006977990e+00
3.113978828718426239e+00
1.818950170880078154e+00
1.003840289641011019e+00
1.860141539307139880e+00
1.561173057311241230e+00
9.569630939121573920e-01
1.620760500114525771e+00
1.095002963257678541e+00
1.853469633974808906e+00
2.649719580634844363e+00
9.875761464155825564e-01
1.595048548599532712e+00
1.794055625418786937e+00
1.601114735101504705e+00
1.592824488535619087e+00
1.082854854218607610e+00
3.441604003765504238e+00
3.511374628332181391e+00
2.180467574830613930e+00
4.351942982750513167e+00
1.274672838906681260e+00
1.736067708756575900e+00
2.876887828275810577e+00
1.449567822981006060e+00
2.916775602815999235e+00
2.631750257494592571e+00
4.528816602313254336e+00
4.426107613013883224e+00
2.340754590926220402e+00
2.488388186770985389e+00
2.144194198030112020e+00
2.390642955986746365e+00
2.659820968970565414e+00
2.126529769981332141e+00
2.630824504624095006e+00
2.879300779816567069e+00
1.408107404395547047e+00
1.174891894388327307e+00
1.798852082992701495e+00
9.300865542624578985e-01
9.324111927942705380e-01
4.302638885236898858e+00
1.553708881430266198e+00
2.247695747911241160e+00
2.277674461245242643e+00
1.780717512375583400e+00
1.081353797698278107e+00
3.117506317425683182e+00
1.863544190001230394e+00
1.825373076930968841e+00
3.392969476075719637e+00
9.553078656656415202e-01
1.755104030481334787e+00
3.987583296889700257e+00
2.085102508104607288e+00
2.835134759301882301e+00
3.969670303339895234e+00
2.931461430000122714e+00
4.126065493712806287e+00
5.356257359921411165e+00
1.402545968647318064e+00
3.127990840478493517e+00
1.586684707848640352e+00
2.846351817516993510e+00
1.461344474910994284e+00
1.386879612371350712e+00
1.699224655555234387e+00
9.584560862089376299e-01
1.450716282668614410e+00
2.727737292687549164e+00
1.981404286540247917e+00
1.614096979049036040e+00
4.229044861058803839e+00
2.046591455818644434e+00
1.250604386739732288e+00
2.067398732712272924e+00
5.049946590533821222e+00
1.901631384452933338e+00
1.329240351034509660e+00
1.148443632185068841e+00
1.194758491906606990e+00
1.157053640891250623e+00
9.433240888377623090e-01
8.708532641196623514e-01
8.307908349132063774e-01
1.561896814104390074e+00
2.532628324095211436e+00
1.528218061827409491e+00
2.296831394224201350e+00
9.155559485416944199e-01
1.271939058064199601e+00
1.860436463376238470e+00
9.792305303732447008e-01
3.020224575964169489e+00
2.227853323986117129e+00
1.242957973982302233e+00
9.751677694018834330e-01
1.909582410336196467e+00
1.562487819868221495e+00
3.126833256833225771e+00
1.001603462866104133e+00
1.958703459250984880e+00
1.000891990249036523e+00
1.195766259034284351e+00
1.418208827152299900e+00
2.489684604380624666e+00
2.283667464456498486e+00
2.518966612956864637e+00
1.946873534106000836e+00
2.420862325158000150e+00
1.141491467784133240e+00
1.464613067044210570e+00
1.778897560907831465e+00
1.081353797698278107e+00
1.239132819363848004e+00
1.858632958996949469e+00
9.906386640491275930e-01
1.149652898710276983e+00
2.094377663572425163e+00
9.088423009208841385e-01
3.299313948323911116e+00
9.812973896038565957e-01
2.261761150624896910e+00
1.394652584437345855e+00
1.507122945095588529e+00
1.914449810650266093e+00
2.486629772348497802e+00
1.360474104856406852e+00
1.717794659094461274e+00
9.698440469365267047e-01
1.683403514559722147e+00
1.973921159531911496e+00
2.194424527550145498e+00
9.912171159178425617e-01
2.169623502892277678e+00
2.167753015717607035e+00
2.434891344337758223e+00
1.887392107131763197e+00
1.784769720449968178e+00
1.395747783495656869e+00
2.620493671312099426e+00
2.717848091888421802e+00
2.627136053373541280e+00
8.443846309961547947e-01
1.310653194670461597e+00
9.498653400238314948e-01
1.602543715900055732e+00
1.570276012948342625e+00
2.122195427158273695e+00
2.205192347187625579e+00
2.256983476245208564e+00
1.821968408431714481e+00
2.109421742256729182e+00
1.901409069868200241e+00
1.333294576914059171e+00
2.777153239102610360e+00
1.917562213252131720e+00
1.342079668700364881e+00
2.628766679877968304e+00
1.547102053135755328e+00
1.588183275695542518e+00
1.903336221217209134e+00
1.597543154675640675e+00
1.848049270612783568e+00
2.450360071277899454e+00
1.204067324071424139e+00
1.261317361631902667e+00
1.191992268783671705e+00
2.089213748166358631e+00
9.687295853571402660e-01
1.227853501327707209e+00
8.789309629852261052e-01
1.309461094404873460e+00
2.320935761474701486e+00
2.673946094604771950e+00
1.034504126686004888e+00
1.175194882680975050e+00
1.430478228041251576e+00
1.683253142165492822e+00
1.837158311099753139e+00
1.922484054133115627e+00
2.540483620699848455e+00
1.947814146416721792e+00
2.186818867378411468e+00
1.034309781084805646e+00
1.415845673411078032e+00
1.317459748947593212e+00
2.100304494123377275e+00
8.632940853209102317e-01
1.344020200964662015e+00
1.065059321039550477e+00
1.701479707038695999e+00
1.756244818357365345e+00
2.396127106251423111e+00
2.213841850500687602e+00
1.825234100806221837e+00
2.035327462923339770e+00
9.928796959326451343e-01
1.988378920691078910e+00
1.303523011087380779e+00
1.548260202440106204e+00
1.255662265680338452e+00
1.805588715619473428e+00
2.353611335943445404e+00
2.223512134633329307e+00
2.936561523072110713e+00
1.801272182483566242e+00
4.569835969920202245e+00
1.043094872871111134e+00
1.680460025801655100e+00
1.849891047774330666e+00
1.797854002767444559e+00
1.030699145015844476e+00
1.429351657737120584e+00
2.274882652159427643e+00
2.487964174641033033e+00
4.178428781723136254e+00
1.457690856250301481e+00
1.292101950093089258e+00
1.852949633195572154e+00
2.595044228051146984e+00
2.393303497809974090e+00
4.193780106422658527e+00
8.851950997893482942e-01
1.866361067527475104e+00
1.900443545715673865e+00
3.869057533371084823e+00
3.277682866024591579e+00
1.007708705011173045e+00
1.524566931840144246e+00
2.119905429971223665e+00
2.966737781791286999e+00
4.007670216602638114e+00
3.323857359633401121e+00
3.090666702124021281e+00
1.711202846899115393e+00
2.117451153903728400e+00
3.589164668137556191e+00
1.754714288880715678e+00
2.806632269226103649e+00
1.178343103224271271e+00
1.608271005125958775e+00
1.713605926694289572e+00
2.983276387428600795e+00
2.614744760650106414e+00
1.121867394182633815e+00
1.324600763587626684e+00
1.540432093239909372e+00
1.467181267305325276e+00
1.674520931182212014e+00
2.400979279968703750e+00
3.134771601200493141e+00
1.004790739052497273e+00
9.376060996198850583e-01
1.277328310491013585e+00
9.882384830925688979e-01
1.439991578877972245e+00
1.183098534305917715e+00
1.025198761224155097e+00
1.624537637024814574e+00
1.358104257333146991e+00
2.367830255552018759e+00
1.645180498715975936e+00
2.381705897599358135e+00
1.190910907470987601e+00
1.022520349858125455e+00
1.003714953289934986e+00
1.384390814187615337e+00
1.071664325968912479e+00
1.171326467310813246e+00
9.706122594715580476e-01
1.163622736837191640e+00
1.270317250127677378e+00
1.023207444418288814e+00
1.276449359003078321e+00
2.124321305790553005e+00
1.530264748109727790e+00
9.550804197977397214e-01
1.564418191647513945e+00
2.526276334547055580e+00
3.320493509221741579e+00
2.353149142779991987e+00
2.164387754719363510e+00
1.841208284723707678e+00
1.182102875902984795e+00
1.668594298603215398e+00
1.552449488349737949e+00
1.779416574978530896e+00
2.495023611432760635e+00
1.519229902230106566e+00
2.098031940219366120e+00
1.643267491168258987e+00
1.201881661664358614e+00
1.105893590091420409e+00
3.312466538489656998e+00
2.160801221847896247e+00
1.521812978049368992e+00
1.917256325200775047e+00
1.001470442117751380e+00
1.831690231399543345e+00
1.393409307218217208e+00
1.423214967088258343e+00
1.349313589996719465e+00
1.873459220543666870e+00
2.752594472799555714e+00
1.369047166766646617e+00
3.517524029663518625e+00
9.826873147593104818e-01
1.896122152825856944e+00
1.429551578888442087e+00
1.079431490142535255e+00
9.725980007273022920e-01
1.155479530619602624e+00
1.754607099023191674e+00
2.031130596244119957e+00
1.831538606116363432e+00
1.041520762599463135e+00
1.035802773381585773e+00
2.263276139235119278e+00
1.539441552345823139e+00
2.165536214406971638e+00
2.666561341056358003e+00
3.675221624052193548e+00
9.615186038424826664e-01
1.032409742738812586e+00
1.192712463610537510e+00
1.347407596274332153e+00
1.307444029100591543e+00
3.035755141032379534e+00
1.814537439747406999e+00
1.345142186333909917e+00
2.290281209042555499e+00
2.743324984177757386e+00
1.932107223662780093e+00
1.486563297640750791e+00
1.909180171613052757e+00
1.209454480236781926e+00
1.458477293493887439e+00
9.164373887030571320e-01
9.874371702908351089e-01
1.325390925289116284e+00
9.012141128720083660e-01
2.919895246842567627e+00
2.449825129745145880e+00
2.109875237600641107e+00
1.302110146150229575e+00
2.213186857687089226e+00
9.367190839084000853e-01
2.918258793232182402e+00
3.757279109578645304e+00
2.248584636938113057e+00
3.524562164410813825e+00
9.793391730646929805e-01
1.012653896759135863e+00
2.020429582592672357e+00
2.126932066587107428e+00
1.643447951826549236e+00
1.990616209039201223e+00
2.382522515517588868e+00
1.157935081052613224e+00
2.276211352799072607e+00
2.472925955279660748e+00
1.965654781657260486e+00
1.522944465917373424e+00
1.771434416123482958e+00
1.079102753351471877e+00
2.058118916786357389e+00
1.178083375683330880e+00
1.177246866353439003e+00
9.545019679290247527e-01
9.546963135302241055e-01
9.405874992785620003e-01
3.246787909155141261e+00
3.053176021097629089e+00
3.332549538998220040e+00
2.181430152268437617e+00
1.179230118935755911e+00
2.362283125172024878e+00
1.901968854880622839e+00
1.249072996786103840e+00
1.581827129885628125e+00
1.901917413489362385e+00
1.799845297946471634e+00
1.588899135275538388e+00
2.017479053684134271e+00
1.321677222078829095e+00
2.791658047812437982e+00
2.745167655935169204e+00
2.086989083255951449e+00
2.203342974686811839e+00
2.556206085229346670e+00
2.856821294602594374e+00
1.754770050769139500e+00
2.118947100226277858e+00
1.697280458616014176e+00
2.099924796890526579e+00
1.005138936336591682e+00
1.887887573995118640e+00
2.229592048044262143e+00
1.410123479084590015e+00
9.092365676734051050e-01
1.793590401176403448e+00
1.909658288730881281e+00
9.605863791395511386e-01
1.352002161847754236e+00
1.149041346574859235e+00
4.317723164844173844e+00
2.527692729922732084e+00
2.719456101796912773e+00
2.140313452142882156e+00
1.525721887337835092e+00
2.063329720259915678e+00
2.528150627545572515e+00
1.699446327901058762e+00
1.217552477462924276e+00
1.446944781091429100e+00
1.625379641716807821e+00
2.795334818411124633e+00
2.189539284634180127e+00
9.674584633781398990e-01
1.553106051504646423e+00
3.233133750283453178e+00
1.278902040936389151e+00
1.014146889055915990e+00
1.551423298541550366e+00
1.033514043833193785e+00
1.689054025576402607e+00
2.261070878146048457e+00
4.066721537023579636e+00
2.133602186265532996e+00
2.773440720943078475e+00
2.279908608305133200e+00
1.785495212666979636e+00
2.224423101428461891e+00
1.505710612732400921e+00
1.875768381898735404e+00
1.273574113362422100e+00
1.065443427307065871e+00
1.281277843836043484e+00
2.374809414068589142e+00
1.387269526531238695e+00
1.563328766111280466e+00
1.385780739343069223e+00
1.421475850872049529e+00
2.260542113019791355e+00
1.000886414698914484e+00
3.046503484249795779e+00
2.875354867037113404e+00
2.670053959501492713e+00
3.365665474583980021e+00
2.051097357208895744e+00
1.758258297443015428e+00
2.043354247707937166e+00
2.300222306724772015e+00
1.963756835649120847e+00
1.455454409301667473e+00
1.898901475288774954e+00
1.746888288527673749e+00
1.495211901975736613e+00
1.682241533867501637e+00
9.576603489573261019e-01
1.782801087875254709e+00
9.192346032455400717e-01
1.150579547863086693e+00
1.892307622296118375e+00
2.232449095492496038e+00
3.098795639121630696e+00
3.833738262624333260e+00
2.479530465740802825e+00
2.414877509867157546e+00
3.190509713755257604e+00
2.489836806754861964e+00
2.503570709006073702e+00
1.569594873764573517e+00
1.542415345822226058e+00
3.265530761920443670e+00
1.303242292004482827e+00
1.756152962099263748e+00
1.242434891590039392e+00
1.169752357039165025e+00
1.230011639018192104e+00
1.213339209440299049e+00
1.813601009935864372e+00
1.226685386707051961e+00
1.023927639245154841e+00
1.814438809519246742e+00
2.218369401493526016e+00
1.798947543951753492e+00
1.014038246364467710e+00
1.135831656759426656e+00
1.209206861420586421e+00
9.570657812272114207e-01
2.073848349550886372e+00
1.181215480365227499e+00
2.123054977936159382e+00
1.256359520725507384e+00
9.837529400368674182e-01
1.562699529700996459e+00
1.288845086858344757e+00
1.820302928658203090e+00
1.727676883722791601e+00
1.081553718849599610e+00
9.368002018832679578e-01
1.957250225807814381e+00
2.788663804193455054e+00
1.539433946163548894e+00
2.399186940401006662e+00
2.786716916334090577e+00
9.535063095260916111e-01
1.226754775783447826e+00
1.266353373798463355e+00
1.089669080307317017e+00
9.598181666045197957e-01
4.018297640902225076e+00
2.938315080637125654e+00
2.274891334735261506e+00
1.432772533139765603e+00
1.146825350734494986e+00
1.239344849239914170e+00
1.378130661910716537e+00
9.769693255414333422e-01
2.672035424266396397e+00
2.994511025248391078e+00
3.243525774917920490e+00
2.226030178095940837e+00
2.271297272177312365e+00
1.885565458507028058e+00
1.563373975102727353e+00
1.167082009896684980e+00
1.643475476543130087e+00
9.869976945468674767e-01
1.243391494349875614e+00
2.181236289301926146e+00
2.012046881756408556e+00
1.270501435243871935e+00
1.260751018487932029e+00
1.071080298550075582e+00
9.717109850158174300e-01
1.218203283213393995e+00
1.385998404552238217e+00
1.651802488050640783e+00
1.872476287765537206e+00
1.124368153607091747e+00
1.640824909936972054e+00
9.394730376991755616e-01
1.051131545244406773e+00
1.859668250841207016e+00
1.127797093233285697e+00
1.641893302047932268e+00
1.998460216860359573e+00
1.643481250065207622e+00
1.328299591239766153e+00
1.949210224920525869e+00
2.149381433044148082e+00
1.682233128315087090e+00
1.557292913042607418e+00
1.032215397137612900e+00
1.452751240052460702e+00
2.106228557840925664e+00
1.272317208955320966e+00
1.013988650410093229e+00
1.119234191808051504e+00
2.355455449673284907e+00
1.748885560709934062e+00
1.034888232953520504e+00
1.296609762358540197e+00
1.361310336026322565e+00
1.848102132933488795e+00
2.116956165326398853e+00
1.418391064028754700e+00
1.309950364075171070e+00
1.697525968585055001e+00
1.140286588221852915e+00
1.810589276843888040e+00
2.134095902631441444e+00
1.943175695146380333e+00
1.115034943385369903e+00
1.488505778144787017e+00
1.211531499952399171e+00
2.011677832901357821e+00
1.697644771761508631e+00
1.501931702944896641e+00
2.586609152467191031e+00
1.761663826419249679e+00
1.187917399087565773e+00
1.396557527761513429e+00
1.979776903053604098e+00
1.489045137005865493e+00
9.545121284140298812e-01
8.850053391230320310e-01
1.981135638817554945e+00
1.051485318078623221e+00
8.600824310776126191e-01
9.627086078466152719e-01
2.722925885058549156e+00
1.965929681473024049e+00
1.791286796069863962e+00
2.450886872483803103e+00
8.706137095270161108e-01
1.044560340451310854e+00
8.476996917256631736e-01
1.132777203349430994e+00
1.159817755167031228e+00
1.497716543124564481e+00
1.872850613912015127e+00
1.884113690674470654e+00
1.244183705115538663e+00
1.016992121306564467e+00
1.289554070801985475e+00
1.122804203820448876e+00
1.004590817901175770e+00
1.464278754703025376e+00
1.479730846843486880e+00
1.228437528746544105e+00
1.779262723295635507e+00
1.212842255372724498e+00
9.465227738793360324e-01
1.030054112787451848e+00
1.967586926313768192e+00
8.382367860856269060e-01
1.332245519883844986e+00
2.191892990537852803e+00
1.585922450690003815e+00
2.250018491528498643e+00
2.010289818621103120e+00
9.580719799414222360e-01
1.208413612842401896e+00
9.565789876446419981e-01
1.181849860088707738e+00
2.328167279039488946e+00
1.078350128829851151e+00
1.600725617066102613e+00
9.783490902118818777e-01
1.413077354026686772e+00
2.656306858416764172e+00
3.296758037616099202e+00
1.142608738080238551e+00
1.018182125310697073e+00
1.235460318008352321e+00
2.655146636198782328e+00
1.510425017321779695e+00
2.008105283095530602e+00
1.327331457553413641e+00
2.034423798776491488e+00
2.022628288734150015e+00
9.780405263691120954e-01
1.285095474664636361e+00
1.540855453122477181e+00
1.023619075402384837e+00
1.030360247739775748e+00
2.100160832924055310e+00
9.477938958583362883e-01
2.708513423748634796e+00
2.271207619110632514e+00
2.273411183457776374e+00
1.729914241098644112e+00
9.505524345839950762e-01
2.170452864379651015e+00
1.313224423566870414e+00
1.319412010110362354e+00
9.610533796000994000e-01
9.324564017857176479e-01
6.337150374476438586e+00
1.964202509689153775e+00
1.185284196712983684e+00
1.365980064198218047e+00
1.058587656901832652e+00
9.502494462913472217e-01
1.938385748132255504e+00
1.055797470743395694e+00
8.681884925273042342e-01
1.109453441618812652e+00
1.014422352631983326e+00
1.209195330494069909e+00
1.757317537648271699e+00
3.544481528083301414e-01
1.356865577634600362e+00
6.183058384991640954e-01
3.125215639356903052e-01
1.449453117983198203e+00
1.651510040069270602e+00
1.674085914960842469e+00
1.614963821812226641e+00
1.826343366661758782e+00
1.530154009156823314e+00
1.980833156582737953e+00
1.421081584119528562e+00
1.659330477457889641e+00
1.193983585589537766e+00
1.418593473853503539e+00
1.097133256188292050e+00
1.629270128324764144e+00
1.102019599171136566e+00
1.820677276876417228e+00
1.084755212607891650e+00
1.022931980842221478e+00
1.132374872373360875e+00
2.408634514554830464e+00
2.020675092561713182e+00
1.812711885377224830e+00
1.624853214692913328e+00
1.080775345829563028e+00
2.440886952339679006e+00
1.062954776607353047e+00
1.783414333836424115e+00
1.033783931859139305e+00
1.932145228907657053e+00
2.592058316229608028e+00
1.402005628953445493e+00
1.111616164244181082e+00
1.377776889076499867e+00
1.215530827223759269e+00
1.115241017885041375e+00
2.083868807080462737e+00
1.299676864926968545e+00
1.371417014289906255e+00
2.268131539918418316e+00
2.109308842141750517e+00
1.417624799733462782e+00
1.099942579455519542e+00
2.974412726788317141e+00
1.451025226337656848e+00
1.164509752548676502e+00
9.824873936079890901e-01
1.979053808468029585e+00
1.027877172590184518e+00
1.533905717611988129e+00
1.290864248424082428e+00
1.044668983142759133e+00
1.472027116369865718e+00
1.273649655787167934e+00
9.727066434187504607e-01
1.239083603235745956e+00
1.151742027150638670e+00
1.866371737977012168e+00
1.155588173311050904e+00
1.168069604076068524e+00
1.065827533574581487e+00
1.081965349833695189e+00
1.840315313635828787e+00
2.041391678576140567e+00
8.723518319665646281e-01
2.152923859155057240e+00
1.597707166843540971e+00
1.844225791337761322e+00
1.454036579603360302e+00
1.821956786463207578e+00
1.544676170827764983e+00
1.147906712047179090e+00
1.157601759326666535e+00
1.450824925360062911e+00
1.201194567104195254e+00
1.255278159412823058e+00
1.900286204720379679e+00
1.101441147302421486e+00
1.077902588862334365e+00
1.047357554993793682e+00
2.355184743591369756e+00
1.701451862278824168e+00
1.428351414399304353e+00
1.508205874821739290e+00
1.273768458963621342e+00
1.980611487353761468e+00
1.119835583458463679e+00
1.765904817130410587e+00
1.304323653317167153e+00
1.535343340432316017e+00
2.033358355353251490e+00
1.876982763959772260e+00
1.484630829600003032e+00
1.012739599668887047e+00
1.567333668932762381e+00
1.443515461638962272e+00
1.135700744858228584e+00
2.532306429987188245e+00
1.920790368446770202e+00
1.864557082497479090e+00
1.007405716718525079e+00
1.389594165063051445e+00
1.621257834008372756e+00
9.420428063737565916e-01
1.135253204890711576e+00
1.079595502310435551e+00
2.761074577173877831e+00
1.596893204883374828e+00
2.644933364301032430e+00
1.029754271154480261e+00
1.365835512523349005e+00
1.206242825993484535e+00
1.981617621766216253e+00
1.139197162685619436e+00
1.562219880082015733e+00
2.360240285278692784e+00
1.029748695604358222e+00
3.243010498117636864e+00
1.473098317197544471e+00
2.440645663367223772e+00
1.154723426809315834e+00
2.209760887430203713e+00
9.205812676492862723e-01
9.657757104150435090e-01
1.309950364075171070e+00
1.146132680624209810e+00
1.051301512788701542e+00
1.398487899540805657e+00
2.933045916210317294e+00
1.348959817162503017e+00
1.996140495892419819e+00
1.822110638146102524e+00
1.619491348984696044e+00
2.113113093265992060e+00
1.081169612582083772e+00
1.349589053572786579e+00
1.199620456832547255e+00
1.685841333520583962e+00
2.108285141006990049e+00
1.055061285467415289e+00
1.607677677699095531e+00
2.223036301647109525e+00
1.467026555145450661e+00
9.266353454265137124e-01
2.071483619536473864e+00
9.787276209292756768e-01
2.986523291957245085e+00
1.215439548763886046e+00
1.484511035808310675e+00
1.463327727493311414e+00
1.758255337901325266e+00
1.924814268215050417e+00
1.344866722757842581e+00
2.011781358083959415e+00
1.508224757516542835e+00
2.271616746671593745e+00
1.908731821432388953e+00
1.531300900430965228e+00
1.047850303952757578e+00
1.617970637340329754e+00
1.690683505324502844e+00
2.084093029284622922e+00
1.683445197065220444e+00
1.103810994825681346e+00
1.026572950344481594e+00
1.003656104524816906e+00
1.043348067237428678e+00
1.167691073358675169e+00
1.052984265751798043e+00
1.059755771522487677e+00
2.079371752175736887e+00
1.682905142853353686e+00
1.140084178397104075e+00
1.560719363995374476e+00
9.056609801108854718e-01
1.266751823050163317e+00
1.768508204086941094e+00
1.940848674871105128e+00
1.112904650454756617e+00
1.684490451422527846e+00
2.316035012965510287e+00
9.933724448916092520e-01
1.107909664780463599e+00
1.724151042889319640e+00
1.012658481694019175e+00
1.994174215129707051e+00
1.648647318174762066e+00
1.256468163416955663e+00
1.320835415358791121e+00
1.399923033687705987e+00
1.009558278858888158e+00
9.351505491868742359e-01
1.894745349619818109e+00
1.363571161031861489e+00
1.022244886282058118e+00
1.245401415690568392e+00
1.200701818145231359e+00
1.371244937898456584e+00
9.691467918913582169e-01
2.040429722058506812e+00
1.445067682527132913e+00
1.856122616885714338e+00
2.657514437639921123e+00
1.913922743730779086e+00
2.105403874752298954e+00
1.270501435243871713e+00
1.904082544368763008e+00
2.514712331978285142e+00
1.141721722368753689e+00
1.208898297577816860e+00
1.207935739441586165e+00
1.258024589413737182e+00
1.186858306984631239e+00
1.181140317766753878e+00
1.311638692588389388e+00
1.035914224789752369e+00
1.262992050371449793e+00
1.064756332746902734e+00
1.028190321367837390e+00
1.338818220530737069e+00
9.741721109989501803e-01
1.740028971000078029e+00
1.630095819183401851e+00
1.187161295277279205e+00
1.554017825099308414e+00
1.363352437373757775e+00
1.348317931593786323e+00
1.506531844068440762e+00
1.452665537142709740e+00
1.039729366944918354e+00
1.129199127113484247e+00
1.146911053644246170e+00
1.391295142734702450e+00
1.543699116959658779e+00
1.027184502479899120e+00
1.190418158512023705e+00
2.406068201960620989e+00
1.680983873110132309e+00
1.632537152044513551e+00
1.399597776185308673e+00
1.580462560816618511e+00
1.300363959487131904e+00
1.971013609608785133e+00
1.455048551839648763e+00
1.196856342556766650e+00
2.084923974830817706e+00
2.541787739073247732e+00
2.405920182214853487e+00
1.168297049943970434e+00
9.242493820418542505e-01
2.429265545979990115e+00
1.842204141098596093e+00
1.057631054141996430e+00
2.338078322777640494e+00
1.005528618154229337e+00
1.363713283816284871e+00
1.853889256813774589e+00
9.467474529138344419e-01
1.282824109347819652e+00
1.417279369282771873e+00
1.455459984851789068e+00
9.596415052781868127e-01
2.561869106497346227e+00
1.861208881019879691e+00
1.593472329480730032e+00
9.681511334884252973e-01
2.256969598848430625e+00
1.186852731434509423e+00
3.197639966747929385e+00
1.303350934695931329e+00
1.855997660360910961e+00
2.645322651567707517e+00
1.314397231314048398e+00
1.373814706573037725e+00
1.001654627233945494e+00
1.020362212167640559e+00
1.067629089714131618e+00
1.128890183444442030e+00
1.135361847582160078e+00
1.457457455006005320e+00
1.055245470583609402e+00
1.603609341177612668e+00
1.068207541582846476e+00
1.627139835394150857e+00
1.736093457254991979e+00
1.300823228353120697e+00
1.021633334146640815e+00
1.216309200243795630e+00
2.079188800871001330e+00
1.788265377488256647e+00
1.470041375114121474e+00
1.112465174710788984e+00
2.324108864476998715e+00
2.043277114260293015e+00
9.581530979162898864e-01
1.081737903965793501e+00
1.350309248399652606e+00
1.610423567266321854e+00
1.065443427307066093e+00
1.379365874906295808e+00
1.174307866969490188e+00
1.678254297376261084e+00
2.221573508126593932e+00
1.132466150833233876e+00
1.370042825169579537e+00
1.030332723023195340e+00
2.471495748630509581e+00
1.188541059947727740e+00
1.360725928781213234e+00
2.204887466502099436e+00
1.049418838674283760e+00
2.163590463803992225e+00
2.594512879025778318e+00
1.249709306804698494e+00
1.825694129324755721e+00
1.008102971763693789e+00
1.441866188768840873e+00
9.313852009580385616e-01
1.449784057965683104e+00
1.246773116137468218e+00
1.275954121370687089e+00
2.272488514386562297e+00
1.880511046269389031e+00
1.120196749944281978e+00
1.438674327647564422e+00
2.292498352814923201e+00
1.305869918828943321e+00
1.031906833294843340e+00
2.038562562186892357e+00
1.591982023829332293e+00
1.883644766562034389e+00
1.060200822816577348e+00
1.028455624458899376e+00
2.511009668346832147e+00
1.005523042604107520e+00
9.445314570734699711e-01
1.420010383291849809e+00
2.362366451112088761e+00
1.233811045138230922e+00
1.986801317708605241e+00
1.053676935862083219e+00
2.077396092353534396e+00
1.036725698076491398e+00
1.300169613885932662e+00
2.158093804470206933e+00
1.729296202985886488e+00
1.897376960971501880e+00
1.067768065838878622e+00
1.875091840235548535e+00
1.140501384931322137e+00
1.094515789848836684e+00
1.403494036315342530e+00
1.143459844808302428e+00
1.437666940346159494e+00
1.209957389680751172e+00
2.367104000391811347e+00
1.056549692829312326e+00
1.416150032145237159e+00
1.263429429853961450e+00
9.655813648138440453e-01
1.147219617487015730e+00
1.389839295205819836e+00
1.047605173809989410e+00
9.558006146246054158e-01
1.362614558272025267e+00
2.736347293850097895e+00
1.111275170706656379e+00
1.816180939095450420e+00
1.005414399912659240e+00
2.092700486159450257e+00
1.006518701007040661e+00
1.294487533651476285e+00
2.452821246634942387e+00
1.158394349918602240e+00
9.287879075668770135e-01
2.344822404168788399e+00
1.683489828258439180e+00
1.754167082845535797e+00
2.551645411722681445e+00
9.344086629484864570e-01
1.098871378627840567e+00
1.790456718248297774e+00
9.397760259918231940e-01
1.651282594201368692e+00
1.711503158480256914e+00
2.515799781327298756e+00
1.582387357045788479e+00
2.313681076839900985e+00
2.043201286353540702e+00
1.731189429997280760e+00
1.030148537907001005e+00
9.563035240685745508e-01
1.575041984341266854e+00
1.506317047358971317e+00
1.240946484228142577e+00
9.827959574507586504e-01
2.114812083662801712e+00
1.329534804235345424e+00
1.483966004249589243e+00
1.425013433189691980e+00
2.097834055546519583e+00
1.136643130046165684e+00
1.110643445622945258e+00
1.729819285378149107e+00
1.372349238992837561e+00
1.130389131117616852e+00
1.429012760461051856e+00
9.393643950077271709e-01
9.816003778965045612e-01
2.372155395509171871e+00
8.706690790034683491e-01
1.381197764479144885e+00
1.664083997664336900e+00
2.557760021643571413e+00
2.434584986977060606e+00
1.142848292672884680e+00
1.142161198112721321e+00
2.080928419164346010e+00
1.928750161786409123e+00
1.479863867591839632e+00
2.005784956602294056e+00
1.517694847601555486e+00
1.743102569378588429e+00
1.014422352631983326e+00
1.183217337482371345e+00
9.630171716893848322e-01
1.480526584095098741e+00
2.216820324081076432e+00
1.270392792552423433e+00
2.458507786391996852e+00
1.408591431144712969e+00
1.546387160962704455e+00
9.456128183861540748e-01
1.118731282364082036e+00
1.227247524742411722e+00
2.065768379061343474e+00
1.451831124074273616e+00
1.891081037900156581e+00
1.109837547886328268e+00
1.006857598283109168e+00
1.287791570305532263e+00
1.306499155239227328e+00
9.372421663006630377e-01
1.076030075232921712e+00
1.560834160035172280e+00
1.435223498637893114e+00
1.861689901080372023e+00
1.114890391710500639e+00
2.063781210384361131e+00
1.324092278593535399e+00
1.706999883952406094e+00
1.451452593356880261e+00
2.965655931004954837e+00
1.671427620101074929e+00
1.701152538661098834e+00
1.354289115177981451e+00
1.180528765631336574e+00
1.413077354026686550e+00
2.530147473404272151e+00
1.417565247757831770e+00
1.555127043757563277e+00
1.008092811278688439e+00
9.851150204324495840e-01
2.304884765520793799e+00
1.209509849713234164e+00
1.851537153348362663e+00
1.025284464133906059e+00
2.065786459280121168e+00
2.229211498905939060e+00
2.211488794990113416e+00
1.791082487955614644e+00
2.200120368227681311e+00
1.477199475825754060e+00
1.071951198400160621e+00
1.662989477228688617e+00
1.049424414224405799e+00
1.415179409785457310e+00
1.361717382075535276e+00
1.856182043449060348e+00
2.052205080013354888e+00
9.716023423243691504e-01
1.210196944273397746e+00
2.574732212655452823e+00
1.571002163151602904e+00
1.122599697734244284e+00
1.067326101421483875e+00
1.341198228539002058e+00
1.594353769642092633e+00
1.565158167010702206e+00
1.151163575281923590e+00
2.004123895050719639e+00
1.326553404576668482e+00
1.741969503264375163e+00
1.137514409722522934e+00
1.497468521872664438e+00
2.414742324424790532e+00
1.314311528404296769e+00
2.017530221168823523e+00
2.280563328793014044e+00
2.102199873838259236e+00
1.706910503782033794e+00
1.006794164583107554e+00
1.001076175365230636e+00
1.685826575514996373e+00
2.244703914871251094e+00
1.317469909432598563e+00
1.657942648563891508e+00
9.111035057526953862e-01
1.673805321290229742e+00
2.249423816795749431e+00
1.246124419234153180e+00
1.442846111136646847e+00
2.475102475096599086e+00
1.409820490791942493e+00
1.914304879149124394e+00
1.998688777619228141e+00
1.013535336920498464e+00
1.234010966289552202e+00
1.133570451927615297e+00
1.803069731486460991e+00
1.740148154002804093e+00
1.726964753119475393e+00
1.089257449323220772e+00
1.058507909368475719e+00
1.543864697541026176e+00
9.645857064109110146e-01
1.040909210464045609e+00
1.184975632870213680e+00
1.217219155736977587e+00
1.387085341415044581e+00
2.925433251595884965e+00
1.666101590816608136e+00
1.443250538374172942e+00
1.160744404319840939e+00
1.331730627127416078e+00
1.266248913606194293e+00
1.242843375914459703e+00
1.952036516475417871e+00
1.143156856515654463e+00
1.377893203579526160e+00
1.279806800705721503e+00
1.544929745020355183e+00
1.302630739869065302e+00
1.218517802432558472e+00
1.131563019260349190e+00
1.318340809282683379e+00
1.469045716711188554e+00
1.536240516628806008e+00
1.765947537448430360e+00
1.394040652475656117e+00
9.811887469124084271e-01
9.925767076399975020e-01
1.441892135239212225e+00
2.665871593033866116e+00
1.257193655633967122e+00
2.461652933971844259e+00
1.847498770433905646e+00
1.072378945245656467e+00
9.678756699123578500e-01
1.447695309351593851e+00
1.676882056495673678e+00
3.379058364080453014e+00
1.507682792429476670e+00
1.500106309182130504e+00
9.788418391708459954e-01
1.316088048500693608e+00
1.037955335521948852e+00
2.489361837983973036e+00
2.423496515833538201e+00
1.716718238254164808e+00
2.452166713466714221e+00
1.777060747055214662e+00
2.721876068807370430e+00
2.910458673259900042e+00
1.281386486527491764e+00
1.121604039331311142e+00
9.803118916859286935e-01
2.032430385709169229e+00
9.923767864886759993e-01
9.535063095260916111e-01
2.018714387349122230e+00
9.731009101712714271e-01
1.437255309362063471e+00
1.425494971265430788e+00
1.764387446776725987e+00
1.593256185538043379e+00
1.100245567748167286e+00
1.250528303881298431e+00
1.355297422739346835e+00
1.331904651758605507e+00
2.000943517708975161e+00
1.816608560528661265e+00
1.400810049399190849e+00
1.499820685121057817e+00
1.856864244265718611e+00
1.031597889625801345e+00
2.526771884793349354e+00
1.085530776911209472e+00
1.080421572995346358e+00
1.205835779944271602e+00
1.609610145739843512e+00
2.517497684898944321e+00
1.247265865096431892e+00
2.537075470390251386e+00
1.155810363672121976e+00
1.154236253400473977e+00
1.229233265998155744e+00
9.259426753162285362e-01
9.337275237647177928e-01
1.883737955897107241e+00
9.333434174972021768e-01
1.197240448824282044e+00
1.876630179712749591e+00
1.383519914337530299e+00
1.358407245625794957e+00
1.144649848812434811e+00
1.080975266980884530e+00
1.617448267403329032e+00
1.251334201617915420e+00
1.042665557612148630e+00
1.435875544691614714e+00
1.165002501507640176e+00
1.121558830339864254e+00
1.251442844309363700e+00
2.137944019641024873e+00
1.089619286380986596e+00
1.398651911708705731e+00
1.070582964656228597e+00
1.463413430403062376e+00
1.011910442107281760e+00
1.112601662162108873e+00
1.280305125214807438e+00
1.201497555396843220e+00
1.189064142339990582e+00
1.906053228212042372e+00
2.192405347819371464e+00
1.111027551890460652e+00
1.095002963257678541e+00
1.465149456581154697e+00
1.273568537812300061e+00
1.856973723613777993e+00
1.637504292958934959e+00
9.528192149659282517e-01
1.692498160804036145e+00
1.493903094795150377e+00
1.247693232115655304e+00
1.054558376023446264e+00
1.247877417231849417e+00
1.072020587476556486e+00
2.029105513672282868e+00
1.158180211195381837e+00
9.260237932910964087e-01
1.814488025647349234e+00
1.887753019203593841e+00
1.246588931021273883e+00
2.475605977088503273e+00
1.109928826346201269e+00
2.158459093481232216e+00
2.876163911845031951e+00
1.376366790972752163e+00
2.472654871520004960e+00
1.091443111730286519e+00
1.555945708205173084e+00
1.080676863623119877e+00
1.129123584688738191e+00
1.164178919496156928e+00
1.181718769635469179e+00
8.603578946536801775e-01
1.136140220602196216e+00
1.092238848981897936e+00
1.321722431070275761e+00
1.500990836220187807e+00
1.300359374552248815e+00
1.952102046436875016e+00
1.588057328555500414e+00
2.425204722327006124e+00
1.690625647174623269e+00
1.526992148839855901e+00
1.085606319335955305e+00
1.952539623891341947e+00
1.297411075160273874e+00
1.003948932332459520e+00
1.218398999256104620e+00
2.445342778257716176e+00
2.368930879385779065e+00
1.048676374637668163e+00
1.650450947966336068e+00
1.213426282791561395e+00
1.188541059947727740e+00
2.183009624157608908e+00
2.350765457511105438e+00
1.248152880807916754e+00
2.005661898366990936e+00
1.535782816176283427e+00
1.575857514714899876e+00
1.426478900769891700e+00
1.659633465750537606e+00
1.663630304348469924e+00
1.098287351209003448e+00
1.135447550491911262e+00
9.841701465710855912e-01
3.268297582552329938e+00
1.220973352865569295e+00
1.215455284799013436e+00
1.985067594817683023e+00
1.499719714241187551e+00
1.048600832212922329e+00
1.647997886206752582e+00
1.890754591810564600e+00
1.232820962285419819e+00
1.281386486527491542e+00
9.464141311878875307e-01
1.358139846273276774e+00
1.928438604031654346e+00
1.441432866373222987e+00
1.125439354434770500e+00
1.131996341655967298e+00
1.988059526927913989e+00
1.802237229293224274e+00
1.180837329474106356e+00
1.524703419291464579e+00
1.079979608577951389e+00
1.505421967423937524e+00
1.319230313667595578e+00
1.031522727027327724e+00
1.540513211214777023e+00
9.710238904556540707e-01
1.659712095051977920e+00
1.738010669911319139e+00
1.691745406144155472e+00
9.509999745515119729e-01
1.384163368319713650e+00
1.064756332746902512e+00
2.160352471508588668e+00
1.068591647850362092e+00
1.211278305586081627e+00
1.054364030422246579e+00
1.887951421891687298e+00
2.035057632707357289e+00
1.680839321435262823e+00
9.091177644969513638e-01
1.785936797258101949e+00
1.096880061821974284e+00
1.126435012837703642e+00
1.619564540733998692e+00
1.228437528746544327e+00
1.555510817396088541e+00
1.866699104326564385e+00
2.010488484910455842e+00
1.552891254795177201e+00
1.481607945407782845e+00
2.027382019889914844e+00
1.013426694229050185e+00
1.163864400276992672e+00
1.411834076807558125e+00
8.630408909545925766e-01
9.853601505752180856e-01
1.273563952877416749e+00
1.894651049912553731e+00
1.218025053473594355e+00
1.759656393751983794e+00
1.285037616514757008e+00
1.522717678035719890e+00
2.045581824962751316e+00
9.550048773729938878e-01
1.064253423302933710e+00
2.015747581786340614e+00
2.446420424407544481e+00
2.777852739868670540e+00
1.032821373722908609e+00
1.024311745512670235e+00
2.043320023900690785e+00
2.816055309913977567e+00
1.520516820027215443e+00
9.930638810488393586e-01
1.228407195313245159e+00
2.096581010254356947e+00
1.189346957684344730e+00
1.591967806257433393e+00
1.034843023962073616e+00
2.423818282039555516e+00
1.425452908933659835e+00
1.186355397540662215e+00
2.836629200320162969e+00
1.613051194090782348e+00
1.256721357783272985e+00
1.328960937301514100e+00
1.270695780845071177e+00
1.012848242360335105e+00
1.111037712375466002e+00
2.235912516988904919e+00
1.906504294665507970e+00
1.710960615594962597e+00
1.258843586490337341e+00
2.087253648479064694e+00
2.245918296932288616e+00
1.701382275230473029e+00
1.108149219373109950e+00
1.091306624278966630e+00
1.617612279571229550e+00
1.176860271412496051e+00
1.865439513274080641e+00
1.658257365755011259e+00
9.573747248962535261e-01
3.054482705645068741e+00
1.872375031212670793e+00
1.648243016349521417e+00
1.281386486527491542e+00
9.990093161346186301e-01
9.342304332086871499e-01
1.249754515796144938e+00
1.136935957853808077e+00
1.761116563942037860e+00
2.124424068029958423e+00
2.190966894453524993e+00
1.129014941997290133e+00
1.161442649980247932e+00
1.127340253257742786e+00
1.449369998091140976e+00
1.095002963257678541e+00
1.088061489942693916e+00
1.737995591862440792e+00
1.027184502479899120e+00
1.068710451026815944e+00
1.878488855596535778e+00
1.716826880945613087e+00
1.453777231888693011e+00
1.176390462235229251e+00
1.112671249210460012e+00
1.088233946160416021e+00
1.340311212827517418e+00
1.508209021481415224e+00
1.354453127345881747e+00
1.749506732896668915e+00
2.856476175358443115e+00
1.739722318032507653e+00
1.558045667702487647e+00
1.780014289368321734e+00
1.481443933239882327e+00
9.626274898717475104e-01
1.025804737809450362e+00
1.535537686033515259e+00
2.262529480113626867e+00
1.429860720529439799e+00
2.641043618296224693e+00
9.622691321026474176e-01
9.862471662867026145e-01
1.706407792310019822e+00
2.603680933401001596e+00
2.028125248842744366e+00
1.303014846136581140e+00
1.320526471689749126e+00
2.284679408915419430e+00
1.049224493073084519e+00
2.045185989796764137e+00
9.413557118135933433e-01
1.148290818314694484e+00
1.006718622158361942e+00
1.492584275151275897e+00
2.024891325389697183e+00
1.217163984232480844e+00
1.059616795397740452e+00
2.552728748953075222e+00
1.014616698233182790e+00
2.201389184755502271e+00
1.119418376924245617e+00
9.333434174972020658e-01
9.563035240685745508e-01
1.557413664458800140e+00
1.138813056418103820e+00
1.313321445551485889e+00
1.881065697879427567e+00
1.733094373321447890e+00
9.326563229370388175e-01
2.220732159447831311e+00
1.150860586989275847e+00
1.158558362086502758e+00
3.182851469151602330e+00
1.065443427307065871e+00
1.861485995401827465e+00
1.472302579945932832e+00
1.296718405049988476e+00
1.267050226407927749e+00
1.867794485239192337e+00
1.307839864266578944e+00
1.562894865917434428e+00
1.473017199222676599e+00
1.070777310257427617e+00
1.278847051286209568e+00
1.774160132742415907e+00
1.825050295516299714e+00
3.103206067636714138e+00
1.052097250040313181e+00
1.078508565447629630e+00
1.615753983513716463e+00
1.551509001451301328e+00
1.343408269002972055e+00
9.519321992544436117e-01
1.204461590823944883e+00
1.666786589115315298e+00
1.026491832369613943e+00
1.676857678438769206e+00
9.627086078466152719e-01
1.073541424533208222e+00
1.111400127231459756e+00
1.956537775161206971e+00
1.544292444386522023e+00
9.598358508793864985e-01
1.911362789547531360e+00
1.562841592702438609e+00
1.368983733066645003e+00
2.375925555734284433e+00
1.388782311950040205e+00
9.389802887402115550e-01
1.140387166689751819e+00
1.897074170650809632e+00
1.859526128056784078e+00
2.437988002820385081e+00
2.244125937997911269e+00
1.487086380033013855e+00
1.428904117769603799e+00
1.450365656494073896e+00
1.009666921550336660e+00
2.049126815490712961e+00
1.272762640075683072e+00
1.328647788523860784e+00
1.024066615369901845e+00
1.867271402846929496e+00
1.492774035817591827e+00
1.695589641429368966e+00
1.441820979777393985e+00
1.097881295775029464e+00
1.068958069843011449e+00
2.371201004399343226e+00
1.469442472137136413e+00
1.254345934709891530e+00
1.046854645549824658e+00
2.453242416544739068e+00
2.382073857475150547e+00
1.476618535283611644e+00
1.000452514505068669e+00
1.060418108199474130e+00
1.877271006832531564e+00
1.195367935194869835e+00
1.117162747642556075e+00
3.078359913418331928e+00
1.347052385164908106e+00
1.853881585002196575e+00
1.097188625664744288e+00
1.019566474916028920e+00
2.550710338071410455e+00
1.124183968490897412e+00
1.003656104524816906e+00
1.184781287269014216e+00
1.083046711146379737e+00
1.530663071949142751e+00
1.027459966055966456e+00
1.054558376023446264e+00
1.479046240956750857e+00
1.282148743686128523e+00
9.947522095620577876e-01
1.241937557696192407e+00
9.724834026594594283e-01
1.793728457041190216e+00
2.348067265608753118e+00
9.612431402664154412e-01
9.193101456702861274e-01
1.307861235634809605e+00
2.629296722298555711e+00
1.011056846705790546e+00
9.568266064608375032e-01
1.121440027163410624e+00
1.202996123243745163e+00
1.244014577411809652e+00
2.161570533194928423e+00
1.031328381426128260e+00
1.468542807267219308e+00
1.876146532789856325e+00
2.024319091171088658e+00
1.915174590412014988e+00
1.824641153205631028e+00
3.129966835072274911e+00
1.279703733564395263e+00
1.632332645958309181e+00
1.093234507384831078e+00
9.382378247035961794e-01
2.384457805622835824e+00
1.467610582564287780e+00
1.098292926759125487e+00
1.077863533219237224e+00
1.515922912440041959e+00
1.779404846080058444e+00
1.248883236119787687e+00
1.494790110506635239e+00
1.231797352192649742e+00
2.399117301071231445e+00
1.378077388695720273e+00
1.113791666166241257e+00
1.945960571924144622e+00
2.014070948109330406e+00
1.208916522286371364e+00
9.295025268436205579e-01
2.620871167400926627e+00
1.723638500808334584e+00
1.858852192619584676e+00
1.028867255442995399e+00
1.403443251773773381e+00
1.381031263637817030e+00
9.288965502583254041e-01
3.270697522851127470e+00
2.251297906698353835e+00
1.796847584454438929e+00
1.692022118090398486e+00
2.598787578259108333e+00
1.715106983214618852e+00
1.083345114504144169e+00
1.179338761627204191e+00
2.683245454202293878e+00
1.023619075402385059e+00
9.086250155379875793e-01
1.422698955142884580e+00
1.131801996054767834e+00
9.001098117776272778e-01
2.626395572749864016e+00
1.197937703869450754e+00
1.521994959974141803e+00
1.166804057647190307e+00
1.119034270656730001e+00
1.498445445602511361e+00
2.135194628175700604e+00
2.334159537135146234e+00
1.663173464372927457e+00
1.582559433437238372e+00
1.233129526128189601e+00
1.243321907301524032e+00
1.461350050461116101e+00
1.432229990254471508e+00
2.112483279057479901e+00
1.756683914275060543e+00
1.177689108930810136e+00
1.949724147275764485e+00
1.607583910565795415e+00
1.166528594071122971e+00
9.932582266500387114e-01
2.376837355654088046e+00
1.117844266652597396e+00
1.597843654294861082e+00
1.304432296008615433e+00
1.263353887429215616e+00
9.476796776167660807e-01
1.730352528255417299e+00
1.978383558342166726e+00
1.006025952048076544e+00
9.320778710683237378e-01
1.683232969217199226e+00
1.617428672253263366e+00
1.034888232953520504e+00
2.061618604712691205e+00
1.479521625684139474e+00
1.373683794671839431e+00
1.481140565120962149e+00
9.990848585593644637e-01
1.089977644150086800e+00
1.178267560799525437e+00
1.753357843818237116e+00
1.005138936336591904e+00
1.128759651369516392e+00
1.323652802849567767e+00
1.108566425907328012e+00
1.446914447658130154e+00
1.514746548209580768e+00
1.175010697564780715e+00
1.881425244235721328e+00
1.036353700533720223e+00
1.618260318488295990e+00
1.489939218465936133e+00
1.171086912718166673e+00
9.802261887761778425e-01
1.138401425434007797e+00
1.207571806122364366e+00
2.043784335742838021e+00
1.729440754660755530e+00
2.492322657960674093e+00
9.518235565629952211e-01
9.732850952874656514e-01
1.388913223851238277e+00
1.299098413058253465e+00
1.705900502394916085e+00
1.481315117600140230e+00
1.255998354239688863e+00
1.059319382655214747e+00
2.004251800263243677e+00
1.583585045447198025e+00
1.509434934468968814e+00
1.064447768904132952e+00
1.045361653253044310e+00
1.037852268380622611e+00
1.085806240487277030e+00
2.466162546891878637e+00
1.314397231314048176e+00
1.418626033686517962e+00
1.283457930692986970e+00
1.389457677611731556e+00
9.990904341094863916e-01
1.375879617563910307e+00
1.473848845457709000e+00
1.355782107474761577e+00
2.280312565290160798e+00
9.550048773729936658e-01
1.643212982168786418e+00
1.461634814045209341e+00
1.216635128318140469e+00
2.936736188652435242e+00
2.719604887295355766e+00
1.320916533333658771e+00
1.651504084692876129e+00
2.413027457903529793e+00
2.598153379071649116e+00
1.207129841704969175e+00
1.083739381256665135e+00
1.175276000655842923e+00
1.222358693086139425e+00
2.706875374538427970e+00
1.088294891186990299e+00
1.152359154836178012e+00
1.428962966534721657e+00
1.136031577910747936e+00
1.752963470135750601e+00
1.257046235459398087e+00
1.171435110002261304e+00
2.485231224597976407e+00
1.205023926831260361e+00
2.761503493558882472e+00
2.336766048894087344e+00
2.069377126864536898e+00
9.568819759372895195e-01
1.307992147536007455e+00
1.228677083339190457e+00
1.861626467380371075e+00
1.437517803736406918e+00
1.805639500161042132e+00
1.101630907968737638e+00
2.046698511614306160e+00
2.166620722379331898e+00
1.666811625158469035e+00
1.194969485943169873e+00
1.447328887358944494e+00
1.548719851132367653e+00
2.290066034479831814e+00
9.432328103778890860e-01
1.620160676877579808e+00
1.152543339952372348e+00
1.413372278095785584e+00
1.584008785156038490e+00
1.803597018987334488e+00
1.377110245624606488e+00
2.841703897693130365e+00
1.543680512424832063e+00
1.145336943372597949e+00
9.914897707771912483e-01
1.335381757114681767e+00
1.130194785516417166e+00
1.176460049283580833e+00
1.433735091275996076e+00
1.979318731732818692e+00
1.754068738637076574e+00
1.086000586088476494e+00
1.042299135619499495e+00
1.274872760058002763e+00
1.195860684153833509e+00
1.346549475720938860e+00
1.331995930218478286e+00
1.202791617157540571e+00
2.088199564280062148e+00
1.245355286439161269e+00
8.952788382712347781e-01
1.326975196045769856e+00
1.243963792870240503e+00
1.671308618952666025e+00
1.270311674577555561e+00
1.057815239258190543e+00
2.652342862254575273e+00
1.228740517039192071e+00
3.097998607999600473e+00
1.238263108100957188e+00
1.045361653253044310e+00
2.022635417948031478e+00
1.180420122939888294e+00
1.003921407615878669e+00
9.486753360196990004e-01
1.992799170051176239e+00
2.564967990232168926e+00
8.621594507932298646e-01
1.808576749277207130e+00
2.057964268091778237e+00
1.504616069687320756e+00
1.123372495204158827e+00
1.897166486923203887e+00
1.951970018508153215e+00
1.913774397841590647e+00
2.820312693497291523e+00
1.157740735451413983e+00
1.238875040062647148e+00
1.599389919806637472e+00
2.381607079297859642e+00
1.655570704779176339e+00
1.154036332249152474e+00
1.293428441548541752e+00
1.179950313762621716e+00
1.035201381731173598e+00
1.740219651926354638e+00
1.057128144698027183e+00
1.780825104668811942e+00
1.188459941972859868e+00
2.013652303299904744e+00
2.761550181254476932e+00
1.315008783449465479e+00
9.548049562216723851e-01
1.113207638747404582e+00
1.388138857967857076e+00
1.664699556936409808e+00
1.878229705853823539e+00
1.040833668039299775e+00
1.486543379106444629e+00
9.956667499901230567e-01
1.045664641545692275e+00
8.886794088919947043e-01
1.089977644150086578e+00
1.924550913363727522e+00
1.222850451429864815e+00
1.435726408081862360e+00
1.170702806450651057e+00
9.516926446617970381e-01
1.167640288817106020e+00
2.675534797858291292e+00
1.108566425907328012e+00
1.091963385405830822e+00
1.529837381090504600e+00
2.956624754445625669e+00
1.225289308203248106e+00
2.062659472107070791e+00
1.100554131590936846e+00
2.272036727552235735e+00
1.155416096919601232e+00
1.319455650688342585e+00
9.830714210268262088e-01
1.320944058050239400e+00
1.783849224645508658e+00
1.241394024195659362e+00
1.081050809405630586e+00
2.070171147680964996e+00
2.467580223400532624e+00
2.712177509079858329e+00
1.004727305352495881e+00
1.164234288972609166e+00
1.162324090141610755e+00
1.309566257807655454e+00
1.113666907613393153e+00
1.559374647831367477e+00
9.254397658722594011e-01
9.836773976121215846e-01
2.634183624837755477e+00
1.798995241616627716e+00
1.107651885479262965e+00
1.886628595111157658e+00
1.323296541341923982e+00
1.378981768638780192e+00
1.225295461551598075e+00
1.329843368078115207e+00
1.073355143155558356e+00
1.268624336679575748e+00
1.349020762189077072e+00
1.190865698479540713e+00
1.443440299040489094e+00
1.136935957853808077e+00
1.501470230887486546e+00
3.038145856652065824e+00
1.215720587890075199e+00
1.870464725451707055e+00
9.841701465710855912e-01
1.040416461505081713e+00
1.031522727027327724e+00
1.796750350618171677e+00
1.099564048738125743e+00
1.335171675478354913e+00
1.208319845709101781e+00
9.883140255173147315e-01
1.418013111109589053e+00
1.129426572981386157e+00
1.143649605474618358e+00
1.128127926285805271e+00
1.510167238020578839e+00
1.733531360391988629e+00
1.218328041766242098e+00
2.097433842712652208e+00
9.104164111925320269e-01
2.467946969988358941e+00
1.316800179104010260e+00
1.418137869662437378e+00
1.936107803823090334e+00
2.023727977558242408e+00
2.319499119262781406e+00
1.675799126769522696e+00
1.174307866969490410e+00
2.864472050194168506e+00
1.041212198756693352e+00
1.035391142397489750e+00
2.006641440908524920e+00
1.598222185012254659e+00
1.095311527100448545e+00
1.334484580918191776e+00
1.059119461503893245e+00
9.783435146617597278e-01
1.039289891200950500e+00
1.135442965557027950e+00
2.107419284133063009e+00
3.247432173570889979e+00
1.597394018065888099e+00
1.876510720523065778e+00
9.794248759744441646e-01
2.431216530804226394e+00
2.213957334458196424e+00
1.122046003748706111e+00
1.137135879005129580e+00
1.098871378627840567e+00
1.802317634812829805e+00
1.416417111454463917e+00
1.265670461737479213e+00
1.019366553764707417e+00
1.378883286432337263e+00
1.178267560799525437e+00
9.530135605671277155e-01
2.380609377219538469e+00
1.456786476307241784e+00
2.081061439912698763e+00
9.558863175343564889e-01
3.115659076567981689e+00
2.310129013349100369e+00
1.210902263542115387e+00
2.065099364719957364e+00
1.499484489631742301e+00
1.309068923913808247e+00
1.150385202261887008e+00
1.116161513689501339e+00
1.387499781115859143e+00
1.216526485626692189e+00
1.630265786727697286e+00
1.900612993271704187e+00
1.308012320484301050e+00
1.072265717619324654e+00
1.172397288312219343e+00
1.586369990657520823e+00
1.257494155253187529e+00
1.271497093646804855e+00
1.900711083066175755e+00
3.068227028418341717e+00
1.326060655617704587e+00
1.423481385249814934e+00
1.301559539041386326e+00
9.612734736997143870e-01
1.037468162113106995e+00
1.092795031640863446e+00
2.706106622140297624e+00
1.755363378196002078e+00
1.173712050869199830e+00
1.838466059831404209e+00
2.083301477395130163e+00
2.093337454164293732e+00
1.271744712463000360e+00
1.144531045635981181e+00
2.342903613803946072e+00
1.021438988545441351e+00
1.205858719725968919e+00
1.220122246137505417e+00
1.546667867459903700e+00
1.100754052742258571e+00
3.102440597133528044e+00
2.091695069707216081e+00
1.920942396764516946e+00
1.626054947595518163e+00
1.755076505764754380e+00
2.231483350142532629e+00
1.194292149432307548e+00
1.461142065086245667e+00
1.999158842347039444e+00
1.371801120557421871e+00
1.086493335047440389e+00
1.067080971278715706e+00
1.598954108737592472e+00
1.707294610049549410e+00
1.432747497096612532e+00
1.097820350748455409e+00
1.172825035157715412e+00
1.075029831895105259e+00
9.573747248962535261e-01
1.088782064595832155e+00
1.540969944260354829e+00
1.147164248010563714e+00
1.473611387126519068e+00
1.011767283483355317e+00
1.069781651854494697e+00
1.210396865424719026e+00
1.208119924557780278e+00
2.898247747495083626e+00
1.348517852745107604e+00
1.268379206536807580e+00
1.227989988779027319e+00
1.727110540578820963e+00
9.850571622825703422e-01
2.266099589104924927e+00
2.100233467663261244e+00
1.499709553756182201e+00
1.149490982803832662e+00
1.116555780442021861e+00
1.589982065001688927e+00
1.857243033841495361e+00
1.242385097663709193e+00
1.303959340171672476e+00
1.279074497154111256e+00
1.547373186728621564e+00
1.565266809702150486e+00
1.808861512861300591e+00
2.742289330665468761e+00
1.099649751647876927e+00
2.365876244121465799e+00
1.583597154171942245e+00
1.413142883988144138e+00
1.343506751209414984e+00
1.454957075407820044e+00
9.230699183489996518e-01
1.301359617890065046e+00
1.641220425059668475e+00
1.923869865221949027e+00
1.521744959414484288e+00
2.212118758963033560e+00
1.946819549646678249e+00
2.755031025923911692e+00
1.992642889477834967e+00
1.110718988047691091e+00
1.406371378217454726e+00
1.170839293901971168e+00
1.516924146393096917e+00
1.808385930161956257e+00
1.139839048254335685e+00
9.612202004847183456e-01
2.489681949740855327e+00
1.058702254969675183e+00
1.741646721849706481e+00
1.791099261803263065e+00
1.255874835990092642e+00
1.379267392699852879e+00
1.028147060616129815e+00
1.172579905014947022e+00
1.029848038287780598e+00
1.438272916931454981e+00
9.716298670409495575e-01
1.482742579935463434e+00
1.560511378620503598e+00
1.111908992051823697e+00
1.536972820180416255e+00
1.090556096018801657e+00
1.261114951807154050e+00
1.042958385419790801e+00
1.215119196239663024e+00
1.884523425733747981e+00
1.406853966691412827e+00
1.059313807105092708e+00
1.345215780518916660e+00
