-2.672314768785503816e+02
-8.534856922681163383e+01
-1.409221688306728311e+02
-2.945120146907867138e+02
-8.086562964581985113e+01
-9.233682925833132060e+01
-1.347876263884834884e+02
-1.020422162274083462e+02
-1.164978496022116019e+02
-7.263259031298957780e+01
-1.150281029573349940e+02
-1.294313184660823879e+02
-1.378349335336441470e+02
-1.080220850717965533e+02
-4.647737475218609688e+02
-9.629298047684538631e+01
-1.249031248780492120e+02
-9.289307819383056142e+01
-1.504243957971007148e+02
-1.021242713566440017e+02
-1.145086694182098199e+02
-1.049449548660204385e+02
-9.552421719898126184e+01
-1.218626429616868023e+02
-9.598103898065149053e+01
-1.139430048748692741e+02
-1.123908382366004446e+02
-9.506248416234058141e+01
-6.630763254417465191e+01
-8.027054347302463100e+01
-8.942641147590293826e+01
-1.277809305666875730e+02
-8.750631817363131404e+01
-9.387314688983380506e+01
-1.578683590413299385e+02
-1.526377766810830394e+02
-8.538022622663851280e+01
-9.754430414626305890e+01
-9.567713129503401603e+01
-1.147452613327151028e+02
-1.093846813850948223e+02
-1.022106758662269073e+02
-2.016017432417607438e+02
-1.085643882647976994e+02
-1.273314487802531829e+02
-1.540820152966127807e+02
-1.398365597714412729e+02
-1.203480960188842488e+02
-1.382540442520228510e+02
-7.964082822696755670e+01
-1.119652354709059665e+02
-9.049416115540418559e+01
-1.053970622789705374e+02
-1.042965760156310182e+02
-1.253195329873132948e+02
-9.739374887948203252e+01
-1.190581033498179409e+02
-9.016345056449074491e+01
-1.384027716378068646e+02
-1.400889856869624737e+02
-1.083242473196204259e+02
-1.230537602354987143e+02
-2.724118233555916504e+02
-9.210583946885098783e+01
-1.170066543904042504e+02
-1.592635732254844640e+02
-8.415174195076704677e+01
-1.091842227614873622e+02
-1.172422065963779403e+02
-8.475544183050051572e+01
-3.546446728313854351e+02
-1.274639134551880204e+02
-1.175152466184572972e+02
-1.546461973344107435e+02
-1.236753714061906919e+02
-1.419690089616489956e+02
-1.305291987912540890e+02
-1.204672013102491519e+02
-1.491750312248886701e+02
-1.054893323994072460e+02
-9.289572882071523452e+01
-1.149290077780063513e+02
-3.010317605708184487e+02
-9.684966779049260310e+01
-7.013973906777965794e+01
-7.864258425577833123e+01
-1.137686666461524823e+02
-1.599060906316313435e+02
-1.289539219754811086e+02
-1.000473910535972522e+02
-8.093498332695443764e+01
-1.226744148881745815e+02
-1.909186882365956137e+02
-8.801116948959872843e+01
-1.316819916231560512e+02
-9.718249084113541869e+01
-1.209917507225186739e+02
-1.106714985530594220e+02
-1.148890182234626280e+02
-1.868745144998082992e+02
-7.766423576982290911e+01
-1.147044814855788673e+02
-9.453743910212018875e+01
-8.036980520386882176e+01
-1.606759887555148225e+02
-9.579249012044948586e+01
-7.963886746408509509e+01
-7.990324969056344173e+01
-1.317386617385841134e+02
-9.947274257834520483e+01
-9.394806232940976543e+01
-1.820169912175740876e+02
-1.021828697332085056e+02
-1.317296543036268588e+02
-1.153507275253577973e+02
-1.097194552484093890e+02
-1.844902650239334889e+02
-8.452113669746452729e+01
-1.536216550929861455e+02
-9.247613543912893874e+01
-1.092734849328307831e+02
-1.094049319624743219e+02
-1.371118414011995128e+02
-2.261859124366124831e+02
-1.327111870633161743e+02
-9.810105921381810390e+01
-8.626819606935308116e+01
-8.220349503093584076e+01
-1.310312859740816123e+02
-8.427328703986354697e+01
-1.036598937685980388e+02
-8.973991039513842338e+01
-9.523548991434152811e+01
-1.333747400337530848e+02
-1.325781491310539195e+02
-1.055629477510427705e+02
-8.509868004040251321e+01
-1.026764145851765591e+02
-1.785242995631506915e+02
-1.598766325132913551e+02
-1.292990946228817677e+02
-1.203547524682219176e+02
-9.229380991641335186e+01
-1.160615727541076723e+02
-1.805491437389237603e+02
-1.165184338741556900e+02
-1.829099548788327922e+02
-8.403501619324889305e+01
-1.347646269774678842e+02
-7.883394642457606949e+01
-1.349224779737596975e+02
-8.486552805511504971e+01
-8.875655894934567414e+01
-1.159342344551467932e+02
-1.165486017216665289e+02
-1.094999423584125111e+02
-9.774862670024224087e+01
-1.205272025098095270e+02
-1.461918675080559922e+02
-9.752466303398415448e+01
-7.702244697305630439e+01
-8.223022811555905776e+01
-1.114779676704752518e+02
-8.464412125862347125e+01
-4.010724609715126121e+02
-2.407221919281364251e+02
-1.095010434938065629e+02
-1.096239279700331934e+02
-7.530802968134172204e+01
-8.627026904313410682e+01
-1.134986274051962312e+02
-8.641747215238602564e+01
-8.569648930250460239e+01
-8.236395736643090970e+01
-1.117085630175741926e+02
-1.100666661797391299e+02
-1.125162742457919052e+02
-9.935236296308387693e+01
-8.876087923990031925e+01
-1.031978381997867160e+02
-1.254096362202364503e+02
-1.372994483610135319e+02
-9.882621356568716919e+01
-1.319807536709909641e+02
-8.847177951656485106e+01
-1.732826294923948183e+02
-1.197237730522909231e+02
-1.001774488685658326e+02
-2.548365515507781254e+02
-9.337450782458753906e+01
-1.138957160633351720e+02
-1.999683882738976877e+02
-2.486620661029111261e+02
-1.607397330538691165e+02
-4.446197127545329408e+02
-8.806383364140037884e+01
-2.516255345057087993e+02
-2.126890991076753323e+02
-1.005482503026729546e+02
-1.105729774354200572e+02
-9.391508170950305612e+01
-1.099583899494996331e+02
-1.260434796587497459e+02
-1.525404836352624613e+02
-8.928660879949325135e+01
-2.017180768169998544e+02
-1.421573389537161916e+02
-1.728076421469603190e+02
-1.046131190411035590e+02
-1.423078375668482352e+02
-1.066930662706802337e+02
-9.891624439870969354e+01
-1.040938318762717358e+02
-9.707564000506677360e+01
-1.150643250060667526e+02
-1.382555461173942035e+02
-1.246067551160298592e+02
-1.508656483735497318e+02
-1.658433155059326509e+02
-1.057664934342346470e+02
-9.554251265485399358e+01
-8.423691939569268072e+01
-1.064485861412809413e+02
-1.511563995427181624e+02
-1.530732945195480568e+02
-2.818561282337165039e+02
-1.150382234497084823e+02
-1.433539195455659581e+02
-1.307901607908056576e+02
-1.873369274358106509e+02
-1.188090809359821236e+02
-1.034561802147788683e+02
-1.389195363473733380e+02
-1.103237067018243920e+02
-2.409264055308225068e+02
-1.179032059793235874e+02
-1.814691263477691905e+02
-8.987104706592346304e+01
-8.281366913437240385e+01
-1.400313484816570906e+02
-2.145137631724511209e+02
-1.501657763702791897e+02
-1.653570383299472439e+02
-1.328719408546217835e+02
-1.401412686194662740e+02
-1.504049333129871684e+02
-1.559306632077745292e+02
-1.440720982105845849e+02
-1.366471589177763803e+02
-1.324238905083482507e+02
-1.480842237818043543e+02
-1.418762241872772449e+02
-1.303718529146372020e+02
-2.023683286504738703e+02
-1.668828054867169044e+02
-1.282709690386723480e+02
-1.547079787953373682e+02
-2.735940766555773394e+02
-1.316290331040119383e+02
-1.558882680171329866e+02
-1.232508139345896438e+02
-1.358238462158660980e+02
-1.133195538938989415e+02
-1.579139679002052503e+02
-1.275104257167526498e+02
-1.306471388533403513e+02
-1.485183506407195466e+02
-1.480088185162352659e+02
-1.888767895861682575e+02
-1.410755771453074487e+02
-1.404218296203649459e+02
-2.124053350235339224e+02
-1.250936154798074540e+02
-1.473585952389584008e+02
-1.525660469693413575e+02
-1.858805415497760407e+02
-1.192916519948297491e+02
-2.267033594351543115e+02
-1.259766215874485056e+02
-1.218857994688945325e+02
-1.390415048651258587e+02
-1.628993660600269493e+02
-1.248224747583404195e+02
-1.179990872795766705e+02
-2.895228764306846188e+02
-1.595407966531987540e+02
-1.601323900362841073e+02
-1.882840513799970665e+02
-1.327862544905633229e+02
-1.424813653090178036e+02
-1.921990150117939891e+02
-1.810554835681924146e+02
-1.504732228800602911e+02
-2.027049904605704285e+02
-9.748262504871281919e+01
-1.157643115983947268e+02
-1.982866879922354997e+02
-1.352997082178287656e+02
-7.819839747331626256e+01
-1.665219953582002574e+02
-1.509430490993909757e+02
-2.875746514990344167e+02
-1.099982441324710010e+02
-3.490875703167827169e+02
-2.553152832991593186e+02
-2.003629872209631344e+02
-1.341054281609449390e+02
-1.384822698729823287e+02
-1.122953248809599671e+02
-8.190145406653169857e+01
-1.517693610097488772e+02
-1.949500979525213893e+02
-1.505893689437154137e+02
-1.590451155117564497e+02
-1.077935666317173116e+02
-1.316355634108421100e+02
-1.369942877922571540e+02
-1.085908647915049414e+02
-9.796565659595091802e+01
-1.103120064639459059e+02
-9.556400739980355752e+01
-4.545133555161582990e+02
-1.459855577090276938e+03
-1.411441379846970960e+02
-1.017866973317750450e+02
-1.302293926769905852e+02
-1.366087626654774567e+02
-1.137585899719259004e+02
-1.066853777758742865e+02
-1.467707602295753873e+02
-1.570542561536871915e+02
-1.197022942663718368e+02
-1.299197736235169316e+02
-1.091087566005631686e+02
-1.389021431489660756e+02
-8.221332252508547356e+01
-1.274029163193210223e+02
-8.444803012466475423e+01
-1.167541379789102933e+02
-1.909905971442445036e+02
-1.470374163067629070e+02
-1.330553359037132850e+02
-1.364483052219445369e+02
-1.556528151665100381e+02
-1.581487292146327661e+02
-1.115025787983832828e+02
-1.334809240897200482e+02
-1.309641158956285665e+02
-1.454732989915379449e+02
-1.111122232419951672e+02
-1.457093679844240057e+02
-1.354681808258196156e+02
-1.084078217647462026e+02
-7.385509251299629341e+01
-9.395797830543502016e+01
-2.011452115091357769e+02
-1.170559742246302193e+02
-1.615529740797596787e+02
-1.125406854429430297e+02
-9.206728872381360418e+01
-8.216766345791050696e+01
-1.164653794322621962e+02
-1.204400202575564691e+02
-1.000146103351030149e+02
-1.310139539788424372e+02
-8.305167233586007569e+01
-1.103751599558058842e+02
-8.214114124101520531e+01
-1.326932588363162608e+02
-1.075720125741597855e+02
-8.697963508843504599e+01
-1.130982951697306476e+02
-1.035579721218991409e+02
-1.182604975136233492e+02
-8.745307365911249065e+01
-8.048236476679545603e+01
-1.406015403832280697e+02
-1.626405109655677279e+02
-1.829123044695276690e+02
-1.279520814256503343e+02
-9.158786304539913203e+01
-1.517043862510574286e+02
-4.900429272060758876e+02
-1.037382458649803709e+02
-3.421484398456656777e+02
-1.047812754257118115e+02
-1.031639050523898931e+02
-1.530848382615469347e+02
-1.177436607546960943e+02
-4.738656414764363944e+02
-1.781818371743983391e+02
-1.147103636950278229e+02
-1.077031311059841414e+02
-1.410562087426990558e+02
-1.035016032326492734e+02
-9.083852664972815205e+01
-2.696278507776640367e+02
-1.323324898646307588e+02
-1.567319468823654063e+02
-1.343900268866566421e+02
-1.194439092633877095e+02
-1.430078309424380052e+02
-3.763946519180956329e+02
-3.202649361595593973e+02
-1.371053841768063819e+02
-1.380314443913899538e+02
-4.739697943855630342e+02
-1.326715767642149615e+02
-1.482339663773607299e+02
-1.552194904078972684e+02
-8.317417479503312450e+01
-1.485159771078743631e+02
-1.130867287448985081e+02
-1.529876823775475998e+02
-1.833821308571687609e+02
-1.673811692292718760e+02
-1.466885427230386370e+02
-1.794772345774089501e+02
-1.487067745543253636e+02
-1.736909226579522851e+02
-1.514538328526505495e+02
-1.661024367983285117e+02
-1.213621742374839130e+02
-2.131057538272962404e+02
-3.659723093985134028e+02
-2.564192718923567327e+02
-1.707152922490236620e+02
-1.184899623982412464e+02
-1.585169239805214545e+02
-1.347910982789793763e+02
-2.060854980462227957e+02
-1.786067742874245141e+02
-1.756776590990371858e+02
-1.465364473114810266e+02
-1.289714814398377314e+02
-2.051615615195202622e+02
-1.884239715017172330e+02
-2.090733736283624751e+02
-1.878925243410594419e+02
-2.093066602769191604e+02
-1.716159273321089529e+02
-1.568589174817387857e+02
-1.457265880328220931e+02
-2.202854371198049535e+02
-1.839011267002196348e+02
-2.184330221755408559e+02
-1.770809938510237203e+02
-1.324656062966293177e+02
-9.613223372171027847e+01
-1.004669247434085690e+02
-1.458158867704209456e+02
-1.906063625064854818e+02
-1.362369058264409318e+02
-2.312502585257057603e+02
-1.612709103473479786e+02
-1.369956166162632769e+02
-1.032115753032960583e+02
-1.291483106218190073e+02
-1.041744461910316346e+02
-1.566615577468728588e+02
-1.293730127730414097e+02
-1.491895936350216800e+02
-2.506400884763901047e+02
-1.301038201973132118e+02
-1.162540348566151351e+02
-9.091414469153822608e+01
-1.378335175313333139e+02
-1.266072738782385159e+02
-9.171694008767427420e+01
-1.027134503318968228e+02
-1.024998511945857729e+02
-8.142808454083719027e+01
-1.797324910696182769e+02
-1.015060251373243716e+02
-1.019409315267477325e+02
-1.097478481960162071e+02
-1.165519814393060472e+02
-9.748247348751259267e+01
-3.971032661442237099e+02
-1.149307905391917330e+02
-1.388943210482073312e+02
-1.347585125329642040e+02
-8.954880343179729607e+01
-8.758157775027547132e+01
-8.775150915890748138e+01
-1.252880666415837965e+02
-1.038572882357192384e+03
-1.007419404320216927e+02
-1.278816252010347512e+02
-1.349306014981488886e+02
-1.092213235350048564e+02
-1.012820062374084102e+02
-1.866814796358022761e+02
-1.077477131107706469e+02
-1.843177603540073335e+02
-1.001967576199727006e+02
-9.716646343345735204e+01
-4.184864512645360719e+02
-1.273314300413832001e+02
-1.482736343390434115e+02
-1.277530962763309930e+02
-1.348577839468976833e+02
-5.976036032840170265e+02
-1.448417437590199768e+02
-2.492574698120247376e+02
-1.935183399675714497e+02
-1.416146562688554127e+02
-3.609968337328540429e+02
-1.443178924462008013e+02
-1.482934182540013808e+02
-1.187943958247201124e+02
-1.656238257275610692e+02
-8.766801001457812959e+01
-1.062192050565994208e+02
-1.069588388703957662e+02
-2.246020320671902368e+02
-8.811955892297548587e+01
-1.137980314369804375e+02
-7.723385681472389308e+01
-1.073709330602282961e+02
-1.265941037494661288e+02
-1.816784410476621758e+02
-9.644728116886552982e+01
-9.548975730425007669e+01
-3.195713288221069206e+02
-1.138086081310127327e+02
-1.210184125831421227e+02
-2.561921806378366568e+02
-9.626697878666755059e+01
-1.839009497410833376e+02
-2.227752196415571007e+02
-1.733087606604415214e+02
-1.021691757223290153e+02
-8.312142209641071133e+01
-1.844405036966583111e+02
-1.861362422048581493e+02
-1.949785320028464639e+02
-2.037692829881757746e+02
-1.325007520506594858e+02
-7.675219927050501667e+01
-1.044732752801032802e+02
-1.173701396258893368e+02
-1.124628116343991451e+02
-1.300450726006264688e+02
-1.228855840197462470e+02
-1.175273845707182971e+02
-9.141485230974011245e+01
-1.410356443723806592e+02
-1.086450732348840233e+02
-1.144269581352362053e+02
-1.192904358026420368e+02
-1.056605543036360331e+02
-2.051772925294808090e+02
-2.110893855116138695e+02
-9.743500440385918182e+01
-7.926673327212189690e+01
-9.641280269429745431e+01
-1.198829767401277593e+02
-1.287325191881201647e+02
-1.276893746105356939e+02
-1.567073658663556444e+02
-5.137096081068253852e+02
-1.226578113762612219e+02
-1.351775458522499207e+02
-2.222997533070680447e+02
-1.816191478631391760e+02
-1.022185835232185269e+02
-1.138391793437177881e+02
-1.212219071287494359e+02
-1.132224587897826069e+02
-1.412034299143342935e+02
-1.934443795204219327e+02
-1.706509242756252718e+02
-9.516286723975869677e+01
-1.200752029513284214e+02
-1.083801146049755459e+02
-1.268811717200250229e+02
-1.231724928141590993e+02
-1.359408088831334851e+02
-1.546924064681649895e+02
-1.324878948059876791e+02
-1.747472887912194324e+02
-9.493693134272648138e+01
-9.291121914770549495e+01
-1.142405355287250046e+02
-9.942053814500278008e+01
-1.263028646842449092e+02
-4.025656758085156639e+02
-6.993806902573813034e+01
-1.055235764966529359e+02
-2.964607299813374652e+02
-2.599313222197419577e+02
-7.995256107523309197e+01
-9.452451033325702667e+01
-1.015266788316614850e+02
-1.230577068243685659e+02
-3.331999089980082545e+02
-1.040086212846807854e+02
-1.183369664007903879e+02
-1.121350768403701750e+02
-1.009827602441370686e+02
-9.712119309200177497e+01
-1.075627005370473483e+02
-1.391115159278334090e+02
-1.413085273345026565e+02
-2.395575622666354718e+02
-1.023876051060838392e+02
-1.140795235405543480e+02
-1.291653126330352279e+02
-1.325172107438999944e+02
-1.572107229945952156e+02
-1.075169938104928065e+02
-8.059542952223931422e+01
-1.156559623763798044e+02
-1.009908482158015062e+02
-8.705337174383035403e+01
-1.024267531714943544e+02
-7.965652777892665881e+01
-1.068297043417726968e+02
-1.242527606699251237e+02
-9.657331910843295475e+01
-1.013836801524612952e+02
-1.240649149689343602e+02
-1.163186443157284629e+02
-1.002397741960849658e+02
-9.643635600346192405e+01
-1.623371388063621623e+02
-2.196886038955836113e+02
-1.199429603036106613e+02
-2.482330602541801738e+02
-9.744360399422257046e+01
-9.355266313876171580e+01
-1.532283520286798080e+02
-9.678640385836767734e+01
-2.495734628951358616e+02
-1.373515855498144163e+02
-3.677616005943166897e+02
-2.519771905814265551e+02
-1.341846641121333334e+02
-1.482522118880893913e+02
-1.365274131121061316e+02
-1.337362574023373156e+02
-1.443687069370016332e+02
-1.108672872514205210e+02
-2.004493457287322542e+02
-1.477027630204557056e+02
-9.267571520297001086e+01
-7.865358386072399810e+01
-1.164364578068724256e+02
-8.225691462881870564e+01
-8.915447776041931149e+01
-2.467096396535776819e+02
-9.860966638452829613e+01
-1.404921899298134633e+02
-1.297922732661384089e+02
-1.082450085088624547e+02
-8.747216887367902416e+01
-1.508770729423794137e+02
-1.206431563057639380e+02
-1.292156128436068343e+02
-2.116878520617667618e+02
-9.681158262137061854e+01
-1.212175909016469859e+02
-3.519955317023109842e+02
-1.472632460829018726e+02
-1.407281020908038442e+02
-2.564551820735630940e+02
-1.505607976951164915e+02
-2.341052620627626197e+02
-4.430392843536092187e+02
-1.058444730828558278e+02
-1.610295105138606289e+02
-9.727968890769872701e+01
-1.515462731159542216e+02
-1.475805549393859621e+02
-1.540257071544814664e+02
-1.153476452414712412e+02
-7.994173193246204789e+01
-1.237378932202293811e+02
-1.515602465728320567e+02
-1.312991545989144697e+02
-1.063699951885969455e+02
-2.417162707977147420e+02
-1.579147319646609731e+02
-1.127695125954596165e+02
-1.445841511120178495e+02
-6.174289014708100467e+02
-2.508107495491447878e+02
-1.316136542670658969e+02
-1.219184978100416288e+02
-1.277698947863758860e+02
-1.305234975233910291e+02
-1.069111998550735478e+02
-9.140183234534825374e+01
-1.568309623846347165e+02
-6.131159675317926485e+02
-1.671492581674457085e+02
-1.026876076629236536e+02
-1.063534629410378898e+02
-8.043731141282555086e+01
-9.188485593898583659e+01
-1.021410041493388121e+02
-8.593538121078695724e+01
-1.435208750978283092e+02
-1.791295345225257449e+02
-1.043660519417377941e+02
-8.057064806547496971e+01
-1.198172489242354715e+02
-9.836184244608359961e+01
-1.652362887063602841e+02
-1.246883904935720579e+02
-1.172319857028621897e+02
-9.077132791009320556e+01
-1.002610207791595087e+02
-9.313116690820952215e+01
-1.210191549142260072e+02
-1.446229151323876465e+02
-1.275414618732805394e+02
-1.104438983519868174e+02
-1.593469395452422930e+02
-9.354626439519145720e+01
-1.045181945697068500e+02
-1.299131581828200410e+02
-8.558707471019668844e+01
-1.021390174148694570e+02
-1.102392109990078666e+02
-1.030289258502366323e+02
-9.539258989973485825e+01
-1.189838502137816079e+02
-7.768042147167547284e+01
-1.513330490542246594e+02
-8.665551963952717074e+01
-1.337529930415082902e+02
-9.030376912267597334e+01
-1.030714111919961908e+02
-1.044702606969420629e+02
-1.709990193750095102e+02
-8.926444030099041527e+01
-2.146196706840098329e+02
-9.486715921985258149e+01
-9.971105025660830279e+01
-1.285718816013262540e+02
-1.394936383435491507e+02
-9.589123439011937933e+01
-1.203968455340640702e+02
-1.444548687090399426e+02
-1.314355794532122275e+02
-1.134352369490343335e+02
-8.919905846978249997e+01
-1.343537029396752303e+02
-1.449534465856613110e+02
-1.331134898997934499e+02
-1.416338203102584998e+02
-1.018021545606735287e+02
-9.665462172921685635e+01
-1.399282440221512047e+02
-9.114578458340309908e+01
-1.190282626948391567e+02
-1.222312595858874289e+02
-1.098231760689731544e+02
-1.147592824789588946e+02
-1.189836768557889712e+02
-1.275135084002027810e+02
-1.242677774850405683e+02
-8.724471854264362491e+01
-2.700991763381325086e+02
-1.298212184660024491e+02
-1.052716193498118287e+02
-1.339880357157873050e+02
-1.414227145901688800e+02
-8.593435801287968445e+01
-9.540866762140674950e+01
-9.776545932570019204e+01
-1.484148110419866669e+02
-1.397719031030995041e+02
-9.262020837048962107e+01
-9.954997274210384717e+01
-9.305642310408696005e+01
-1.378142148614789448e+02
-7.509530053659612747e+01
-8.326655450053499408e+01
-1.379513973032822207e+02
-1.072053950156619777e+02
-1.142302091815209906e+02
-1.609922776060124079e+02
-9.212823621692062659e+01
-1.032137468563784211e+02
-9.933138039445823608e+01
-1.055023498575456671e+02
-1.193496744877425755e+02
-1.095313301279692553e+02
-1.403600893398234177e+02
-1.080687596817716098e+02
-1.265347364088166415e+02
-8.535623895743893286e+01
-1.122835276878104196e+02
-1.128773987864334032e+02
-1.145854332532399695e+02
-1.042790473534390401e+02
-1.039863956084212049e+02
-8.345873591834759964e+01
-1.120208183643498927e+02
-1.269849316987708505e+02
-1.491534125686718255e+02
-1.222382517028315618e+02
-1.036445370098225993e+02
-1.180759797656123169e+02
-8.263134757757845250e+01
-1.356521362292581898e+02
-9.624641322858506953e+01
-1.000962061606392410e+02
-9.500913313981665453e+01
-1.035148099548451199e+02
-1.740251836295268220e+02
-1.307758460887370404e+02
-1.694592755659108150e+02
-9.290613763289459826e+01
-3.878071144976879623e+02
-7.753029685513912739e+01
-1.240863571379944119e+02
-1.106906691412874153e+02
-1.705674361823000140e+02
-9.373494184012064068e+01
-9.691135899934577935e+01
-1.240511874094373894e+02
-1.514721890997773812e+02
-2.918603738642812004e+02
-1.050388052454526218e+02
-1.030962178314185707e+02
-1.532010960051566428e+02
-1.336638881109787746e+02
-1.227966583239852838e+02
-2.599011652826777095e+02
-8.566093701942872940e+01
-1.028521244798058376e+02
-1.148206153183721341e+02
-2.372912681586942938e+02
-1.772122764702211555e+02
-7.997478903246611992e+01
-1.033494798712549851e+02
-1.214721715738745900e+02
-1.544063870610012259e+02
-2.445472723747204498e+02
-2.080691878115827649e+02
-2.012834217408160669e+02
-1.618094980646056626e+02
-1.277611991319687661e+02
-2.322882417242887527e+02
-1.025606829412948713e+02
-1.437556471298930774e+02
-8.715378909032469323e+01
-9.730288242255392106e+01
-1.151953198676394692e+02
-1.564619305037187473e+02
-1.964117756989107875e+02
-9.338949387628002796e+01
-9.122387185979569324e+01
-9.627912641578413400e+01
-1.350459386643458402e+02
-9.778311312014311341e+01
-1.291940858272165542e+02
-1.611645968949428607e+02
-1.101986902291342290e+02
-8.535017163860783285e+01
-9.223140269182634654e+01
-8.355830797092222895e+01
-9.692937750484846049e+01
-8.308976862143100561e+01
-8.821077010774111216e+01
-9.917852905192081892e+01
-9.090904417780318170e+01
-1.067374085454135724e+02
-9.999297483629443661e+01
-1.224006129766544575e+02
-1.100641575733643975e+02
-8.422448873542819570e+01
-1.051356421541171215e+02
-1.063993311079202329e+02
-8.097765522356428392e+01
-8.742742707044821771e+01
-8.045731938016795937e+01
-9.591398447485008205e+01
-1.204130281916745702e+02
-8.259554855285175279e+01
-1.074462731510558058e+02
-1.341464987827157813e+02
-9.880543798054023341e+01
-7.438130834458000606e+01
-1.141216270097796581e+02
-1.599886583688403050e+02
-2.065787123390311706e+02
-1.280574329658573163e+02
-1.233424543682953356e+02
-1.221829573854556088e+02
-8.238865327122188376e+01
-1.004702917467602390e+02
-1.044160939812903308e+02
-1.127396772002118439e+02
-1.301583579691802584e+02
-1.027459448493847276e+02
-1.232293102057354020e+02
-9.145401560005096542e+01
-9.072321595730394961e+01
-8.446378548257146690e+01
-1.930272936698897865e+02
-1.285694781300754812e+02
-9.471391624550997790e+01
-1.479635162269391060e+02
-9.271057977807136297e+01
-1.461345791844564701e+02
-8.383217496193263685e+01
-2.158599129502568132e+02
-8.666042443077098767e+01
-1.506980881695026255e+02
-1.423847804723465060e+02
-9.908280994421126309e+01
-2.004645115149216394e+02
-8.785304392487954317e+01
-1.161349049985418418e+02
-9.813722932843079150e+01
-1.069193201288800879e+02
-8.338170241427614826e+01
-9.832396881196824268e+01
-1.161537779867099118e+02
-1.453403433672400524e+02
-1.082273310450886754e+02
-7.826388967108627526e+01
-8.990000138738379576e+01
-1.381783857940336588e+02
-1.082928385850895552e+02
-1.130535436270911447e+02
-1.481384859252273998e+02
-1.730625915609795129e+02
-7.936191343720911107e+01
-8.540948347195774204e+01
-9.180713557743895592e+01
-1.077699098267471669e+02
-1.195734076677643287e+02
-1.262139291661303133e+02
-9.963984733035569263e+01
-1.072057356034849249e+02
-1.285329520215298942e+02
-1.402220704656203338e+02
-1.083621658681371827e+02
-9.014740805654729172e+01
-1.309105762290260486e+02
-1.044382647483681836e+02
-9.981447503670297294e+01
-7.854626435212428248e+01
-8.542455558702097562e+01
-9.328094224371999132e+01
-8.953695912249733624e+01
-1.672323791382578406e+02
-1.746793157426958487e+02
-1.354503194209729884e+02
-1.271283646705285122e+02
-1.604042508980593595e+02
-8.749624968381577617e+01
-2.012798861760689704e+02
-4.488919893670554870e+02
-1.232931036793073787e+02
-2.150652982290322370e+02
-7.758590232494918837e+01
-8.818654557579104392e+01
-1.191412413174525113e+02
-1.534581542150794178e+02
-1.244438692032577194e+02
-1.510354374916467179e+02
-1.540301007910873068e+02
-9.362733844975669228e+01
-1.455297930367665629e+02
-1.359501418476504284e+02
-1.092295892418435983e+02
-1.080063361945865239e+02
-9.552817295943913223e+01
-8.801116537441170351e+01
-1.310187169264582394e+02
-9.011447524050433344e+01
-9.729491557955009284e+01
-9.245461229398769376e+01
-7.569064166456375631e+01
-8.070404706787299176e+01
-1.689486966907392684e+02
-1.773911450607238578e+02
-2.094976295772268315e+02
-1.490895293015061611e+02
-9.294072505714814270e+01
-1.491341563094075582e+02
-1.298257826831965644e+02
-9.052483148171873495e+01
-1.095476609330412145e+02
-1.130714684718950025e+02
-1.141611831900618057e+02
-1.076420637219867302e+02
-1.442504757932730968e+02
-9.251745682281131167e+01
-1.593951919691267562e+02
-1.481350479905776467e+02
-1.638886825380730272e+02
-1.606411101769348591e+02
-1.523604672678272323e+02
-1.445964376796275417e+02
-1.080764964178294605e+02
-1.415008652808795375e+02
-1.239252489775996509e+02
-1.360403022090705747e+02
-8.146374241742338995e+01
-1.533667464526755282e+02
-1.664185831920686098e+02
-9.919377409969746395e+01
-8.750589116510168708e+01
-1.119772193007263468e+02
-1.074924690891971295e+02
-8.791661807897880010e+01
-7.736564066611794033e+01
-1.107713130024335157e+02
-2.482644696009382130e+02
-1.573520906234958261e+02
-1.953791551709492182e+02
-1.150701007455159157e+02
-1.137667877716523464e+02
-1.165809557678262109e+02
-2.095532489877279261e+02
-1.125806516853349422e+02
-9.135169704502608568e+01
-8.921045471603157750e+01
-1.129677159294152204e+02
-1.167950062490488108e+02
-1.180168955187144917e+02
-8.644311222307617015e+01
-1.094849847164369976e+02
-2.162906358346374702e+02
-1.088859911001636931e+02
-8.607755701496557776e+01
-1.122510526235655846e+02
-8.193765199940230559e+01
-1.118751681190812945e+02
-1.366198274621384314e+02
-5.836139515610828994e+02
-1.250870307519121951e+02
-1.511659531668929617e+02
-1.280288401568650727e+02
-1.293430687425046131e+02
-1.284122905469020850e+02
-1.077653598311330256e+02
-1.150196882733209094e+02
-9.776010460031407945e+01
-8.274694183694028027e+01
-9.243906868168834023e+01
-1.337606244242533649e+02
-1.007271341325648848e+02
-1.007372648630299068e+02
-1.109965642672470096e+02
-9.524983780044780701e+01
-1.864193909097980679e+02
-8.426369874697650175e+01
-1.595951831472538061e+02
-1.563088465002993530e+02
-1.765714413356677426e+02
-1.874856637698781583e+02
-1.142213925379489865e+02
-1.401374012582714386e+02
-1.223427344447594010e+02
-1.040465255333049726e+02
-1.234864133734904925e+02
-9.882016174443998580e+01
-1.123197930440666283e+02
-1.130409012743114374e+02
-9.683480593231431044e+01
-1.415567447356693833e+02
-8.517791623385359401e+01
-1.182857807954549401e+02
-8.318895371766099345e+01
-7.326495181791113964e+01
-1.476256424608712621e+02
-1.425502001720020928e+02
-2.190399954391896813e+02
-2.524789475019382223e+02
-1.340734604941263513e+02
-1.592835611541823368e+02
-1.541534006048386800e+02
-1.388255839813752459e+02
-1.316778090650907700e+02
-1.047712529898045517e+02
-1.321760377738601449e+02
-1.768459797248513041e+02
-9.578832174936006538e+01
-1.059593408548842177e+02
-9.550737001188271336e+01
-7.893361124702066434e+01
-9.101115825525475600e+01
-1.050627070020073148e+02
-1.129795218237863139e+02
-9.168589913311276973e+01
-1.012565629687350111e+02
-1.133022285091564356e+02
-1.533854183998379881e+02
-1.084047180650606776e+02
-8.916188999765911660e+01
-8.567144598245153020e+01
-9.710011403920657358e+01
-1.283401495295913435e+02
-1.159828262693052778e+02
-1.056473213817670853e+02
-1.192667876723154308e+02
-9.153578251087969875e+01
-6.826404301628804205e+01
-9.772779652921012428e+01
-1.018149533527909938e+02
-1.077592588143617860e+02
-1.139685397025412499e+02
-9.211273295824361185e+01
-8.920326792458874365e+01
-1.051136600495957083e+02
-1.398708508332993858e+02
-9.290582472211934828e+01
-1.396869710059563090e+02
-1.522790191047700716e+02
-7.923301147829802460e+01
-8.805171748066238990e+01
-1.106455291890543435e+02
-7.939347232387453346e+01
-8.798115660011636407e+01
-2.450435024849647334e+02
-1.413956604981351006e+02
-1.355564397535228522e+02
-1.089343333607048834e+02
-8.178284752690250059e+01
-9.797835516478207296e+01
-9.752232665036743242e+01
-8.601504374374354711e+01
-1.825149459400406613e+02
-1.740248346439115323e+02
-2.177871789011941530e+02
-1.343026233073774165e+02
-1.386968330364125848e+02
-1.090238038093267221e+02
-9.907912150910222238e+01
-1.208101873746470432e+02
-1.005480130983991529e+02
-9.752313441147444451e+01
-1.021751083617398876e+02
-1.308070526611815012e+02
-1.182954583471512109e+02
-8.790347340825415756e+01
-1.038846163574886816e+02
-7.687934355819699306e+01
-8.565040063015563021e+01
-9.389514963980626305e+01
-1.101911487522898909e+02
-9.717852890698500801e+01
-1.290177044074780213e+02
-8.596680424781428087e+01
-9.930428200608385225e+01
-7.385801062493703739e+01
-1.124281583038874004e+02
-1.132128356642329123e+02
-9.273271433989094703e+01
-1.067473238631586838e+02
-1.122918006677638658e+02
-1.063902646762917215e+02
-1.005195898806493062e+02
-1.316592513685883716e+02
-1.271889990696681139e+02
-1.187617460279692949e+02
-1.036611593129647133e+02
-8.525432134258034012e+01
-9.184599092497867900e+01
-1.315383104565791257e+02
-1.077345395010667346e+02
-1.192814936200244205e+02
-9.936029130171267809e+01
-1.369308090443383890e+02
-1.247245162377305689e+02
-8.999942159062349845e+01
-9.123370258920789411e+01
-9.801623996241137604e+01
-1.218335802416185629e+02
-1.194338647542037819e+02
-9.899586297337225460e+01
-1.015066784112323433e+02
-9.404668039214865871e+01
-1.083701176298123841e+02
-1.094413463540400500e+02
-1.129325130981385712e+02
-1.444638215649747224e+02
-8.863403245439623390e+01
-9.928691447038590923e+01
-8.451112070182617231e+01
-1.078839762384426706e+02
-1.003858001602248322e+02
-9.287058071110494950e+01
-1.619488446585636154e+02
-1.090207183739799746e+02
-8.746603098085991235e+01
-8.897052536906319631e+01
-1.405488276271808559e+02
-1.047437929153686298e+02
-1.018796046446301773e+02
-8.984521948499818222e+01
-1.353820768145110662e+02
-1.014757031247388852e+02
-9.779564061876155279e+01
-9.513739299782797332e+01
-2.755990966625511192e+02
-1.527988205527060757e+02
-1.412985589789040830e+02
-2.306785039245744144e+02
-8.994839868139072792e+01
-1.029257089161163208e+02
-1.246575188776127732e+02
-1.065212645339934312e+02
-1.051072982667633795e+02
-1.180833687464440942e+02
-1.296572257056294006e+02
-1.599193581319746329e+02
-1.404361428339180975e+02
-9.590365012910848463e+01
-1.083519346943202919e+02
-8.940969838838694272e+01
-1.559746312905967329e+02
-1.119187687010349492e+02
-1.081874339443005084e+02
-9.986561775408566177e+01
-1.147619409803825050e+02
-1.011444144720222198e+02
-1.306438310593464678e+02
-1.150796381535012216e+02
-1.690390828612804057e+02
-9.658658954648471706e+01
-1.290468331045135244e+02
-2.085367948504766389e+02
-1.241126800446638185e+02
-1.461472202952400892e+02
-1.565021249298046371e+02
-1.010632615655678990e+02
-1.278300345345004985e+02
-8.704911751127407626e+01
-2.462033831221420712e+02
-1.789926679250435768e+02
-9.622563497214626693e+01
-2.145423614943296684e+02
-1.001213737124910779e+02
-1.124781974306363281e+02
-1.966461546306011314e+02
-5.481239876329314029e+02
-1.255825136809088036e+02
-9.768440272210865771e+01
-8.965524775560236037e+01
-2.000847055783604560e+02
-1.210565414403790356e+02
-1.250364035959851066e+02
-9.725272931850051350e+01
-1.502164210402409026e+02
-1.135025127536867160e+02
-8.611770276758090858e+01
-9.683584569879074877e+01
-1.029749099752563239e+02
-7.771302593399232705e+01
-9.632137995136709208e+01
-1.573453412630844070e+02
-8.780680321297160162e+01
-1.777080586892112137e+02
-1.277717464249361967e+02
-1.713436953123617741e+02
-9.923627165661311267e+01
-7.724113617402113618e+01
-2.117425471014092864e+02
-1.739463464508824302e+02
-1.296502742550247547e+02
-7.409695210909779917e+01
-7.938748928832687568e+01
-2.449135924259410785e+03
-2.457760896546751610e+02
-1.043694907987946152e+02
-1.064643012026069613e+02
-9.585258677834181640e+01
-7.958968642223675261e+01
-1.237905487786183159e+02
-1.468911648160659240e+02
-9.876040507079416386e+01
-7.936155224904358363e+01
-8.196111365398245141e+01
-1.722430027446073098e+02
-1.070149669544196342e+02
-3.833815598329431396e+02
-2.213577714388018762e+02
-3.979159687281605216e+02
-5.897123478339763096e+02
-8.606368577198396679e+02
-9.760109948299611915e+01
-1.197445744172686517e+02
-1.116083408426535044e+02
-9.414777814288498803e+01
-9.987885267544535850e+01
-1.178694062307117747e+02
-9.714472487141192403e+01
-1.013963104591194480e+02
-8.128081357675850427e+01
-1.072330559394510914e+02
-8.808621554675232801e+01
-8.834057185789107791e+01
-8.593239736652587624e+01
-1.090381537174820465e+02
-7.959932903209356425e+01
-8.336476835504245742e+01
-7.759041206701824933e+01
-1.133066650778099529e+02
-1.288438331963924668e+02
-1.073836458763642696e+02
-1.106227443843124547e+02
-8.948261754387191047e+01
-1.154837432500030445e+02
-7.545882348310847476e+01
-1.013588428829602464e+02
-9.327724391704678908e+01
-9.669118326305718369e+01
-1.391175419789389593e+02
-8.672379628546262609e+01
-9.208141979244236097e+01
-9.537718263279612074e+01
-8.866790362008622139e+01
-8.594793350504956209e+01
-1.131954028664469973e+02
-9.807728373450761694e+01
-9.668479988297556815e+01
-1.175234174448458049e+02
-1.050884575078078171e+02
-9.426542582394787928e+01
-7.099149127851622154e+01
-1.415070900853428952e+02
-1.063723774138600078e+02
-9.474856764803909925e+01
-7.701461694766345545e+01
-9.154062209256787241e+01
-8.389275495762791479e+01
-1.011746157419898253e+02
-9.804749797839708947e+01
-7.525358866935059154e+01
-9.835813353649460566e+01
-8.163064691456162336e+01
-8.333291225010671610e+01
-9.553806755751503488e+01
-8.580539395496126076e+01
-1.028722312808383066e+02
-8.074111907321685067e+01
-8.667671127164540223e+01
-8.579971651274355793e+01
-8.442917050859182382e+01
-9.652576494719825462e+01
-1.153696771676606119e+02
-9.567528923610549896e+01
-1.183603355602025289e+02
-9.508431789901183606e+01
-1.063424737161480351e+02
-8.973940088091075040e+01
-1.019824838512326295e+02
-9.047557337492465024e+01
-8.281692129443302974e+01
-8.218063644209966867e+01
-1.017603851857582953e+02
-8.199516173139043929e+01
-8.029614549630851172e+01
-1.024446537600607172e+02
-1.014527638733828070e+02
-9.480116337247616798e+01
-7.674524354612829313e+01
-1.479060162188559957e+02
-1.040793094180930325e+02
-9.572780959934272005e+01
-1.037184286413455112e+02
-9.227230254159132983e+01
-9.265960405328131344e+01
-8.434409157811958835e+01
-1.201394136991683723e+02
-9.819506677016399010e+01
-9.501839527763956994e+01
-1.187349590686725378e+02
-1.037239631159893918e+02
-1.015960107945116988e+02
-8.841318391516091424e+01
-8.806631007402988587e+01
-1.069391521626427988e+02
-8.222828239226888059e+01
-1.406807291831834164e+02
-1.053132711342137782e+02
-1.025499235937406439e+02
-7.582917353901828506e+01
-8.920941727734555116e+01
-9.886802120051045506e+01
-8.061930583941790474e+01
-7.892706175920487510e+01
-8.960165703377016655e+01
-1.350200088884505476e+02
-9.647310246057264749e+01
-1.345977017430214460e+02
-7.514276135807091350e+01
-9.184989117019640048e+01
-8.187122008074479140e+01
-9.737925917339897808e+01
-7.196692325147722613e+01
-9.422088708175489558e+01
-1.127698751291398054e+02
-8.135312428176281685e+01
-1.756924562275966366e+02
-8.719022571827875367e+01
-1.170539202308858222e+02
-6.932786592186195662e+01
-1.168629596574318583e+02
-7.398549604485285158e+01
-8.192080337997899164e+01
-9.059914356561274928e+01
-8.863040160801966749e+01
-8.691853150872920253e+01
-9.223549644661905234e+01
-1.515488953298826402e+02
-8.379918534716141210e+01
-1.029399456439479792e+02
-1.072693766600077083e+02
-1.170426872655151840e+02
-1.002423754361493593e+02
-8.782884381761775217e+01
-9.477330473529384847e+01
-8.791696721822113147e+01
-1.085247329387497217e+02
-1.117778202229966098e+02
-7.925092152267799861e+01
-9.634750249748611850e+01
-1.237867793525948201e+02
-1.037561821249301630e+02
-9.113529378605389297e+01
-1.054436921555764144e+02
-8.547604724301086776e+01
-1.422312277054855087e+02
-7.414428626627143615e+01
-9.954827923452032223e+01
-1.025833168497071455e+02
-9.465583933310794862e+01
-1.027318945056274373e+02
-8.042850082550400259e+01
-1.066963158588144296e+02
-9.414598936592926748e+01
-1.155669355387063746e+02
-1.098714907528546831e+02
-9.446769407959540388e+01
-8.014589253017423687e+01
-9.265316919268973095e+01
-9.747202214761122718e+01
-1.252144367495286446e+02
-1.018820892528319604e+02
-9.525094265485267897e+01
-7.789264599896583263e+01
-8.044924701206124951e+01
-9.055653863246936908e+01
-8.120596362752584696e+01
-7.643965273612020894e+01
-9.377193478044151220e+01
-1.111583669460269732e+02
-1.103278921624294213e+02
-8.098817054132706517e+01
-9.904965440480296479e+01
-7.846318081092512386e+01
-8.669401426725769966e+01
-1.207120294193377532e+02
-1.085667678474213886e+02
-7.922802085641905023e+01
-1.004360111196791507e+02
-1.060532183809292945e+02
-7.654015896806835428e+01
-8.535190533747892516e+01
-1.069138403658351280e+02
-8.371635771746159094e+01
-1.141649641236475787e+02
-1.283542506197547084e+02
-9.279897388605071740e+01
-8.879531595505478947e+01
-8.587303334490181328e+01
-8.367828426621943549e+01
-8.457469741268528196e+01
-1.139055717981168243e+02
-9.965274255803151959e+01
-8.939363011396719116e+01
-1.105356703086517740e+02
-9.275219784645481980e+01
-9.325490251074350567e+01
-8.688781098927697144e+01
-1.110841070219220086e+02
-9.830933612067398997e+01
-1.052071014644690905e+02
-1.261396776970772038e+02
-1.089498482059085802e+02
-1.106386343352586579e+02
-7.981016209002639528e+01
-1.053976326405755941e+02
-1.210336463236657352e+02
-9.474861562718770358e+01
-8.800719758655256442e+01
-8.607641758482365901e+01
-9.728173748780427843e+01
-9.359541960481965361e+01
-8.767979313658356944e+01
-9.080963599937338415e+01
-8.809631951619228118e+01
-8.551801286232287680e+01
-7.835413306094618235e+01
-8.383477198428818156e+01
-7.959362548511536772e+01
-8.422773862486486962e+01
-9.272554800790886986e+01
-1.031886512354221139e+02
-8.651664232677786970e+01
-1.062890977512818154e+02
-8.858583979760639693e+01
-9.772892398635960376e+01
-9.070441813765039285e+01
-8.850711062802648144e+01
-7.980878906238280024e+01
-7.601359938190023513e+01
-9.455159735128003717e+01
-1.040517328344026566e+02
-1.022330600502228606e+02
-7.313167647307911068e+01
-8.021959957085233839e+01
-1.225547620619168327e+02
-9.352692913411000575e+01
-9.234280666451813602e+01
-1.024183152310051526e+02
-8.920365630182141103e+01
-8.509697727886997143e+01
-1.093999555241482255e+02
-9.443660472102180847e+01
-8.685007343899110310e+01
-1.171338173089906292e+02
-1.354958232444445514e+02
-1.169663904549431948e+02
-8.057735496810347797e+01
-8.880140285520467103e+01
-1.250416176285368266e+02
-9.982304320283076038e+01
-8.942464036616780731e+01
-1.159002653504734042e+02
-7.902213065642109768e+01
-9.975749319766566714e+01
-1.127420205169842973e+02
-9.140297326898125618e+01
-9.972087127923232686e+01
-9.138584099188301479e+01
-1.017657065191740458e+02
-7.954423499400304820e+01
-1.260579269651687611e+02
-9.322144748579337659e+01
-9.207878054759399333e+01
-7.515983905773369145e+01
-1.111022045668378269e+02
-9.205283379979567826e+01
-1.699752626394210893e+02
-8.501533328982947069e+01
-1.013389551762584375e+02
-1.498545122429493119e+02
-7.208365803005654016e+01
-8.681428641622946429e+01
-8.082654124320271194e+01
-7.961014591887821723e+01
-8.114755426035968355e+01
-1.011069413257402800e+02
-8.448937797353161727e+01
-9.719130597231175273e+01
-6.691676090106636821e+01
-9.068803183612473617e+01
-7.965691083313211607e+01
-9.248012119793231989e+01
-1.026091708383454488e+02
-1.204323986300832416e+02
-8.001290953516593163e+01
-9.088977745070724268e+01
-1.062362467797985772e+02
-1.307432156356894666e+02
-1.063935977507325532e+02
-9.006759722521248079e+01
-1.126587878180674522e+02
-1.099578414257987475e+02
-8.138089522536920128e+01
-7.900357419754227806e+01
-8.960049595772640885e+01
-9.837737710117957590e+01
-8.618456233364898367e+01
-9.428510484837254069e+01
-8.408672396417199479e+01
-1.075134626602367689e+02
-1.035929853527635771e+02
-8.520911854611676972e+01
-9.476207714693437367e+01
-7.606722037738735764e+01
-1.245753443749194531e+02
-8.567180664783604982e+01
-1.108795461529302315e+02
-1.215585304418452495e+02
-7.879533458205500551e+01
-1.234581650995009454e+02
-1.421796705259820044e+02
-9.476508674242356278e+01
-9.439669030396812843e+01
-8.367999007329069627e+01
-9.772252540247201580e+01
-8.615596444815267319e+01
-1.043170103159912685e+02
-8.643845409693850002e+01
-9.423161906457671932e+01
-1.207726649684913696e+02
-1.114602584582897435e+02
-8.093418459242816709e+01
-9.327700044519106370e+01
-1.174490920093087141e+02
-9.085701568853241383e+01
-7.765645558250395197e+01
-9.599977233713308067e+01
-1.144075812041458278e+02
-1.040994119891639684e+02
-8.411642554551900730e+01
-7.624954193418132320e+01
-1.307775990442968634e+02
-7.988187951656875896e+01
-8.020684199600081854e+01
-9.778682773669967787e+01
-1.426659855131308063e+02
-8.134430476309040614e+01
-1.065597389340427128e+02
-8.900594518597984006e+01
-1.017542605583640523e+02
-8.928826959830936971e+01
-8.476663493481288469e+01
-1.196923978778435469e+02
-8.810483310009017544e+01
-1.079511517415757709e+02
-8.825430291677864147e+01
-1.108630974809303353e+02
-9.383337653316796434e+01
-9.244098692090476277e+01
-9.157923568754365817e+01
-9.420056818813029054e+01
-9.774091580306203753e+01
-9.694194222606421363e+01
-1.252300944021653919e+02
-7.370868927805405235e+01
-8.964536678001823589e+01
-8.703048650387893304e+01
-8.050097213766592574e+01
-8.210369690771943851e+01
-8.857889934418919609e+01
-8.495421675013000140e+01
-7.698796617113261220e+01
-9.578278523974927339e+01
-1.291444677778082450e+02
-8.512876178616471634e+01
-9.848535251315385608e+01
-7.508932608581088175e+01
-1.060718076405305368e+02
-6.974373865552928464e+01
-1.034807594372543349e+02
-1.218013835621272705e+02
-1.015816064983299327e+02
-8.614021609118454137e+01
-1.355278886742587474e+02
-9.577039430141567777e+01
-1.053905669683736051e+02
-1.409560302841672126e+02
-8.801554627654046215e+01
-8.684423374805065521e+01
-9.741355497917182049e+01
-7.345254551682886301e+01
-9.835626617144359329e+01
-9.322636201135176748e+01
-1.380118595586154697e+02
-1.022234264230845611e+02
-1.398300753871503446e+02
-9.920874208457937016e+01
-1.024064002505197948e+02
-9.298696106289494878e+01
-8.029395252605139888e+01
-9.571037918970115754e+01
-9.605372727731366922e+01
-8.283444344297987527e+01
-8.435411417531955180e+01
-1.309215654967148907e+02
-9.560034525436880415e+01
-9.044095429599764202e+01
-9.205690075385599869e+01
-1.110207518970721168e+02
-9.139579182980975247e+01
-8.563842568200610117e+01
-1.159104650660590181e+02
-9.513420247056440360e+01
-8.149153023182905997e+01
-9.585062118995989522e+01
-1.009280332183327431e+02
-7.796727532370847769e+01
-1.192543829774558617e+02
-8.744472831900760923e+01
-9.778402204766734940e+01
-9.139157504341643801e+01
-1.353190876089854271e+02
-1.114755757844307738e+02
-9.415077862643208562e+01
-8.945852739968043466e+01
-1.115939104041078593e+02
-1.182918398205869863e+02
-1.049726737197659929e+02
-1.106634502220502441e+02
-9.614685325530317073e+01
-1.097378461448228961e+02
-7.814666191906718495e+01
-1.016451601328547980e+02
-8.019267077801141852e+01
-8.711288533187017435e+01
-1.040690388421262753e+02
-9.220559123564447646e+01
-1.137478337570296105e+02
-1.045947015122558241e+02
-1.236351248658521911e+02
-8.097598078335663274e+01
-8.648559804122946559e+01
-8.624360899429119343e+01
-1.141815112994089105e+02
-8.685037974781249659e+01
-1.088685955480002718e+02
-7.912265637483960745e+01
-9.439421507220994556e+01
-7.648388702103407866e+01
-8.207371113073739366e+01
-8.408486665885357070e+01
-9.656443848124344242e+01
-1.049002026084618535e+02
-8.845600435040141463e+01
-1.081785911148658244e+02
-7.683069454216806093e+01
-1.174155490056954534e+02
-8.284886895415444030e+01
-1.105210532735315638e+02
-9.360983170158171163e+01
-1.375468338688234837e+02
-1.074236744275401776e+02
-1.046074263471134032e+02
-9.490047946979349547e+01
-1.062895959506403756e+02
-1.073237056564064318e+02
-1.170048961350989032e+02
-1.051601107318516313e+02
-1.209581942759980819e+02
-7.917628133624835129e+01
-8.593538121078695724e+01
-1.355887534055876529e+02
-8.895558569253797998e+01
-9.721146830799057170e+01
-7.877256908666912238e+01
-1.141158346629447067e+02
-1.301736178241777679e+02
-1.180898877146743189e+02
-1.114701867132145026e+02
-1.306072966320094508e+02
-9.389872202914820321e+01
-9.349675717082894266e+01
-1.089293075180213606e+02
-9.370557104700840512e+01
-9.214687107370133390e+01
-9.923471544063102101e+01
-1.181433377901560107e+02
-1.252407561252543644e+02
-8.497312182120758450e+01
-7.948905410753044976e+01
-1.337444453694251933e+02
-8.447124135021147140e+01
-7.651996668939520418e+01
-7.545047895432625751e+01
-7.947812401499908219e+01
-9.498630039837756556e+01
-1.073292269608861602e+02
-9.195962997177494458e+01
-1.037608329034855643e+02
-8.946605496021204829e+01
-1.213911405353085087e+02
-8.233480862868282202e+01
-9.646543459369192419e+01
-1.113132395788477140e+02
-8.474598893904030206e+01
-1.057033194670569145e+02
-1.262573956399131276e+02
-1.142372137897317259e+02
-1.019493303779998428e+02
-7.475353690551176555e+01
-7.014920376363744481e+01
-9.010555753911187082e+01
-1.222228453904281196e+02
-8.720038272882355557e+01
-1.027909588013619953e+02
-7.780432700739490315e+01
-9.358898183026239792e+01
-1.359252448624094427e+02
-1.051101734882820296e+02
-8.730063372791468623e+01
-1.309959775392362360e+02
-9.637821361004441201e+01
-1.278380165699946502e+02
-1.042216910074129146e+02
-6.853976585120334164e+01
-8.063991969091830470e+01
-8.579245086066950421e+01
-9.833685167229938884e+01
-9.629951698655945336e+01
-1.000572522086829537e+02
-8.512503925060013898e+01
-7.847191609660258393e+01
-9.700523534601815356e+01
-7.850664740717272139e+01
-7.796983563765697056e+01
-8.513091790013324101e+01
-8.334351554167113818e+01
-9.295681450414568303e+01
-1.505251251786035027e+02
-9.046517827654747634e+01
-9.350370028314578974e+01
-8.098902277858910281e+01
-8.709216908840753035e+01
-8.364109558475449546e+01
-1.078340098051413207e+02
-1.031136063487244883e+02
-8.623961272768818276e+01
-9.328991042031211123e+01
-9.100493285128256105e+01
-8.760380099600530457e+01
-9.117773956818547276e+01
-8.237843464562753582e+01
-9.294580755535166361e+01
-9.440225632330916028e+01
-8.133362930584475237e+01
-9.338909513265834050e+01
-1.043266081992472465e+02
-1.024589413426455451e+02
-7.648859363302493364e+01
-8.473140840646102845e+01
-1.196385557321769966e+02
-1.275650472810164331e+02
-9.603027223091747544e+01
-1.385211854209589148e+02
-1.049777851866734721e+02
-8.356409643400542109e+01
-8.050943538130698585e+01
-9.877442657642849611e+01
-1.108327788183122919e+02
-1.523849750433964232e+02
-1.027482385338276458e+02
-1.030634430223470162e+02
-8.704425563886546513e+01
-9.292382269336259526e+01
-8.903695517002846316e+01
-1.299825983444344786e+02
-1.464978454761069884e+02
-1.045494803148881147e+02
-1.164171117778339521e+02
-1.056372248583447373e+02
-1.291542708066263003e+02
-1.353438035308419103e+02
-8.964909093266946627e+01
-8.190259132544134957e+01
-8.371691300109887379e+01
-1.070601531033537128e+02
-7.879673493560558484e+01
-9.233909940686585571e+01
-1.040751592324757411e+02
-9.296956393697956855e+01
-8.852925463960887953e+01
-9.717474921408727084e+01
-1.140327402306164259e+02
-1.056844569132376108e+02
-7.841133318229076110e+01
-8.697330009492969793e+01
-1.048429798769693519e+02
-8.522981552210136158e+01
-1.100817592255911279e+02
-1.161554758837987151e+02
-9.251614570662054859e+01
-9.941784508131038933e+01
-1.327028582992336965e+02
-9.238912009621769528e+01
-1.458400604035366541e+02
-7.867970585611185186e+01
-8.050420869351933106e+01
-8.697695995972968319e+01
-9.155104308472181174e+01
-1.162144307504604512e+02
-1.028857952590740865e+02
-1.361012731103048168e+02
-9.441864887910338666e+01
-9.032330481654820176e+01
-9.009447972618133349e+01
-7.221207836887793974e+01
-8.278835953978743589e+01
-9.740178395523048493e+01
-8.481846025120223942e+01
-7.910871389739183712e+01
-1.066068935304145384e+02
-8.386692772695970177e+01
-9.519083148860003973e+01
-9.290806599379021691e+01
-8.811438642371901153e+01
-8.538402465767048000e+01
-8.488535793843777810e+01
-8.695800713924573699e+01
-8.712024801173365063e+01
-7.421653105755895297e+01
-8.805714855501959448e+01
-8.659155151343887269e+01
-1.195326761922482319e+02
-8.885632376844839087e+01
-8.736250401986470138e+01
-9.917538818027939840e+01
-1.015274040751772304e+02
-8.460017098359770671e+01
-8.014431158829320623e+01
-9.360082620333952264e+01
-7.892353940441128657e+01
-8.517970806430268738e+01
-1.065091334721090703e+02
-1.103581917344409362e+02
-7.590711713387206316e+01
-8.501610663465173445e+01
-9.532935220408813848e+01
-1.034880749322620943e+02
-9.282078619285570653e+01
-9.987908712899206876e+01
-7.823156293808355599e+01
-9.443863750126897116e+01
-9.760486887688027480e+01
-7.886036094618700076e+01
-8.263244039936859053e+01
-9.166704375496968282e+01
-9.360438783502132765e+01
-1.039257070734300186e+02
-7.649094527358630558e+01
-8.352525087091817113e+01
-1.047926116697526453e+02
-9.512814284464950276e+01
-9.421789347448668650e+01
-1.302111167281835264e+02
-8.370609978087394154e+01
-1.070946187004363708e+02
-1.431853396336051389e+02
-9.260567456411841647e+01
-1.295491284426159098e+02
-9.194100068348103605e+01
-9.517014575443543833e+01
-1.106749561419882752e+02
-9.200893322381503481e+01
-9.277345183249013871e+01
-8.714220986179226713e+01
-8.234615719504532194e+01
-8.511979836416527689e+01
-7.603256990015574956e+01
-8.491314505931400447e+01
-9.315464519395992227e+01
-7.891814236311003583e+01
-1.091977416723199212e+02
-1.167659590234393647e+02
-1.087371295732830276e+02
-1.190011656975032110e+02
-9.825847919935087305e+01
-8.534372845156497078e+01
-1.115457506384882862e+02
-8.697935256299241757e+01
-7.731117884364151394e+01
-8.981085172257436966e+01
-1.238252321398946378e+02
-1.096589332245460895e+02
-8.662104139172741668e+01
-9.796232345878401304e+01
-9.616889161027084754e+01
-9.951684447741418182e+01
-1.143427813514793883e+02
-1.210343487676143752e+02
-7.877916735020328076e+01
-9.747422867887097198e+01
-8.145662448916340281e+01
-9.413825618871972267e+01
-1.060889231354811955e+02
-1.156513476831710108e+02
-1.115823002952706560e+02
-7.681098534574765324e+01
-9.342334720148417659e+01
-8.120468054425745663e+01
-1.536952128234848090e+02
-8.157499990416856406e+01
-8.873244214122377116e+01
-1.139311217891666388e+02
-8.332862574866399541e+01
-9.342281142626674750e+01
-1.058351554275128592e+02
-1.040290491340848718e+02
-9.217506977048491024e+01
-8.242470026043000075e+01
-8.998890377848880462e+01
-1.063578772087362694e+02
-1.102150359859226967e+02
-9.412040514100601740e+01
-8.199152995033701075e+01
-8.727642954453625634e+01
-1.156511358581833235e+02
-1.066344326135735372e+02
-8.325489460278051013e+01
-9.923663747651789890e+01
-8.266022822212983101e+01
-9.753789591361926625e+01
-1.048371213632488832e+02
-8.802844855094714660e+01
-9.492869591231080051e+01
-7.317496248876574327e+01
-1.081379203977603964e+02
-1.138477969291914889e+02
-1.053717527459538985e+02
-8.202117347414188941e+01
-9.808436605102097872e+01
-8.104219374470184789e+01
-1.149795332817383127e+02
-8.398289415289448812e+01
-8.657149485162150881e+01
-7.816027740365906595e+01
-1.127424209883111388e+02
-1.106834070830223453e+02
-9.715899637213941276e+01
-7.699969681111410580e+01
-1.124010207617757828e+02
-7.658421751844198866e+01
-7.850670279889241954e+01
-1.002813795180697554e+02
-9.423878457338479109e+01
-1.007137401142319675e+02
-1.050545643137065497e+02
-1.069528226919605203e+02
-1.114243801844711328e+02
-9.638373409426213811e+01
-1.169886450291354265e+02
-8.432476366956643687e+01
-1.006771500226195286e+02
-1.272711480499712167e+02
-8.462121855785892421e+01
-7.917193118435650945e+01
-8.545707211007643878e+01
-1.066523529648283102e+02
-1.016909511455133241e+02
-1.016307968583164154e+02
-9.653301945608902201e+01
-9.512243068174869620e+01
-1.208648670830628333e+02
-8.007526332508658129e+01
-9.647674108741480836e+01
-1.399138444013129572e+02
-1.235268500621197347e+02
-1.270884707375222291e+02
-8.217766092474504092e+01
-7.887347525197755260e+01
-1.090426477789192319e+02
-1.510506510737947679e+02
-9.215124104948561978e+01
-7.417358602003233159e+01
-9.363097240952767208e+01
-1.115458733225276404e+02
-9.338640249138130400e+01
-9.916700459339512008e+01
-8.171387721691786510e+01
-1.219664392672676740e+02
-9.289371608950223447e+01
-8.488757164150153756e+01
-1.521412021829704031e+02
-9.522814115161705217e+01
-9.034755806352190177e+01
-8.143181435137336166e+01
-9.883145603146570579e+01
-8.917086961685843960e+01
-1.051853061109259926e+02
-1.043479131279508749e+02
-1.103981982060824976e+02
-9.385229063824901630e+01
-8.983673243975590594e+01
-1.196489460061148122e+02
-1.010743124033934350e+02
-9.893755532463100621e+01
-8.237704930503646494e+01
-8.691255308574359617e+01
-1.014024028035837688e+02
-8.415543697768653431e+01
-1.130643702008559472e+02
-1.114724222611850166e+02
-7.261137015650469095e+01
-1.563080977158869871e+02
-9.920013891029574893e+01
-1.051420082469529120e+02
-9.221147078002475439e+01
-9.676099435942754212e+01
-8.539896180277726501e+01
-9.118980778531197018e+01
-8.876885519129622537e+01
-1.002335615829820910e+02
-1.118254368865576964e+02
-1.290384784949200139e+02
-8.401323941260386619e+01
-9.757832738194225897e+01
-9.449518035438168795e+01
-9.999702519105193232e+01
-7.694886063202990556e+01
-9.182278073725727552e+01
-9.817769159910116628e+01
-9.466395944397504536e+01
-1.020226165347033174e+02
-1.053347557656674383e+02
-1.137464849010573431e+02
-9.853306259243608167e+01
-8.705563882751056326e+01
-9.690662072494924928e+01
-9.208339636052077992e+01
-1.004722217213796256e+02
-9.348974474676914781e+01
-8.544312834400336953e+01
-9.695605106797869155e+01
-1.415359503511732555e+02
-1.061208580000272974e+02
-1.272236172939976768e+02
-1.015617837269569321e+02
-1.116617380730286015e+02
-8.045218197349647937e+01
-7.800070800644412827e+01
-8.843529374094391926e+01
-1.167335313221426958e+02
-9.879333870926078021e+01
-1.255110029193252643e+02
-8.382589153451404229e+01
-8.400459507355064659e+01
-1.084655568560240368e+02
-1.234344220927754634e+02
-1.086481505480642937e+02
-8.093366144111310234e+01
-1.057842052786914877e+02
-1.007441287345737351e+02
-7.346453069194298280e+01
-1.171934746391846858e+02
-7.833974846268924352e+01
-9.175288335363369185e+01
-8.762123176674099057e+01
-9.696167023122383455e+01
-1.133959876561357021e+02
-1.002774649599859202e+02
-7.551539383459687826e+01
-1.277158641160682606e+02
-7.638082115730453836e+01
-1.046960393248504317e+02
-8.006561379233446019e+01
-8.447790924696319337e+01
-8.876961396048064046e+01
-9.672519751719597991e+01
-8.486667220467307970e+01
-7.961697535791608971e+01
-1.291917266755735341e+02
-1.001055174414747029e+02
-9.108462157347325672e+01
-1.106693389944024375e+02
-7.976474417055450772e+01
-9.890204805425580048e+01
-1.688862855382849659e+02
-7.578695119094746246e+01
-1.344038946097760174e+02
-8.380367310827423921e+01
-8.240513522876146624e+01
-8.009784416247815386e+01
-1.060360237412392621e+02
-1.003768156024824378e+02
-9.359924709164862122e+01
-9.198472517391438430e+01
-8.147736821590375200e+01
-8.960737119211376012e+01
-1.049949043883749482e+02
-1.199250386566776143e+02
-1.901524030980419582e+02
-6.801499760700293962e+01
-7.729188841644896968e+01
-9.536344033571795364e+01
-8.961505787020409741e+01
-1.084865035256308374e+02
-7.885571724715654796e+01
-9.462299271864122829e+01
-1.102262389995386087e+02
-7.800070800644411406e+01
-9.710261705713672598e+01
-8.159229931300693295e+01
-8.028450804300432253e+01
-9.398016118085463688e+01
-1.000894043458120990e+02
-9.575065957791721871e+01
-7.439135781309022377e+01
-1.146419179345494257e+02
-9.645108843654243458e+01
-9.038579805746095985e+01
-1.235380683769267023e+02
-1.054287241756604487e+02
-7.873724540114822901e+01
-8.313331632490059064e+01
-1.165452466735111301e+02
-1.111236877724512055e+02
-1.196712967258275597e+02
-1.142985661285591590e+02
-8.708691465415012090e+01
-9.734464825088267048e+01
-8.698009783059181643e+01
-7.588851683835073914e+01
-1.285159430190248884e+02
-8.346084236449769378e+01
-9.220480281090395636e+01
-8.598362297734017545e+01
-1.031453503907940217e+02
-9.122231428105583007e+01
-9.695046747448184021e+01
-9.193338164724076478e+01
-9.652135832415859795e+01
-8.600224077685503232e+01
-1.138679103180385113e+02
-1.033612006681400572e+02
-9.652895889356106807e+01
-8.028054093985915074e+01
-1.408186414190080598e+02
-1.109532000705732599e+02
-1.047441545036847543e+02
-9.054919580832914505e+01
-8.025943440545222529e+01
-1.061436274279954119e+02
-8.252560837560469054e+01
-7.746442829823605791e+01
-1.418497270783721262e+02
-8.290661114190457681e+01
-1.052977145101555152e+02
-8.496731647048228808e+01
-8.082613372114346362e+01
-1.287819586428411185e+02
-8.331892651128779903e+01
-8.193820039701850533e+01
-9.143437751183732587e+01
-9.070725437086490217e+01
-1.112485565866369939e+02
-7.397287554865266657e+01
-7.757908701930855955e+01
-1.027376125439356116e+02
-1.085822525842278594e+02
-7.772629352390418944e+01
-8.011312391468237593e+01
-9.274229436643948077e+01
-9.530973092680760317e+01
-1.332103613336294075e+02
-8.125137272603635097e+01
-7.685374289849100649e+01
-8.518784839988919089e+01
-1.257958324775306522e+02
-8.789439012174574373e+01
-8.634106704365927953e+01
-9.285972478134260655e+01
-8.970934489709091508e+01
-9.692248882557260004e+01
-1.260095116477662174e+02
-7.635490244983913044e+01
-8.990794680702134656e+01
-9.870699688207361078e+01
-1.072152655528556551e+02
-1.046238993898465424e+02
-1.111727734982260216e+02
-1.468701646719144946e+02
-8.895594375210953331e+01
-9.343255097642234830e+01
-8.786307199543810498e+01
-8.846133057985937853e+01
-1.263338235470436075e+02
-9.375154628220613517e+01
-9.122277986536897743e+01
-8.261341044431576108e+01
-9.808635905301100877e+01
-1.085604074699860178e+02
-8.374200955444503336e+01
-9.554330082630194454e+01
-1.231568372355546330e+02
-1.239579509148495333e+02
-8.952972457711339871e+01
-9.314740685379439356e+01
-1.037679742154860634e+02
-1.111359296029752812e+02
-9.672325302509939604e+01
-8.034222896323295515e+01
-1.289575183404217853e+02
-1.085189323504288978e+02
-1.093248859357924943e+02
-8.049748189259338460e+01
-1.111890774833551916e+02
-8.391571789112913393e+01
-7.531329785754387274e+01
-1.313884161327435436e+02
-1.199644405486202174e+02
-9.381428686434692565e+01
-1.015822566468578145e+02
-1.160152684413437072e+02
-1.086680269755734400e+02
-7.657156640088842892e+01
-8.533693692616040494e+01
-1.237082753787447444e+02
-7.266895795716045825e+01
-8.062408731996887923e+01
-9.335106863731950000e+01
-8.638830968962878387e+01
-7.735852254954832574e+01
-1.315932675998685681e+02
-9.700253885277139432e+01
-1.219271190680197350e+02
-8.752013646855247941e+01
-8.053649967163897827e+01
-9.540935285379221398e+01
-1.003627940767343887e+02
-1.167153750078202421e+02
-9.404418585235600858e+01
-9.906154204212676007e+01
-8.452881056619926881e+01
-9.117135108173590652e+01
-9.639159684858536536e+01
-9.846184838629704927e+01
-1.091985571985747470e+02
-1.154626821679099322e+02
-7.649262383116750641e+01
-9.992049925722774617e+01
-8.767015829684673633e+01
-8.838318268590782623e+01
-8.403826122590108127e+01
-1.141430112529373133e+02
-7.269935394043039878e+01
-1.061628760812314312e+02
-8.743125983149072056e+01
-9.476537030129971129e+01
-7.316486344437709022e+01
-1.118169189385689464e+02
-1.235358650859478331e+02
-8.083958810835038378e+01
-8.428293657261568228e+01
-9.280301029488330755e+01
-9.611064354879957250e+01
-7.610358802155822389e+01
-1.102479952387208328e+02
-1.114453471898139298e+02
-8.661273185382161444e+01
-9.403322625172633309e+01
-8.757355861963193888e+01
-8.163596249914931491e+01
-8.949928314007038921e+01
-9.827970263420156982e+01
-7.746701092597409399e+01
-7.648644211822788463e+01
-9.749710329336420500e+01
-8.031421062508860587e+01
-8.889769900602767905e+01
-1.013505637033556468e+02
-8.239212824339759322e+01
-1.132349913921692774e+02
-7.833158425756120380e+01
-1.137543415566626663e+02
-9.984385819058941536e+01
-9.802016013422129959e+01
-7.748462057690919380e+01
-8.892746022147288443e+01
-8.619420062048004638e+01
-1.025517439742746859e+02
-1.023687317932582346e+02
-1.389595917215413294e+02
-7.632929979249635721e+01
-8.243959717339414794e+01
-9.942948025646497001e+01
-8.490016632743740388e+01
-1.164673577021794415e+02
-9.557355386947294562e+01
-8.024290098178970254e+01
-8.392145287117148200e+01
-1.057464608098851926e+02
-1.011441838515102916e+02
-1.012594490154506133e+02
-7.694833642968394827e+01
-7.640328509194932849e+01
-8.474450716836450681e+01
-9.072021507584700828e+01
-1.236290510274423724e+02
-8.336729609375302630e+01
-7.800454022212686311e+01
-8.665071043975879661e+01
-1.006022492132366892e+02
-8.244394732528598979e+01
-9.343748713920385285e+01
-8.869189821623483283e+01
-9.232351143931209947e+01
-1.249626151761663948e+02
-8.264212143750562234e+01
-9.993079141180579938e+01
-9.889093896388341420e+01
-7.834961982434208494e+01
-1.566087513749645268e+02
-1.524607590708735358e+02
-8.314897354660479323e+01
-1.056129206082190706e+02
-1.253483476896836208e+02
-1.449188915388500334e+02
-8.496092162375440182e+01
-9.247999718421372961e+01
-7.861721621655310344e+01
-9.174078860796981871e+01
-1.329387182164473415e+02
-8.115615082535353508e+01
-9.028305275650319572e+01
-1.056394187942308918e+02
-9.170512506163396438e+01
-1.082075097026541499e+02
-9.289648355923415579e+01
-7.543599526494425334e+01
-1.329343688232129637e+02
-8.371953084407712709e+01
-1.297575922801427168e+02
-1.144407802957932887e+02
-1.130657596257072868e+02
-8.870507543934306227e+01
-9.422780090055387348e+01
-7.637999314866944189e+01
-1.049137213709026781e+02
-8.781923058870100363e+01
-9.978298603377528764e+01
-7.871719126673143307e+01
-1.192182459174612461e+02
-1.016229087355739722e+02
-1.048949987954891867e+02
-1.001692536130452282e+02
-8.747517509738966623e+01
-9.277229332949484331e+01
-1.074501464929906547e+02
-8.202117347414187520e+01
-1.024556712615117817e+02
-9.510462438233609817e+01
-1.059083850115667502e+02
-1.020568532232587415e+02
-1.009702591629418436e+02
-9.255945506453171845e+01
-1.629734181864252207e+02
-1.034915210398328611e+02
-7.941701114185933363e+01
-8.701608476189875319e+01
-9.021455684802859309e+01
-7.870749030818124936e+01
-9.103972818101753717e+01
-8.401057717684898307e+01
-1.187703063388939171e+02
-1.114165476033843163e+02
-7.924377599439665687e+01
-8.488967822899243743e+01
-1.005758134921421032e+02
-8.968117402012423156e+01
-8.785904212230440180e+01
-8.090524037063921980e+01
-7.766917502175313359e+01
-1.141854115369802543e+02
-9.196207859063471801e+01
-8.047808383146738720e+01
-9.536923353340542064e+01
-9.332249384151063509e+01
-1.097885650285312238e+02
-9.753506972156158383e+01
-8.361671255317953921e+01
-1.437624464736640562e+02
-9.754029153792767204e+01
-1.658488122240268297e+02
-9.447490592388223263e+01
-8.649597167964917332e+01
-1.051678367856240328e+02
-8.947338241163822659e+01
-7.465546150318101581e+01
-7.849204356790889392e+01
-1.119844889707486431e+02
-1.173461135465773850e+02
-8.210519229781010608e+01
-1.068040171060942214e+02
-1.105774595368023796e+02
-8.398547513140032095e+01
-8.521646307605890058e+01
-1.023556693138041425e+02
-1.231625973078444645e+02
-1.214570293496891935e+02
-1.586320549425407194e+02
-9.059135411615771716e+01
-8.710683148755423133e+01
-9.286311514773694853e+01
-1.229905975897964652e+02
-1.035426206703723153e+02
-9.374066713506370263e+01
-9.245829468073657154e+01
-7.602262020192176806e+01
-9.927444944522812875e+01
-9.509244742939146988e+01
-7.545882348310847476e+01
-1.114430176595964923e+02
-8.709200647168144371e+01
-1.027137875108434315e+02
-1.396822974100526267e+02
-9.428424435258379788e+01
-8.052117484498342037e+01
-7.349887308619831572e+01
-9.356034952601595478e+01
-9.846231712673383640e+01
-9.744722350766241448e+01
-7.404414906940280616e+01
-1.081317137087159779e+02
-8.240374967591486666e+01
-7.587774297842358351e+01
-8.390304731562527252e+01
-8.181828405594325204e+01
-1.059556645570142592e+02
-8.616664795315507774e+01
-9.622617998843502107e+01
-8.739268099860704808e+01
-8.912855905295391779e+01
-9.734313955895652271e+01
-1.369936165509439263e+02
-8.666804509918728172e+01
-7.909245764064183959e+01
-9.940636335995452555e+01
-1.676959364422696410e+02
-9.607490905082310917e+01
-1.082406163983094984e+02
-8.953790066627182398e+01
-1.103266432531306265e+02
-8.330602445640840870e+01
-9.561257979203713830e+01
-8.034814072895969161e+01
-7.683433042067214558e+01
-9.333768004361355963e+01
-9.914712614045762962e+01
-8.286316906612651678e+01
-1.093171806903272198e+02
-1.248441318563205726e+02
-1.246665325480829694e+02
-7.850905286315379783e+01
-8.463322079425121558e+01
-8.724647943104483261e+01
-8.651972990276570386e+01
-9.107919813689095179e+01
-9.423164055227756819e+01
-7.299764309776503524e+01
-8.006970061141846884e+01
-1.234008557629842500e+02
-1.110787901831499198e+02
-7.788070464899696788e+01
-1.099443703961205046e+02
-1.035949273461027644e+02
-9.422376029775327311e+01
-9.821542021298492386e+01
-8.431774452228034988e+01
-9.541622451040302622e+01
-8.488635743877085815e+01
-9.585127154428266749e+01
-9.062501741932335619e+01
-1.002966511846974242e+02
-7.988701477110508620e+01
-1.045455284941163683e+02
-1.611689566173528192e+02
-8.287351191242538562e+01
-1.016230642661860628e+02
-8.272346111029548865e+01
-7.654987512418665574e+01
-8.466754612722837692e+01
-1.055490239174124412e+02
-8.405899390825730677e+01
-9.148399512335512895e+01
-8.495295345410521293e+01
-8.071301244010260234e+01
-9.002780495354410562e+01
-8.149645268353917515e+01
-8.192934352057466185e+01
-1.016685958421420111e+02
-8.027450226964742797e+01
-1.000599969261729001e+02
-8.953497980352362617e+01
-1.211139243170660507e+02
-7.772921163584491921e+01
-1.278961823885385058e+02
-8.178665101822704742e+01
-9.869515029892464497e+01
-1.051050370130816134e+02
-1.102207462033348406e+02
-1.253599924113199080e+02
-1.075390171826262247e+02
-8.377049328199235845e+01
-1.699623721002558625e+02
-7.786676909176036077e+01
-8.655254203113756262e+01
-1.040555806094231173e+02
-9.341323013011435705e+01
-7.910488016064041972e+01
-7.833604151245401681e+01
-8.049155757596577132e+01
-7.150668494365197603e+01
-8.980890326662535017e+01
-7.670229221211080528e+01
-1.138018967043088736e+02
-1.653135044470619448e+02
-9.699127659342876484e+01
-1.190853865339126259e+02
-8.549354845850791662e+01
-1.235953330406354240e+02
-1.068141313261663186e+02
-8.315535429393671052e+01
-9.193901068457221015e+01
-8.825728030430386184e+01
-1.001007928796177566e+02
-1.014430819634975478e+02
-7.783144155383803309e+01
-8.255320690765587699e+01
-8.331020141509308985e+01
-8.151665950604369471e+01
-8.001072480394900310e+01
-1.228514067345163028e+02
-9.434517227208233692e+01
-1.328224808475107181e+02
-7.592383468438819705e+01
-1.638662736919675069e+02
-1.373266907111503485e+02
-9.745276784983022367e+01
-1.088494663399325901e+02
-1.109745269006616155e+02
-9.522166474163850580e+01
-8.694854711234033573e+01
-8.407893966166604116e+01
-8.543383268704778288e+01
-8.829487965900435142e+01
-1.010980879292999504e+02
-1.067319786620984843e+02
-1.009158121032151314e+02
-8.416965931310673454e+01
-9.856930900641799553e+01
-9.179841992714121091e+01
-8.186158235961731577e+01
-9.034485418649376243e+01
-1.063236953236390008e+02
-1.398456062762583372e+02
-8.171617058685555435e+01
-9.335321606217230794e+01
-9.722998587412041616e+01
-9.145475996244489636e+01
-9.335894643892318356e+01
-8.577379233634924560e+01
-1.361285475959522557e+02
-1.141701859918720459e+02
-1.004613060862550213e+02
-9.918773353582740526e+01
-1.225095726327619019e+02
-1.140503124066333243e+02
-9.055557521780940533e+01
-8.521556696129286479e+01
-1.300405884617574088e+02
-7.546453042543038237e+01
-8.848228102727121325e+01
-9.084895545618698520e+01
-9.381442247331364115e+01
-9.290221014962311585e+01
-1.720413625290539983e+02
-1.112971182727794996e+02
-1.085711616622128588e+02
-1.044402115191008278e+02
-1.102126751268330622e+02
-1.181520664998011654e+02
-8.486638241982353748e+01
-9.333294728097482107e+01
-1.182800747591203532e+02
-8.760621222438687994e+01
-8.176455677745840944e+01
-8.529928555174508631e+01
-9.637282030547042666e+01
-1.141989793916658300e+02
-9.658956343382588727e+01
-8.722085444539811760e+01
-9.909118446637059208e+01
-7.721581579481821223e+01
-7.370390952098817650e+01
-7.300193994870912206e+01
-1.073963504805115576e+02
-1.017881848312862019e+02
-9.072722655180024276e+01
-1.068325691473674794e+02
-8.254780962760516161e+01
-8.425980627354527996e+01
-8.624208406677146854e+01
-1.403534222554774828e+02
-9.911409823722644319e+01
-7.969252865924779883e+01
-7.656231470546340745e+01
-1.012890227064966808e+02
-8.569878327226581405e+01
-1.324981569977206846e+02
-1.339856375705113862e+02
-9.402874124750184137e+01
-8.922264262327118445e+01
-7.987509546833631191e+01
-9.994104403740803377e+01
-1.012007932301170712e+02
-9.641327977473785893e+01
-1.103186095735178469e+02
-1.008353246876271925e+02
-9.866623673601668543e+01
-9.659914570792467714e+01
-1.044066713274836644e+02
-1.453088907963781935e+02
-8.775090903088724303e+01
-1.118575307160561323e+02
-1.099632917016649571e+02
-9.901327339687767903e+01
-1.058920666834041384e+02
-1.011109511266335375e+02
-7.820371919131845573e+01
-8.701003360305421097e+01
-9.740142520886500677e+01
-1.115235803139298980e+02
-9.532050059551079357e+01
-9.969689695783594630e+01
-1.029715980643757973e+02
-1.263458655432011284e+02
-1.127815884440906871e+02
-1.011238798939740633e+02
-9.060543924698221474e+01
-8.273305483036820362e+01
-8.819889220065965674e+01
-1.065872160911129498e+02
-8.936929297375189662e+01
-8.016487548377625671e+01
-1.382970344059382626e+02
-7.807378792697335257e+01
-9.662510714111597565e+01
-9.114045546627733074e+01
-9.299106974348654830e+01
-9.502945183093024184e+01
-7.959399003985083709e+01
-1.034060111841180003e+02
-1.000081900227533112e+02
-1.011415501905600962e+02
-7.441530293726253831e+01
-9.200630682861296350e+01
-1.034537442701155641e+02
-7.909448549787290972e+01
-9.082814519910739648e+01
-7.466525360683225188e+01
-7.616828089755472320e+01
-8.942999775813805741e+01
-9.037086779201436570e+01
-1.181476528236136119e+02
-1.011959932880109960e+02
-8.569394338312214643e+01
-8.885643336387539648e+01
