3.464822050991834268e-01
6.357159067169690925e-01
7.110668192174822710e-01
1.105780615827958391e+00
6.216376581579095006e-01
7.025557207817718641e-01
7.019223839698927048e-01
7.031930595516693305e-01
6.736510830393943605e-01
5.370665988065803642e-01
5.079088028627347651e-01
6.467316568237977403e-01
8.566546513739655699e-01
7.051148156673814338e-01
1.587474954469180632e+00
7.188553342373450450e-01
5.757448967205529566e-01
6.745992810431585829e-01
7.883953113604301732e-01
5.669100440233331151e-01
6.874672914792926415e-01
7.808893874302664795e-01
6.110423718713046126e-01
7.879660994194809254e-01
6.880776534190963245e-01
8.055812336024846809e-01
6.408995171453361062e-01
7.175222219581794958e-01
4.577750640099431112e-01
6.391487332661315302e-01
6.946666960848502104e-01
4.487860556960101555e-01
6.484686875470858647e-01
6.928205554598425575e-01
5.696409587501680694e-01
6.783982880162024998e-01
5.218616816929722013e-01
5.064320685251790799e-01
6.840066848491349605e-01
4.522148637645694857e-01
5.369698367084150270e-01
5.832460200211418977e-01
3.962672436010805099e-01
6.797701281213984759e-01
7.240582541392537319e-01
3.908022994245590187e-01
2.804559768438585898e-01
2.532866647995474230e-01
6.883764503524590905e-01
5.049212106404800116e-01
6.979096798462782747e-01
6.862267095856222632e-01
5.842906182180929164e-01
3.540815067750564538e-01
6.531329184057328430e-01
7.167373144921336259e-01
5.532229954348244494e-01
6.152486753171083622e-01
5.226496052154517846e-01
4.446453857119808117e-01
5.919364991342385141e-01
5.501677676894193292e-01
2.965679823579077112e-01
6.289198856386643000e-01
5.473242703411425047e-01
3.208378516248319157e-01
6.374636867708934895e-01
3.549567938728013239e-01
4.483492141733156355e-01
6.708852853801762217e-01
8.290713345694201708e-01
2.562752284882110487e-01
4.993754748870949944e-01
3.762457771218941094e-01
6.126772494947475556e-01
6.483596626087232417e-01
8.225853379738823357e-01
4.797830897551307316e-01
2.799800435785873565e-01
5.139352484564729817e-01
5.322133636552597302e-01
5.674219059647639396e-01
3.858259919486007883e-01
3.771118561100614275e-01
4.591589796174329607e-01
6.059199202174291310e-01
3.884707988311607574e-01
4.760626017054800929e-01
4.435432346057123776e-01
4.951190085899952464e-01
5.097598676860967126e-01
4.785988487066978325e-01
2.671126139807732947e-01
6.133991465992654213e-01
4.287600248293645389e-01
5.871881673062240292e-01
5.677140342670157214e-01
6.282839620626176069e-01
7.927481757653337402e-01
3.008696475310360663e-01
5.678369686916813208e-01
4.484837070683581617e-01
4.456019838848532810e-01
6.279238082523701525e-01
4.563530874901050582e-01
5.651176351460389657e-01
5.229588613573160627e-01
5.134586311801742076e-01
3.464753180078496420e-01
6.234718374013101805e-01
6.067867931006081239e-01
3.815846189878258632e-01
5.875082718030172346e-01
5.766980473913658756e-01
5.405755984344824405e-01
6.538139113917280643e-01
5.496541667808757525e-01
6.086315000711223222e-01
5.457357791615675691e-01
7.041038189088578703e-01
3.177316645555229857e-01
3.126939693546356702e-01
3.189283471671634507e-01
3.704635538163044139e-01
4.759612151467342289e-01
6.340178372762852455e-01
5.912968762961241520e-01
6.342128322117646100e-01
3.715819199271750972e-01
6.198418515407699836e-01
5.169602845033447469e-01
6.546922925709546259e-01
6.222147132422966020e-01
5.116509360537674356e-01
5.566955677150470239e-01
5.266646374615423509e-01
5.698374907212775398e-01
5.822764866973424436e-01
2.389564953618797394e-01
2.877852192941960929e-01
8.264092204184141366e-01
6.107135484254447855e-01
7.347726536991273649e-01
5.328606667705921840e-01
7.651396968748020999e-01
4.798594511038863364e-01
3.313686728448106966e-01
4.973243718555223625e-01
4.835214285005058343e-01
6.300643121118562062e-01
4.966683011426520356e-01
5.957419219567423596e-01
6.348565181559281401e-01
4.930858865910607292e-01
6.707488207276364189e-01
5.676360124059185441e-01
7.301326257580040835e-01
6.070411261082424570e-01
4.769338445650487257e-01
6.615703250747763109e-01
6.003108267737018444e-01
4.787333701114303008e-01
4.257469142014371211e-01
6.024665101638885245e-01
9.806437865422994449e-01
6.139265044941303318e-01
6.957890658769720904e-01
6.672725484479247182e-01
5.005173588720608358e-01
5.605791776217035061e-01
6.170573534706107477e-01
6.733227255484923734e-01
6.603816208459909465e-01
5.718532844174155638e-01
5.801700865601429058e-01
7.264235892411220474e-01
5.875629892779120622e-01
7.762495219514139455e-01
6.934996473903134451e-01
6.825687408661802458e-01
5.625017372094136547e-01
8.109600926475136751e-01
7.221910084998364177e-01
7.195399557182639017e-01
6.740508931851852958e-01
6.856214775490613311e-01
4.745823606734564382e-01
6.270859284539970213e-01
7.508300468856463628e-01
6.622762097113966684e-01
6.864269500602590002e-01
7.807561568872108948e-01
7.304739407253668659e-01
1.040346616136066160e+00
7.818294477717649960e-01
6.837684847567623292e-01
2.714867758612007353e-01
2.764541942011906617e-01
5.243213504722610274e-01
5.708945235197233625e-01
7.029004318213359914e-01
8.134641477624036110e-01
8.414625997041186301e-01
7.681488418874496960e-01
6.901356539114564814e-01
7.437378889142203242e-01
6.303111844097155636e-01
4.730249924395198979e-01
4.583889457266586698e-01
7.905128811995864035e-01
4.806323220387652695e-01
6.404571241347857269e-01
6.430821619730546779e-01
6.355765219443755276e-01
6.653696851240535892e-01
4.056612060486680660e-01
2.922816847098697046e-01
5.411938688286711541e-01
9.922223817906434817e-01
7.089442929641652791e-01
5.954616656676856579e-01
6.366302347763281855e-01
4.201760149980596215e-01
4.050799654733123201e-01
2.933549734442498225e-01
4.785196130644490120e-01
5.877178723467935129e-01
4.011604257017754027e-01
6.093561579582656984e-01
3.600260616163853400e-01
4.860437118066777140e-01
6.419275691612605916e-01
3.787459236267958773e-01
3.448969095596515211e-01
3.126838152847550290e-01
3.234613749556186080e-01
3.237897514384192599e-01
6.390905588522032277e-01
6.629219113576538813e-01
4.070208346976791347e-01
4.303151812804068554e-01
2.987188613646287183e-01
3.164863327459144782e-01
2.854084277365467881e-01
3.243231143507436798e-01
4.154855011247327590e-01
2.755769065795011241e-01
4.253858618498908561e-01
3.110793589002189830e-01
2.960546145276741759e-01
3.860349851815049194e-01
3.268109346293938677e-01
5.806431457446534772e-01
4.105477191616678789e-01
6.112006536959261327e-01
4.300725634344966242e-01
3.836637369202418046e-01
3.192185750875924932e-01
3.372714020239871435e-01
4.867087159213082659e-01
4.332813509932158524e-01
4.665624312788876349e-01
4.398370080900965706e-01
4.637270951463033919e-01
3.664162717954853599e-01
3.433215950649152193e-01
3.976426333142966119e-01
5.020748301385045131e-01
2.909952241704416576e-01
4.709250750596218893e-01
3.462219723203787125e-01
4.157695025132180922e-01
2.764117808832128320e-01
3.042471597157830332e-01
3.599560623446546592e-01
3.097339254273483999e-01
3.232205948642488669e-01
5.756931492128952721e-01
3.657514708850252427e-01
3.936640296900689728e-01
5.525852877642336569e-01
3.656756508728641331e-01
3.353362073354645978e-01
5.056053935530994137e-01
4.836295936778039484e-01
4.229656520174620571e-01
2.135364675165307424e-01
4.190805539373411159e-01
3.521335473956384576e-01
3.561536221612247033e-01
3.557199561910759367e-01
1.841463827517011154e-01
9.196788756459510772e-01
3.883399416799577786e-01
4.419227559751332524e-01
3.388435944046612747e-01
2.615869185208464787e-01
2.643804781906458623e-01
5.759532933807486321e-01
3.386422461759185931e-01
3.536887321633087611e-01
3.296412933968943526e-01
3.590277911287388934e-01
3.694841686484953702e-01
3.531290923082335831e-01
6.817506195814303505e-01
3.549823164017212318e-01
3.850162226095697471e-01
5.251594387243840867e-01
5.827811909442867089e-01
4.428379885567867436e-01
4.106092638535308037e-01
2.771360762642673947e-01
4.035105872197967125e-01
7.027175782143545435e-01
2.897752895514198457e-01
6.907707668235579801e-01
5.663782463763468167e-01
3.403610309037605752e-01
4.761538308534259967e-01
5.222898452024051785e-01
1.038337714560516378e+00
8.413446646946456386e-01
3.881789339018921203e-01
4.315924464756755730e-01
5.256301359694439679e-01
2.958755445674223217e-01
6.357890702583556264e-01
2.500423793614269252e-01
3.195563872356493307e-01
3.037550001686753487e-01
5.254288901861936534e-01
4.920127473475390256e-01
5.327939155908834046e-01
2.002430309343316839e-01
6.680054479409144319e-01
6.623885698564105917e-01
4.449906666447587811e-01
4.814463477109837686e-01
3.814660231701574866e-01
5.374751534237253159e-01
4.780175517925537854e-01
2.929648170773048732e-01
3.133500287812617802e-01
3.244863492629952995e-01
3.741234843561871970e-01
5.665989072953789840e-01
7.332351610164961064e-01
3.683791735230748099e-01
3.269043244342137999e-01
4.821916162934425376e-01
3.346367163685586288e-01
3.848875385810609506e-01
5.465999769559209964e-01
7.245934609596070830e-01
6.337134940610090750e-01
4.023562696683318229e-01
5.176446600440058887e-01
5.428094247421074714e-01
6.287441026803094468e-01
6.523045476696213152e-01
5.991053675835343872e-01
5.899815352033835891e-01
6.391735493211886387e-01
7.334845860458396594e-01
5.912909274613963317e-01
5.485914377794113284e-01
6.344982739019053852e-01
7.189570636499791334e-01
5.081579083492141491e-01
6.429594735063184352e-01
6.751066188877583585e-01
6.483663892819436780e-01
5.503816724551772177e-01
6.619526181612642723e-01
5.788611157787408867e-01
6.920006996283907252e-01
4.395538924035529704e-01
6.965013056622901821e-01
6.354408769902447629e-01
7.335221931928965766e-01
4.542871850800522804e-01
7.532085579913215811e-01
7.087021569486976480e-01
9.816309667654145033e-01
6.298585739450117682e-01
6.215644138121247941e-01
9.825013867114992250e-01
5.113093297950916938e-01
9.101508421974481289e-01
9.419260771316151359e-01
6.990228029097721452e-01
7.698885526054847217e-01
6.963931693066707229e-01
7.695767148298456872e-01
6.725094758568194164e-01
6.969935356323571085e-01
4.539782864780482208e-01
5.343351994498408697e-01
3.327756790599250003e-01
2.550387036225920112e-01
3.511142682235131041e-01
3.139518136118671920e-01
1.614989916540192361e-01
7.738872412676796042e-01
5.522210435983732069e-01
2.872978998848143006e-01
5.395966567465622088e-01
5.682531559833103874e-01
3.707248994225972316e-01
6.503858539967833918e-01
3.657943686231929781e-01
3.873675371891697750e-01
3.908582912112787411e-01
4.303861483381563602e-01
5.821015621412286567e-01
5.278313612209134531e-01
4.420804265373323161e-01
4.843014975904657571e-01
3.010672012867618985e-01
3.627792926099377424e-01
5.318372144391335654e-01
4.287384398143784248e-01
3.078763198870290707e-01
9.478479246495422617e-01
4.563874014814844338e-01
4.430626734895538044e-01
6.037689447797047748e-01
6.086195936733602707e-01
3.648293343114095144e-01
2.963144284920721794e-01
3.184532415789183002e-01
3.469790646760520514e-01
2.186322080116213651e-01
3.976245814638273424e-01
3.276918576914919501e-01
2.878635101555903075e-01
3.247755571386296558e-01
2.794057486849316763e-01
2.634979431122669857e-01
2.666636287056420862e-01
3.078720521951470723e-01
4.193442463465126835e-01
3.585521263872211706e-01
3.471455299962335483e-01
2.888785258272662526e-01
4.312747379198670905e-01
5.918961420012471830e-01
5.037240610747507619e-01
5.871917887537955183e-01
2.793525093289045969e-01
3.401079988561858669e-01
3.368150714688847303e-01
3.699903239223075735e-01
3.103605794207381363e-01
3.393487891869648720e-01
4.942537915870036658e-01
4.149923269597023401e-01
4.865076597940552472e-01
2.725663460215360656e-01
4.175009363890416214e-01
3.722756469182610384e-01
1.081859030917362352e+00
4.634789523347178086e-01
4.915546529775945417e-01
6.422696996071628472e-01
4.388704175111919903e-01
6.767411897170036994e-01
7.502692741803732579e-01
5.424508767996748526e-01
6.441536402199165012e-01
6.059780317012022355e-01
9.014265412364378394e-01
4.455623331554426358e-01
5.692598268271713557e-01
4.373833946337701284e-01
7.974307173877237531e-01
4.959848663288862203e-01
4.969178564874267012e-01
6.219604056274461445e-01
8.051464596584516631e-01
8.010958301600540343e-01
7.017523599140265134e-01
6.021574085057368464e-01
6.075457642617878573e-01
8.342148034987892924e-01
5.830616269143885644e-01
6.074205751594671243e-01
6.234172788709309021e-01
7.470393017924871204e-01
7.464195336967934802e-01
7.300148650768391034e-01
7.059139736588432301e-01
6.280058486290649444e-01
5.963140949787747447e-01
7.172298206309966062e-01
7.685072155076272393e-01
1.135037863133044000e+00
7.899827679977553530e-01
7.813580888302730232e-01
6.090194628577074720e-01
8.773820504128023723e-01
1.329131328868022432e+00
8.674310977692231139e-01
5.303496819240589577e-01
5.562661258259469221e-01
4.206746411052629808e-01
1.350886624706835848e+00
4.586634957836589477e-01
5.185171199805880260e-01
7.607141564332731143e-01
7.150625261759686602e-01
6.810410738060586056e-01
7.459136922084073085e-01
7.406859779730045057e-01
4.170896698411580283e-01
6.504543783469521889e-01
7.244434434023085956e-01
5.878170276481562428e-01
5.349504610449216102e-01
3.567709074063811769e-01
2.174244919407276044e-01
6.307524416464412864e-01
5.703285666965705047e-01
1.248522137087272776e+00
6.510014822335792317e-01
6.520640857089026188e-01
5.969188887996366155e-01
4.661776232712545598e-01
5.258463531956141246e-01
5.786790773562701107e-01
6.782975260136103746e-01
6.945234143205902821e-01
6.137184435962297346e-01
3.525797190447236273e-01
5.260175944919385227e-01
3.560369586683898580e-01
3.219709468269017494e-01
2.874131244105340155e-01
5.835426901361304708e-01
6.217422429927983440e-01
7.144539774482663308e-01
4.590537964851195141e-01
6.827425870865282409e-01
2.323352513372758388e-01
7.508663030904290103e-01
6.028040414175110939e-01
5.838576443164723573e-01
5.966311721072968810e-01
4.617430429585238638e-01
5.387648274525790315e-01
4.064159886560644863e-01
3.444615358930948612e-01
4.142930374946148242e-01
6.670003823776750052e-01
4.533398245865477016e-01
7.112719712445667586e-01
7.037439429413677727e-01
4.586126406369650521e-01
6.865188711398565458e-01
5.734667404885802622e-01
8.312188374483749920e-01
4.120665995367688295e-01
3.076722865182645594e-01
1.765926702684572080e-01
9.669865810828328634e-01
5.181421610438400327e-01
4.198417520331428343e-01
2.820477918784680682e-01
4.471945610861329801e-01
7.490934408071467931e-01
4.952788503471728387e-01
4.931713101004701061e-01
6.204016893973788305e-01
5.530698572746657327e-01
4.421091627839610072e-01
3.204406127646033386e-01
6.224108203087026503e-01
4.624162473901844428e-01
3.916357062729409200e-01
3.850913833629710514e-01
2.431217102550485565e-01
5.974910279785734524e-01
7.175899844677533501e-01
6.559241402077921057e-01
6.943640288223469348e-01
2.176492256419752525e-01
8.366607418987866973e-01
5.013192034915097128e-01
7.466751688738487713e-01
2.443986205777367304e-01
3.174817609543136854e-01
5.822738320137386125e-01
5.371611430097203987e-01
5.981792904773746145e-01
3.025057506191494716e-01
9.749967822991072453e-01
4.607205943572660889e-01
3.074672582319842862e-01
6.194498245548230031e-01
7.603234386432471403e-01
6.863878133285961081e-01
5.733464941673869220e-01
3.291531490580679176e-01
3.590736674891099045e-01
3.229431300325154020e-01
5.963034990421416381e-01
5.843525280374041175e-01
4.294036097463290735e-01
2.941185588918606153e-01
3.553682681056542503e-01
4.883629007614421202e-01
6.114942366161485454e-01
5.118797417166517372e-01
5.600766786509603357e-01
6.618244773732844255e-01
5.365988327230533095e-01
5.708130896483432082e-01
5.300297090394456845e-01
4.092044773892277165e-01
7.321332430502628386e-01
5.395961315472106445e-01
6.355343765314449556e-01
6.660873122491703935e-01
6.032908168901147672e-01
6.717661950339054444e-01
2.846303090586036477e-01
4.298435667018197237e-01
5.272838188358305311e-01
2.843778606398535969e-01
6.684860146492259680e-01
4.534094130586003857e-01
3.608873504191355552e-01
5.652124573455270529e-01
6.211008302142926318e-01
4.154590006851599515e-01
3.325392621609463695e-01
2.793304098313438288e-01
5.099884708879083295e-01
5.865469064362656137e-01
5.776692955310479549e-01
4.640382155588149704e-01
4.840513546777834297e-01
4.045252565376342702e-01
6.580944383218990668e-01
3.665961796619578994e-01
5.650381286691507077e-01
5.168729150359211433e-01
5.470098195225846505e-01
6.579591315984493205e-01
6.871656953672334867e-01
2.733142440762636460e-01
5.315384402881924153e-01
5.828196051429286317e-01
5.552424588893677404e-01
5.339121741535163279e-01
6.700478378794914036e-01
3.486020302861499442e-01
5.771033138809408269e-01
6.512287677221868520e-01
4.322339457377321614e-01
7.705233616556506071e-01
6.463570141375204470e-01
4.428527866071819141e-01
7.320879688694570397e-01
4.178984303473238793e-01
3.712060908348392974e-01
3.563675874384459319e-01
2.980962005753667321e-01
2.647287505121469486e-01
6.810726243846468853e-01
3.594163730751145924e-01
5.320591252641190261e-01
4.138251307438369775e-01
9.120003316808145133e-01
8.452685353891696840e-01
6.503119331969161587e-01
6.230353489553828172e-01
6.732115559262460414e-01
4.793227733038017413e-01
5.688599483181289163e-01
6.300277529387450226e-01
2.884712544819578173e-01
7.666527159089773225e-01
7.991620038225759615e-01
6.749683773741433912e-01
3.915588752848353504e-01
1.010698625588249522e+00
7.807666317164826397e-01
7.700288278702119849e-01
8.333921836079757339e-01
8.064911201586590916e-01
7.810280305018536540e-01
7.061035269147808435e-01
9.774467423637377417e-01
1.604407687676021377e+00
5.100778033422573854e-01
6.128754830096406758e-01
3.266021924582314107e-01
6.313284453680293451e-01
6.203300946703519392e-01
4.878121810348611809e-01
6.598432680296218988e-01
3.115035840340531492e-01
7.080664521514412613e-01
7.032567468381702991e-01
6.228939543526101907e-01
4.991655851475735317e-01
6.040421111930999176e-01
3.556237435924555212e-01
8.705080009133143726e-01
5.596076497069814026e-01
7.014533436339004391e-01
7.001556077842751025e-01
5.466193225160230762e-01
3.735362434695884137e-01
5.810085256776355012e-01
3.855482785573925431e-01
5.319504508845250834e-01
5.502789421519364010e-01
6.379360238565089380e-01
6.447847176162724292e-01
7.191056418693615448e-01
6.354511433370376716e-01
7.148534355489764014e-01
5.971697892614965530e-01
7.999782667808439385e-01
7.116152986181064621e-01
4.789807857784185163e-01
6.255885258895041989e-01
2.929095135059280874e-01
7.023477211041943002e-01
5.394296068274744282e-01
5.532399347019495428e-01
6.334043764987513647e-01
4.810708364315923746e-01
5.261564394382263199e-01
5.506470325564510881e-01
1.052116475730053846e+00
6.801319799382623543e-01
4.887064217129090116e-01
6.304732003702776533e-01
5.568637608296844732e-01
7.070060814016523310e-01
5.245798196188313778e-01
6.431968412982058680e-01
4.364383130255531928e-01
5.312555589663465749e-01
3.654445317558924766e-01
8.095408976215593411e-01
4.168432482025456465e-01
3.679512985774454070e-01
5.365566452747057014e-01
7.973575530670420353e-01
6.595939771165811871e-01
9.113873850378936270e-01
4.822176535684405407e-01
6.839243899981714003e-01
4.737879022209930402e-01
3.913287543065236407e-01
4.002927727814910019e-01
5.940265112592951757e-01
5.488436497326857344e-01
5.468749327852059361e-01
4.984336688261570836e-01
7.059005240021827277e-01
6.253904054886597619e-01
6.466211881430393715e-01
4.402793470438766121e-01
7.491485277592343506e-01
3.843219878468221995e-01
3.572520255188627591e-01
5.225405602332326982e-01
7.598213967905166344e-01
4.518594947900312353e-01
6.549854785277950953e-01
6.899671108168423661e-01
6.457577597017507554e-01
5.722726413774212872e-01
5.850805271826201581e-01
5.125402842890333099e-01
8.473512331390834484e-01
6.984646857084340077e-01
3.725401713206981658e-01
4.487379001762910602e-01
6.702996443698067131e-01
7.322377755562932133e-01
5.850990672401680248e-01
5.386112350852791941e-01
5.947162638365934839e-01
5.405205390541358845e-01
4.641778782723220420e-01
4.242242542032815811e-01
5.077279264623671962e-01
6.295303169933312848e-01
7.170261839886433730e-01
6.622486907620687147e-01
4.361494874811930877e-01
7.569251574373953018e-01
6.651792715748263696e-01
6.337966889534500936e-01
5.794518503666489240e-01
6.835722699729747109e-01
5.206540948375929512e-01
4.565368973355666826e-01
4.730196882184520280e-01
5.070019178450136943e-01
6.561406541547964988e-01
5.874812240965892052e-01
6.693109509553756276e-01
5.432211823455599387e-01
6.660232247461376209e-01
5.099642440370441010e-01
5.704393835789393075e-01
5.293436266741854412e-01
4.224154598619052070e-01
4.198672548112995506e-01
3.610768805717899377e-01
5.738747337423452111e-01
7.141744672380192505e-01
5.973378992546038990e-01
8.291579266636051049e-01
7.098585065364513280e-01
5.986956060975329175e-01
5.165195722106423748e-01
5.325036862515112324e-01
3.590268570041854623e-01
6.975695458613491162e-01
6.617567653540962214e-01
6.987955749783382187e-01
4.044267367237074362e-01
4.259146064585148106e-01
3.300926639205190027e-01
6.963760931865637938e-01
5.831138706585473619e-01
5.357147447221344283e-01
3.428904136607227038e-01
3.828738635940632240e-01
6.096262951121844686e-01
5.807331785750410313e-01
4.751049063603142164e-01
3.923629505425135222e-01
3.506386859469508011e-01
4.117034648915086636e-01
4.719128930106128994e-01
8.202063689664392809e-01
5.399162728190611826e-01
3.928726417355851708e-01
5.523103039814821758e-01
3.834117457761392900e-01
5.772667808549643009e-01
5.654188383586417066e-01
6.141573369772366231e-01
3.660935938522238975e-01
5.859009920935913662e-01
6.760247652046622591e-01
5.964085007476603861e-01
5.490024761568331746e-01
7.683680565979220667e-01
4.950796626323661354e-01
4.272800674303711688e-01
3.630716298249215823e-01
8.084771912857934284e-01
6.829137625782266685e-01
6.408324337011781502e-01
6.309808131790928254e-01
5.515783238716873704e-01
5.513466073640674869e-01
6.804705692354611202e-01
4.713822871683209237e-01
5.657216042794545041e-01
3.071265934812989484e-01
4.776713184758161201e-01
4.558289965326225990e-01
7.850091885052338236e-01
6.541767724845160004e-01
8.117233918264722403e-01
6.666791539041980741e-01
5.793252270057702713e-01
6.256922771297814823e-01
6.359817314002853550e-01
6.613394548445894472e-01
8.066793401897054405e-01
6.433536482607588036e-01
7.141310101036716373e-01
6.188466282555218356e-01
5.668351533037082612e-01
5.769080830749198086e-01
6.550479869982527292e-01
6.358889749738396713e-01
3.902774175645673527e-01
5.314126450426129855e-01
5.745922923445839769e-01
5.366762784492393745e-01
5.615206954045987020e-01
4.882263690686598490e-01
5.865538263841117983e-01
5.686097466919817212e-01
4.512543170973858375e-01
6.132270847365907107e-01
6.144431119501877481e-01
4.373989300725258378e-01
6.112077847286802035e-01
6.221238908916598698e-01
3.973193421769412592e-01
5.792674556069008496e-01
5.550575629987929416e-01
7.818606185374492590e-01
7.059568858167991623e-01
7.820102577209447903e-01
4.721080164972318305e-01
1.087821256168704620e+00
5.253549863912717610e-01
6.445453706815723605e-01
3.952318724749206980e-01
6.069091750772713789e-01
3.318719608669771781e-01
7.108265314362061105e-01
6.197054770405056034e-01
6.062055529252151631e-01
7.247676066838816267e-01
6.254325212994583660e-01
7.061579739817580581e-01
6.453845100712179983e-01
7.353286269250784990e-01
5.180393958668421117e-01
6.038593748328446864e-01
6.577849760104155230e-01
4.870608651701271996e-01
6.196679014893164972e-01
5.018183987079719577e-01
4.957506965268048682e-01
2.668116644485200584e-01
6.203555513217228201e-01
6.339620805559701422e-01
6.303230058029644090e-01
7.367312763351733240e-01
7.767147763270333405e-01
2.539632678735807003e-01
4.283531158697487795e-01
6.967056576587021821e-01
4.596802031012456879e-01
4.275207487280025531e-01
4.826619735518853371e-01
4.953516664310031459e-01
6.563671873415105606e-01
7.269395181624336288e-01
6.089089338557580611e-01
6.238551005139757466e-01
6.399820378447579339e-01
5.999045878883760841e-01
7.175343414427763911e-01
5.036430726497781452e-01
6.427616784143601603e-01
5.724502907964367227e-01
8.425281618753470703e-01
6.664359121439245026e-01
6.899231262125260500e-01
5.346143538771410686e-01
7.114700748306597156e-01
5.567845305191375660e-01
4.011683770407306060e-01
5.803995593837678602e-01
6.448422079625351078e-01
5.603174883335437784e-01
7.444057022823789005e-01
7.337811365195713309e-01
7.541274041679080220e-01
5.723288757653969272e-01
6.265757392020102623e-01
5.903610937733022590e-01
4.896570992416798274e-01
5.555679677088642965e-01
6.460111510359761722e-01
4.394894175962583693e-01
6.708614285404117528e-01
5.930665217684025770e-01
6.711629532007082899e-01
6.215198859363668671e-01
7.209074757940442391e-01
5.576765002212925593e-01
6.413420023526230640e-01
3.651926633949285073e-01
4.259820820822838860e-01
4.504515311167043290e-01
6.026073053103170318e-01
6.381264619618002287e-01
6.156958037079199864e-01
6.702455824154647246e-01
6.154156779671511313e-01
6.661310629318344390e-01
5.884940093668281635e-01
5.999240601209159252e-01
6.066973027902948790e-01
6.296019951603765152e-01
5.938347327842727896e-01
4.781730899305507987e-01
4.245093573662052644e-01
6.991830698312608838e-01
7.104707909751640793e-01
5.441277801472658160e-01
3.943166047382228867e-01
5.721481003682586941e-01
6.786407934087095306e-01
6.656264030577082602e-01
6.029861939473759591e-01
6.308268327067867443e-01
7.853549289245400633e-01
6.661922682916513461e-01
6.009423934750556251e-01
7.152851784408870151e-01
5.508271860884782489e-01
4.970981301452641055e-01
6.684557746024750724e-01
4.251353580417921441e-01
7.457714334409094592e-01
3.020196715594316572e-01
5.376001345341873128e-01
5.863264100775475995e-01
4.812771709342838489e-01
6.960783218584127852e-01
4.760144110058751044e-01
7.392017989803482125e-01
6.540555953596222105e-01
6.231043530697274457e-01
5.155436001510991240e-01
6.171789138212789849e-01
2.586899039656605503e-01
4.611109556631257100e-01
6.404876399112593433e-01
6.361707039372189731e-01
5.375242378631829299e-01
7.510814220264270258e-01
6.883607947983575448e-01
6.567886868484406060e-01
6.446984022404860237e-01
5.860297448493256844e-01
5.355229871947786435e-01
6.370251658246919302e-01
5.442088016457297117e-01
4.569931532636182792e-01
4.761406017035084148e-01
6.460051180404972060e-01
4.897283475266325792e-01
6.180223855457677162e-01
5.896418670187405509e-01
6.873649802308030576e-01
5.859999984138853923e-01
5.994852831321819675e-01
4.662525859515382343e-01
5.827759096722179288e-01
5.773994597234327619e-01
6.997971930411723829e-01
6.000686999535952415e-01
8.394178996867591724e-01
6.412199648656372597e-01
4.115142528566558267e-01
4.656017482208095193e-01
5.829851647427085615e-01
3.980297285076153657e-01
4.635480943929686792e-01
7.959846114349877766e-01
5.467252787189207375e-01
3.230438381786330249e-01
6.161334071117670064e-01
5.591074028604737789e-01
5.586537731737147849e-01
6.502231835066238919e-01
5.576861111178896824e-01
7.316038005133888023e-01
6.516532836352828539e-01
6.386728892257104162e-01
6.792167949527164739e-01
4.636963425440923658e-01
7.605675362493298231e-01
5.857373933246395881e-01
5.323330053468307010e-01
4.015501894464612587e-01
4.755184712353920928e-01
5.457316494409878427e-01
3.278635641961524239e-01
4.738862768998748365e-01
4.335312398496919961e-01
6.514562181856717871e-01
7.947775972282161705e-01
3.554651485116101517e-01
6.511798207423258322e-01
4.893467343468266284e-01
6.383654596687156069e-01
5.046897030583146204e-01
6.348479364522389146e-01
6.886345863498497533e-01
5.169355513925385504e-01
5.854585258698515871e-01
6.709373531015406789e-01
5.788709646878282822e-01
6.006553132928252881e-01
5.327724008742260597e-01
6.793423784339553961e-01
6.375823158648078470e-01
6.274958447874622314e-01
8.466912253620237916e-01
4.548570227280014922e-01
7.536618613659912258e-01
5.192875542066016648e-01
6.044319566910071329e-01
4.751170474024959955e-01
5.674872052842259151e-01
6.830293320943335855e-01
5.650173528293409575e-01
6.986602453312980021e-01
6.676913539388533714e-01
6.701432877374485786e-01
4.810021727139598968e-01
4.410209731958344426e-01
5.435155741631159110e-01
5.195521187202708502e-01
4.020101827017763529e-01
6.177130333245105520e-01
6.024608476271582358e-01
7.218144035200100284e-01
5.677595253085078175e-01
6.721883561816477393e-01
3.695131880532591118e-01
3.432173577663537589e-01
5.428265818313042779e-01
6.755127312976215714e-01
5.906540662542432152e-01
6.660606273784199782e-01
6.081048112571751929e-01
6.387580817052503912e-01
5.946552981942581084e-01
4.017634088929535330e-01
4.632751477114500638e-01
6.097910295179869156e-01
5.017781188328720443e-01
5.983193975665067610e-01
5.708304206213213883e-01
8.177489321024106195e-01
5.654337150911632470e-01
7.487632168272153610e-01
6.832639348907421084e-01
5.266099030401298897e-01
5.110363005030996719e-01
5.916336578263418078e-01
6.911519752140025119e-01
5.418981243182739993e-01
6.587562900226674456e-01
6.691521446327526323e-01
6.402191528264976617e-01
4.995529757733311316e-01
6.456991864276694360e-01
6.200351069297159734e-01
5.027695017028521729e-01
5.713048660984995086e-01
7.889923035328988421e-01
4.973122678946187425e-01
6.653260160325888961e-01
6.129922209659804944e-01
5.229670436745923467e-01
5.423942070823445372e-01
6.484631720990018389e-01
6.982338597551185355e-01
4.987138650404510654e-01
6.884605789509076201e-01
5.707857098623504433e-01
6.652841666366740014e-01
5.346793308054130778e-01
6.073447219272394282e-01
6.651902374935307893e-01
8.491811973629179722e-01
7.008287429745456709e-01
4.749542125971200068e-01
7.147013611268792088e-01
6.837803192021690846e-01
6.066849919788132039e-01
6.424799138298541434e-01
5.724019108694183844e-01
6.060968933067873987e-01
6.618266204043786738e-01
6.421106903876745431e-01
4.604621982999553276e-01
6.911193472855695630e-01
5.470086009965602347e-01
4.289563407473765411e-01
6.865937463489678594e-01
6.244567350581552434e-01
6.018343723665582345e-01
5.659512131838474458e-01
4.403688973588650302e-01
4.901449871774321565e-01
4.997038447499428937e-01
5.080884801020937314e-01
6.064303536566476582e-01
6.205333882822108293e-01
5.035535674552078511e-01
5.706421634308360691e-01
6.455818629920215823e-01
7.686687676782986145e-01
7.318297972711487187e-01
6.747236498340730693e-01
7.613968714286746264e-01
7.523987902889582857e-01
7.189154139369633434e-01
6.996752420877798695e-01
6.588055426815040416e-01
6.704083947169930946e-01
8.444180487702794835e-01
7.204184937389200849e-01
7.620189985194271154e-01
8.530963345470640169e-01
7.822521510246395193e-01
7.004406880956558501e-01
7.045657255079437187e-01
6.899054212142204934e-01
7.721063671540494555e-01
9.019119104191257730e-01
7.037851547655309403e-01
7.038191684272399051e-01
6.633973091164919733e-01
9.773585688788284376e-01
7.001990139550805514e-01
6.143906549861374300e-01
7.067654253883010051e-01
5.651468925453795311e-01
6.991312386750688779e-01
8.669263717037737349e-01
8.213858191551510757e-01
7.670808159429366446e-01
7.868033374246022893e-01
7.587775383801622642e-01
7.908739996334699374e-01
6.606069344308730384e-01
6.578618075145682420e-01
7.314181892019174791e-01
7.279288593057332557e-01
7.767415107181644407e-01
6.904227044258993695e-01
1.009294285763109533e+00
7.529050710142538572e-01
6.882505839497051747e-01
1.054933441711812581e+00
7.678766574057573902e-01
6.920966876104128751e-01
6.827165746330239315e-01
1.029351648172454503e+00
8.440348682841283257e-01
7.291314304409202141e-01
5.795430760477118248e-01
6.154306282979362663e-01
7.329818711102281670e-01
6.384362084183177188e-01
6.163849662752735048e-01
6.902870519528082616e-01
5.085313728470234329e-01
6.618025513462263421e-01
6.584521694605586228e-01
5.855139196511481847e-01
5.812586667879698910e-01
7.326567576956518613e-01
7.210364537261260143e-01
7.081178030473953555e-01
4.528086521329618419e-01
4.421086541394607106e-01
5.337806886615367175e-01
4.897049291797060944e-01
5.889925223720953174e-01
7.146663971443607544e-01
9.106571396218359205e-01
7.519635269835259761e-01
5.578369876449649212e-01
5.927582743578962976e-01
4.978835270392493184e-01
1.038028384217876132e+00
6.679960689420385567e-01
6.518159669637544340e-01
7.039846591484999472e-01
6.231927898531454124e-01
5.843308788245131780e-01
9.875733269930295766e-01
7.415179040862780457e-01
5.829225030002004315e-01
6.190487182602290028e-01
8.051472021188798012e-01
5.075420734344517903e-01
9.487363116476048575e-01
1.167190417931053936e+00
1.117085851504437510e+00
1.114335744522026550e+00
1.263706448698829199e+00
4.903718487565646988e-01
6.806330914900626805e-01
6.311071919615978132e-01
3.997625809326143531e-01
5.766272980402979975e-01
5.357038867108649960e-01
6.052375112533237012e-01
4.812451071346384723e-01
5.577966933055830134e-01
6.803100361702193455e-01
6.382767867436048848e-01
3.972596509792559738e-01
5.860137466430632713e-01
5.249039870649300221e-01
5.529799248041475934e-01
6.632554785536807218e-01
5.171394403771037984e-01
3.437334773121830112e-01
6.300612274134733681e-01
5.394346656916769733e-01
6.515344438790829917e-01
6.485844080040550352e-01
3.289594050554504601e-01
5.248886353448378728e-01
5.078183154329738436e-01
6.795553128817496402e-01
3.639115263180038862e-01
4.223746021858908462e-01
5.383938951478562940e-01
6.979480342710032703e-01
6.121271522693542133e-01
6.343287196747848800e-01
6.029535487459303233e-01
4.719230360543227865e-01
6.837002235771749703e-01
5.980640334321923879e-01
4.284039823047616768e-01
3.844159979847306952e-01
5.817760540188641194e-01
4.678759989283298171e-01
3.289609849367128303e-01
5.914097340955051241e-01
6.935451313684283248e-01
6.097572583825208170e-01
2.952308213836978834e-01
6.687771244600629883e-01
5.899863946359187317e-01
6.912452792738860152e-01
5.685021444449098738e-01
5.548683128238746098e-01
5.489922853796118662e-01
6.257795592247609173e-01
6.004273749531079396e-01
5.777844959398910074e-01
4.286697198162709443e-01
5.404325144994327479e-01
5.936463700209833050e-01
6.311058813109515775e-01
5.899086486476485813e-01
3.840914554423613958e-01
4.607792804420502986e-01
7.565613050156583252e-01
4.210359311633841140e-01
5.056623651469479563e-01
4.843985032577106109e-01
4.777408819529519457e-01
4.475495401315343624e-01
5.050925696975450130e-01
5.736884672383758543e-01
6.010135217327146062e-01
6.183708140688342070e-01
5.792865958069903787e-01
4.946775897847662251e-01
5.047942762791127747e-01
7.714187923296551563e-01
6.611062592843059971e-01
5.334424810375643089e-01
5.335855197802077399e-01
5.481461337688799951e-01
5.688550954830252637e-01
6.041883682228124108e-01
6.076542473779733555e-01
3.195351593786566191e-01
5.988441866520527457e-01
6.854746477572873919e-01
6.657864718577519714e-01
5.846211563436194414e-01
5.453937442831604532e-01
5.005851997954956500e-01
6.167293203236842158e-01
6.667413367685608439e-01
4.966221635004102741e-01
6.545928201044886041e-01
5.696602731323616720e-01
4.519190817628864210e-01
4.632206379578542310e-01
4.840393026501220164e-01
6.018969724225639029e-01
5.340635872923104044e-01
5.072311795614813379e-01
6.386587573393008865e-01
5.481028412944263239e-01
6.307454576897520981e-01
3.425751433657865941e-01
5.430818757722525314e-01
3.726137473665192545e-01
5.582215019582725812e-01
5.729175631783187672e-01
5.352039216562317625e-01
3.712199864908926616e-01
4.622158728240710057e-01
4.708915421351746455e-01
3.426980635876712422e-01
5.766319052860726657e-01
3.648274932607304399e-01
4.695452623650758217e-01
3.371978999941647737e-01
4.306588171601664627e-01
4.309147066863324715e-01
6.027403536911548620e-01
6.349853567638275020e-01
6.138951962936030071e-01
6.479496104532951328e-01
6.669301063186867662e-01
5.604583235994852197e-01
3.455356292357230630e-01
4.767389993023737338e-01
4.274513178712283645e-01
4.903381100000533399e-01
6.280673304069900320e-01
3.318649818205567925e-01
6.642391777465501690e-01
6.058034318704027532e-01
5.951974354442790549e-01
5.736495900702459627e-01
4.180948158911961254e-01
5.692260752940482282e-01
4.669708874412771271e-01
5.358078164806208132e-01
6.162608977096752927e-01
7.065346249261740263e-01
4.550514398636004154e-01
6.392051962013349797e-01
3.251141660564985658e-01
4.284354607684844329e-01
6.129128140320015961e-01
5.855001983664394061e-01
3.903799942764852315e-01
4.259679155631049263e-01
4.499453991642364814e-01
4.754550609060724242e-01
5.999397355800617504e-01
4.225544629487116288e-01
5.375767331904152124e-01
5.841207705196400646e-01
6.176526481240854904e-01
4.551626426413629689e-01
5.038704070358548393e-01
5.127084999014308586e-01
5.341462786835795562e-01
6.642167493042731019e-01
6.005435373986527381e-01
6.163687787968549214e-01
6.567774152550267530e-01
5.421075059558817522e-01
5.540063732413859077e-01
6.688641958924242958e-01
4.674773079559719213e-01
6.072221791631988719e-01
5.633609811282640489e-01
5.649962333313693907e-01
6.267052851864809426e-01
5.666153235655232434e-01
6.377895694069031229e-01
4.541437840079536881e-01
5.730460042214846617e-01
5.651682333329459684e-01
3.140864862509547550e-01
5.762372136121035604e-01
6.049585523871110482e-01
5.164027845095497948e-01
6.347090218160376107e-01
4.632561950231746106e-01
7.753497246177205593e-01
6.385833615421754317e-01
5.395139762565540620e-01
5.047452621260473116e-01
6.216434177186245247e-01
6.696845619536274663e-01
5.140031606168967704e-01
6.418580931165337455e-01
7.048700321394172352e-01
7.429321876040321238e-01
6.440880284323154958e-01
5.867930857142077405e-01
6.837158405543752870e-01
4.170113567963706358e-01
6.092777990918707420e-01
4.995113484556214511e-01
3.401563279135488838e-01
5.216319591901289465e-01
4.108894851729593123e-01
4.948220058093911744e-01
4.574825045427005632e-01
3.525285776191500742e-01
6.456885937671641429e-01
6.137567003845414426e-01
5.854988875279870664e-01
6.791611926600393812e-01
6.562861801535372352e-01
6.129273634263395776e-01
6.040848801510907418e-01
6.249667237674775278e-01
5.429887802996913315e-01
5.779797910920606574e-01
6.388671388776799853e-01
4.952647897855916304e-01
6.676666061970795152e-01
4.141196768209539081e-01
5.548811433585083552e-01
6.047101591093954065e-01
6.182789167245876794e-01
5.737530700137604134e-01
6.687684453497353410e-01
5.286156030060767952e-01
5.499098288256336620e-01
5.878336956416250203e-01
5.527075845337909854e-01
6.559593411841193600e-01
6.870226528204355088e-01
6.038433593309764369e-01
5.267254959387210889e-01
5.587176266092054311e-01
4.029295277280269816e-01
4.650172332738635173e-01
4.657202876398172653e-01
6.546674894043214010e-01
4.372927117627241067e-01
5.583720201369282155e-01
4.488871197095580245e-01
5.199853804613557839e-01
5.909685792654854053e-01
4.823875215636772573e-01
4.229577384153809239e-01
3.497149811331196623e-01
5.533146991993210806e-01
6.915250955988274661e-01
3.990173128102691424e-01
4.444021951032234852e-01
6.218483997356846205e-01
3.708183888809316042e-01
6.279917269671670965e-01
5.932089658827460754e-01
5.262626022140637350e-01
6.730203745853176045e-01
6.223619736117498302e-01
5.681928814224936897e-01
6.991257315795796901e-01
6.239736896258087917e-01
3.498679685368459857e-01
3.633860930628029506e-01
4.621772548427552918e-01
5.860784559589756748e-01
3.540994827245794174e-01
6.193312404687587591e-01
3.922919172408845800e-01
5.489776348543061735e-01
4.365936533201079661e-01
4.235833953626248483e-01
3.467604824039402511e-01
4.958185551628668808e-01
6.189780399842799152e-01
5.656623968418936776e-01
5.930052902936682191e-01
7.189175813698442941e-01
6.271600108679422636e-01
5.960449210201305137e-01
4.185371987352853873e-01
4.279037335980473422e-01
5.802256845922701967e-01
5.084825264724470717e-01
5.643781477353542186e-01
7.602799121874627142e-01
5.879465867911923826e-01
6.546342526597004330e-01
4.462476008696812380e-01
6.952647125972045705e-01
6.511843700069486207e-01
6.446419501913025485e-01
3.365521380380334104e-01
4.252097514937174805e-01
6.359957937835389874e-01
5.674915512794802552e-01
5.916207995037047196e-01
5.321640554466839923e-01
6.293702330323530658e-01
5.486934721995242459e-01
5.422264447765003936e-01
6.152447360051733760e-01
3.244743238058667156e-01
5.989875661951913344e-01
5.746913597835235921e-01
5.777611751265706586e-01
3.777341112242474930e-01
5.855070866689829900e-01
7.460770504242839607e-01
4.625314482602752020e-01
5.677701789516631514e-01
4.846018999353404744e-01
4.413825054717164242e-01
6.421786673580902605e-01
4.212091511159926083e-01
6.505654933423553610e-01
5.662124698122409372e-01
6.654924206695153055e-01
6.374456225658748920e-01
5.664441101209432006e-01
6.493871108146003213e-01
3.900461445891131307e-01
5.808097458358594256e-01
5.841570648092985207e-01
5.539008286299909045e-01
3.921592032739646405e-01
6.012144579700022806e-01
5.500603458498430909e-01
3.180424282812473469e-01
6.596299949404109686e-01
5.007679100773778647e-01
6.118573917354349634e-01
5.818663700041765141e-01
4.481876989035314396e-01
5.877337115416702007e-01
6.041758913214654303e-01
6.262023037650147339e-01
4.588188852109117977e-01
4.781420562410934605e-01
4.627057895552336708e-01
6.626382175820904052e-01
3.526928321538440603e-01
6.612454681988214622e-01
5.388344935128234203e-01
4.149480299199533873e-01
3.537500485144527973e-01
4.833090965111064286e-01
6.536200043222393230e-01
4.980382802361855155e-01
6.832712458206099404e-01
6.995959703750734837e-01
5.710126910726266436e-01
7.171973568335732185e-01
5.979877257901485832e-01
6.605112392355421136e-01
4.286243699740166502e-01
5.430218716816137547e-01
4.865382116932828738e-01
5.794616967387847817e-01
6.237284406657740421e-01
5.501130365228875663e-01
5.116076740241375376e-01
6.200481366817780504e-01
6.064600606845160780e-01
6.416760510885066715e-01
3.404404203230915194e-01
5.973647349962393216e-01
4.518677489480967258e-01
5.507682821008151874e-01
3.697272783166102861e-01
5.160208147478856366e-01
6.739010549385756610e-01
3.582204255565754614e-01
7.157347113951174622e-01
6.720036996458380596e-01
5.158591589076829687e-01
4.765878967389135523e-01
5.164765704069151919e-01
3.790195845314065504e-01
6.704240377807204609e-01
5.865968322524501843e-01
4.095226564448300466e-01
5.775116435456373321e-01
5.305026185500850699e-01
4.194804548544042722e-01
4.198113474708666248e-01
5.837050808058962259e-01
5.053557939948531974e-01
3.569665361719333019e-01
5.681263961602632806e-01
6.902746333602369777e-01
6.254691763363943169e-01
5.383935425074947156e-01
5.631446366771457601e-01
5.533744796706469016e-01
6.675312532902806240e-01
5.772399304027089340e-01
6.028545178749956657e-01
5.344835901232518616e-01
5.511594384401424795e-01
3.857576587806311741e-01
6.985914456695712094e-01
6.430117087137162679e-01
5.426146369214013276e-01
6.077071480972099371e-01
5.395385052262647863e-01
6.307542444026473794e-01
7.081894992883944751e-01
5.998141635938102345e-01
3.891616773452100109e-01
7.170710991134043866e-01
5.923385516024690656e-01
4.049965349587633656e-01
3.984784914627467201e-01
3.420125787703083287e-01
6.511508597779233076e-01
6.237441366507636697e-01
4.211156628757675713e-01
5.024657674513743899e-01
6.385598008198627440e-01
5.166466317121790608e-01
5.114149659405405890e-01
5.949473996185524749e-01
6.078747453170241233e-01
6.826945587443161712e-01
6.338544814718455322e-01
4.619021015514747641e-01
3.335725289016533424e-01
5.942799806226436443e-01
3.358784794007777519e-01
6.413589279134953580e-01
7.684303546149100494e-01
6.227281937167270520e-01
6.351259736674067513e-01
5.648856487624062117e-01
4.400980415022769932e-01
4.973755837026614390e-01
4.551550640000537884e-01
5.553930894474953250e-01
7.021475475059207882e-01
3.906085959291717979e-01
5.181487978199192934e-01
6.456180977496330797e-01
6.687307523522970643e-01
6.057221569763115987e-01
5.245388223309352949e-01
5.711781243051954338e-01
5.303689264191235875e-01
4.522374360535526550e-01
5.178339150430836257e-01
5.756740640106424722e-01
5.762473248497413936e-01
3.119843804042298219e-01
5.526761784834942626e-01
5.689796682817578333e-01
6.368251050305262506e-01
7.346034182191168993e-01
7.182949210658576833e-01
3.299855377247998267e-01
6.295486941083270338e-01
6.823213407488747384e-01
6.194321831530966715e-01
6.451683663242369082e-01
4.953132606652994596e-01
6.525812431622445287e-01
3.982082379374433101e-01
5.925708295227380962e-01
4.656718098956106333e-01
4.894563964072369822e-01
4.291763706636831377e-01
6.068544796463277713e-01
4.941113849568541938e-01
5.247472117784819368e-01
6.892376176976611202e-01
6.461775933347319034e-01
6.790894006939091065e-01
5.436568729692797808e-01
5.623357064022177498e-01
6.145915269418702476e-01
6.427177286909783183e-01
6.116986114863693924e-01
5.150258155346199018e-01
3.946609713498019922e-01
4.166513419498780180e-01
5.389146351521223455e-01
5.419837177621188440e-01
4.492318212194049698e-01
4.827563984845824607e-01
6.627982315409235436e-01
6.209643076980656540e-01
3.929867209883153301e-01
5.874789085669107624e-01
6.284452681850678513e-01
5.902468446679699499e-01
5.718565365385016586e-01
3.810468536688131902e-01
5.353604418914102991e-01
4.627886973461489695e-01
4.604637120727836930e-01
4.439349442130682277e-01
5.083404175703992722e-01
5.848029700571246714e-01
5.332318918796329354e-01
4.021164159489789003e-01
5.066587029568139222e-01
5.697176265858756583e-01
5.949653106494409149e-01
6.500867705793551554e-01
4.261166505437281593e-01
4.831769349924604495e-01
6.869985936731543008e-01
5.011106916746289608e-01
4.094352469910052528e-01
5.486867332476038639e-01
5.694987534244025928e-01
4.018825153390144789e-01
5.057959798164880505e-01
5.217521796810303814e-01
5.902850722958070673e-01
4.648235160624889506e-01
4.884515465369397291e-01
4.876382086354449363e-01
6.137738320892316413e-01
5.996057688548643849e-01
4.991760164590217097e-01
6.197052865977655811e-01
5.417992872374155500e-01
5.744943258039102441e-01
5.537421596285924119e-01
5.976071276591021775e-01
3.763617267655602339e-01
4.291303726428319920e-01
5.986687859049867333e-01
5.417342851380120283e-01
5.693824063045745953e-01
5.546840696482137067e-01
6.933328826015558999e-01
4.087479432863075357e-01
6.305818878226984170e-01
6.054821835099460925e-01
5.987805817534676001e-01
4.585479743327611213e-01
6.085887239449926378e-01
5.624315245042886824e-01
6.573538965172991411e-01
5.907105499384501801e-01
4.192410627808517143e-01
5.266954279903682812e-01
4.652509370572334158e-01
6.315271796163859364e-01
5.553862635794326597e-01
6.292877482054706206e-01
7.179554980574758272e-01
3.329833395503746796e-01
6.031985769937103781e-01
4.323160645454530715e-01
5.232030956137767586e-01
6.054667859447563361e-01
6.452402671844190696e-01
6.158328440822051775e-01
5.754135446973174250e-01
2.629067350550332582e-01
5.968301525406026764e-01
6.600759815895330673e-01
6.780275136702360594e-01
5.886354744422173102e-01
6.625913513006281841e-01
3.941968173622843463e-01
4.620048502352773756e-01
4.779334859407699532e-01
4.021399958372364747e-01
5.514798646545067129e-01
3.531217762401577809e-01
3.140223829401953548e-01
5.807429280942121297e-01
5.632010934483496767e-01
6.558857411305981655e-01
4.527319655342897375e-01
6.162144452436524311e-01
7.230195308933766718e-01
4.802306236763798086e-01
7.346532953799301824e-01
4.872152748195737737e-01
6.363061621766359366e-01
6.006474534904130413e-01
5.532394117917962539e-01
4.999453435869024021e-01
5.733789361212850988e-01
6.830317846909058632e-01
5.373633202307120937e-01
5.017547102194455100e-01
5.487652872409080063e-01
5.742630448009684585e-01
5.510001529981847224e-01
6.786704774107529259e-01
6.718817368514429234e-01
4.754959846439711924e-01
5.911386089432638657e-01
5.218400246634308237e-01
5.834515437047889108e-01
5.153508842254092004e-01
3.278795485485988537e-01
6.428736990892975900e-01
4.183867535064181298e-01
6.313938498342446248e-01
6.769354209811558887e-01
5.949101495159861974e-01
5.334196688687771193e-01
6.378828191115686330e-01
4.070158877441451550e-01
6.748099192335442753e-01
5.132457010019503274e-01
5.123096400426597752e-01
4.922964886902468362e-01
5.938260731152037453e-01
6.551518942405776258e-01
6.900998032908275404e-01
3.648096392892203887e-01
5.706685932385314741e-01
6.423294330964873788e-01
4.832201021335829627e-01
4.892999864623584494e-01
6.359740630956268737e-01
5.773194246371230465e-01
4.335470972695143477e-01
6.561609089849127496e-01
4.874646850476742066e-01
7.267660840966052582e-01
6.312674572267655826e-01
6.021357502334611089e-01
5.582374616980319004e-01
6.412866280226017235e-01
4.662576282116788207e-01
5.578737845137208273e-01
4.711096797340733056e-01
3.987151796870327947e-01
5.261669162270765643e-01
6.248582066311019201e-01
5.604167396543678903e-01
6.244136381491178778e-01
3.691834186260490314e-01
5.749189537005053863e-01
6.320596717953866905e-01
4.166085767608057044e-01
5.742278080364816573e-01
5.194983788800600077e-01
5.929674167860359280e-01
6.377293825699371643e-01
6.839942511553132043e-01
4.137576499983638967e-01
4.844385496811355329e-01
6.835784553492320059e-01
5.032836167095365854e-01
3.636930744209173061e-01
6.591532595693697649e-01
4.104887014672222167e-01
6.138863366509342834e-01
3.826615789771036780e-01
3.315893550429697134e-01
5.753437049326265429e-01
4.088033798518402873e-01
6.876596453450170010e-01
5.577525467811941251e-01
7.682119121732241540e-01
6.200360494775938314e-01
6.684580044292767198e-01
6.440700149532458951e-01
6.618510557073201683e-01
6.447054174892642431e-01
5.362821571419497113e-01
5.084920015720764130e-01
5.486002537789473887e-01
4.623673008263312623e-01
4.311075443011060937e-01
6.249466063359565560e-01
3.101169112244610004e-01
6.750293958837308983e-01
5.644294587155431753e-01
6.254444106765708611e-01
4.563214501305154491e-01
5.817549940023566402e-01
5.606236308309648919e-01
6.094965349728806991e-01
3.658947421809012335e-01
3.391547850687158805e-01
6.551917165124853115e-01
4.716704446484430435e-01
6.162164435328185697e-01
6.666615785812118888e-01
4.218055929954420136e-01
3.966982928488619331e-01
4.834181121458022146e-01
3.462894522102489825e-01
4.199685063109918071e-01
4.766159464561894321e-01
6.707880317796733882e-01
6.350553054495837735e-01
6.073497992963015069e-01
5.689861802272849767e-01
6.375859011578004498e-01
6.107544911334130688e-01
2.806997130475897273e-01
5.331513754336077993e-01
6.334608945018570525e-01
5.277195762825008796e-01
4.411757177026033871e-01
7.092326110703375264e-01
5.683313997892194269e-01
5.033788624550735724e-01
6.325005994665644504e-01
4.996799835538022760e-01
7.153793630402137671e-01
6.245422581734737522e-01
4.864161635942397255e-01
5.569261469810556919e-01
5.790929465374052842e-01
6.310030734826600485e-01
4.812549164644569499e-01
5.703304408362519506e-01
5.856484113068444186e-01
5.821173279474644024e-01
5.884865022753165142e-01
5.946296231692981271e-01
7.033399070309189760e-01
6.626598194848281054e-01
5.161242809465615977e-01
5.696413753332389973e-01
5.282651856804863044e-01
5.780003958492188065e-01
5.767421176436073882e-01
6.249585803697321751e-01
6.053689113841422831e-01
6.059905066071036295e-01
4.515242328764639823e-01
5.852373125080617688e-01
5.657986530475161979e-01
5.891927695285931188e-01
5.558266503977932205e-01
5.278220641339621544e-01
4.856438614747830007e-01
6.344811168960470260e-01
5.367235302035840983e-01
5.062130907878737984e-01
5.247958274744276563e-01
5.277141826679252468e-01
6.493552392628039183e-01
6.301332648784279122e-01
4.895011053337850471e-01
4.195206636986112403e-01
6.243540531125574278e-01
5.515129144763771807e-01
5.252009940231759932e-01
6.243439116656720467e-01
6.832263676373697692e-01
7.204510044748457798e-01
6.861275430879800741e-01
6.039263027983557963e-01
5.278321467795523692e-01
4.586661326213645751e-01
6.989762120687499358e-01
4.976836020401101957e-01
5.920252240513286246e-01
5.721213498186671353e-01
5.846330241524263505e-01
6.312874932219998403e-01
6.787617262110208216e-01
6.716546845650691600e-01
3.723588286162508587e-01
3.001737655887386502e-01
6.137703285622169158e-01
5.944406339340567724e-01
4.658832419011397219e-01
3.760693094641596734e-01
4.673701689671756476e-01
5.419415283066123523e-01
6.800533207417390757e-01
4.329289768954325268e-01
6.730261803443163826e-01
5.574971403157779060e-01
5.849590710115606385e-01
3.781698899575348105e-01
5.915770437900667034e-01
5.723136161692398138e-01
4.183031966212806263e-01
5.218629265839251907e-01
6.182449207560368754e-01
4.827134617673955463e-01
6.085993699852163541e-01
6.574967813827340413e-01
7.731250503847653111e-01
3.441175764084486444e-01
5.551972587858279296e-01
3.947474102699436438e-01
6.159370244113102633e-01
4.686700808804640239e-01
3.053469454346133261e-01
5.452493039906216588e-01
6.106224391600291179e-01
6.451062674243271955e-01
5.850754369157444845e-01
5.894931379973932239e-01
5.194942564528221007e-01
6.583319920256477387e-01
5.561591536641068423e-01
3.526486915242713627e-01
4.583690582838090832e-01
5.735798036169652558e-01
6.014492514036184900e-01
7.210093631132630243e-01
6.936789814805761623e-01
6.071019277008093962e-01
6.266890041885647689e-01
4.484239745925650000e-01
4.088088024029386536e-01
5.120156188597149161e-01
5.971837556956427484e-01
7.181031600848309937e-01
6.733738366083118487e-01
6.403782533797007792e-01
5.094649221267081307e-01
6.542530836248880988e-01
4.639303216761701543e-01
6.483325642600999972e-01
7.506298085993169389e-01
5.309809886322348627e-01
5.974695244732866062e-01
5.810037998999157960e-01
6.360933452997292736e-01
6.729353136381079903e-01
6.217627463286047318e-01
6.521159506709427456e-01
5.188266303987956185e-01
5.459237038442761314e-01
4.533013834366086403e-01
3.662417087123262527e-01
5.209585283470605788e-01
7.127059113174185612e-01
5.210809531948868978e-01
6.340717148006722592e-01
6.348482370137709108e-01
5.682138763990142172e-01
4.680316289460805246e-01
3.961308680006670468e-01
6.196820642524696332e-01
3.397785919100579921e-01
6.253083679678367313e-01
6.322256401364974021e-01
5.989500177441270390e-01
3.440014298848791952e-01
4.322598900786152054e-01
4.879318248894976562e-01
6.690697252296304853e-01
2.850181215399269496e-01
5.410679190532300398e-01
5.364988321860272302e-01
6.043312155747777581e-01
6.581049913658679751e-01
6.666555337971673545e-01
6.295350587885034654e-01
5.123192856514060534e-01
6.592478735058419081e-01
5.380529326445325777e-01
3.635121816510409332e-01
5.648861800386362209e-01
3.407759409033098708e-01
5.662214898937947272e-01
6.484574439506388677e-01
6.751127696091725472e-01
5.388496425297353287e-01
6.099236052507219785e-01
5.223942098845035797e-01
6.285394987622019425e-01
5.059251247268622409e-01
7.212102477175109660e-01
3.747070083924701756e-01
5.693644804141479998e-01
6.271751191531269587e-01
3.432715639204851343e-01
5.482332114082589802e-01
7.521974423949723265e-01
4.281712744271565230e-01
5.266311897951222454e-01
5.050530331804139461e-01
5.238011782837246333e-01
6.796838431520841883e-01
4.718069148105425992e-01
5.657268094021173921e-01
6.087877321329502323e-01
5.678435815489851768e-01
4.574535044081621260e-01
4.904980478696381319e-01
4.044902644863921370e-01
4.612038058231628934e-01
5.408391345197970379e-01
4.614738958082429399e-01
5.050625884121776599e-01
7.075376446619923154e-01
6.288398211257587578e-01
6.541245419007045703e-01
5.848839080042498306e-01
5.664108555862039651e-01
4.928414173077738103e-01
6.493936920093641429e-01
5.834570510370107321e-01
6.584305598847500773e-01
4.740259458029009165e-01
5.814662068487651547e-01
5.938507877981410443e-01
5.469928251040139244e-01
5.830086458219553291e-01
5.530848127026380956e-01
4.349990362845127523e-01
6.427878081760788342e-01
6.068004419775386848e-01
5.665416553255352428e-01
5.288941568004961180e-01
5.521247372641354678e-01
3.588522377255276563e-01
4.018322063212940720e-01
4.533223250678029004e-01
6.191377657289918179e-01
4.718528667688326461e-01
5.579795619658163286e-01
5.511476873509267849e-01
5.010272645681750348e-01
5.980905964065913460e-01
6.318259280113163179e-01
5.177231323489724923e-01
5.080469591810536922e-01
4.621032422092460346e-01
5.533758178415775220e-01
7.193006112490222259e-01
6.209365683528531576e-01
3.387325228725371340e-01
6.539388878178700182e-01
6.545735351062909047e-01
5.875835139300079613e-01
5.956313284642099637e-01
3.470494183088927431e-01
6.361518316307305243e-01
6.804970666791130274e-01
6.321280510020537147e-01
4.731377996443936196e-01
5.322216306330457281e-01
5.444282871136904012e-01
3.287646903894367312e-01
4.989088111885072729e-01
4.662860064016935424e-01
6.157301313357412820e-01
6.178152417404347840e-01
3.606969160962308907e-01
5.943670808968180008e-01
6.273914894712245838e-01
6.359103870385069968e-01
6.574745643048296451e-01
6.050745203894443147e-01
5.498085518598790911e-01
5.299297078968598917e-01
5.851371729870195049e-01
6.862994161678052096e-01
6.200330469292665292e-01
5.248643658502509801e-01
6.640843048436856355e-01
4.413303227305200305e-01
4.828925344386984508e-01
6.589747108089346606e-01
6.020598316810991113e-01
4.971663552514513085e-01
3.372109978293617583e-01
6.751630557008239109e-01
6.450834117350635610e-01
6.577215132874560943e-01
6.164943159847604548e-01
6.436174281740281167e-01
4.624795131911199619e-01
5.685136928742177131e-01
5.348680081173264877e-01
4.153065146968712429e-01
5.010876656752615288e-01
4.608381315935071165e-01
5.710102780369729070e-01
3.303926725700817024e-01
5.959968614555637423e-01
4.711796615821871037e-01
6.536936815338942885e-01
6.762129072938588559e-01
4.153928498675681369e-01
5.408098242362926467e-01
6.759098788311588279e-01
5.417099382988519451e-01
5.852738082487290994e-01
5.362399468783086709e-01
5.654893761187982371e-01
5.243183965253649381e-01
7.768379307641041231e-01
3.847930639402362130e-01
5.806061041977773618e-01
6.779633483995124443e-01
4.045826433299675728e-01
4.357931670121810153e-01
6.685238470009190470e-01
6.205127482418811846e-01
3.488550510654504500e-01
5.977115825199474930e-01
5.230866600846665326e-01
6.194255577680931601e-01
6.228481243729530048e-01
5.025195924842386086e-01
5.874102786334106652e-01
2.317835649013006982e-01
4.733819683658396227e-01
3.899878774422531058e-01
5.378529330876504755e-01
2.883999246076815459e-01
5.980899519572472345e-01
5.637615635278612203e-01
5.680398611781108942e-01
3.057682754002887804e-01
5.133896704968163860e-01
6.531935414756452341e-01
5.501865178660637623e-01
6.432374695972790102e-01
6.285588271017341633e-01
3.381381303643891112e-01
6.536503128932819040e-01
6.751520347836146296e-01
6.413797456122207752e-01
5.914128137224710091e-01
5.061974603383294635e-01
3.397321304637223038e-01
3.752370774876506720e-01
4.530483251619304430e-01
5.964066851105340739e-01
5.647051546749217721e-01
6.071562353970578751e-01
5.651149038317293538e-01
6.362820725735104377e-01
3.996003149340647265e-01
6.627960994067430001e-01
5.021201559034359496e-01
4.132724200222682720e-01
4.773794602953276844e-01
6.313455038172833822e-01
6.400200860536739977e-01
3.442465421453015928e-01
5.122636663297491788e-01
6.727280573205821623e-01
5.970981220455087168e-01
6.427328145990700570e-01
5.503936650929235341e-01
5.973526744318244930e-01
6.084891259337334990e-01
6.339621522740884751e-01
6.565719668471553527e-01
4.606006607790888996e-01
4.488636332277395335e-01
5.596655438968012319e-01
4.405889694958493585e-01
6.955462816845361385e-01
5.327087674668218309e-01
5.345804456164308105e-01
6.639708667463020131e-01
5.957309216981488964e-01
6.319009972560580835e-01
4.627544103584927404e-01
5.857042091221345004e-01
4.775530694565303658e-01
6.745042919540960025e-01
5.727102259960215047e-01
5.191870582232817055e-01
5.775608838262774603e-01
5.602414388670378109e-01
5.796538264381613237e-01
5.263434595236600178e-01
6.397780128875588668e-01
5.535863470034132483e-01
6.833362809118855852e-01
6.115871082387623892e-01
6.175728108847301501e-01
5.901657992356093008e-01
3.810603917996306378e-01
5.594923732449608167e-01
4.180054610126482939e-01
5.944263293397215042e-01
6.043854775935464385e-01
6.190712635903554695e-01
5.412378239921642464e-01
6.175962019565769401e-01
5.785928089940420849e-01
4.920345953626528712e-01
6.169183855715248965e-01
4.123717638984238376e-01
5.488228948705861088e-01
6.436657676005614892e-01
5.664805674657453771e-01
5.819480702867089184e-01
6.253423266004988212e-01
6.246625840807478180e-01
3.881762584288313001e-01
4.583667376836882967e-01
3.911580361073241918e-01
5.558114585090138116e-01
6.451187966938537466e-01
6.082116512808798392e-01
5.909330140300598222e-01
5.031906360550679747e-01
5.902959736741790753e-01
4.328093257150986695e-01
6.600532107869528931e-01
5.309023756614356104e-01
5.636572791522652670e-01
5.033901228399684236e-01
4.648188156123452819e-01
4.520058000287702216e-01
5.275371016335200780e-01
5.979076520773296544e-01
4.189180018022536367e-01
4.021630129285671540e-01
5.793898559415071592e-01
7.060768062517390753e-01
5.168867234853136150e-01
6.744215391252434966e-01
3.671597537244181142e-01
5.769510652060595435e-01
6.316600744624888408e-01
6.461063395935859877e-01
6.283626406040043744e-01
5.345159296002082172e-01
6.138807774267196482e-01
4.796473187050415143e-01
4.395525648383451500e-01
4.773518975657494723e-01
3.049862047041405066e-01
4.302888769035830840e-01
4.379852092210709258e-01
6.742567945390099959e-01
6.261312734438876371e-01
4.743531950821980314e-01
4.711053809043225238e-01
4.936981390622326438e-01
4.313845784230657121e-01
5.920058103941295835e-01
4.900951692642035451e-01
3.264963022126983749e-01
5.967096421304616261e-01
6.648588255214773479e-01
4.802356942776842552e-01
5.023643993513233763e-01
3.291508818238929601e-01
6.478103660531135954e-01
5.442878808208387875e-01
6.806755709797929210e-01
6.465680037524292878e-01
5.801642872015547736e-01
4.950096064331238610e-01
6.223302439649035511e-01
4.129356733371524757e-01
5.912503725162729928e-01
5.350717253295632636e-01
6.395210374253784691e-01
5.892921085536408921e-01
5.412773114376281391e-01
6.210082991938133956e-01
4.812439823200147515e-01
5.263614990980461927e-01
5.670347756647272641e-01
5.809724259924314849e-01
6.348954311499999115e-01
6.984701234901822264e-01
6.414859727574709902e-01
5.511263728867029643e-01
4.727270255197673632e-01
5.082029963343461798e-01
4.589601862613367222e-01
5.906514792636936573e-01
6.350023057129930981e-01
6.125907069035093633e-01
6.032104346771629544e-01
6.560830910631632040e-01
6.797865560960481002e-01
5.997007353037778765e-01
4.032092587878046142e-01
6.612145137164092690e-01
3.922634999362866193e-01
6.893384465982147491e-01
6.364621419864219254e-01
4.394050058527691482e-01
6.209928777428137536e-01
5.642343027446353743e-01
6.122172081254507736e-01
5.241095380129413561e-01
3.100464241084198158e-01
6.887432694145642076e-01
5.439384740534972673e-01
5.231420066313873241e-01
4.367637681235534974e-01
5.750333910678732119e-01
4.629997103712464313e-01
6.213342980056554277e-01
5.803000798085523604e-01
4.136379352878509774e-01
6.129869293990606316e-01
6.196823919230323163e-01
4.485927418890510721e-01
3.668494166358651221e-01
5.584825744191003194e-01
6.395365079786138329e-01
6.022291571620025374e-01
4.989957574293523712e-01
6.653367083278712846e-01
4.114204891891833360e-01
5.507530063928949282e-01
6.715929054875713344e-01
5.918674161823637148e-01
4.663747682642561676e-01
3.555484503439906852e-01
6.239903036087151023e-01
6.580896597986197749e-01
4.815942519536707267e-01
5.891766832052216518e-01
5.543165802207860038e-01
3.971145921859438599e-01
5.300803968591873971e-01
6.266531123855086927e-01
6.510298255066518935e-01
5.555029225126173476e-01
6.765123251183507991e-01
5.942960674389924369e-01
4.533133013541203460e-01
5.825377386258010493e-01
5.820527868469819177e-01
6.024800933123066748e-01
6.831946525351610955e-01
6.779638439469439781e-01
3.793890363233463625e-01
6.401832780627779718e-01
5.922726048169373314e-01
5.125943392665488485e-01
4.139189398536724518e-01
5.965414624896983042e-01
4.350129431312451667e-01
6.596254699667362109e-01
3.746952168103923064e-01
5.658993334899983241e-01
6.385263648454839736e-01
6.582748534075335556e-01
4.248170438026981355e-01
3.747983588264701127e-01
6.923710255713730888e-01
5.832731318555530731e-01
4.504007064211272837e-01
4.189506230429128619e-01
3.469296375602411997e-01
5.739047628130098389e-01
6.303177492861201658e-01
6.108273472569647478e-01
5.354599782326082691e-01
6.303860191763103193e-01
5.092218203288803036e-01
5.636388097468556513e-01
6.284230707438115404e-01
3.084217106663390551e-01
5.674593183739174984e-01
5.485083220981209484e-01
4.822326747359855781e-01
7.006743395682620834e-01
5.726452898172345041e-01
6.698763918851421417e-01
5.265605918326712320e-01
6.873210146481594229e-01
5.034363270108321853e-01
5.753601594603354741e-01
5.953752295465899458e-01
5.955762420508612376e-01
5.626646279076700230e-01
5.702544561606350815e-01
3.788615628414679914e-01
5.673301239305269528e-01
4.000349328429271267e-01
6.251142125623735391e-01
5.297409940742398016e-01
6.460563592035031277e-01
5.065475054511138220e-01
6.205711366972168630e-01
6.034666629206701938e-01
5.716758313433664140e-01
6.349496285886284674e-01
5.041169748013720753e-01
5.706706591742557455e-01
5.678476205146781863e-01
7.573847188324582813e-01
3.617575444261964535e-01
5.052184148614814463e-01
6.630807496030138859e-01
4.841664460994282160e-01
6.210041373776993279e-01
4.009705033045504186e-01
5.065178652558341987e-01
6.204098928644442568e-01
4.731659097419739779e-01
3.972980789482679631e-01
4.266620913745752253e-01
6.297988159830321120e-01
5.773543449043915254e-01
4.186384159924915194e-01
5.797018844079322442e-01
6.680534178997353800e-01
4.155281619166959484e-01
4.786299216990309580e-01
5.787803086383352946e-01
4.345977605280555434e-01
6.035993319135382063e-01
5.279749957922316161e-01
6.749332806945225194e-01
5.132213662784950170e-01
4.236493005890766828e-01
3.296552329513330326e-01
5.047693456778591381e-01
5.397735644770477181e-01
6.662334925415817066e-01
4.025642483737681410e-01
3.464276477744734906e-01
5.495770061341399559e-01
6.678046505902168750e-01
6.559709067833210394e-01
4.638896922993690497e-01
5.991481647438284819e-01
4.804763749962456254e-01
6.267717736414976093e-01
4.282018165535878551e-01
5.579395816793308871e-01
6.400711976569882777e-01
4.195632427095443151e-01
5.645610140022153667e-01
5.928116353311118081e-01
5.864366857436394964e-01
3.561192938381873008e-01
4.805290309973010432e-01
6.533958622492936907e-01
4.299157217130545328e-01
6.375347214345221669e-01
6.573487638122740284e-01
6.286777136716750203e-01
5.914359892324296819e-01
4.804374604906070934e-01
5.797334532073451507e-01
5.604123599328258987e-01
5.697843795545347589e-01
6.754961104820755846e-01
6.281409638602081236e-01
6.773784828134938873e-01
4.806701476143740437e-01
4.961800884236696185e-01
5.882830001180059387e-01
4.894935497968676552e-01
3.288398943179202116e-01
4.920976772593642079e-01
4.970412364548617012e-01
6.851845330194606953e-01
6.609932067599118000e-01
7.156111576146181319e-01
6.252128563348479107e-01
3.740473400138715765e-01
6.677418581564897870e-01
7.007281951221090432e-01
4.577575482613834290e-01
4.740635631906890413e-01
4.164175352519741691e-01
5.824970848434275483e-01
5.862167464384413496e-01
4.557010851561448250e-01
5.498657074910587861e-01
5.708538041427628773e-01
6.447538232979088679e-01
5.475682394246222939e-01
6.546531986942870640e-01
3.795717600544683545e-01
4.343067112263370722e-01
4.710180102099766897e-01
5.819522420119372930e-01
5.930988545793005606e-01
4.171066801193272777e-01
5.978139105988737878e-01
4.779166907466035341e-01
5.493394549148955530e-01
5.250773877167898007e-01
5.768126967932821758e-01
6.058308293210959983e-01
5.094949322335714514e-01
6.640175818077621583e-01
5.661308706936448720e-01
6.174538825145368115e-01
6.718917134607386155e-01
5.180063404985535414e-01
5.768446381744649631e-01
4.901060515822329156e-01
6.288096903998905418e-01
7.240029058359011005e-01
5.502493794033166408e-01
7.600426890352189879e-01
5.982177548538974987e-01
5.710042186797431585e-01
5.557959846623489186e-01
3.554307405437544531e-01
6.381396201620616049e-01
4.773598078100877440e-01
4.750021380683321914e-01
4.764779179724668579e-01
6.731111338848738690e-01
5.149720726605797605e-01
5.728123399430090634e-01
5.469709034005821868e-01
6.263834120481162060e-01
5.806519800540600462e-01
5.761027745478426443e-01
4.510631839615424910e-01
6.278023207516296722e-01
7.577214296855340203e-01
6.813210699507923351e-01
5.565768341069615710e-01
5.253803358628968967e-01
4.689144096929079852e-01
3.864459234365174023e-01
6.581913000379069345e-01
3.281242039605641869e-01
6.765299106289679454e-01
6.372999464670340286e-01
6.553598698683357204e-01
6.273085461673479912e-01
6.377681716579278737e-01
5.320683861118151725e-01
5.035863676553489210e-01
4.825551820206386289e-01
5.749807254041252591e-01
2.964071414736327292e-01
3.681872559353739360e-01
3.233492992010933986e-01
4.649146845415533802e-01
7.089382180719900894e-01
5.425289484466914169e-01
5.709004744203489690e-01
5.112787864069620047e-01
5.072432304869552988e-01
6.093408711273394784e-01
6.101665515581023991e-01
4.758857306927885000e-01
5.431067963424909273e-01
3.900900042953174274e-01
3.570838247174988878e-01
5.901707480676283701e-01
6.281875658979679811e-01
6.021063085094592315e-01
7.171420481402560609e-01
6.771227688577700077e-01
6.264988411088929787e-01
5.512190136929524531e-01
4.974212507874284372e-01
6.018715357492466778e-01
5.479876516695592059e-01
4.780577948150308010e-01
5.284817615845989192e-01
4.608837533496008554e-01
6.401645759770986377e-01
6.416639810928869148e-01
4.811777279486953440e-01
6.412236794537422568e-01
6.813166324832790055e-01
5.691087146049834677e-01
