1.140259976365784800e+00
9.620523094785274898e-01
2.124405166553365198e+00
2.378378378378378510e+00
1.636363636363636465e+00
2.223938223938224379e+00
4.568221070811744333e+00
2.891675025075226557e+00
2.115770488107315384e+00
9.812907762692262281e-01
5.838090295796575235e-01
1.712443732356755843e+00
2.569636135508155839e+00
2.000270294621136813e+00
1.914508411030536594e+00
2.448688779786852177e+00
2.134498480243161467e+00
4.772082466427084446e-01
3.596663766509598514e-01
2.130281690140845008e+00
7.206722665566271946e-01
2.853503184713375607e+00
2.081667618503712180e+00
3.059761271999169363e+00
2.170548179936658162e+00
4.133517495395948593e+00
6.405745642349902624e-01
6.167605494614092354e-01
2.789008706752132305e+00
4.953391922161428096e-01
4.317292709087633407e-01
1.148886283704572131e+00
5.614617940199336799e-01
2.138108930987820955e+00
2.415010953542798600e+00
4.842239947730922478e-01
3.697040046430644100e-01
3.601683767429624261e-01
