2.147003651087028508e+00
1.497088118045099003e+00
2.283812741681749969e+00
2.040558300860596308e+00
2.136481375631573254e+00
2.422066673018231420e+00
2.295000261349652071e+00
2.047659978819000859e+00
3.033044332916060348e+00
3.322502150779016894e+00
1.450087755120525790e+00
2.995619629412574536e+00
2.395869950106354729e+00
3.130401500228995104e+00
2.597520077839354347e+00
2.407938656083138618e+00
2.076520055615886484e+00
1.458055598531788677e+00
2.357344644296591518e+00
2.209677813443968297e+00
2.467432459134609068e+00
2.237901166732427338e+00
2.394600541987869313e+00
2.768200567066092077e+00
1.959625407375660489e+00
2.490432373174731762e+00
1.948128706935969845e+00
1.341389801917159952e+00
6.157772874372888339e+00
2.980390890059422926e+00
3.383131244883454514e+00
2.148201604997563852e+00
1.265700812768309591e+00
3.239987116757309771e+00
2.458141565027940345e+00
2.679588581642012635e+00
1.103204691757218914e+00
9.480672806092851346e-01
