9.515612836259839113e-01
8.580201505640366877e-01
8.547356188262638099e-01
7.872340425531915153e-01
8.800000000000000044e-01
8.662207357859531554e-01
7.156983930778739733e-01
7.628156082631980528e-01
9.283172875680201219e-01
9.794225372221352366e-01
9.277804525758305276e-01
9.513682223996515752e-01
8.328108672936259671e-01
9.370989530563998970e-01
9.114248460051257439e-01
8.537981801451793862e-01
8.323845667299177853e-01
9.733063328424153005e-01
9.941669101085640614e-01
8.377581120943953241e-01
9.780421235523877321e-01
7.969543147208122402e-01
8.664027709054923365e-01
8.540780250257953288e-01
7.875337708682332849e-01
7.642505277973258293e-01
9.516203348180003463e-01
9.275827298560820333e-01
9.955743298149937193e-01
9.945323987234577778e-01
9.994342663863272636e-01
9.241603466955579105e-01
9.328512396694215170e-01
9.369997622632537659e-01
8.514067555169050339e-01
9.896276739048440740e-01
9.609592861126603491e-01
9.535875564475664312e-01
