2.239999999999999858e+01
5.799999999999999822e+00
1.250000000000000000e+01
8.800000000000000711e+00
1.200000000000000000e+01
1.440000000000000036e+01
1.150000000000000000e+01
9.300000000000000711e+00
2.739999999999999858e+01
4.800000000000000000e+01
7.500000000000000000e+00
3.350000000000000000e+01
1.280000000000000071e+01
2.980000000000000071e+01
1.969999999999999929e+01
1.430000000000000071e+01
1.059999999999999964e+01
1.739999999999999858e+01
6.129999999999999716e+01
1.100000000000000000e+01
3.210000000000000142e+01
1.119999999999999929e+01
1.350000000000000000e+01
1.789999999999999858e+01
8.000000000000000000e+00
1.340000000000000036e+01
1.259999999999999964e+01
7.900000000000000355e+00
6.273999999999999773e+02
9.009999999999999432e+01
7.627000000000000455e+02
1.400000000000000000e+01
7.799999999999999822e+00
3.180000000000000071e+01
1.350000000000000000e+01
4.620000000000000284e+01
9.099999999999999645e+00
7.400000000000000355e+00
