-1.460077734388232784e+02
-4.775285577610539889e+01
-5.634027204714506354e+01
-4.132800995760705831e+01
-6.388274579418386168e+01
-6.053560910110103066e+01
-4.035008144757418336e+01
-4.203881488608683270e+01
-9.687860424739135112e+01
-2.920078401872854670e+02
-7.173662618657053258e+01
-1.408579276062299073e+02
-5.050162341200653771e+01
-1.042768045925526224e+02
-8.523417685208481487e+01
-5.717994234018033239e+01
-5.275083680684010545e+01
-1.937495653530822324e+02
-7.156021283830395987e+02
-4.772644605638164705e+01
-2.412850340567762260e+02
-4.509087844979043069e+01
-5.777071002151753731e+01
-5.479580226835023637e+01
-3.928655238618920009e+01
-4.349392864794478442e+01
-9.859142301288012789e+01
-7.989703821828804564e+01
-1.337009430704204988e+03
-8.489822740755568020e+02
-8.767834847347199684e+03
-8.514897413654033187e+01
-8.316486230801135093e+01
-9.970240347000596159e+01
-5.278727694804258874e+01
-4.280632824150112583e+02
-1.196422743727580240e+02
-1.021512957970597029e+02
