2.700000000000000000e+01
3.060000000000000142e+01
4.000000000000000000e+01
5.100000000000000000e+01
2.519999999999999929e+01
1.980000000000000071e+01
2.839999999999999858e+01
7.859999999999999432e+01
1.960000000000000142e+01
2.280000000000000071e+01
6.800000000000000000e+01
1.025999999999999943e+02
3.239999999999999858e+01
2.000000000000000000e+01
2.480000000000000071e+01
3.920000000000000284e+01
3.080000000000000071e+01
3.019999999999999929e+01
2.339999999999999858e+01
2.319999999999999929e+01
3.260000000000000142e+01
3.200000000000000000e+01
5.679999999999999716e+01
4.639999999999999858e+01
9.120000000000000284e+01
2.839999999999999858e+01
2.660000000000000142e+01
3.679999999999999716e+01
2.219999999999999929e+01
5.679999999999999716e+01
2.680000000000000071e+01
2.239999999999999858e+01
2.119999999999999929e+01
3.239999999999999858e+01
3.839999999999999858e+01
2.380000000000000071e+01
2.719999999999999929e+01
2.360000000000000142e+01
5.300000000000000000e+01
3.000000000000000000e+01
2.760000000000000142e+01
4.100000000000000000e+01
7.220000000000000284e+01
5.660000000000000142e+01
2.319999999999999929e+01
1.919999999999999929e+01
2.200000000000000000e+01
2.160000000000000142e+01
2.260000000000000142e+01
4.439999999999999858e+01
3.439999999999999858e+01
3.119999999999999929e+01
5.600000000000000000e+01
1.980000000000000071e+01
3.220000000000000284e+01
1.919999999999999929e+01
3.920000000000000284e+01
4.320000000000000284e+01
1.395999999999999943e+02
2.314000000000000057e+02
1.510000000000000000e+02
3.019999999999999929e+01
3.080000000000000071e+01
3.139999999999999858e+01
2.960000000000000142e+01
3.220000000000000284e+01
2.239999999999999858e+01
2.239999999999999858e+01
2.180000000000000071e+01
3.960000000000000142e+01
4.939999999999999858e+01
2.819999999999999929e+01
4.000000000000000000e+01
2.939999999999999858e+01
3.660000000000000142e+01
5.439999999999999858e+01
2.300000000000000000e+01
2.380000000000000071e+01
2.180000000000000071e+01
7.600000000000000000e+01
3.039999999999999858e+01
3.220000000000000284e+01
6.920000000000000284e+01
2.660000000000000142e+01
6.300000000000000000e+01
2.339999999999999858e+01
2.900000000000000000e+01
2.180000000000000071e+01
3.539999999999999858e+01
2.200000000000000000e+01
1.025999999999999943e+02
5.700000000000000000e+01
2.619999999999999929e+01
1.054000000000000057e+02
5.500000000000000000e+01
1.880000000000000071e+01
4.220000000000000284e+01
2.100000000000000000e+01
2.080000000000000071e+01
2.619999999999999929e+01
5.039999999999999858e+01
3.639999999999999858e+01
2.800000000000000000e+01
5.020000000000000284e+01
7.479999999999999716e+01
4.039999999999999858e+01
2.339999999999999858e+01
2.100000000000000000e+01
2.160000000000000142e+01
4.579999999999999716e+01
1.650000000000000000e+02
2.560000000000000142e+01
3.060000000000000142e+01
6.859999999999999432e+01
2.580000000000000071e+01
2.160000000000000142e+01
1.939999999999999858e+01
2.319999999999999929e+01
7.520000000000000284e+01
6.500000000000000000e+01
2.160000000000000142e+01
1.080000000000000000e+02
1.034000000000000057e+02
4.120000000000000284e+01
4.079999999999999716e+01
3.019999999999999929e+01
5.639999999999999858e+01
4.360000000000000142e+01
2.700000000000000000e+01
4.720000000000000284e+01
3.260000000000000142e+01
2.119999999999999929e+01
9.479999999999999716e+01
2.619999999999999929e+01
3.260000000000000142e+01
3.220000000000000284e+01
5.020000000000000284e+01
2.719999999999999929e+01
2.039999999999999858e+01
3.839999999999999858e+01
3.339999999999999858e+01
2.200000000000000000e+01
2.100000000000000000e+01
2.100000000000000000e+01
3.220000000000000284e+01
2.480000000000000071e+01
2.860000000000000142e+01
2.580000000000000071e+01
4.560000000000000142e+01
2.680000000000000071e+01
2.980000000000000071e+01
2.239999999999999858e+01
2.119999999999999929e+01
4.779999999999999716e+01
4.739999999999999858e+01
1.011799999999999955e+03
2.239999999999999858e+01
3.100000000000000000e+01
2.180000000000000071e+01
2.300000000000000000e+01
2.100000000000000000e+01
2.219999999999999929e+01
2.800000000000000000e+01
2.019999999999999929e+01
