4.085776872829187667e-01
2.027730149127679182e-01
2.628041937534274508e-01
3.037321576092442132e-01
4.232768026654561422e-01
6.198340772317323388e-01
2.762724386173155411e-01
1.532078105565625181e-01
5.651356976520378605e-01
1.261095637444961948e-01
1.487219695173445100e-01
7.994431685082660499e-02
3.277079303724519943e-01
3.504299761561877058e-01
2.187035511875694560e-01
4.300650226394799880e-01
2.405929312717254021e-01
3.979103594839495939e-01
4.635349172401100892e-01
2.705972206586426121e-01
6.468349780552766770e-01
2.485096790873832229e-01
3.316431865105402554e-01
1.622084742275206048e-01
2.145421841598424695e-01
5.922073219680530354e-01
7.539678648864435173e-01
2.601534714560966854e-01
6.146132498606645678e-01
4.765735148185045178e-01
1.219109109039993449e-01
2.063923271228483847e-01
6.239948931162199175e-01
2.398547305007133756e-01
2.085707513459055806e-01
2.242003557703873273e-01
1.179767501349825581e-01
2.641866404111678501e-01
1.582143994740727033e-01
2.059009597096158606e-01
4.945212001653329636e-01
4.131860418971055049e-01
2.642932374913883331e-01
2.938225389375889174e-01
5.208809174557204047e-01
4.061930192088930580e-01
2.568060135871128025e-01
1.958084671997097903e-01
2.992119618071732989e-01
3.016625606737151077e-01
4.130674552494201790e-01
6.585361989630867940e-01
1.491422523254857246e+00
9.226737693516811056e-01
3.903427781437938116e-01
1.318472259777892397e+00
1.482532737621702623e-01
1.527115678034172142e-01
2.493092564327762661e-01
1.116220480910622287e-01
2.762835840870233595e-01
3.988410807205844955e-01
5.889776106884436757e-01
3.263929533955750029e-01
3.273375261161581840e-01
4.049798140195435270e-01
6.881417421008825253e-01
4.199558694883222532e-01
3.266963682823028625e-01
3.218420365718135945e-01
3.871451930884214354e-01
2.207258153052975014e-01
1.752371841651559348e-01
3.386440156796269862e-01
1.873355894878803996e-01
3.834636842185680239e-01
3.472509349460362604e-01
4.861221198407082444e-01
3.800424277358335212e-01
4.336808325647137363e-01
3.127330146731973071e-01
3.420690086060123036e-01
3.580297525883303633e-01
2.715187057982368923e-01
3.411617017876255042e-01
1.081857036147891166e-01
3.856399920203223419e-01
2.599350040770225800e-01
1.862520673020076345e-01
2.565326084689520947e-01
1.389905774864678700e-01
2.400393568596387861e-01
4.101400614065240369e-01
1.854688358523574054e-01
3.282871812497215047e-01
3.315931511058917702e-01
1.032772136930776713e-01
2.000143812742925797e-01
3.258338389395308288e-01
5.308706820626653000e-01
2.029410750741285352e-01
2.846002714197311545e-01
2.072372064021781035e-01
2.264617274759518073e-01
2.362968008226833116e-01
3.906734703220701155e-01
3.775625686967477024e-01
3.719515674020418272e-01
3.863081379603938159e-01
4.109292489201665788e-01
2.993947493466767029e-01
3.338152417519440474e-01
2.294538586171317174e-01
4.914859891101743816e-01
1.759866206895435992e-01
3.243589677248712722e-01
1.074073346076455993e+00
2.956917189004619195e-01
3.021078672406942167e-01
2.807358678083395342e-01
4.031843931481014498e-01
1.614044574522536524e-01
1.154279594414626825e-01
4.456711708192480637e-01
3.191624500832773714e-01
1.891465961349855229e-01
2.233521635686371298e-01
2.914944056008121898e-01
4.191622514864212778e-01
2.076759154191133716e-01
6.063703358337686478e-01
2.202877009527042795e-01
2.320494806426359746e-01
3.977339496951839970e-01
1.278373786667022227e-01
1.689853368506750164e-01
3.363623708853549221e-01
2.925912378546839387e-01
3.401420184207492037e-01
2.908465857346466121e-01
6.375652332529841981e-01
4.649956031801684153e-01
4.598966732249458178e-01
4.104952556510943484e-01
3.138355606471338044e-01
1.737166111411410641e-01
8.175359904593078042e-01
5.795888079875589627e-01
5.508789836291224651e-01
3.645721108952463818e-01
1.400558500264571238e-01
1.991597149174798020e-01
5.560305607100431979e-01
1.915703692507904898e-01
3.003883934147960622e-01
6.113733655810246193e-01
7.097078639481557705e-01
4.640082860997298275e-01
4.303577220451469953e-01
4.550456608157346095e-01
2.689662749230214978e-01
3.163290469182395426e-01
3.693670816154608905e-01
1.227018792387691709e-01
