4.602023091176889458e-01
7.283444387493592798e-01
7.949107481959740706e-01
7.726297726297726154e-01
7.192249680937463641e-01
8.880921480526854372e-01
8.237367802585193743e-01
7.170345217883418165e-01
8.328299465691165748e-01
5.314426633785449550e-01
9.289365415783568114e-01
7.990979909799098557e-01
8.999898979694918033e-01
6.252465483234712629e-01
8.121885779992334964e-01
9.058051542572895798e-01
6.643960790829039897e-01
7.828408686365254665e-01
7.542703026670661837e-01
7.682430316316942731e-01
8.094210715569938319e-01
7.407124959145876542e-01
7.176684881602914956e-01
8.243219664802369229e-01
8.238293926750115403e-01
6.057347670250895488e-01
8.087718848529901194e-01
9.337325591999270369e-01
9.183639811989775525e-01
9.958897780918769538e-01
6.856263166423594013e-01
9.076923076923076872e-01
8.131224971763013620e-01
9.699539801468071154e-01
8.800531217486191604e-01
8.162649581341741012e-01
8.286738827279368502e-01
6.958174904942965311e-01
8.399275143461190085e-01
9.010694839568555992e-01
8.669859005054535439e-01
9.412721324580789473e-01
8.549463058891625389e-01
8.432430772650014728e-01
7.259279426445229833e-01
5.543254493462250743e-01
7.528858081661995438e-01
7.429735659805664083e-01
7.043641482871890735e-01
9.297498331161193619e-01
9.444163719050024941e-01
9.934634483561086693e-01
8.971528910071491225e-01
8.822759973839110481e-01
7.311827956989247479e-01
7.656378940419211743e-01
9.636778007264439339e-01
9.471418490678287228e-01
8.919215973621542615e-01
8.608417930877153568e-01
7.829083390764989270e-01
9.123948326477987480e-01
9.258870708472225486e-01
8.521993793750105572e-01
6.713615023474178711e-01
6.037539103232534288e-01
7.487310558335433797e-01
8.674363908488346153e-01
9.496855993841528676e-01
8.820596389600663390e-01
4.327550662771554313e-01
7.745013009540330229e-01
9.052882107335199491e-01
8.024459078080903307e-01
8.141263940520445663e-01
8.534174489582211365e-01
9.078133783024170400e-01
8.909154888276348272e-01
9.413788319000205851e-01
7.845433255269320671e-01
8.658067878314116284e-01
6.063246208454340369e-01
7.338358261688846529e-01
6.806966618287373372e-01
8.160476506068856661e-01
7.769086844853883012e-01
9.525262800949474418e-01
9.842614790592327800e-01
9.512663368529867824e-01
6.173127488205034652e-01
7.773138482950592287e-01
7.949813706230425270e-01
9.046550757150869648e-01
6.803003583821605194e-01
7.271773347324239634e-01
7.334085619578250004e-01
9.942063107163910951e-01
8.502377741500461994e-01
8.999197830322014369e-01
7.395385746814280292e-01
8.293936713600497113e-01
5.613694949954030067e-01
8.740165712642776752e-01
8.863357592607735702e-01
6.286997521776470643e-01
9.431665220902755165e-01
6.735187424425634894e-01
9.944490682132179904e-01
6.803940660977148003e-01
8.375615988319036198e-01
9.533685114738004174e-01
9.018232819074333273e-01
9.866951228597597989e-01
8.445067550344124152e-01
6.825396825396826683e-01
9.144145880720151442e-01
9.641212767493655411e-01
9.322799097065462837e-01
9.451781709444305735e-01
8.896627474475149455e-01
9.426186750130411962e-01
8.676003939161834877e-01
7.585962065118166953e-01
8.656820930676683012e-01
9.502123297700980631e-01
7.966937057192731153e-01
8.671947809878843838e-01
8.673223538730651105e-01
8.991318726746589940e-01
7.536581648504443454e-01
9.788634772782381921e-01
9.419910770264600108e-01
8.661567877629062773e-01
8.353629498605346093e-01
8.089737894269213303e-01
7.689096028740655120e-01
7.211418694218040271e-01
8.836582764270555224e-01
8.630648307201169711e-01
9.394155381325730580e-01
7.277529459569280768e-01
8.362536685188574070e-01
4.161575016972164920e-01
7.343453510436432907e-01
7.293391144396268455e-01
8.654708520179371645e-01
8.811146861536783836e-01
9.056603773584905870e-01
7.890181228022720150e-01
8.745753854193886179e-01
9.464534861797202492e-01
8.341922473672417349e-01
8.550024166263895387e-01
8.683080446607499558e-01
9.102178049546469918e-01
8.896941519668171150e-01
7.094188376753506331e-01
8.044692737430167995e-01
8.842386464826358372e-01
5.142071494042161905e-01
8.364834000860613683e-01
8.179059180576631061e-01
5.571037571535207844e-01
8.486842323556543777e-01
9.147643360479346120e-01
7.113752122241085996e-01
8.562907699203369249e-01
7.898283908542191867e-01
7.339593114241002025e-01
7.426025739742603271e-01
8.698615988432142343e-01
7.697512962474734044e-01
6.712802768166090672e-01
7.143101531092291845e-01
6.671709531013615413e-01
7.205151402464518018e-01
8.084895068810235008e-01
7.862794681458520341e-01
7.667058504385568796e-01
8.024828627474853704e-01
9.011978948048173788e-01
6.028460350111168875e-01
8.278872536792217796e-01
