-4.879126352585714699e+01
-6.452651551949448105e+01
-7.100678651267716646e+01
-7.031278557393510198e+01
-6.549631779175828683e+01
-8.967135744111936901e+01
-9.390949813038855609e+01
-6.790097940576067970e+01
-8.066860696752927140e+01
-5.968110366786103782e+01
-1.288785812614869428e+02
-7.360405348607449127e+01
-1.248570270843991921e+02
-5.965946293684756085e+01
-7.746870679168009133e+01
-1.435553468927855363e+02
-6.194791238122803634e+01
-7.796418065068196768e+01
-7.034851561127567265e+01
-6.892289759970688579e+01
-7.602362922748562823e+01
-6.867434847347583116e+01
-6.570989649034923730e+01
-9.172529055268513787e+01
-8.433881687061267485e+01
-5.792984518156855955e+01
-9.453868589829123437e+01
-2.157815252533389128e+02
-1.636672389867887318e+02
-1.782570579555950644e+03
-6.267266064199904463e+01
-1.505678874517288364e+02
-7.718528048719221601e+01
-3.089366343350494617e+02
-1.357512372708047792e+02
-9.143947349400865221e+01
-8.133993155952771303e+01
-6.652640269085898694e+01
-8.697852646720507153e+01
-1.447287412069316304e+02
-9.752045358150530774e+01
-1.808169643195506353e+02
-1.025530618391193940e+02
-9.032933412745687463e+01
-6.842660746389015003e+01
-5.106925095169723505e+01
-7.275948498189660540e+01
-7.016516152986751820e+01
-6.577672649376431480e+01
-1.932141919584607592e+02
-1.490471217498250383e+02
-9.852372373294466570e+02
-1.347835079207411866e+02
-1.137540548069745654e+02
-6.604027169030402433e+01
-6.531923555199875864e+01
-3.486950283131758965e+02
-2.251728917311874625e+02
-1.477863684570448015e+02
-1.080260219122365442e+02
-9.089286762391989782e+01
-1.526109668528162331e+02
-1.484428109311358810e+02
-9.631515912240439548e+01
-6.630600409945070339e+01
-5.567652768236975191e+01
-8.351999752089474782e+01
-1.090236420760826945e+02
-2.192493141390143592e+02
-1.141278880719260371e+02
-4.872543450680944233e+01
-7.327393612841918014e+01
-1.173676137899860663e+02
-6.957746327854306401e+01
-7.660541575630871591e+01
-8.947067973648339034e+01
-1.293815345153079477e+02
-9.060412103515201920e+01
-1.621032430981307186e+02
-7.523437173109293497e+01
-1.203380522190945783e+02
-4.718590510268179372e+01
-7.010049886466421754e+01
-6.317678314045046051e+01
-8.586701970680714169e+01
-7.164888657518328330e+01
-1.885108257675382220e+02
-5.377905795903437820e+02
-1.819955259725515759e+02
-5.975263679757254209e+01
-7.375934224668846184e+01
-7.100020831380938091e+01
-1.567058701906819351e+02
-7.365845365006872214e+01
-6.608648066531675624e+01
-7.514334261752729560e+01
-6.484684557834245879e+02
-1.193168632515805854e+02
-1.116368906901498264e+02
-6.987345436773856022e+01
-1.033588906197026205e+02
-5.072564644190980232e+01
-1.104060778904259621e+02
-1.248805194063375978e+02
-5.854692226627065565e+01
-2.026883262268831629e+02
-6.452987383122533060e+01
-1.875466376333737799e+03
-7.203082424488587776e+01
-1.028884158233700958e+02
-2.715462707188921172e+02
-1.134294948953083804e+02
-8.342005086627075343e+02
-1.026279547766357751e+02
-6.306139310267182196e+01
-1.124679363188497518e+02
-2.688403543702333423e+02
-1.696139003658977060e+02
-1.612782469739529461e+02
-1.247773950409057448e+02
-2.122488182237489980e+02
-1.173335470963899922e+02
-7.330768953643060115e+01
-1.320420976269741971e+02
-1.961507628108299741e+02
-7.501833616012892492e+01
-1.221258841911987076e+02
-1.123165542174468214e+02
-1.494062908526054514e+02
-7.264651711735930917e+01
-3.274176449896040708e+02
-1.744437215949511426e+02
-1.061832587224671300e+02
-8.997020042932726369e+01
-7.464191772133612801e+01
-7.496591761303416490e+01
-7.582025202681008125e+01
-1.381436390767738658e+02
-1.117621776970268996e+02
-2.068605585635569071e+02
-7.427899501897398693e+01
-9.139349333606607217e+01
-5.075520500527315448e+01
-7.535902461978977840e+01
-7.065764357923163175e+01
-1.145505724200240252e+02
-1.466425272288044539e+02
-1.158831832034583442e+02
-7.785969941040143283e+01
-1.114253767820025587e+02
-2.135512647891641507e+02
-1.031401898981632854e+02
-1.121097314856662734e+02
-1.133119177947297374e+02
-1.464258059888655623e+02
-1.080916650950744753e+02
-6.417518604630188861e+01
-8.213761882354712895e+01
-1.000499560350934729e+02
-5.110304804930672873e+01
-1.036697454204175131e+02
-7.422927815414594477e+01
-5.176600881102081075e+01
-8.790821545729234288e+01
-1.102145397550535648e+02
-6.676171918057454491e+01
-1.023392513354190356e+02
-7.058229798315755943e+01
-6.932914855408176891e+01
-6.668828546676976998e+01
-9.538721928084434865e+01
-7.304281186025410477e+01
-5.656868973496985120e+01
-7.045012831107050033e+01
-6.557846843168161399e+01
-6.633899139026964065e+01
-8.502449494955965292e+01
-8.136652582678918577e+01
-7.650703633437665019e+01
-8.921551628669978129e+01
-1.125161949005409809e+02
-5.436412815122664455e+01
-8.844316375916105244e+01
