5.931522080876595382e+00
1.976776917663617628e+00
1.044911610129001689e+00
1.559689061632426377e+00
2.361832553637682963e+00
5.515740866643547013e-01
1.604850213980028695e+00
2.466456195737964041e+00
1.072929928210448747e+00
7.538283062645013466e+00
4.360488525030197238e-01
1.231913801949718001e+00
1.100123470647659918e+00
3.416403785488959954e+00
1.133081642284096358e+00
1.388268972366652809e+00
2.550887721930483742e+00
1.692132787630740820e+00
2.003575685339690438e+00
1.674276396249490872e+00
1.247889826743669328e+00
2.082806295043388989e+00
2.439086294416243916e+00
1.668079646102017755e+00
1.625211029825548659e+00
3.579881656804734025e+00
4.409654210643084937e+00
3.094312595631084406e+00
2.640118523839453779e+00
3.090893261577941642e-01
2.223824155046087991e+00
1.372881355932203284e+00
1.045712842530622577e+00
4.894326157706936908e-01
4.831659281615547918e+00
3.050002076498194103e+00
1.333520314127734530e+00
2.797814207650274110e+00
1.010068320747932402e+00
1.403511862746928962e+00
9.588830929733047626e-01
1.449563755703321188e+00
1.685623584898161331e+00
1.367694643447066261e+00
2.850481310163770932e+00
4.151612492001299337e+00
1.912749720310451096e+00
2.127548867951061684e+00
2.644237175216522573e+00
1.669834866149270569e+00
3.237025147137506664e-01
2.513391642237325918e-01
1.645044037466797393e+00
9.607116382505559438e-01
1.838235294117646967e+00
1.086656607027376209e+00
2.691153647180549502e+00
2.145764735165783144e+00
4.289587184226740568e+00
2.465217967404266464e+00
3.493838028169013565e+00
2.829261222527720498e+00
8.764962809992871140e-01
1.777655755865692244e+00
4.454545454545453254e+00
3.117443868739205204e+00
5.856098850906291453e+00
1.894996302686714928e+00
1.695554229375043187e+00
1.643833990777029408e+00
6.100523924622139660e+00
1.513997760358342548e+00
6.664100292406834880e-01
1.033997655334114807e+00
1.141552511415525162e+00
1.115611972777022842e+00
1.040866873065015463e+00
5.693502731880717427e-01
5.753737077652412157e-01
1.579104477611940283e+00
3.991046572868858888e+00
1.980308674827035320e+00
2.049269780131600438e+00
2.837953091684434881e+00
2.055737507300267275e+00
1.649604591859003877e+00
4.186543253826984778e-01
4.425843110549600445e-01
4.226500038810835913e-01
4.913038580238779929e+00
1.833482542524619507e+00
1.356148043512635848e+00
1.791692498450092819e+00
6.602642361401454885e+00
1.950937950937950749e+00
3.435041830945282815e+00
9.231516151382274105e-02
3.716587361215459850e+00
7.284265036716329744e-01
2.539999714181542689e+00
2.374846605680462908e+00
3.678492885272096391e+00
1.736923951075092232e+00
1.782544515176676780e+00
3.895750424366099196e+00
1.431131267641368776e+00
2.617594254937163800e+00
1.714764787263926893e+00
6.552824311810754310e+00
1.726084114186097418e+00
1.440468528768181544e+00
6.096423017107310827e-01
2.558642866343031841e+00
2.246302444913974572e+00
2.604651162790696528e+00
5.194569754205489165e-01
6.010046603798583353e-01
6.537530266343825058e-01
4.785130503559187343e-01
1.370436880945032243e+00
1.004427227448810189e+00
1.846512801109849722e+00
1.893434951196684146e+00
3.273843664975365719e+00
6.680536292186778358e-01
1.263178244619151736e+00
1.745835572272971703e+00
1.537387267399825452e+00
1.710804597701149454e+00
2.732741208528936205e+00
2.493982491972761006e-01
1.078387035298039365e+00
1.622516556291390577e+00
1.192360941444743583e+00
1.015376166941241109e+00
1.788230837226922443e+00
5.528457052281004813e+00
3.482385295984270268e+00
3.108354929849900916e+00
3.289074355083459800e+00
2.506420993858180513e+00
1.731756625870275679e+00
9.048939641109299714e+00
4.051679586563307289e+00
1.911187173482255419e+00
1.772020725388600670e+00
2.206040725382187873e+00
8.333333333333333703e-01
1.564278368186492907e+00
1.376755303256647522e+00
1.004223275827722084e+00
1.838571044856298631e+00
1.907857546636517743e+00
1.395318166831520212e+00
1.198453451320249163e+00
7.500896562323888794e-01
2.375706214689266016e+00
1.701388888888889062e+00
8.509566968781470120e-01
5.007130124777186886e+00
2.414190178465434489e+00
1.068645640074211256e+00
3.537740062527915175e+00
1.123687771422470894e+00
4.705475344803726201e-01
2.758949880668258192e+00
1.369812226381391884e+00
1.370173030978994788e+00
2.464818763326225515e+00
2.027699600059249541e+00
9.425314652101638435e-01
1.959241922593903062e+00
1.860824742268041065e+00
3.339600047898456658e+00
4.115646258503400823e+00
2.587291384588868759e+00
1.723794389199152732e+00
1.780371407822388008e+00
1.962613515744780379e+00
2.279899663856813419e+00
8.387015871878471529e-01
3.176901440981552138e+00
1.434468213317264151e+00
