7.381790963369559977e-01
7.834376795112073522e-01
3.266741323987629730e-01
4.297244448570583519e-01
6.902514172319154095e-01
1.364488258879095861e+00
2.357624040431001156e+00
4.420254956685215064e-01
4.259645010241205121e+00
1.432956371886296543e+00
6.999994197617541714e-01
5.780333404896050853e-01
1.187167450955362247e+00
5.853443423869840734e-01
8.956557562535177874e-01
1.055105226205880209e+00
3.168100822197594257e-01
4.598968336398925327e-01
8.298567391771061175e-01
5.671248614681188016e-01
