5.384292769410098378e-01
8.982635588934106963e-01
5.859275933091268040e-01
1.668580198717264151e+00
9.556465082590390736e-01
7.372743736161257999e-01
7.968233115709938419e-01
5.448480148104567489e-01
3.483579586083341284e-01
4.298687222212240200e-01
8.279465616815071538e-01
6.117482176124280357e-01
3.188317133522741709e-01
1.005785689333106969e+00
5.409501807331253964e-01
4.020524123000405181e-01
6.538077977165808186e-01
9.171784347014693139e-01
5.307968800081159788e-01
5.561750701614757153e-01
5.372205499994680000e-01
5.337601716946017705e-01
6.785861459276758545e-01
6.693581619905614177e-01
6.793400770926357746e-01
6.466858450942004621e-01
7.567821283217899264e-01
4.524680310677248740e-01
6.264417106117965428e-01
3.998915124629988105e-01
5.484797939407033418e-01
4.642114884313625067e-01
5.455029149744523576e-01
5.146640923789674860e-01
5.614863282168823799e-01
8.270993968197585255e-01
7.001493382125496545e-01
5.825603067314052419e-01
5.630135806142205768e-01
6.389972299318633642e-01
6.781252606816359219e-01
6.755718526061652573e-01
7.952290406657001043e-01
7.506465796862979989e-01
5.318624092392539859e-01
5.423422507665964787e-01
8.878829879873342268e-01
6.321190608780371534e-01
5.238830258575086773e-01
6.385725594366826741e-01
8.166437575954025307e-01
7.446714174794712982e-01
1.411042992130814966e+00
1.003454365679149918e+00
6.521465504094163812e-01
7.077133952731307076e-01
2.836320791629716176e-01
7.249527829227525588e-01
7.798595176757565639e-01
6.778414305518907224e-01
5.203625310535218151e-01
3.080016296189652114e-01
5.412311681621547743e-01
5.667117737165445757e-01
5.415926572517355542e-01
4.177496033532869801e-01
5.111546986535572268e-01
6.559557445775867635e-01
5.099340942557329948e-01
5.678107983673426062e-01
4.868248762846929534e-01
5.940763742578510920e-01
5.666526512211947919e-01
4.049429416882272537e-01
6.330155847133723812e-01
4.528671263785721268e-01
4.546160209864257840e-01
4.951659096852982223e-01
5.296650838034199227e-01
5.341279046692484211e-01
4.022912015324643376e-01
4.328846430211510943e-01
5.510939237133019031e-01
4.789787974243668311e-01
4.270337198721779748e-01
7.629801903789845685e-01
3.249956775669998188e-01
7.402431084011295015e-01
4.060265156328642377e-01
5.641276405674183758e-01
6.298679696466022992e-01
6.654133922138326662e-01
3.379082275171840233e-01
4.922353439232745598e-01
5.055246406731774833e-01
5.880284387385468214e-01
6.050656607194732084e-01
9.737607085251218653e-01
3.558061890197724009e-01
3.549239999153426806e-01
3.219419049163537716e-01
8.124838254138982974e-01
4.131804861055374811e-01
3.308750965010843204e-01
6.547688817469488054e-01
5.909425373632745115e-01
6.592066101471275585e-01
8.316849271425758028e-01
5.656175848346763901e-01
6.058193003045041491e-01
6.762722348373625403e-01
5.680484531080802757e-01
4.123736003931021687e-01
2.827924288082523940e-01
4.660432454877961872e-01
9.162893343230620324e-01
4.906124140392682520e-01
7.580010779373484997e-01
5.815239230885761446e-01
7.765537225245942032e-01
6.009071549702964532e-01
7.929867677873346787e-01
3.782478811545604280e-01
5.766461944327840872e-01
5.133396628340460843e-01
4.792377230623612872e-01
6.537807803035931009e-01
5.780795752821850098e-01
4.297764320660792947e-01
4.095556685953977150e-01
5.324188329059647007e-01
5.352124543761209718e-01
6.294811172666819887e-01
5.289979412541817583e-01
6.308704526957348291e-01
4.768056948567952480e-01
5.060049994627531245e-01
5.189313914498066005e-01
8.295871542918084041e-01
6.205832977782855808e-01
5.638650710942282318e-01
3.990201022358163541e-01
7.478448043681257262e-01
6.302322285065913299e-01
8.256098809428279450e-01
5.502027913462186337e-01
5.065778133177266662e-01
9.180693473935800375e-01
8.692887285642713069e-01
9.331720241758401091e-01
5.989703729369727503e-01
5.627350989504307233e-01
2.789860701137896748e-01
9.822940795114565304e-01
6.697197020992434746e-01
6.448347349042811150e-01
5.621961990665041986e-01
4.706416774379780787e-01
6.274599293204272676e-01
5.506060488982210677e-01
6.519960377490308101e-01
4.172577568612644283e-01
3.982618393183516847e-01
8.547538864331688524e-01
6.513810543528654184e-01
3.215152882704090387e-01
4.011863862054338981e-01
9.595470646096174727e-01
4.388969465474376608e-01
8.275070766337223604e-01
5.717896525673044072e-01
3.534506116809662535e-01
5.728848251544705894e-01
3.454645126150454604e-01
3.883427087166977931e-01
5.045798789596988021e-01
3.977741737705012270e-01
9.546749744246441072e-01
4.480411272490192331e-01
7.250757448280089612e-01
5.237256181251563891e-01
9.924938355738900375e-01
4.942346946912337669e-01
5.221359073783857774e-01
8.541952525475903224e-01
7.890394812668398705e-01
5.594910362830798345e-01
3.450672745003605657e-01
6.143816575545527625e-01
4.724927511473784869e-01
5.246738588837186468e-01
6.093027102172279275e-01
7.410031201712412585e-01
6.095446497771103145e-01
3.971385322128643813e-01
6.543800627218202548e-01
4.190831780271176421e-01
6.182269562240734206e-01
7.571531941612417160e-01
6.895307573877298424e-01
5.171693913136059528e-01
3.787530212291686516e-01
6.960387752552517071e-01
3.823396265811097594e-01
7.307143523874286561e-01
8.325062358577269839e-01
5.585101248680497399e-01
3.701953683546015950e-01
8.210136491413896342e-01
6.307365584294938321e-01
9.306530596405467870e-01
6.712279173556783274e-01
5.295438736658647505e-01
6.271845446895399911e-01
4.853014252524835981e-01
9.813948516903242547e-01
6.316476795786508669e-01
4.546535158292197010e-01
7.156528667656454346e-01
1.052610176453280477e+00
5.866358111973786205e-01
4.891792359620001363e-01
6.097305140882128827e-01
7.965325718895946983e-01
5.664099743134494158e-01
8.775349385184492146e-01
4.646530514271746126e-01
4.635452414590455761e-01
6.006767828830481548e-01
5.559628424463382013e-01
5.418745780729006256e-01
5.027024270007556250e-01
5.018026888794957507e-01
5.828160003116520382e-01
7.472003536751994357e-01
6.991992600555169135e-01
6.713582505418251856e-01
4.548462652316314636e-01
4.570717376806830434e-01
4.868365280648291882e-01
8.002534955653300974e-01
5.962586944888479401e-01
8.172391221094748026e-01
7.373364925180856400e-01
3.734082827608685706e-01
6.347348187213208703e-01
5.310429833668682820e-01
5.878445723289467129e-01
4.895677427109085822e-01
5.173352074833464931e-01
6.821705909033793924e-01
7.827118305733963277e-01
6.271829742557614162e-01
6.969619815842884591e-01
4.035984084743872713e-01
5.062914871318465737e-01
7.229512368737315287e-01
4.232141593659767276e-01
5.827413186604900597e-01
5.217736711265388294e-01
4.595821280976242762e-01
6.319525478860679168e-01
6.148444641658751264e-01
6.534121078122454573e-01
8.231318789694181959e-01
7.366002382635861157e-01
5.671367042024348937e-01
6.659110529790560618e-01
5.282180462864620729e-01
5.171365548866598827e-01
