8.951066711818489452e-01
8.755924170616113944e-01
8.849219528395881884e-01
7.978482446206115464e-01
9.718723907598108003e-01
9.455018174342796344e-01
5.852390852390852993e-01
8.055519888387795424e-01
9.872676380710743160e-01
8.872089413225705545e-01
9.459542590899175929e-01
6.995481927710843761e-01
8.293988051527909633e-01
7.491648282382602497e-01
7.806532075765844070e-01
9.024873360176646209e-01
7.863255990871053092e-01
8.661604965639547737e-01
9.500399758195042788e-01
7.312664907651714730e-01
9.167222319705211619e-01
7.781186094069528769e-01
9.585900912003944008e-01
9.729979507373326397e-01
6.914262604475600593e-01
8.235772357723576409e-01
8.253323871344784290e-01
5.072815533980582492e-01
7.455289988300183301e-01
7.619054737772584796e-01
6.329420770604745616e-01
9.037678207739306968e-01
6.490012229922543785e-01
8.235050978230916696e-01
5.782290008545418747e-01
4.433170378401078970e-01
8.422545020395980631e-01
5.794573643410851904e-01
5.997276742964685603e-01
4.916995041543913980e-01
7.142857142857143016e-01
8.488395560040362664e-01
6.650232018561483827e-01
7.356412273800158053e-01
8.128431040325312384e-01
6.175998067757132503e-10
5.533936651583710731e-01
7.882369970085881805e-01
7.154701718907987562e-01
6.617862371888726392e-01
4.447569756975697230e-01
8.375582479030754257e-01
4.447663889894965528e-01
7.402826855123674221e-01
5.616089613034623840e-01
4.124820659971304981e-01
7.717391304347827052e-01
7.670895908855513978e-01
6.818181818181817677e-01
3.121995192307692180e-01
4.822561329399615571e-01
7.268342589885997684e-01
7.286023835319618835e-02
7.619108280254778265e-01
4.261315115286081201e-01
8.338335607094133906e-01
6.571861326152811378e-01
4.905631373688394414e-01
2.935082872928320655e-03
7.927479838077008401e-01
6.178761818999259021e-10
7.159559834938101774e-01
8.081461743433574485e-01
5.064829821717989899e-01
8.057913887204365411e-01
9.356460682514652349e-01
3.425414364640885778e-01
7.184986595174263080e-01
7.117226407866172888e-01
5.206573841588677531e-01
6.025289948453609323e-01
7.514792899408283544e-01
8.949187450350126749e-01
4.707890557316292135e-01
5.708532219570404687e-01
3.336980306345731506e-01
6.909110442629996518e-01
5.087512622012790864e-01
5.887506100505012219e-01
4.728110515364144506e-01
3.677502770594753834e-01
5.284629981024666634e-01
3.305030438961871209e-01
5.280898876404493958e-01
7.412228145047274896e-01
7.635488693702111584e-01
7.455802828618968148e-01
7.589062065126636059e-01
6.964908161338323467e-01
3.838125246159905801e-01
8.160345974717232442e-01
5.553491827637445644e-01
7.725443599120159766e-01
8.251069682151590534e-01
7.688679245283018826e-01
7.701778385772914959e-01
6.666666666666666297e-01
5.357793983591615516e-01
7.978118161925601415e-01
5.873900293255132077e-01
7.292817679558011301e-01
6.899606299212597271e-01
8.353266933704821540e-01
8.255100709096445666e-01
6.980754341402833907e-01
7.741537376586741237e-01
7.930971953578335176e-01
8.422584818861413858e-01
7.099447513812154886e-01
3.338898163606011105e-01
8.764772543305812125e-01
6.439802768072861044e-10
9.214613420925790166e-01
8.951379763469119455e-01
7.590963473854599464e-01
7.451908848771825467e-01
8.446032151058943116e-01
8.887760425670134801e-01
9.331262135922329115e-01
9.932394021150227070e-01
8.478466777581844527e-01
7.600272438322991375e-01
7.552586696986923753e-01
8.415423384210073410e-01
8.143695611613736007e-01
8.710883965280949992e-01
6.867503730165328557e-01
7.243277577810713908e-01
9.079583036489043968e-01
7.433381853306364473e-01
8.081901766271473164e-01
6.924841213832039211e-01
8.281818181818182412e-01
7.698761397426816533e-01
8.515366556397395703e-01
7.517475328947368363e-01
5.514563106796116498e-01
7.045526398988303241e-01
7.336118496012152823e-01
8.783042548576032171e-01
7.880661031916235126e-01
7.002196193265006752e-01
6.507087069713624050e-01
7.402504654122049610e-01
7.167885051676330388e-01
8.514966056367003766e-01
6.483253588516746380e-01
6.647988623126058760e-01
6.398522673858838550e-01
6.529061415608067298e-01
7.472010685506522698e-01
4.384042086804032512e-01
7.265695248233781101e-01
9.357037179313145714e-01
4.062692071296865604e-01
6.105291119453252202e-01
5.597010009750277293e-01
6.530125500544625705e-01
8.914697310155768051e-01
8.425449586619707665e-01
6.970149253731344752e-01
6.209332539456111633e-01
6.829008932369203810e-01
7.002327385570209506e-01
7.080378567546510293e-01
4.116950444177229218e-01
7.579250720461095936e-01
8.901918950534178920e-01
6.969578783151326729e-01
6.176538372896981377e-01
7.453637660485020744e-01
8.379578465424691869e-01
2.867690490253987368e-01
7.140522875816993631e-01
7.575700227100681250e-01
7.727505112474438720e-01
7.869246861924685810e-01
6.974063400576369087e-01
5.319465081723625532e-01
6.881119800223434169e-01
6.080525303790881297e-01
7.702407002188184082e-01
7.146957520091848926e-01
8.251495982219182457e-01
7.141641854529987565e-01
8.796490288085911935e-01
8.692105263157895445e-01
7.955576559546313486e-01
8.048749140820069536e-01
2.529644268774703386e-01
5.957189995300417040e-01
5.490319888478085719e-01
7.114550188024298949e-01
5.265895953757225856e-01
5.166858457997698384e-01
5.682467161621930218e-01
8.441894698570203692e-01
9.455417981912199732e-01
3.282336578581362962e-01
5.485055060304141472e-01
6.919315403422983124e-01
6.700164443632377065e-01
8.229334321756328618e-01
3.823529411764706176e-01
7.920792079207920056e-01
7.117841930903928693e-01
8.591234347048299913e-01
8.939629966523051641e-01
7.282178069070425197e-01
5.840588511765580915e-01
6.940483570985741535e-01
7.961803381340011310e-01
6.118299445471349074e-01
8.368765331152901998e-01
9.889981781624928026e-01
9.854487408729160069e-01
8.314506539833531606e-01
7.676435406698565167e-01
6.893491124260355818e-01
7.352772481442578778e-01
6.792913866829565217e-01
6.950944460107132405e-01
9.044006069802730252e-01
7.665014316203452305e-01
8.170488070519325019e-01
9.671158156445855969e-01
8.978962927728744159e-01
9.505488392790921726e-01
7.552586696986923753e-01
7.620801619998603949e-01
8.509776451239569051e-01
9.454496335600781620e-01
7.803703771103621678e-01
7.913148681826842612e-01
6.154414037357641698e-01
5.093457943925233655e-01
6.780936454849496586e-01
6.770585768209144151e-01
7.524288574235196148e-01
8.117924528301887488e-01
8.365097559078541467e-01
7.137123126157109976e-01
8.928011769920864982e-01
9.098761578283043328e-01
8.203549728173968880e-01
5.482828655834564024e-01
7.481213872832368494e-01
6.743727093318299115e-01
7.581085177326462032e-01
9.147109929449200871e-01
9.212591245765450187e-01
8.604199769784046659e-01
8.953853779749263442e-01
8.587220807529302169e-01
4.601825058738632790e-01
5.464154411764705621e-01
8.088012139605462725e-01
5.327225130890053117e-01
8.704772833219780459e-01
6.474923234390992377e-01
7.415082580243065324e-01
8.272753394152718709e-01
8.147896879240162926e-01
7.813650059386960667e-01
4.576677591232560793e-01
7.377703398558187464e-01
7.840808367310760918e-01
6.237785016286645501e-01
8.259755913816484441e-01
7.020293680910741907e-01
8.951319963670456570e-01
8.428872497365648142e-01
9.439751962673459396e-01
7.648615635179153438e-01
6.175237034301353943e-10
7.953941541186891895e-01
6.702898550724637472e-01
8.390094979647219064e-01
7.772930160754437656e-01
8.870967741935483764e-01
8.008534850640113278e-01
5.030864197530863224e-01
7.584305074062401841e-01
3.915304606240713192e-01
5.809219716623429397e-01
6.086306557703806686e-01
4.847624875351311258e-01
6.974844119544184595e-01
7.868490732568401702e-01
7.038608981380065632e-01
6.559196617336151558e-01
6.360059549128029843e-01
6.997736038906591238e-01
4.622975329014057944e-01
7.220708446866483943e-01
7.257353841481563039e-01
9.830384811386727595e-01
8.223318101615164633e-01
7.591743119266054496e-01
9.461538461538461231e-01
6.631425446591323603e-01
5.856622712064555314e-01
2.883631713554986598e-01
6.176839209815743595e-10
7.717164152502750119e-01
8.300464439206987066e-01
6.510075896362208514e-01
9.033093525179856087e-01
3.414735267196959967e-01
7.153614292213079651e-01
8.134011400469431941e-01
5.363636363636363757e-01
7.779011335748510225e-01
6.694333142530052294e-01
6.253345227475467505e-01
6.372399312845963282e-01
8.427267660582415942e-01
7.797567506052572872e-01
8.283277513842166595e-01
7.651949541284404077e-01
7.424712822104936327e-01
5.908450704225350902e-01
6.760168302945300800e-01
5.767077267637178428e-01
7.722481248733022996e-01
6.172741679873217091e-01
7.398911788371704823e-01
5.805830497937529699e-01
3.772711690092561132e-01
4.661790465719209964e-01
7.598099595284181218e-01
7.481418918918918415e-01
5.417201540436458185e-01
6.692073170731707155e-01
5.709677419354838301e-01
3.189189189189189366e-01
6.427931960608772588e-01
6.535532994923859418e-01
7.414390150057714735e-01
7.057436182019977133e-01
7.110572451628049961e-01
7.221936809658360268e-01
4.287320690132488954e-01
6.760028483266081745e-01
7.534782608695651529e-01
7.005899705014748680e-01
5.941838649155721797e-01
6.016494845360824684e-01
7.699452250535842035e-01
6.440677966101695517e-01
6.192982456140351255e-01
9.409966333300325836e-01
6.280136171533298173e-01
6.124280392820858898e-01
6.612558518216975489e-01
8.796241579009572709e-01
7.006414825374198685e-01
9.100122593053375786e-01
3.540575916230365716e-01
8.234501822279345351e-01
8.292589133659288292e-01
7.694192377495462365e-01
7.015050167224079480e-01
6.089356690711026365e-01
9.011106973995338665e-01
5.725221138580177671e-01
8.123659756969263679e-01
7.125992478061011770e-01
5.679618822486517393e-01
7.057174887892375681e-01
7.318391543902686980e-01
7.030374620317246803e-01
7.692307692307692735e-01
5.538387252535006411e-01
4.711302211302212939e-01
8.045721221930002276e-01
7.760952538997676342e-01
8.249058633674016816e-01
7.480000000000001092e-01
6.408661621020681487e-01
5.843581860107610604e-01
7.724421124672065098e-01
7.945959163711945328e-01
5.852695167286244837e-01
7.310223266745006221e-01
6.192100538599639714e-01
5.879904875148631582e-01
7.667831295233342725e-01
5.974824774710342234e-01
7.297537164410916599e-01
4.777350533366410690e-01
3.584202682563337738e-01
6.472332015810277062e-01
7.254026471057246628e-01
7.728127939793039136e-01
4.705728953778517409e-01
6.692913385826771977e-01
3.862088535754824026e-01
5.379480840543880982e-01
4.706415783951267695e-01
7.884770346494762716e-01
6.091811414392058754e-01
6.105341246290801882e-01
8.111369257288466583e-01
8.018475867100433030e-01
6.771329579904719065e-01
7.429448945072554267e-01
6.930296968764425580e-01
5.878679750223017031e-01
6.972252448313385198e-01
7.073479729729728049e-01
7.542213317674488771e-01
3.905164110232129948e-01
8.373089083660624210e-01
5.818033757773171111e-01
5.168711656441717928e-01
3.354430379746835555e-01
3.408949658172775732e-01
7.338146710365922587e-01
7.085132634176435351e-01
6.118198385837020359e-01
7.705058939096267601e-01
8.211243611584326807e-01
2.848297213622290047e-01
8.200703158775904944e-01
6.631016042780748521e-01
5.130796670630202172e-01
3.888242142025611359e-01
4.906716417910447769e-01
4.788372277742813932e-01
9.554088251548911170e-01
5.267605633802816545e-01
6.894582723279647496e-01
4.961135518756336071e-01
7.397379223239658463e-01
7.073927846296780286e-01
7.660731514779406393e-01
5.871503850830969151e-01
6.901415937615874574e-01
7.124733339371641661e-01
2.700534759358289572e-01
1.944202266782910637e-01
8.696086617656321183e-01
7.150893448047650480e-01
7.736013986013986488e-01
3.799442896935933400e-01
8.740374483261732497e-01
6.359709293115042295e-01
6.664083688492832280e-01
5.280898876404495068e-01
8.823941197059852470e-01
7.439285317447095203e-01
6.749409453368099276e-01
8.604895104895103897e-01
9.270771576183619578e-01
4.378110821568244049e-01
7.896408502321036194e-01
7.781267611419825370e-01
7.633196721311474864e-01
6.564623346345117572e-01
5.300876927729060162e-01
6.494327390599675676e-01
7.300244100895035837e-01
9.947945663286922313e-01
9.167550511746300756e-01
7.727496310870635154e-01
9.873685256106039532e-01
8.880542767143202454e-01
9.916027064658297085e-01
9.283187163643612516e-01
3.986553784860558114e-01
5.622617669970395582e-01
5.322939866369710282e-01
6.874418604651163500e-01
5.832061068702290019e-01
5.246913580246912456e-01
8.062522393407380861e-01
6.178161003125990397e-10
6.836530540190656202e-01
7.108952702702701076e-01
7.501265822784809467e-01
4.569371709018795191e-01
7.789651820391687576e-01
4.329040299127543956e-01
5.460979342004590453e-01
4.786858266481344160e-01
6.599014846451992655e-01
5.682726664488727542e-01
7.128363475959417217e-01
4.360895270378514210e-01
7.068666044213793853e-01
4.578039793751478292e-01
6.829826166514181285e-01
6.734818805093045757e-01
6.271187221570779791e-01
5.106806730237368752e-01
5.718257645968488623e-01
5.798650391478064048e-01
7.644859813084112776e-01
5.485298766993360609e-01
6.432675493379965692e-01
9.888059701492553366e-02
7.183961133835318202e-01
6.623794212218648836e-01
7.475961538461538547e-01
6.432038834951455675e-01
2.599118942731277748e-01
7.900885847409172547e-01
4.744553941908715156e-01
6.397200109799615619e-01
5.083998898375103881e-01
8.004830917874395935e-01
6.540974680098011751e-01
7.316621485631105148e-01
7.044701986754966505e-01
6.860739575137687618e-01
4.503034901365704501e-01
5.276816608996539593e-01
7.533992583436340817e-01
4.437571035478806714e-01
5.342453942997437144e-01
5.177276390008058726e-01
5.145673918385527124e-01
6.037735849056603543e-01
6.220472440944881942e-01
7.377979568671962918e-01
2.571542130365660483e-01
1.540284360189574375e-01
6.270886495656204929e-01
6.733509696571761127e-01
6.822676420806869091e-01
7.400546354789141468e-01
5.886385896180216237e-01
7.223140495867768074e-01
6.293681609601128324e-01
8.413897280966767811e-01
6.394637817497648147e-01
6.379310344827585633e-01
8.000000000000000444e-01
7.824702616668647304e-01
6.384017442463858494e-01
5.817200297840655621e-01
6.703934637712319899e-01
3.492957746478874137e-01
6.321656050955413164e-01
5.305982986918963418e-01
7.350711035011714412e-01
5.057061340941512162e-01
7.092263096629100039e-01
5.464659685863874072e-01
6.733106465726786949e-01
8.277240218763147750e-01
6.154879892491180726e-01
7.464324917672887638e-01
