3.093880021181632411e+00
3.962224722713390879e+00
2.017494751574528511e+00
3.687426326129664744e+01
8.754885155982176315e+00
1.323535062439961330e+01
8.836601307189541288e+00
3.800779347296637578e+00
8.805207373809219362e+00
8.090868843386829212e+00
2.398601398601400092e+00
3.749639596347908554e+00
3.166538164996144378e+00
5.505635273734854174e+00
2.967242539824994640e+00
1.311135857461024656e+01
2.844218821033490219e+00
2.786353812905216998e+00
8.888377158861050731e+00
8.514860987146922966e+00
2.211565205688394542e+00
9.529300567107750197e+00
5.452830188679247847e+00
2.271028037383178155e+00
2.859574468085106247e+01
6.332961579211510816e+00
3.497253272243054933e+00
6.580339250517263316e+00
1.667175208581644918e+00
3.411987381703470490e+00
4.369319884150604794e-01
5.736213235294117752e+00
3.014223496333865882e+00
3.957647058823530184e+00
4.739162290878008221e+00
3.353754202465446532e+00
4.103668612977855013e+00
3.624516129032257616e+00
5.481488004995551222e+00
3.421964296235197711e+00
5.630653523429972829e+00
2.571682991985752231e+00
2.203709949409781377e+00
4.138200782268579125e+00
3.262604120999560653e+00
4.368932038834952181e+00
3.578343949044582217e+01
1.203314917127071482e+01
1.812838018027627740e+01
2.925298794983956618e+00
1.502343938060265005e+00
4.898943762489294862e+00
6.358551663232260509e+00
2.429608446986361159e+01
1.194129597577366297e+01
4.508202454932747294e+00
1.996197718631178342e+00
4.950276243093922446e+00
1.986854460093896790e+01
3.971512404389898609e+00
8.325000672470579843e+00
2.357401812688820897e+01
5.177836761778367602e+00
3.447783070721874843e+00
4.248313523931898317e+00
5.511256668693914840e+00
9.535916471238442327e+00
7.277870890910990376e+00
3.167601657952973326e+00
2.616065192083816626e+01
1.728853754940710630e+01
1.436381709741550594e+01
2.613003452243960112e+01
4.176265852715769000e+00
4.396298659859603220e+00
6.211646136618139913e+00
5.479399350042958083e+00
4.545270145675824658e+00
1.362733976176971673e+01
1.187732252012346379e+01
5.567483603727994002e+00
6.243393602225313366e+00
7.440388327791515266e+00
4.201938610662357299e+00
4.570559999999989486e+03
4.376989160817405633e+00
1.920212765957443537e+02
2.232472324723247326e+01
5.193548387096776686e+00
4.845878136200715502e+00
1.405124646368532959e+00
2.217251367878982915e+00
1.060824742268041376e+01
1.628125768611053914e+01
2.796095717884129073e+01
5.985865724381624453e+00
9.322033898305086552e+00
3.205607476635514708e+00
6.368502243386370942e+00
2.883077806017872646e+01
1.679705818674665396e+00
1.756862745098039014e+01
7.244439988240197970e+00
1.092338338951884857e+01
4.333645735707591484e+00
8.868894134737608681e+00
2.216124332200096969e+00
1.791741567909479915e+00
9.985272744889062579e+00
4.921203357911933196e+00
6.486981677917068367e+00
1.518510158013543787e+01
2.083720930232555801e+01
2.635294117647058343e+01
2.989655172413792172e+01
3.712380786722055070e+00
7.527214321469469148e-07
1.166521020374845286e+01
8.473748225211563678e+00
2.304526748971193228e+01
3.654793405251374416e+00
1.186994051090633207e+01
5.266391326794012784e+00
4.445962023755050119e+00
5.148421635591657441e+00
1.130325027085591358e+02
2.212188154637211746e+00
2.245806451612902777e+02
7.508497620666213734e+00
3.044852498494881843e+01
6.304536529916296317e+00
1.387693402098523876e+00
5.556981295714109592e+00
3.885226464311120065e+00
1.841636883488206422e+01
1.524218370322371285e+00
7.882308732902449044e+00
1.133160621761658149e+01
6.222222222222223209e+00
3.164654226125137804e+00
5.949388436192697860e+00
9.497049733071087019e+00
4.417086400226359011e+00
9.879189399844115371e+00
2.930999146029033664e+00
7.079314685051642186e+00
8.774988843772240088e+00
6.531046425331905603e+00
5.599201065246336206e+00
8.489268611441669776e+00
5.231629946553808530e+00
5.118876581545162452e+00
2.301317301436222262e+00
5.375999999999999446e+00
6.917128074666223370e+00
2.277791262135923134e+01
2.781697905181919506e+00
3.631217509530769050e+00
4.232225257846507382e+00
6.653193560633231529e-01
1.196755003224781966e+01
8.002582496413202406e+00
4.622987053994316753e+00
2.352327098738582922e+00
1.438508213704307437e+01
3.422982885085574800e+00
4.713147410358565104e+00
1.047196677543755605e+01
3.880885831004086128e+00
2.486191198786039447e+00
7.051172023821457913e+00
1.407503846966177008e+01
6.115766262403925957e+00
3.444049870196467911e+00
1.633009708737863619e+01
4.593965517241380248e+00
3.936037441497661327e+00
5.554913294797687584e+00
1.327338846268805916e+01
5.703135107162878858e-01
4.628138359151107828e+00
3.867045115028384217e+00
2.205600667473589238e-01
1.504804974561898989e+00
3.522997320844326374e+00
1.669647553918989669e+00
8.565461794888554081e+00
4.646304503967907173e+00
2.027999999999999758e+01
4.042037186742117427e+00
1.058475385244783906e+00
3.977317773960748593e+00
1.789037795512724127e+00
3.449198703489709583e+00
9.818181818181818343e+00
3.278130671506351845e+00
3.088392420555102102e+00
5.615603019939343632e+00
5.504633529907329681e+00
2.706014956882670575e+00
2.424398645895655235e+00
1.805263157894737347e+01
1.742536484184013545e+01
2.306585556198883502e+00
3.619532240101386744e+00
5.022990976345121261e+00
5.307144014255629649e+00
4.822027889387851651e+00
1.600000000000001705e+02
4.933345258420752444e+00
7.557602023593172902e+00
4.816513761467890120e+00
3.102976319791440840e+00
4.834275561298658097e+00
6.697416974169740911e+00
6.095591031179419694e+00
3.805487804878045921e+01
4.901073570780403621e+00
3.631739564914322038e+00
5.338240991863619556e+00
7.931765544272225910e+00
2.680851063829787329e+00
3.493800192490082779e+00
9.330097087378643295e+00
4.502814258911821632e+00
1.319230769230769873e+01
1.223121387283238271e+01
8.784577295143815689e+00
6.895817710846233517e+00
1.845541709636929317e+00
3.201776649746193470e+00
4.392530027971260687e+00
5.099207081805362307e+00
6.889128094725510465e+00
5.841687624569597226e+00
1.041143392689784442e+01
4.236775818639798352e+00
9.618532455315145668e+00
1.249600280059127710e+00
7.469613259668509642e+00
1.841484897271011834e+00
3.869720574838901861e+00
4.904363731382283653e+00
2.949583516001753836e+00
1.310796460176991829e+01
1.795027624309391712e+01
7.841512469831049437e+00
2.290701693743518952e+00
6.382161433249854632e+00
9.640886476707372310e+00
1.076618315652738289e+01
1.761707438841737527e+01
5.010977841024599755e+00
2.228553137003840945e+01
4.125224318291241588e+00
1.955978959672705741e+01
5.321104125545512709e+00
1.485888320971522880e+01
1.146299430681643372e+01
2.108587515506127996e+00
2.427688787185355679e+01
5.476859504132235656e+01
4.046242774566476186e+00
5.198090692124106127e+00
9.934873210656583353e+00
1.320754716981132404e+01
1.247423580786026065e+01
2.018861512319456430e+00
2.005084745762711051e+01
7.606557377049180779e+00
2.302860548271752705e+01
5.511240892992455009e+00
2.639911726089764876e+00
1.353521126760564286e+01
4.814626865671644396e+01
6.639564124057002026e+00
5.202427851580397089e+01
6.676715083551629348e+00
8.909180651530112627e+00
1.525885558583106949e+01
4.106577916992949184e+01
4.325813893873365679e+00
4.574918566775244777e+00
3.337219730941706786e+01
3.389293598722089129e+00
1.124829600778968164e+01
2.697804764128911348e+00
3.943136670535595467e+00
2.662587900789519790e-01
1.192994578505368430e+01
4.619699579244860743e+00
3.550250853342813429e+00
4.859491982682730082e+00
2.604336043360433894e+00
3.033363390441838892e+00
6.147555664980298040e+00
3.533817348108521106e+00
7.177965136151306602e+00
9.629058888277381101e+00
1.400868306801736018e+00
5.202858713578887517e+00
4.696365415004891131e-01
3.730414941397695472e+00
1.480959097320169393e+00
1.078026537519198413e+00
2.990794722307455800e+00
4.554216867469879304e+00
2.125613346418056882e+00
7.919412062848453004e+00
3.563805104408352076e+00
2.808301886792452251e+01
3.971386125030213154e+00
4.331683168316832422e+01
2.263328151433404756e+01
7.731835341090716796e+00
1.272024326672459082e+01
5.282963267281117759e+00
2.970633693972180023e+00
5.331606217616580601e+00
6.569817510764812241e+00
1.136842105263157876e+01
3.250122609122119588e+00
3.267010793054902607e+00
4.642487046632123970e+00
6.949464587638549240e+00
5.133384151210888646e+00
3.555653287764987791e+00
2.173633440514469495e+00
1.945816797602656578e+00
6.575297941495125364e+00
3.205175600739371244e+00
1.308249852681201020e+01
2.021122477303640252e+00
3.180305551353804550e+00
2.737846023059348433e+00
2.797122302158273843e+00
4.139337931244243762e+00
3.185001983864569564e+00
3.529439497692140382e+00
4.639837613797153537e+00
1.938733375712629936e+00
1.962120763670681445e+00
1.584807088794535979e+01
5.681383705052343913e+00
8.131385151838456338e+00
2.395209580838324470e+00
5.628456104944502769e+00
7.646125962845490065e+00
3.040020314880648389e+00
7.989220400486897411e+00
3.619827939369111292e+00
4.923417910796835884e+00
3.912574850299401774e+00
1.570631970260222765e+01
2.005672878138957671e+00
3.235476641958282329e+00
1.041465766634522438e+01
1.019393282773563669e+01
2.832402234636872240e+00
9.905660377358490365e+00
2.465726681637029127e+00
2.702254041933834117e+00
1.951763169391227848e+00
2.940911446541645269e+00
2.043085400237068416e+00
2.002371124967067484e+00
5.172920601034568300e+00
3.572324141841750400e+00
1.842582975841046888e+01
1.376391642519444902e+00
1.685204236006050849e+00
7.064662093125090081e+00
1.043549536707056724e+01
1.237623762376237480e+01
4.509756097560983079e+01
1.370238652316331684e+00
1.045561665357423564e+00
2.914551895629661971e+01
4.609144893111639441e+00
3.113962797268659877e+00
6.275004096351269212e+00
4.389558143952738689e+00
3.076923076923076295e+01
1.007855235288700158e+01
2.328535669586983659e+01
3.568296795952782485e+00
9.929050620044725051e+00
7.895230942546000996e+00
2.385938521909743315e+01
1.538461538461538858e+01
7.527214596320514638e-07
1.701157979763101835e+01
8.343741287984384414e+00
5.930044652349563350e+00
1.593658536585365049e+01
2.718546555639668227e+01
3.653794940079893916e+00
1.133417721518987165e+01
1.257796257796257500e+01
8.285650433767573375e+00
4.141874999999995453e+02
3.282130212279101755e+01
1.282741116751268962e+01
2.292617299175963019e+00
1.502222222222223103e+01
1.301939326776561856e+01
3.956521739130434145e+00
8.225605438323185581e+00
5.154623547246085735e+00
2.425890279114532699e+00
7.211799364291806569e+00
6.165200984413451124e+01
7.475171583199296421e+00
1.169938244375827274e+00
8.027522935779819235e+00
6.466342277213956713e+00
4.284440481497992437e+01
7.010104199557937399e+00
3.317323886404553335e+00
1.987155963302753392e+01
3.160228468360138265e+00
5.615871533852418551e+00
7.601634320735446870e+00
5.647058823529412130e+00
7.144270310220015574e+00
7.527214880457024345e-07
3.237035758921117168e+00
6.788048558858330139e+00
4.681588563797450142e+00
5.628569898289186746e+00
7.422402297671557569e+00
7.626891730460605423e+00
2.056823168056165585e+01
2.827289100910285846e+00
8.043062200956937247e+00
4.147380766223612625e+00
1.322654462242562889e+00
2.541077844311377287e+00
1.664478003939593620e+01
2.974152487336017003e+00
2.910656620021528251e+00
9.714636140637777473e+00
2.946866882806747245e+00
7.723222322232222936e+00
3.088235294117647811e+01
5.755935579074748176e+00
4.804923735616806191e+00
6.858310157852553601e+00
4.645443196004992892e+00
1.118020679468241951e+01
6.927691633199399845e+00
4.122887163088167384e+00
4.630795486868305666e+00
4.300467481534024472e+00
5.277723847411776248e+00
4.992871569442796975e+00
8.175776389587625204e+00
1.846257585974376392e+00
1.527272727272727515e+01
7.399114951006215968e+00
2.033570159857904969e+01
2.015100625349203867e+00
4.991139988186648502e+00
6.384959046909900238e+00
2.170886075949368443e+00
5.445204218038059096e+00
1.002692778457771361e+01
3.037820514658223114e+00
3.382766832647759792e+00
4.309689569528071473e+00
9.442047165077767090e+00
2.930051471558663856e+00
6.007891770011274168e+00
2.099981865919394508e+00
3.636363636363637131e+00
2.489812119608361130e+00
3.128494899831217868e+00
6.008016107529564387e+00
1.516435385949696624e+01
9.770688392189816440e+00
5.965703756697616100e+00
5.313114741142766384e+00
1.678329918032786594e+01
1.768611558830302144e+01
4.920362398970469897e+00
3.005193961218834087e+00
4.675396532644781722e+00
2.741501976284584075e+01
9.100117881861363500e+00
2.165218153204704787e+00
8.925690706243949890e+00
1.121963157426359103e+01
1.638988722270417364e+00
2.352447552447554102e+01
9.607848301290490056e+00
1.744067796610169552e+01
1.226265965439518979e+01
6.080851400250711691e+00
5.168060688581988416e+00
8.802865939167295650e+00
1.479907152183374430e+00
6.943767392764610413e+00
6.168674698795179268e+00
3.633333333333333570e+01
9.661971830985915943e+00
5.031446540880506468e+00
3.853333333333331723e+00
4.320000000000001172e+00
3.242216229468007249e+00
4.615837104072396890e+00
1.673170731707316961e+01
5.807118816101864311e+00
1.459623733719247252e+00
8.112934695282909559e+00
3.698044009779951402e+00
2.246113989637305686e+00
3.764879973692862425e+00
3.306886227544910017e+00
9.227813357731012189e+00
8.145835804079743170e+00
1.050019508388607248e+00
3.863346104725415397e+00
3.341948310139164491e+00
7.368421052631583201e+00
2.580488558259796950e+00
1.190720090720090774e+01
3.803112473473237110e+00
7.495749102588320945e+00
4.194544837319400976e+00
7.527213839959047785e-07
1.189386792452829944e+01
1.367107222635890196e+01
5.371642874425355707e+00
2.767691208005718106e+00
3.344827586206894132e+00
2.218088350141946830e+00
1.765458750963762036e+00
7.663889057843195296e+00
3.873925501432665008e+00
3.464761471431763162e+00
9.500000000000001776e+00
3.662538699690401689e+00
1.107145692735212528e+01
3.286134824845450719e+00
8.683544303797473773e+00
4.263187887230108331e+00
1.170245801004432629e+01
7.415326285278020180e+00
2.886205505697286711e+01
4.074924209614552595e+00
6.915490606160898501e+00
8.307752545027407010e+00
7.557579700715679749e+00
1.377924135881945134e+01
1.292854239125525062e+01
8.191455415706437648e+00
1.130769230769230660e+01
1.774130135639866213e+00
3.082568807339449268e+00
6.251116723187630342e+00
2.749178585941179698e+00
3.294747500770693449e+00
7.527214148686717543e-07
8.499243570347955412e+00
7.527213867100039587e-07
1.035024390243902737e+01
8.817335284703062825e+00
4.730258014073494444e+00
7.944512515315946821e+00
4.830001116419253115e+00
1.439282664389411259e+01
1.203333333333336554e+02
3.499999999999997868e+01
1.703629032258065479e+01
1.475298804780877049e+01
2.096373056994819706e+01
1.586426259290584673e+00
6.196434466820733178e+00
2.226178612495209208e+01
4.827610371408549206e+00
6.204142016232373713e+00
3.446925750412767275e+00
5.113182179306974717e+00
8.274216037676305646e+00
5.593548387096772601e+00
4.910839160839160833e+00
1.731498729889923993e+01
3.019547527856652369e+00
2.460460100647019388e+01
3.089189141485868095e+00
1.181454660859270156e+01
1.154578313253016120e+02
3.085697741748696821e+00
3.448275862068967257e+01
4.604918032786880389e+01
1.079247202441506026e+01
5.467619246873153038e+00
3.791834319526627439e+01
9.633757961783439683e+00
2.351806694746176429e+00
1.095199999999999818e+01
5.298831385642738034e+00
2.605287931583851524e+00
4.936312849162010963e+00
7.743180603953485175e+00
9.721536624203821475e+00
8.256614988488477636e+00
1.720207563698638698e+00
8.357793152674229731e+00
1.683601962158374832e+01
3.551991343502390208e+00
4.989690721649484573e+00
2.837970540098198047e+00
8.213675213675216469e+00
3.164654226125136915e+00
1.467258979206050107e+01
2.419354838709677491e+00
4.090791848198310099e+00
2.229816481861787825e+00
3.177851486680631332e+00
4.523833712723096312e+00
2.160000000000005684e+02
3.163367500634988172e+00
4.819277108433736245e+00
1.329787234042554189e+01
1.075454545454543620e+02
7.527213874868744141e-07
2.375384227886028210e+00
5.460299660454470683e+00
3.240484144805301892e+00
7.248799306082223559e+00
2.900616860863605595e+00
5.743589743589743613e+00
1.056081487858709256e+00
1.146439628482972140e+01
2.131292163985469390e+00
1.123545706371191066e+01
3.636430446430976460e+00
2.494882360760334983e+00
3.259220974026354245e+00
2.423032755312866993e+00
3.846153846153846700e+00
4.582586057275094049e+00
2.185772444825369476e+00
7.527213847758158704e-07
3.249909974792941192e+00
3.450834506334204299e+00
4.643656980864633965e+00
9.394052044609660257e+00
4.795658073270013588e+00
1.451299589603282136e+01
2.837045720984759711e+01
2.256127788488019981e+00
3.671506352087114511e+00
3.930143540669857050e+00
2.485227272727273018e+01
7.457088826432023865e+00
6.704651162790696617e+01
3.506849315068491624e+00
1.922000000000002444e+02
4.109263898441768426e+00
2.888429403325174949e+00
3.521685635189171215e+00
4.292423166421317937e+00
1.810655737704918522e+01
1.259302325581396431e+01
2.827102803738316794e+00
7.527213272583367664e-07
8.258064516129030253e+00
5.517425995675558248e+00
1.148229866613177830e+00
7.527213784754223901e-07
7.849899933288860154e+00
1.121167883211678884e+01
6.405037440435666696e+00
4.283974770446734581e+00
1.513173652694610460e+01
1.039465141884092070e+01
4.861473087818691141e+01
1.830125523012553046e+01
3.683322351331240974e+00
6.226781857451405777e+00
8.127579737335835830e+00
7.567467996367476246e+00
6.373009540068805379e+00
3.277356446370530474e+00
3.909927175162897228e+00
2.887347863005941928e+00
2.980553988540213695e+00
2.613064429769765162e+00
2.933333333333330728e+01
1.902980625931445147e+01
7.722722009075455141e+00
1.544755244755243950e+01
1.585462949047897530e+00
6.708189951823810837e+00
2.132378223495703295e+01
4.366127434796963414e+00
3.385233197125546489e+00
1.168876080691642727e+01
5.115772941440431154e+00
5.020521055434786106e+00
3.630263441353762222e+00
1.275092936802974419e+00
2.557091107036554956e+00
4.472504378283712612e+00
1.445078725856477897e+00
2.425921521997620900e+00
8.682403433476398646e+00
1.791044776119401760e+01
7.796339327036137412e+00
2.804262478968030603e+00
5.496932515337420888e+00
3.639451114922813701e+00
2.431906614785992016e+00
1.151628682630485834e+01
6.289573819213711836e+00
4.395247383223844118e+00
6.909779179810724870e+00
2.977029096477795900e+00
1.521589272068806453e+00
1.054117647058822627e+01
3.776038561653967118e+00
4.783464566929135486e+01
3.729798903107862440e+00
3.012955465587044301e+00
7.632258064516125096e+00
9.631973539140023632e+00
1.121854304635761146e+01
1.329787234042553479e+01
4.918562874251496631e+00
2.412338294842518049e+00
4.501913875598087600e+01
6.410376474995318929e+00
1.273584905660377409e+01
1.566210670314635145e+01
4.500450045004499522e+00
7.527213797368939472e-07
2.536343115124154668e+00
9.470422535211270088e+00
1.083182897862232608e+01
9.208897485493231727e+00
3.403827893764968859e+00
3.051807343250653837e+00
1.259999999999999964e+01
3.487232169063693821e+00
5.779753761969907089e+00
1.965065502183406032e+00
2.641921397379914538e+01
5.074934057054499625e+00
5.932620320855616747e+00
9.902813299232741784e+00
9.800000000000006040e+00
6.859415733245708857e+00
5.141802067946821708e+00
7.403019382434234075e+00
2.997770842621489518e+00
1.563727454909818704e+01
5.089219330855017986e+00
1.283894823336072477e+01
1.294964028776978715e+01
2.563313609467456544e+01
8.930232558139527654e+00
9.153846153846153300e+00
4.510910882725607252e+00
5.806674338319909090e+00
6.468917187853213235e+00
7.476553389497613722e+00
7.432122370936900424e+00
1.584374999999999822e+01
7.724771883459844446e+00
6.823471915075513650e+00
1.442992874109264356e+01
3.786156443444006481e+00
1.322249388753056287e+01
8.683544303797473773e+00
2.334184675834971756e+01
5.377341687538604198e+00
1.491304347826086207e+01
7.363885454945841680e+00
5.205004812319538487e+00
1.404785276073618938e+01
1.071428571428571530e+01
3.131730443616660420e+00
1.283685988910872267e+00
2.975535553384961673e+00
1.015586057087884875e+01
3.125969134041205688e+00
5.865473626143591801e+00
3.662538699690400357e+00
1.858252977878616363e+01
3.407232173031430111e+00
1.144011142061281028e+01
5.173971200285342853e+00
7.632258064516127760e+00
2.053892215568863922e+00
1.013697062190004594e+01
3.954732510288065939e+00
7.527213982523227723e-07
7.905882352941176805e+00
2.021932114882506326e+01
3.421649306064884488e+00
5.846909560970344089e+00
4.915908883010665420e+00
3.598818718764197566e+00
3.452739726027397182e+01
2.709112854556427141e+00
7.125806451612892545e+01
3.637300659044234497e+00
1.223583934088569514e+01
3.329241232786503968e+00
2.218612818261632480e+00
4.611217183770883565e+01
9.222134229526625759e+00
3.754778605283913162e+00
3.330619469026547819e+01
6.836968423070830525e+00
5.734594594594612715e+01
9.933713995764936744e-01
9.217021276595746215e+00
5.351851851851850306e+00
3.374999999999999556e+00
2.805825242718446244e+00
8.055944055944056714e+00
5.898817345597898054e+00
5.352529326216121319e+00
7.527214372911020938e-07
4.859424920127795033e+00
1.063803680981594368e+01
1.469999999999999432e+02
6.556186152099887643e+00
