3.263456090651557950e+00
5.672526613927141526e+00
3.395931530637558815e+00
3.550724637681159201e+00
3.225806451612903025e+00
2.287944204583195251e+00
3.263076237844258998e+01
6.988460775141051018e-01
2.618400359807475208e+00
4.375093773443360590e+00
2.218195158451016447e+00
1.275417298937784416e+01
1.319733917200113682e+00
4.597381342062193177e+00
6.363955145841189154e-01
2.736051394059278774e+00
5.881118881118880815e+00
1.916612122005498131e+00
3.830244261691420071e+00
2.282387190684133760e+00
1.925386715195631648e+00
2.909304143862392777e+00
1.512631387653945891e+00
1.303156434269857833e+00
1.993208035660714916e+00
1.619882336957900515e+00
6.506649591173284009e+00
1.110982658959537694e+01
2.071823204419889652e+00
2.077268643306379836e+00
4.768025078369904968e+00
5.289256198347106697e+00
8.257370871203722373e+00
1.697528218316902260e+00
4.100117785630154721e+00
7.527214081971188127e-07
7.027888446215139417e+00
5.802215986761637190e+00
7.033483644670408541e-01
4.182156133828996758e+00
4.021313614615050547e+00
6.506018640848655110e+00
1.010769660567118322e+01
8.935915670549960055e+00
2.749170747117358982e+00
3.247996228194248491e+00
1.647245091830272123e+00
3.747112704101952296e+00
2.009805432479290843e+01
1.616494845360823618e+01
3.474112734864304031e+01
4.066598360655737210e+00
7.211920529801323809e+00
1.991711042358220274e+00
9.350497620077884875e+00
2.268173362993622266e+00
2.042410303587856646e+01
7.079914377452729113e+00
5.108961000297709276e+00
1.058605974395447724e+01
1.036015325670498299e+01
5.158690176322419774e+00
5.240310077519382936e+00
2.697450424929179391e+01
1.244497607655501881e+01
8.157812398466651516e+00
2.296968862374753506e+00
1.045617855198693924e+01
5.760013025073265958e+00
6.245321789452101591e+00
1.252827452875786207e+01
6.827093786182944157e+00
5.441515621201784114e+00
4.509383378016085686e+00
8.782608695652173836e+00
3.607970982599276510e+00
5.066666666666655772e+01
3.362776255204364961e+00
8.055944055944056714e+00
1.351050882102725392e+00
2.309874493751521207e+00
3.798885316734205375e+00
1.483603892685843384e+01
8.960006955312119103e+00
2.701589889930697375e+00
7.674698795180719735e+00
3.595300261096606942e+00
1.048707321886717914e+01
8.480728051391867695e+00
2.118161925601750539e+00
2.390243902439024737e+01
4.657071339173966429e+00
1.263387978142076129e+01
1.328512876562606948e+01
2.240508806262229058e+01
1.228594507269789915e+01
1.001870604111967467e+01
1.941044776119403181e+01
1.355421686746988108e+01
1.719032258064508483e+02
3.529139072847684844e+01
6.370218293888246563e+00
2.587601189803833535e+01
3.586509068273125322e+00
4.806884450670449560e+00
2.169069877990809303e+00
1.693807851899138228e+01
4.178703898816391593e+00
5.038165764739391150e+00
4.638926784902228206e+00
2.019083969465648565e+01
1.208558576823926067e+01
4.444444444444444642e+00
5.986143187066974569e+00
1.743961352657004804e+00
1.566545567082441970e+01
9.054325955734405795e+00
8.757412398921838204e+00
4.162558993183011147e+00
1.295839753466872191e+00
1.372049689440993703e+01
3.742514970059880319e+00
5.883695428688916707e+00
3.302122347066167585e+00
9.316398481287290423e+00
6.662882910900325584e+00
7.062864970081465188e+00
7.527214123184586263e-07
4.451664025356576460e+00
3.432227240002617474e+00
1.908590434682876147e+00
8.187654547119697312e+00
4.172413793103450175e+00
3.027664768104147974e+00
3.270599551138186456e+00
1.152188112344872284e+00
5.818366047131027230e+00
3.062200956937799035e+00
5.293053669651980542e+00
4.389639007973077156e+00
4.116611137553547017e+00
3.828125000000000000e+00
9.038667406622813871e+00
1.599299065420560773e+00
4.678766782695176651e+00
2.435130149620823747e+00
1.025068268705625130e+01
7.559735494536507616e+00
5.678184750057590158e+00
8.064974948296656621e+00
1.283872682570270207e+00
2.000020410852764385e+00
4.473527269807955342e+00
1.814580265095729317e+01
1.456179775280899058e+01
8.719192160991870111e+00
7.272809727583762651e+00
1.135082443853607614e+01
2.152011922503725305e+00
1.856851757514009105e+00
1.441841157887002822e+01
5.096969696969689068e+01
2.833614390106801384e+00
2.778130217028381210e+01
1.634967290041885901e+00
1.862863269309731251e+01
3.190987535953977172e+01
1.361452756475184156e+00
6.365009985304646456e+00
2.461538461538462119e+00
4.517241379310346971e+00
5.409566265786048156e+00
5.065230400957509538e+00
5.487160155272334805e+00
4.091657549449424280e+00
2.812437423517632595e+00
1.473174602616592832e+00
6.470361816782140174e+00
4.490654205607477856e+00
2.033888401986561512e+00
9.205858705380846274e+00
6.935178441369261648e+00
2.712903225806451601e+01
1.611798287345385328e+00
5.614035087719298822e+00
1.359706101586625193e+00
7.527213884015605181e-07
2.715710723192019671e+00
2.517694426785335171e+00
6.956521739130435478e+00
3.040306398189131620e+00
1.367359050445104529e+01
3.483069607280479651e+00
3.510233918128655262e+00
1.095933456561922625e+01
1.061363555744741483e+01
3.852168967949880951e+00
5.239014848528089630e+00
3.173003025100155750e+00
6.642772147571829322e+00
6.339807628618419066e+00
1.081480107444791727e+01
5.284085275161130468e+00
4.648458763212861555e+00
5.990400903444382585e+00
4.232640362042143778e+00
5.604244694132333393e+00
3.465860829794185083e+00
2.101618466436721011e+00
2.762213620038575623e+00
2.095622832316442530e+00
6.230114902922641917e+00
7.177372102282521205e+00
4.000000000000000888e+00
5.926068985937731348e+00
3.036915748734743126e+00
6.126050420168067667e+00
9.958549222797932643e+00
5.569268375874025345e+00
2.363223563566221763e+00
6.161267850923024092e+00
6.399801258694933104e+00
1.789775750665145537e+01
1.113183436139468796e+01
6.216091954023001165e+01
1.694421567865745359e+01
5.654275092936803304e+00
5.891385767790264794e+00
3.886838057569766747e+00
6.519379844961241233e+00
2.493572812114809079e+00
2.499695678636640217e+00
1.235217237725185058e+01
7.813614751072921472e+00
1.099377320081427101e+01
4.492227979274611371e+00
5.607773851590106773e+00
4.562772867639228735e+00
8.508943987844462598e+00
1.195004610294516922e+01
1.786115444617784220e+01
6.251809668438372114e+01
4.823725583611244261e+00
1.683432783432782998e+01
7.370473537604456560e+00
9.416634287680810900e+00
2.205945522347774634e+00
8.465238303454308166e+00
7.850455869912587481e+00
3.915635545556806818e+00
9.765518754112747501e+00
7.527214215169700416e-07
6.634225004742934750e+00
2.341206831019356560e+00
1.041981613891726077e+01
3.300822561692127621e+00
5.485860094829392963e+00
4.444610354325186918e+00
4.774855979616341450e+00
4.586297760210803709e+00
3.816663316864911337e+00
2.204117978382730492e+00
1.058054711246200874e+01
2.507445048451903080e+00
9.293410293410294898e+00
9.325814536340855554e+00
7.056155507559395801e+00
4.703259604190922261e+01
5.727352085354024069e+01
1.487457731324931132e+01
6.477095092977286583e+00
5.241202815099168966e+00
2.507700430080607390e+00
4.970149253731343642e+00
5.636225266362254516e+00
2.041020562309243669e+00
2.348623853211008861e+00
4.320487785141690296e+00
4.012680459748254158e+00
1.868686868686868230e-01
2.368421052631579204e+00
2.897042716319824684e+00
6.407878017789072622e+00
3.195240016135538319e+00
2.916207276736494158e+00
1.419777357759032022e+00
5.319148936170213560e+00
5.958762886597939179e+00
1.226109391124871451e+01
1.705276902987940879e+00
1.977321186276410403e+00
1.551319648093842041e+00
7.338296605122096139e+00
4.597381342062191401e+00
2.345282068271844267e+00
6.745127580366583331e+00
1.069116339581097463e+01
3.588516145244377231e+00
4.423009883288657740e+00
5.158152832234710772e+00
1.417517517517517867e+01
1.451251372043714838e+01
1.868432303447590570e+01
7.202018352822720182e+00
7.602163704742692651e+00
3.952020543316664192e+00
2.722126929674100637e+00
2.658903650157599330e+00
3.062902810002578136e+00
3.668755210315426840e+00
4.436067123611437957e+00
5.545842217484008962e+00
2.000593921687975119e+00
3.887892376681614692e+00
4.897332101008882610e+00
2.595992010563977992e+00
7.112339408425455645e+00
6.778670646309265635e+00
3.458912386706947473e+01
1.406979062811565484e+01
3.129520605550881740e+00
5.451432173121365743e+00
6.532457584925895233e+00
4.467897608057071146e+00
6.656275238249070192e+00
5.454191976764160010e+00
7.240033672058206804e+00
1.067777777777779562e+02
5.840120663650076871e+00
5.564163217031340203e+00
5.114725014784152535e+00
7.054319149488033069e+00
4.871886120996443026e+00
3.595744680851063801e+00
7.956196713576524360e+00
6.815987246640855979e+00
5.625832223701730861e+00
5.701821861434949845e+00
3.400881461751914081e+00
3.140403849782976931e+00
2.812500000000000000e+00
5.586102719033232411e+00
4.962290956436965494e+00
1.558291974904017163e+00
4.771859652675814800e+00
5.175243393602223740e+00
2.793322269797037460e+00
1.416993930739022245e+00
2.203686605824147549e+00
3.265536723163841248e+00
3.355716878402903447e+00
1.929191716766867515e+00
2.682266009852217081e+00
1.815327312154573214e+00
1.033456001731789087e+01
3.086757990867580848e+00
4.795107033639142813e+00
3.929906542056075480e+00
3.131810171038784674e+00
9.834671656524877292e+00
8.178557337063740995e-01
2.596070575157138016e+00
9.642570281124491771e+00
4.168540482299277983e+00
1.146179775280900373e+02
2.440106951871657159e+01
2.581031165833011443e+01
8.226891467775019340e-01
3.122401847575058120e+00
1.820465567410281338e+01
2.286293676813312636e+00
1.534972677595628454e+01
7.789845847166691151e+00
5.104252400548695334e+00
2.562561576354679360e+01
1.117306525074197410e+01
7.527214474927253001e-07
3.392665383446459515e+00
9.000000000000001776e+00
5.758659532526049674e+00
7.577962577962578550e+00
2.128384069305739423e+00
2.633062620217994976e+01
2.351784691735063770e+00
2.302864669081329652e+01
7.954672959874369731e+00
2.039321511179645441e+00
3.619621673613338686e+01
2.512638611474619754e+00
1.563849569276308582e+00
2.450810014727542097e+01
6.852150125293494654e+00
4.175231235423839671e+00
4.184695824873207570e+00
7.115494096805024427e+00
5.212424849699398344e+00
3.819494584837543893e+00
1.230589915518869226e+01
3.825311512192720809e+00
4.829145728643216451e+00
9.687822914371068350e+00
1.295626361168292995e+01
1.462854570013506939e+00
3.231894659839063877e+00
3.333343469441985008e+00
4.635268346111718785e+00
3.165920620710237277e+00
2.568570138582217943e+00
4.707788516202386475e+00
5.290211594701531794e+00
7.305166586190249056e+00
1.289578233589375600e+01
2.364549629055003876e+00
1.003882234311638477e+00
1.133586173506067318e+01
3.370886942649192086e+00
3.705115464378169410e+00
3.670471464019849606e+01
3.993683541315448782e+00
5.952216197047111912e+00
3.736849507735587395e+01
3.202696420269642630e+00
1.847641669494401118e+00
7.527215089145231534e-07
8.558573853989814850e+00
5.243786295307692136e+00
4.413813116656993607e+00
2.230466822279713490e+00
9.049547461503776091e+00
6.013177159590044951e+00
4.380228136882128531e+00
1.818507382561203034e+00
5.393785158082585518e+00
2.657187993680884652e+00
4.337711069418387133e+00
6.565555743529010613e+00
7.059650818217909851e+00
5.108026575061100694e+00
8.486655338264016635e+00
3.282141070535268046e+00
6.857142857142857650e+00
3.762541806020067270e+00
8.740184458727807026e+00
3.617314930991216926e+00
1.500704027034637900e+00
4.473489233618892058e+00
3.762424904423812499e+00
6.742252568763469789e+00
2.837953091684435325e+00
2.751302535602639043e+00
1.772340425531914576e+01
2.836930455635490844e+00
2.891123398176875803e+00
4.176243360695317541e+00
3.485928440107481929e+00
2.422939068100358639e+00
3.919028340080972672e+00
5.547934823796893511e+00
1.828061969007197751e+00
2.055937882819623752e+00
2.599298553266111256e+00
3.278688524590164022e+00
5.492292391844852517e+00
1.984729981378026764e+01
1.347612647698173838e+01
2.396351575456053151e+00
3.674952198852771357e+00
1.023766607101235415e+01
1.222996316440378273e+01
3.186746987951805554e+00
3.194834978562168804e+00
2.952745849297572889e+00
8.347978499649448381e+00
1.218891939106563527e+01
5.404007383000047682e+00
4.915296307787775376e+00
1.136867849091914628e+01
5.366459627329191129e+00
6.741689926414616174e+00
5.817049437974086246e+00
1.902924968206867407e+00
5.955414027533788790e+00
3.928028169014079367e+02
2.572854387656702357e+01
1.982571091600052737e+00
6.077858439201447283e+01
1.508322576261973857e+00
1.000841341361298298e+01
7.728980265245255055e+00
1.680909090909099461e+02
7.492728558714158993e+00
1.038694992412746565e+01
7.350826456582983504e+00
8.742457689477557636e+00
8.701242027526017608e+00
2.467153284671532720e+00
4.320637771048177811e+00
3.865479348237969237e+00
7.515714613443453374e+00
4.523349436392915202e+00
4.041365272262508190e-01
2.360655737704918433e+00
3.661995817569555722e+00
1.784474610151543850e+00
2.690339091490722812e+00
5.389794472005670301e+00
4.462046204620461864e+00
4.710126582278479646e+01
5.058174523570712289e+00
2.017647058823530770e+01
5.952344836303881337e+00
1.808602150537633690e+01
1.960000000000000142e+01
2.340707964601769220e+00
5.627457570156277455e+00
3.970727101038715734e+00
1.040794223826714671e+01
5.867412520828373168e+00
6.248636465927566164e+00
4.381349729175815888e+00
5.303030303030302761e+00
5.097605556571010332e+00
3.556025369978859541e+00
1.879699248120300759e+00
4.002126754572522316e+00
1.752474323062559236e+01
5.198411650091883551e+00
1.028390596745026997e+01
3.707135250266239801e+00
9.530785562632695829e+00
4.150068212824010949e+00
7.643600734843847277e+00
4.518731988472621808e+00
3.378378378378378510e+00
3.949099451840252240e+00
4.342237061769615103e+00
1.778451270176278465e+00
1.540777602083527498e+01
4.208466966003848952e+00
5.739482426730811326e+00
3.121037463976944260e+00
8.236134453781504305e+01
2.940568208158615082e+00
7.527214172857661372e-07
9.710069754963329913e+00
9.042073012710799773e+00
2.600459261779216646e+01
4.102113937656753251e+00
7.330447456725617705e+00
1.487616099071207643e+01
9.887850467289714729e+00
3.024429443908709825e+00
7.855140186915888556e+00
1.616346153846152944e+01
9.963734722500502627e+00
3.312547528517111317e+01
3.106149059759031328e+00
6.480691102281352478e+00
1.902980625931445502e+01
2.029730797044948076e+00
2.331136014062844541e+00
5.231904626738574926e+00
3.644218703864670061e+00
1.949160002934487546e+00
7.531120331950206470e+00
1.491362126245847008e+01
6.101694915254237017e+00
4.778453038674041409e+01
2.953398058252422587e+01
3.576206765488405548e+00
2.870967741935483986e+00
2.488235294117645324e+01
2.896260554885404570e+00
8.615231863550070202e+00
1.883561643835616195e+01
2.516082823284281567e+00
1.130460870453160815e+01
8.472871636524043737e+00
9.899882214369846167e+00
5.176999065695616409e+00
1.287597745044553577e+01
6.275279364862779374e+00
1.496142754144973441e+00
3.604904632152590160e+00
4.187585629116933106e+00
2.081891580161476352e+00
1.489927477840451209e+00
4.710070084839543370e+00
3.507299270072991693e+00
6.356475300400534323e+00
2.836930455635491732e+00
5.403916070723320253e+00
4.441650548033527990e+00
1.149279601343299984e+00
4.084865629420083799e+00
1.911363636363638463e+01
7.342776203966006499e+00
2.369902711653901761e+00
4.790320222254716320e+00
4.368932038834951181e-01
5.975609756097561842e+00
9.547785547785549554e+00
7.494314410469723242e+00
9.352430106829321410e-01
3.783464566929134243e+00
5.448634090034629729e+00
2.986036178990795875e+00
2.558994197292070005e+00
9.539188438021124483e+00
9.730572450888467229e-01
1.665765765765764783e+01
4.229003571592201638e+00
2.214360258818618643e+00
1.437810945273631402e+00
1.033084311632870955e+00
8.074935400516794815e+00
6.111743390168414614e+00
3.569956765706927992e+00
3.252252252252252340e+00
2.298332303891291062e+00
2.534439416792357846e+00
5.080485115766261828e+00
2.203907203907203627e+00
3.946889226100150250e+00
3.628207223402517112e+00
3.916145307769927797e+01
5.782611189428633836e+00
8.923130677847657566e+00
8.658944658944657036e+00
7.811013767209008307e+00
1.899298327680971710e+01
7.527214091752467316e-07
7.386560475897420375e+00
4.064599483204134778e+00
9.036316774503912796e+00
4.008347245409014548e+00
1.380678574271041015e+01
1.149324932493249563e+01
7.102893890675245459e+00
3.362908605737157774e+00
9.666235162467174291e+00
7.210457940889900996e+00
6.978919945614726394e+00
3.029069016301692674e+00
4.358166189111748245e+00
2.750000000000000888e+00
1.218105642107876108e+01
5.245901639344262790e+00
1.025399218195843609e+01
2.043742405832321030e+00
6.345120526445422904e+00
7.527214319414051587e-07
4.799999999999999822e+00
4.009900990099009022e+00
3.507133592736706440e+00
2.931853035962832532e+00
5.697280113034262961e+00
7.527213952017683412e-07
5.311475409836065253e+00
4.545454545454545858e+00
5.138342367625034157e+00
4.067540667184672110e+00
5.263537906137184308e+00
2.049645390070921280e+00
1.006271777003484580e+01
4.810556656153935684e+00
2.145931201697227397e+00
3.984689122620156621e+00
3.036915748734741793e+00
7.527214202712282040e-07
4.154726579058923619e+00
3.368421052631578760e+00
7.399607730403667816e+00
5.949772563222732735e+00
3.786983515307213999e+00
5.097605556571012109e+00
1.978780916340045604e+00
2.122807017543859587e+00
9.594713656387662937e+00
6.428085272320154253e+00
1.237617135207496766e+01
2.745735027223235392e+01
6.308894572321680272e+00
3.927627438640655111e+00
2.449689137239981385e+00
3.450704225352112964e+00
1.602179836512261701e+00
3.222811671087533192e+00
2.016279069767441712e+01
5.924829157175397043e+00
1.119658976930792349e+01
7.206700493747686842e+00
5.750340534460079311e+00
3.083888804525875660e+00
9.906715942535894825e+00
2.323690205011389054e+01
1.792682926829268553e+01
1.831978319783197806e+00
4.377400625279142865e+00
2.917832688300089128e+00
3.519000717813628665e+00
5.185446009389670152e+00
3.569716557355733677e+00
4.290023201856147494e+00
1.109589041095890316e+01
1.888439306358381131e+01
5.025641025641024662e+00
3.513177956872140850e+00
4.872483221476506365e+00
3.500127844541037092e+00
6.090225563909774209e+00
4.818578044129664839e+00
2.931297709923664563e+00
5.795515355296052995e+00
2.204973234329131504e+00
2.103879849812265057e+00
5.916222009785588654e+00
5.696776376540097608e+00
5.888903656611767623e+00
6.578947368421053099e+00
6.585034013605445935e+00
6.830934735223216592e+00
4.495115872538890223e+00
7.550335570469798974e+00
6.656302521008396411e+01
3.623360780725831898e+00
1.633627667402501871e+01
1.995174262734584758e+01
4.147922487888637377e+00
2.678578208168138186e+00
5.721468170521889718e+00
2.579112106908468594e+00
8.084533168391072167e+00
2.550943396226413995e+01
2.787029623698959124e+00
3.153125860644449663e+00
2.607809847198641950e+00
2.959016393442622217e+01
3.475944014424994677e+00
5.338321778967440423e+00
3.225625121147508878e+00
6.165605095541399017e+00
1.701047120418847314e+01
9.350114871320743148e+00
7.527214162108338933e-07
3.765802637562527977e+00
2.360560093348891275e+00
3.128575641403716023e+00
3.672150411280846516e+00
4.533674918204828153e+00
3.946889226100151582e+00
5.347438752783960858e+00
1.385068603712670843e+01
1.938775510204081787e+00
4.403411675511750190e+01
8.507923269391154619e+00
1.506409906123154174e+00
4.653782370200281626e+00
2.540867282666317895e+00
6.120264803236486806e+00
3.805031446540880768e+00
7.783140720598228590e+00
1.190476190476190688e+01
3.655589123867069468e+00
1.293177737881507916e+01
4.673876871880199069e+00
3.283503559269576488e+00
2.652601027014958479e+00
1.488015188508822639e+00
3.510385756676557278e+00
4.764705882352941124e+00
1.258811040339702814e+01
3.785433703762586699e+00
8.705932932072226293e+00
2.958556627366917269e+00
4.481481481481481843e+00
3.519695450329124675e+00
1.791791044776120145e+01
9.855513307984793414e+00
9.048000859591454059e+00
8.887714663143988503e+00
1.979502196193264618e+00
6.159637374143466459e+00
2.698979591836733860e+00
5.432762543407974931e+00
7.037284911319341418e+00
1.119744058500914008e+01
5.878260869565207258e+01
5.931570305745636595e+00
7.527213910727708204e-07
7.527213875984508879e-07
5.197827754408635315e+00
3.076126234642254431e+00
5.961823484036745668e+00
2.829646258827796856e+00
5.967372473532233101e+01
1.629000613120783925e+01
