3.233199880179412844e+00
2.597279146694792207e+00
1.774723457156368811e+00
1.856335157932599511e+00
2.299704945985018956e+00
1.931130784144694523e+00
2.872945629026224079e+00
1.855125194494216867e+00
1.938781536807529626e+00
2.301248601088602186e+00
1.955118152061340764e+00
3.207253923926499439e+00
2.421488196213605892e+00
2.635015165980486351e+00
2.234782700174806624e+00
2.000334099558934486e+00
2.389693510232251406e+00
1.887826878825319188e+00
2.220181377899449693e+00
2.211793677215603271e+00
3.566282681273795774e+00
2.018875811941038823e+00
2.213968692370009261e+00
2.313345387636601025e+00
2.287681269659520122e+00
2.832936431346674055e+00
2.753073708471172498e+00
2.562292647480000074e+00
3.300050347929767813e+00
2.083944392409696089e+00
2.318126467550617686e+00
2.135954962913001243e+00
4.113507243002779923e+00
2.191629099899256250e+00
3.237895530786273124e+00
2.326601136833511330e+00
2.443254664465718484e+00
2.301777546563442023e+00
2.791706012149450356e+00
1.947533678679692182e+00
1.876219100642678939e+00
2.002622503155810918e+00
3.335595085618533684e+00
2.062681741885724396e+00
2.000717015492595507e+00
2.211996457595538867e+00
3.484187140704542163e+00
2.926215153307247796e+00
2.099507470706366785e+00
2.028793283373961476e+00
1.628835732047205109e+00
2.801287485448446191e+00
1.767699422779180685e+00
2.264570826557428695e+00
2.549255986237518368e+00
2.729395649254815925e+00
2.361862053189250688e+00
2.952227288737915956e+00
1.443168315897982668e+00
2.358803914756133491e+00
1.832563630710718705e+00
3.708446381879879183e+00
2.383674535980964126e+00
3.095957517367051270e+00
4.149140238199181319e+00
3.771318754269076035e+00
2.680648026282977714e+00
2.893747584017182461e+00
2.959222031568983446e+00
1.850875947301087177e+00
3.346937070774134160e+00
1.556544561274871841e+00
3.232965436509743995e+00
2.526089262742618136e+00
3.431346425186064142e+00
3.816662558505346414e+00
3.385501665496241763e+00
2.221268044349115289e+00
1.801381398663305600e+00
2.388759461094278613e+00
2.767473451206968083e+00
2.386213357254867606e+00
2.656791417848842762e+00
2.293259421743932158e+00
1.949209884306887908e+00
3.264612047813361340e+00
2.371138969911040117e+00
2.773517515650476994e+00
2.767507692512937378e+00
2.325153980464679915e+00
2.474690256823265155e+00
1.868473650356718530e+00
1.932158632398202069e+00
2.724774610437467270e+00
2.414532629304666944e+00
2.289455900762637164e+00
2.220493574426408934e+00
1.896035868873874097e+00
2.218228626333029307e+00
2.243157175591400154e+00
1.647987864875901431e+00
1.841973854459452609e+00
3.781249854446507630e+00
1.752221252692373055e+00
2.018100673242618104e+00
1.780302150364126090e+00
2.007656339989687400e+00
2.019816497430351188e+00
1.681264739712772016e+00
2.560344234122742257e+00
1.724764330564181103e+00
1.852630434522245739e+00
2.033240936744638905e+00
2.081473876267499801e+00
2.167029404677470961e+00
2.275233159521671933e+00
2.848415630640445784e+00
1.825532793959495859e+00
2.357873062625762461e+00
2.108571516830249681e+00
2.025406424472765643e+00
2.199655725914829940e+00
1.869747778663125359e+00
2.610584255450078217e+00
1.798917156735659884e+00
2.881945775205315918e+00
2.071849452938269831e+00
2.033356778071208293e+00
2.071983821277163518e+00
2.047826474749756542e+00
3.676366299466196530e+00
2.231638061694560804e+00
3.132046566999414416e+00
2.475965959021946716e+00
2.958696483470995453e+00
2.547712330439921402e+00
2.981742016327904476e+00
3.466187467927836607e+00
2.688148279129728202e+00
2.427603108932239628e+00
1.965452139338236703e+00
1.931405698623618106e+00
2.459802477056806325e+00
2.287733577756881242e+00
2.040561000269101477e+00
2.750367802669283712e+00
2.409911949554653265e+00
2.359582628872698429e+00
2.277926679745543304e+00
2.769828382100443243e+00
2.463979337992947105e+00
2.527209001660801313e+00
2.988499989484038277e+00
2.608474773660286683e+00
1.721148604030732887e+00
1.982967969201328895e+00
1.955758946757059080e+00
2.120088323882102888e+00
2.166094106175892264e+00
1.923872117953030703e+00
1.932752545778119391e+00
2.373318830929833645e+00
1.648248791497310295e+00
2.206365984449903284e+00
1.913649849958317217e+00
1.812037978726098508e+00
4.203415617413401861e+00
4.544087829825225633e+00
4.068781772579635359e+00
1.624129455190276738e+00
1.728097275314178338e+00
2.407657090194784022e+00
2.070829485566474837e+00
1.626818862502470653e+00
2.577969366377141913e+00
1.912006826431339901e+00
1.770626333516358342e+00
2.850331378734821453e+00
1.866396949830478880e+00
2.831134901377207136e+00
2.770110102401976082e+00
2.676044679896691925e+00
2.451450868454013499e+00
2.760995412588477915e+00
2.733513331180552619e+00
2.894079101415647504e+00
3.079652833421106184e+00
3.017809532658253246e+00
3.395973636335417822e+00
2.680923561882808226e+00
2.388230569593181585e+00
2.089159495571955460e+00
2.861400280945312957e+00
2.514929660143097934e+00
3.218805406210377029e+00
2.178565814487938290e+00
2.578963881565436544e+00
2.321111794577012777e+00
2.292512762183899877e+00
2.926368876117961371e+00
2.428385865352917339e+00
2.152260665930894934e+00
2.335167008499003494e+00
1.998732204937017309e+00
1.644623048185740011e+00
3.911815416987203253e+00
1.831713420499780476e+00
3.057887039525092110e+00
3.534043540992047649e+00
2.218561829165537791e+00
1.983756933044461990e+00
2.058935641734953581e+00
3.415973897737201614e+00
2.261720402025055865e+00
2.218476704881674255e+00
2.750121177061417121e+00
2.520138843165157905e+00
2.469276844190318343e+00
2.580042072181810919e+00
2.093635449094464640e+00
2.183884687805106584e+00
4.086529034198664867e+00
1.757444753001731197e+00
2.060684741968378031e+00
2.260719225772971352e+00
2.171081937172977483e+00
2.692302405766495710e+00
3.012731150679365033e+00
2.799774798851554447e+00
2.538258399463606985e+00
4.000158503342338356e+00
2.828989402272708009e+00
1.572702404094278528e+00
2.742222603400853220e+00
1.902815254658465127e+00
2.314602152357613019e+00
2.329291556931052831e+00
3.094360475674212907e+00
2.600329349788384814e+00
2.008446049749393669e+00
3.245682019341714852e+00
3.325216437834739747e+00
1.827119659916206285e+00
2.025540605762665702e+00
2.333731923301832101e+00
2.069094733711365208e+00
2.861590737702139453e+00
1.801554784109975937e+00
2.254415191918254013e+00
4.151676435457617664e+00
2.939220616724672830e+00
3.524176657540938784e+00
2.399817473894184428e+00
2.092141888494714941e+00
2.678653462685938180e+00
1.974854840202827422e+00
2.259723943231054299e+00
2.088916982875767658e+00
1.984934703232348774e+00
2.093516507641564495e+00
1.671654055392951532e+00
1.937283887540737437e+00
1.874682048889350527e+00
1.796602466394286335e+00
1.818247832960898203e+00
2.435446967990467115e+00
3.814115716279927959e+00
2.065447152981988221e+00
3.261940643873479928e+00
2.286738877202681319e+00
1.923298843839668315e+00
3.551829141521343214e+00
3.086833108852234275e+00
3.005234632492862712e+00
2.186331780750877751e+00
2.454031984477158534e+00
2.127967198260618087e+00
2.030664539464372975e+00
2.201082653159040614e+00
3.190304760883428958e+00
1.988768727667304059e+00
2.825032673079280077e+00
2.288952753720278732e+00
1.984706178393675469e+00
2.922149557048336455e+00
2.151765248805255215e+00
1.967041841982505535e+00
1.950433160218101314e+00
2.989694634779093363e+00
2.755991405570489938e+00
1.942252483285238140e+00
1.779798711046529203e+00
1.978777540204355923e+00
1.927443266305836067e+00
2.686956251017333486e+00
3.310356239078422913e+00
2.805996936393595043e+00
1.900825057115153482e+00
2.341270655075909257e+00
1.875602259918748294e+00
1.610103428646934454e+00
1.899897866940836400e+00
2.673154519738172308e+00
1.979228671424592800e+00
2.473551994348160310e+00
2.202566855691662884e+00
2.189977773170652675e+00
2.378309363659124376e+00
1.938461791989963379e+00
2.022446073761040353e+00
2.130914868138328533e+00
2.594977719176543740e+00
2.016352988395494705e+00
2.595182698671012922e+00
1.865015528309595716e+00
2.318988263655922921e+00
2.292857763616588329e+00
1.892783191262578546e+00
1.742546474036416049e+00
2.313758023316586865e+00
2.439367348183148376e+00
2.283876835906262226e+00
1.870363357059588338e+00
1.189081720179333557e+00
1.955260137229849926e+00
1.355451390045537163e+00
5.415507546081163026e-01
2.518983993712313296e+00
2.155474431660658663e+00
1.852099223212300361e+00
5.865155383691189606e+00
2.681928182508268588e+00
1.833681953026546685e+00
1.948555101753654872e+00
1.725039245043105351e+00
2.428011663577719137e+00
1.855178515376925130e+00
2.508784607790679910e+00
2.348897150945107981e+00
2.307767979785672718e+00
2.212534619958185456e+00
1.938869432056620212e+00
1.745631530383263907e+00
1.834213164336492063e+00
1.932332017844873073e+00
2.949396430607131858e+00
2.035028353908015841e+00
2.003208158459526267e+00
2.080913437263039789e+00
2.118031492983251773e+00
2.008981144933154273e+00
2.066295836958871313e+00
1.882679864720765206e+00
1.588364756723361415e+00
1.973206190493978385e+00
1.937685017508598229e+00
2.602775898300917490e+00
1.945536678762345373e+00
2.154586681527356440e+00
2.079376926633055511e+00
1.895002256438143240e+00
2.021952651221565311e+00
1.889498454662126514e+00
2.280315687447868278e+00
2.606451736810335262e+00
2.023080066082724393e+00
2.322089598031582103e+00
2.126620351106116580e+00
1.888670286662222919e+00
2.181905641431751697e+00
2.057008892178187054e+00
2.459657061932249977e+00
2.146456984642057364e+00
1.990696600335132960e+00
2.012011229126748013e+00
2.211759102849221392e+00
1.684187655728379029e+00
1.751090741014776686e+00
2.512237269098199999e+00
2.383064331608373276e+00
1.915295298226940224e+00
2.178289373774958904e+00
1.717863867430280855e+00
2.065047141025720734e+00
1.963940507606845687e+00
2.364740217406900324e+00
2.397737458153001100e+00
1.931215164195073886e+00
2.551936320323914931e+00
1.602219167280685808e+00
2.102105365764428857e+00
1.585588443305246731e+00
2.276591792914947288e+00
1.976620467313169538e+00
1.823281669794774462e+00
1.961970936888267625e+00
1.673520681692975076e+00
2.405944113975381438e+00
2.121055302962295386e+00
2.099507470706366785e+00
1.936909500399635053e+00
2.609824827850453666e+00
1.921881920409718392e+00
2.304455813986451940e+00
2.068720346570262603e+00
1.712799764710077666e+00
1.979591720346745465e+00
2.365563376829613595e+00
