-3.843554446794802715e+01
-4.723417734023821168e+01
-6.523695782481475192e+01
-5.286256977232235954e+01
-6.910989567495757058e+01
-8.939220697301395546e+01
-6.420396608977944197e+01
-4.152854301384006419e+01
-5.330140452745462198e+01
-4.701772170745764612e+01
-3.835916432043896407e+01
-4.160961934974531573e+01
-5.289822195856432785e+01
-6.275692962514908402e+01
-3.973805114567539221e+01
-4.263912862776865609e+01
-4.405449195890005853e+01
-4.234973331107184435e+01
-4.893729522937373844e+01
-7.645212987084080680e+01
-3.399237153615879947e+01
-3.994363096989268769e+01
-3.839885808612806528e+01
-3.783468833399531661e+01
-5.792116891561776271e+01
-3.458076591086366847e+01
-4.224710545928725480e+01
-7.012759002558755128e+01
-3.639152344697713914e+01
-1.052286391191187960e+02
-6.010910224485248676e+01
-4.219105367317964550e+01
-3.951913688572658856e+01
-4.997241610667531120e+01
-7.555909027838086445e+01
-3.973315830129582338e+01
-4.433516959464315477e+01
-7.261395125061272893e+01
-6.950935746226217304e+01
-4.058632401109851173e+01
-4.392779178951708019e+01
-5.591567895761023976e+01
-4.532765614225642992e+01
-4.115125405651878054e+01
-4.196886903370011623e+01
-3.778007286483734362e+01
-5.740464006187986712e+01
-7.894005333093603838e+01
-5.426818062633175543e+01
-4.596205378859480817e+01
-3.678331455358154756e+01
-3.728888531288262698e+01
-5.777068832378942176e+01
-3.913768631429364575e+01
-6.889506312935549204e+01
-8.173255388732725635e+01
-6.351173361320760336e+01
-6.490398059249029927e+01
-4.726609302846252092e+01
-5.210836301577383978e+01
-6.056824754246234477e+01
-7.005059812016611431e+01
-4.280050672233058151e+01
-4.490564285527966604e+01
-5.439230749874322157e+01
-5.111295422113163056e+01
-5.316177919775069682e+01
-6.100015072647299519e+01
-3.897411992428804695e+01
-4.507695957807980136e+01
-3.988620467568734540e+01
-4.106411211054953725e+01
-7.500748114745174178e+01
-4.314412233290937593e+01
-4.222938912030484460e+01
-5.018909680410078522e+01
-5.037507311860569104e+01
-6.520487891204970765e+01
-7.226121580975009806e+01
-3.945121026858340940e+01
-5.485657973845789570e+01
-5.696763726667405336e+01
-6.961455541477394604e+01
-7.680959791739202558e+01
-4.454809644205004560e+01
-4.456351276872804590e+01
-3.771864740883253830e+01
-4.758483709322621991e+01
-5.544022966396467211e+01
-5.699337153760600927e+01
-4.252176451932510304e+01
-4.009251609081214696e+01
-5.166243722146678863e+01
-4.987749291066455015e+01
-8.492679280974549272e+01
-1.066059842578885224e+02
-8.043185461797348523e+01
-4.644513702968466617e+01
-5.756163223035721188e+01
-4.632392249062824163e+01
-4.563435410829043093e+01
-4.905946033561906461e+01
-4.170911103809137188e+01
-4.381117084057738964e+01
-5.580243267419557185e+01
-4.853408339408785821e+01
-5.394666959911210569e+01
-5.507150535851840800e+01
-4.530014344474093946e+01
-5.715978725159300211e+01
-4.711583860595212769e+01
-7.045418571399072505e+01
-4.537158984795716066e+01
-5.864310139890896778e+01
-6.800556791082894392e+01
-4.279319160086476614e+01
-4.055712420674408492e+01
-7.315486482721964023e+01
-4.637665263616995048e+01
-4.121279970970385165e+01
-4.978568367538428419e+01
-4.413356910440521830e+01
-4.549711371801905813e+01
-1.057739234595293283e+02
-4.079803820085969335e+01
-4.942277291646843906e+01
-7.196944783069608320e+01
-4.513533055055854248e+01
-4.711405946261486122e+01
-9.744989321128308291e+01
-5.768712562505305641e+01
-4.247311125283399491e+01
-5.253540303851175963e+01
-4.516505282634803820e+01
-7.052611963129031381e+01
-4.187425996878135237e+01
-3.989930351921301366e+01
-7.075806703053007141e+01
-5.928162047024124348e+01
-4.546767947799362730e+01
-8.449024726430992871e+01
-4.320078902011967870e+01
-7.750771364753157400e+01
-4.599361107822740991e+01
-4.406104780776953334e+01
-4.392697732739623717e+01
-4.196995888046711087e+01
-3.558110172814071603e+01
-4.246192255831955009e+01
-3.909672835070934838e+01
-4.129238488484706693e+01
-4.804121289781741666e+01
-4.854952612912916265e+01
-1.097311514084092323e+02
-4.812948748685624167e+01
-9.068227717199218318e+01
-4.684150343019415175e+01
-1.026101696456671419e+02
-6.541555847848808014e+01
-5.949113521871835530e+01
-4.766070187888055898e+01
-5.413514309303739225e+01
-6.206164569547477328e+01
-4.489434654590145612e+01
-7.597415919826289610e+01
-3.966135211310448483e+01
-5.989926801667328959e+01
-4.531379143677730070e+01
-5.707592602540459836e+01
-4.489856516622445071e+01
-5.588697973425339427e+01
-5.136060623917221335e+01
-4.568990194435764352e+01
-4.202477317890558339e+01
-6.610164486779284232e+01
-5.772090453281052191e+01
-4.224524552191210347e+01
-5.540300601891920707e+01
-4.271052184658629614e+01
-3.907272442699241566e+01
-3.986018056318480518e+01
-6.267842824255231449e+01
-5.000318414173145243e+01
-4.727030879689093723e+01
-4.291188325407841120e+01
-4.991656436682847442e+01
-5.602998931501342383e+01
-4.696633977250638736e+01
-3.871829993224608302e+01
-5.161565485993509839e+01
-4.264498003388561642e+01
-3.825567175436219713e+01
-1.898118856891045709e+02
-4.672109485891774483e+01
-3.839760440039552947e+01
-5.092314228648061913e+01
-4.008860216228609374e+01
-4.316025328507307535e+01
-5.473887395090078911e+01
-4.361436029185194485e+01
