3.842174377928591622e-01
7.320106842433637961e-01
6.573108675484298224e-01
7.058623678534503565e-01
4.170637370105599318e-01
6.775109660692477664e-01
5.903433051434359147e-01
7.805407714811700703e-01
5.932759273326150273e-01
5.333901487329262281e-01
8.078538905778058776e-01
3.179590651273579427e-01
7.033495203427095888e-01
3.678771662961548006e-01
3.111943287996756791e-01
7.313783341113078151e-01
5.940783663044983953e-01
5.303080556010855151e-01
6.851349808501805416e-01
3.875118119316995902e-01
3.887941548756609356e-01
8.585553241240605482e-01
4.062260154604065421e-01
3.163473152199732241e-01
4.303061004805773804e-01
3.605995806555734595e-01
6.818153376600901705e-01
5.775538330076490645e-01
2.915668405850030398e-01
4.085353046065741678e-01
7.124457795607359589e-01
3.956144808453880279e-01
4.577524619620377266e-01
3.379123298544636222e-01
2.744429914205524512e-01
7.205655187820543262e-01
5.229462633549214479e-01
8.813838173443584445e-01
4.849553249852960324e-01
6.653383566523707326e-01
6.498840876793897658e-01
6.784265118553945983e-01
4.475369705365925266e-01
4.641785356276618701e-01
3.323112380060152526e-01
5.742982805738193752e-01
4.494435724036596191e-01
4.633521413500062969e-01
6.890127952142375278e-01
8.758423787772936508e-01
9.372656340688717558e-01
3.830667878863872056e-01
7.398182188078896715e-01
6.130013380129170075e-01
6.445029135172430923e-01
4.231703540208178738e-01
5.417990171649561537e-01
1.360935526366708448e+00
1.066940624399644433e+00
6.283690442718763425e-01
6.930799496067366894e-01
4.015231834842447056e-01
5.964663615034365707e-01
5.500260349747425614e-01
4.680017994055069575e-01
3.418198558234405993e-01
7.723279131112787965e-01
5.452126768928741152e-01
3.867716649766826942e-01
5.707992709634205353e-01
4.793415849518022909e-01
1.531040622772196658e+00
9.026079036556733382e-01
8.325971843853892107e-01
4.797600897812717702e-01
3.726049791749125872e-01
5.815621382012734486e-01
4.921060261681065029e-01
8.809358704133823936e-01
4.713675648073207824e-01
5.587636564638255310e-01
3.964218867758232956e-01
5.046105645465618350e-01
5.232316299677990390e-01
4.190027077925608245e-01
3.910777195015532337e-01
6.527337266232312585e-01
3.689195845428583365e-01
6.068118951436743957e-01
7.802920495197001038e-01
5.206816571552136397e-01
4.189504711520870006e-01
5.479030940735274413e-01
4.950164871513457743e-01
4.886441981507061993e-01
7.647420099721238262e-01
5.767269310245658476e-01
6.163258726156797263e-01
6.594673296397173257e-01
6.625957515290976652e-01
6.479590044197656162e-01
7.099222118636681067e-01
2.835136352287173089e-01
7.583016625350014195e-01
3.563025148507549256e-01
5.429484762718164159e-01
5.287343428038913107e-01
7.178556507369759920e-01
7.218150318161875578e-01
7.710027362036300236e-01
7.514926468289631067e-01
6.874612383722898956e-01
7.382933287221107310e-01
3.943244677036453205e-01
7.120814445493430789e-01
4.340439974719875749e-01
4.806261490281882320e-01
6.745167282227640948e-01
4.700941318888910980e-01
5.009269294274261153e-01
5.008357958662021936e-01
6.714467713991520981e-01
7.707093068346675402e-01
4.356631956949140183e-01
8.018524267941389283e-01
3.771214280335956626e-01
4.388969736517989717e-01
5.939894034058459393e-01
6.233842352255861696e-01
6.730983235267863352e-01
2.889821966882129001e-01
6.923841883983496981e-01
5.557204915474552864e-01
4.962833298737706067e-01
4.599175632393089908e-01
4.302041450973941306e-01
4.492755138107722979e-01
3.517853675319622675e-01
7.541270549800709322e-01
3.660743616845958393e-01
4.335179483152654112e-01
5.011813304867795971e-01
3.084557783916030971e-01
4.576663866443674844e-01
5.279625095696215409e-01
3.659021726567363020e-01
5.220131908105835050e-01
5.719289593495507917e-01
3.971977986882293532e-01
3.302909746564475779e-01
4.771748484641111232e-01
3.611736599131190606e-01
3.941848684226098576e-01
4.044514177998943527e-01
6.488323561524713678e-01
4.697355066387651767e-01
7.623678844734440574e-01
5.329432208898338130e-01
6.887946291585660408e-01
4.911858656565384340e-01
7.040270057837080264e-01
5.879061413663498881e-01
9.838036951955042575e-01
5.238243153012221986e-01
7.060109918166218579e-01
6.745257824210767472e-01
2.307804921371871820e-01
4.050782370922001996e-01
6.144160409835822678e-01
8.178927135325289033e-01
8.953680507910403152e-01
4.746182257860092069e-01
6.597726887630108727e-01
8.333409847924168057e-01
3.924034364581353573e-01
5.541513840394035606e-01
7.871015903731423125e-01
4.163987496232448016e-01
8.054795727181180975e-01
8.376077444561927932e-01
5.232831022112263142e-01
3.809832170840639076e-01
4.029004422075168623e-01
4.051703389533948818e-01
5.121307866349851246e-01
5.860222279947466806e-01
3.393872440368542742e-01
5.495591385302469600e-01
4.899223293155871573e-01
5.371216719609861467e-01
5.593753894954667238e-01
4.230932065448874124e-01
3.769260226505636857e-01
5.061572867106339801e-01
4.379365632267723796e-01
6.557601877307039917e-01
4.389104754809519671e-01
6.969003648407394724e-01
4.199347156403824832e-01
6.442437958505743412e-01
7.132112477035178477e-01
7.646203817076829834e-01
5.094774846909464472e-01
3.984367569070954018e-01
7.842506728142198957e-01
6.844379790297806521e-01
4.829705414894394644e-01
9.572756655392264946e-01
8.098280232470184137e-01
7.388982266974407631e-01
6.784794993313479905e-01
8.001903820993466754e-01
3.266175188557240983e-01
5.562461978792927475e-01
4.075111202935735588e-01
5.705713512192801540e-01
2.445045981468043084e-01
4.481505653574111014e-01
2.730853609904534962e-01
5.184113839734022511e-01
4.359080659135006197e-01
3.362062648074647941e-01
7.078491346330544332e-01
5.138850545692038585e-01
5.475931814368677486e-01
5.625811256273095529e-01
4.606500647319771713e-01
3.743502274560965293e-01
2.616624975541280707e-01
8.698824735231008853e-01
2.262911656707150554e-01
4.453131648650675567e-01
1.071434369168072109e+00
5.273043837176266679e-01
6.037554869823263948e-01
4.457556867577829318e-01
5.500309613567903044e-01
5.947178156396925042e-01
4.462439398632217502e-01
9.356876076780051843e-01
3.633635677321619961e-01
4.041889412135932225e-01
7.123060096093382088e-01
8.427699025746673289e-01
5.783256447511396781e-01
4.834417531772560173e-01
3.299168574462818526e-01
7.479679015526505825e-01
3.432085227801314198e-01
3.637324002686664892e-01
5.826165724504108745e-01
6.541725306469561296e-01
9.525216184969100830e-01
4.398703535535667397e-01
3.404118691903847971e-01
6.692721949360486144e-01
4.398844596870224444e-01
5.805789972063893911e-01
7.867526413640686389e-01
4.606836246112712696e-01
7.640003542403360770e-01
5.688811717328181583e-01
6.786474963496096358e-01
8.239604169157861424e-01
6.302913118504493983e-01
5.218332523300517334e-01
4.051959605140114662e-01
6.258149804748214251e-01
5.393718874360645676e-01
6.946344421714854001e-01
7.074781174479677359e-01
4.375205168454395221e-01
5.217516230802026200e-01
4.542425965234292429e-01
6.222521116675815422e-01
5.719409257924263912e-01
7.952262074104193834e-01
4.813547825200203967e-01
6.363194452000849877e-01
7.282702588663928500e-01
5.815804525055086049e-01
4.865361181512471433e-01
6.704082595382074850e-01
5.332535136611233906e-01
5.554123523317560096e-01
5.782853561341840809e-01
4.214568941677520608e-01
5.479746423227320751e-01
2.961567744478550979e-01
3.163192427945817342e-01
4.791961891898234849e-01
7.365474728770968760e-01
8.718196481106573748e-01
5.265201553589154981e-01
5.394308345419996931e-01
5.074123660667664293e-01
3.770855468807185473e-01
6.414628958440816708e-01
4.687529862335063080e-01
1.099202099932810039e+00
8.651942327220252249e-01
1.246123653096255168e+00
3.379389565985246313e-01
5.896662524321528709e-01
4.577533122073339511e-01
4.460432796748704520e-01
4.132580886446191037e-01
7.120362644434782284e-01
7.612919598596297188e-01
5.993789626551804250e-01
7.812493495969653479e-01
5.672301935646296700e-01
5.064519238868780970e-01
4.319999422241957987e-01
5.262901917533218121e-01
8.664586466407010468e-01
4.963583307836284542e-01
6.304290933271312625e-01
8.969820700857631390e-01
7.318585320081294476e-01
6.237704385639131210e-01
6.007143151174910711e-01
6.535000877082621784e-01
1.114771988924517565e+00
5.892963451432563504e-01
8.979950431649639242e-01
1.403798182755088497e+00
3.130236223993141387e-01
7.092010833852202545e-01
6.118649888715779195e-01
7.195007600692083782e-01
5.090516665618579628e-01
6.174860026540872626e-01
4.054962401774139247e-01
6.552283663501451416e-01
5.837127955453701444e-01
6.566754954294564683e-01
4.907051325407522091e-01
4.275324929836215038e-01
6.850656977305059625e-01
4.133989469157786645e-01
5.423694406843673210e-01
7.386459998246985847e-01
7.977580276191846842e-01
5.517914612518051154e-01
3.121324530138951947e-01
3.986066731637744609e-01
6.216195203558524396e-01
3.590882306549330050e-01
3.571616511405618088e-01
5.030876061189080151e-01
5.574255114233724884e-01
5.558887178608011848e-01
9.521584511045643184e-01
4.269171170266840010e-01
4.621023815520124978e-01
4.549322262993136246e-01
5.129778058286366127e-01
8.446164682502307341e-01
5.650485724264883158e-01
5.300644571467996169e-01
5.273246493299375004e-01
6.114968870336927598e-01
4.515363176604385576e-01
5.077377872296257033e-01
3.662224249477969429e-01
7.375620452545150751e-01
4.224735727438211907e-01
8.094136556577417041e-01
5.072219877735730797e-01
5.988840731747736568e-01
2.295323226381771053e-01
8.157987977649547862e-01
7.166751451462849420e-01
6.917465405666392009e-01
6.252462575511177345e-01
7.968185236359820456e-01
9.073298902715899450e-01
5.095286562307832501e-01
4.923721553392673700e-01
7.154448765381002939e-01
5.344988386384399437e-01
8.283407225721368672e-01
5.967405262980541858e-01
4.122695518018075211e-01
6.006299614163722600e-01
5.039951712994905630e-01
9.235984474912581899e-01
4.403956278971248306e-01
8.459809162048559372e-01
6.110044474133754511e-01
8.596932331675152250e-01
7.479440613703172147e-01
6.074882213949205356e-01
9.252387432131651268e-01
5.561120265800222340e-01
8.886327803201686804e-01
4.521306378235154244e-01
6.990376301395592185e-01
5.277591311635726479e-01
4.625025438056032390e-01
6.372762663893999369e-01
5.231234629185973484e-01
5.924499087040242529e-01
7.413147093585704672e-01
7.080554155281009177e-01
6.386823626291742162e-01
3.689099069840006129e-01
