-6.195414869875775565e+01
-8.171895461199007116e+01
-5.143097808908385815e+01
-6.179037325816993587e+01
-4.777195210683617432e+01
-5.054846228324174007e+01
-8.544361285484953328e+01
-5.529762182969922435e+01
-5.057372293050700307e+01
-6.158550479364147634e+01
-5.853202953385815732e+01
-5.596453001783314818e+01
-7.176927993332034816e+01
-5.169731326755860579e+01
-3.731535170614785812e+01
-6.965726169482162788e+01
-6.031574516541713393e+01
-4.055554501272862922e+01
-6.553419595641922513e+01
-4.467791287269080414e+01
-7.950472476230332575e+01
-8.368370245622827497e+01
-4.526210500093371536e+01
-4.047269602561587476e+01
-4.231471485543518440e+01
-5.513220287727995839e+01
-8.541814642061648044e+01
-6.120486248732013479e+01
-5.800374362113497284e+01
-3.848819537732200047e+01
-8.130425094197119051e+01
-4.009214794364349643e+01
-1.244506626745499176e+02
-3.803328612089873673e+01
-5.350993346952611063e+01
-7.224202518933597617e+01
-5.827699664996328721e+01
-7.909303595256375274e+01
-6.769626156295502994e+01
-4.986825226863582117e+01
-5.290000343763777835e+01
-4.779780415113287262e+01
-7.348660558074203664e+01
-4.300877770992418192e+01
-3.688989086483195479e+01
-5.483389919657845724e+01
-1.016889977380946419e+02
-6.280071697487824878e+01
-6.746846644772151080e+01
-7.281061300597787067e+01
-7.538787418193523138e+01
-5.139919732856704115e+01
-6.208918718880975263e+01
-6.388788411274545354e+01
-6.662872559166009978e+01
-5.662155083159468205e+01
-5.106913195038944053e+01
-2.322237045306033849e+02
-8.207047787552795626e+01
-8.203719917493197045e+01
-4.987548881665448164e+01
-9.287315498550069037e+01
-5.866786546117659640e+01
-9.446599743745052535e+01
-1.604438304164805515e+02
-7.916339228038674491e+01
-9.799250951560044598e+01
-7.427789815069569102e+01
-5.821430210015675044e+01
-4.217909383060496253e+01
-1.048378123240429005e+02
-1.655342003670816382e+02
-1.852292095044314237e+02
-7.882563690630173880e+01
-8.730325129816175433e+01
-9.997837503790120195e+01
-1.074628527720501552e+02
-4.594386002212728926e+01
-5.322941449536464376e+01
-4.555954693086830787e+01
-7.543521430674331896e+01
-4.509699399434497735e+01
-6.445292129933181968e+01
-4.838549805197966691e+01
-3.867377911032682647e+01
-6.977499127920187050e+01
-5.822016758944516113e+01
-5.006338549085833733e+01
-7.795856094324818741e+01
-6.074881582809952363e+01
-5.455175220835353400e+01
-3.704676693803668996e+01
-4.243858778652864316e+01
-6.555925033789517897e+01
-5.097046752165353922e+01
-6.021662798048559750e+01
-5.408906920666223073e+01
-4.141033082156124578e+01
-5.459834581388201968e+01
-7.268779785381123304e+01
-4.524412137039129789e+01
-4.855536627713389208e+01
-6.771478624627663123e+01
-5.118530865710269495e+01
-3.596737124158507726e+01
-4.308121789346107278e+01
-4.271500755259501858e+01
-5.523255397888475926e+01
-5.259184569831411693e+01
-8.170180426691631226e+01
-4.652727681599412080e+01
-4.599975265058120755e+01
-5.811742442042699253e+01
-3.976182992030246766e+01
-6.897531036217149847e+01
-4.374926323113320592e+01
-6.601638667644584757e+01
-4.411448213529906326e+01
-4.749948816216618752e+01
-4.567197836930542820e+01
-4.391649261171907170e+01
-4.724896509033531089e+01
-4.382615279584999257e+01
-5.034388188768581784e+01
-5.779134825062493519e+01
-5.957752792530555297e+01
-4.003149348725155932e+01
-4.676652413483859050e+01
-5.114788623163017434e+01
-4.732121002272657506e+01
-6.373555360325428865e+01
-6.157144463098632770e+01
-8.516062327275849952e+01
-5.456909799511822001e+01
-6.563935326151198524e+01
-4.865518288155048765e+01
-5.964528655199261920e+01
-6.604379524335168128e+01
-9.789595946633450296e+01
-4.098268222996794918e+01
-3.858377661947478998e+01
-4.530800009802428718e+01
-4.080408944947748040e+01
-4.459508075716221498e+01
-4.112082397031126391e+01
-5.152938151250263132e+01
-5.227065729316822740e+01
-5.003369856334287391e+01
-4.510446700518305363e+01
-4.906624745152463873e+01
-4.682763919970466304e+01
-4.521564261580631694e+01
-6.400962249671746918e+01
-4.623069940765107333e+01
-4.441938693268109972e+01
-4.320430369325390529e+01
-5.652543751115595683e+01
-4.664897319426723499e+01
-6.678240937142152234e+01
-4.303825767401050939e+01
-5.965118474246860103e+01
-5.899730057765854241e+01
-8.025315689620579462e+01
-4.799951839606886494e+01
-5.001670792427163548e+01
-4.827431131274310161e+01
-7.318006316231208075e+01
-1.387162461948926762e+02
-1.634636610753385071e+02
-4.866173279367348670e+01
-5.883482928527308076e+01
-5.053363540670977017e+01
-5.129983064709284690e+01
-4.909949021460661100e+01
-4.727985058943068708e+01
-4.468205517086857981e+01
-5.797823110781799727e+01
-5.306044460653380668e+01
-4.784678844679876875e+01
-1.037669999918821873e+02
-7.237117234844920688e+01
-5.266501667751341387e+01
-4.632513422537583381e+01
-5.316671356933316872e+01
-6.216786067905081836e+01
-7.435089676618403587e+01
-5.787272986113587336e+01
-7.177355613050524141e+01
-8.186565549196875224e+01
-6.565296973108461032e+01
-5.441575140479987027e+01
-4.070762527974628142e+01
-5.654530319332285870e+01
-5.679242387454365115e+01
-7.278942772289892105e+01
-5.806638189612492340e+01
-4.942569730865647415e+01
-5.839676568888317121e+01
-4.746399860202963339e+01
-7.755771850634752695e+01
-7.044273819729542652e+01
-6.420981700010587190e+01
-5.022118771401241588e+01
-3.878647997945974879e+01
-4.533141827441434657e+01
-1.946628039085522914e+02
-4.199554529751143406e+01
-1.138349499313755899e+02
-2.662580639682248602e+02
-5.308659560582741932e+01
-5.909438952960487512e+01
-5.382859098149246790e+01
-7.014642571455912901e+01
-5.365858442689074081e+01
-4.355658020962710708e+01
-6.802736232366714830e+01
-3.796228466145943514e+01
-4.885106338703703699e+01
-3.973108612397889061e+01
-4.442490352931059761e+01
-4.551428571163433645e+01
-9.638635409152288958e+01
-4.747767840120800287e+01
-4.277871980255009277e+01
-5.656545211511945581e+01
-5.004120363045756648e+01
-6.224762786334984099e+01
-5.899035810334320473e+01
-4.309040961469233366e+01
-7.395942077604235010e+01
-6.470991709047581253e+01
-6.059731941427061486e+01
-7.725898698281267230e+01
-6.319083566804734886e+01
-4.782404118537585447e+01
-4.893304672679705192e+01
-6.866197255821234080e+01
-7.534035919546661830e+01
-5.173738403247778450e+01
-8.330017595731480640e+01
-6.288656216612470473e+01
-7.134255914419651390e+01
-4.554338120092319286e+01
-6.951036840877584666e+01
-5.884532999579911916e+01
-4.453177650340923321e+01
-5.052485226180063194e+01
-4.817286907952229313e+01
-3.845547706965185597e+01
-1.245613782283252249e+02
-1.039661880002208676e+02
-1.409701191931584390e+02
-9.906737606375011751e+01
-4.093902388900620082e+01
-4.648054194746086409e+01
-5.527594318578075416e+01
-4.196781761825644708e+01
-5.164191869083060027e+01
-5.936429870989191215e+01
-5.052957736352379214e+01
-4.371690666891625199e+01
-4.646697672825393965e+01
-5.532004517166978275e+01
-5.291826381128075241e+01
-4.447437495528872375e+01
-5.486818237249134000e+01
-8.933319676400387266e+01
-7.108176014102720330e+01
-8.856539357255499567e+01
-7.185261849055700623e+01
-5.681971120370435813e+01
-8.480350461411458696e+01
-7.692888056395987917e+01
-7.386937822799930586e+01
-6.267830548004533142e+01
-7.232972667586979298e+01
-5.934147152013209592e+01
-4.381113209606125025e+01
-5.688525642753887013e+01
-1.255782011722958629e+02
-4.604732180706781008e+01
-8.873620132589360310e+01
-6.540037073205860452e+01
-4.355815414690597720e+01
-8.397228768273959076e+01
-5.330455212369103890e+01
-3.671443649061500736e+01
-5.118728517405831013e+01
-5.087632140117332824e+01
-4.673695055630781781e+01
-3.771029949565021866e+01
-5.581634133998618807e+01
-1.150879002684146144e+02
-4.919277484485564855e+01
-6.259658449739565356e+01
-9.337461081578594246e+01
-5.138631706988819303e+01
-4.296580325414866763e+01
-5.328237153480640131e+01
-1.063770848077297018e+02
-5.642340503205493007e+01
-1.804486693285191734e+02
-4.504863419721844053e+01
-4.768493059646859678e+01
-5.691386119881016015e+01
-4.582312829161579515e+01
-4.104222007434692898e+01
-9.317967160953415373e+01
-6.725945669791001080e+01
-5.310779913149962539e+01
-6.011547806827214657e+01
-7.415894918835131477e+01
-4.002925531242405555e+01
-5.521709197190784124e+01
-4.150396515554769650e+01
-1.159554989055373682e+02
-5.033059154112842037e+01
-4.332593974646228929e+01
-7.194785682550300976e+01
-7.267402916986344508e+01
-5.998067563533199831e+01
-5.987807834925348516e+01
-5.401890438034310904e+01
-7.515207171001252107e+01
-4.942178115321743803e+01
-6.026319465428868938e+01
-7.508087605035859724e+02
-4.324599061732676120e+01
-5.646257716310010721e+01
-4.051208606634938292e+01
-1.292702690000270195e+03
-5.975867795813314132e+01
-4.295706818633969704e+01
-3.730267070602108959e+01
-4.415338795271726013e+01
-5.619191703219988909e+01
-4.542815144282633355e+01
-5.252686627881262638e+01
-4.537851959196684248e+01
-5.623222252972771429e+01
-4.073122191258281077e+01
-4.341764472979426870e+01
-5.321204613529198468e+01
-5.398553704002844000e+01
-4.425764328769984957e+01
-4.929791205046701918e+01
-3.861081370318203199e+01
-4.639020192964752454e+01
-3.730725950440632488e+01
-3.827364925107355731e+01
-4.153627969694307609e+01
-4.900963288439391619e+01
-4.242986589171281508e+01
-6.363937181990861802e+01
-3.716955555182038040e+01
-3.929166856672813424e+01
-5.819107982043287564e+01
-4.144945973070221612e+01
-5.900856013746223283e+01
-4.547002713302773458e+01
-4.578642131153322481e+01
-4.361330635273133538e+01
-4.409319489917596968e+01
-4.959458338088312246e+01
-6.124175446171499004e+01
-3.647345000616942201e+01
-7.434415400060458978e+01
-4.113191973228866516e+01
-4.881095099815219385e+01
-4.235288722900934744e+01
-5.350313154493736789e+01
-3.628414935158517807e+01
-6.648768093508775223e+01
-4.587837992894577610e+01
-5.094556384877436983e+01
-5.964044159379776744e+01
-4.561390976485523652e+01
-6.784197392161287610e+01
-5.644995462000323272e+01
-5.164862964107652488e+01
-5.621397272648103893e+01
-5.321804338816645696e+01
-5.387191852696705041e+01
-5.260389692388726957e+01
-3.778546082276427853e+01
-5.794154090072357377e+01
-5.815552883011127250e+01
-6.108352965280072766e+01
-5.201186518506819567e+01
-5.275368411073264951e+01
-5.061344001560368611e+01
-5.223509936066557913e+01
-6.083208388311776815e+01
-5.149936378085055821e+01
-6.287465344161116576e+01
-4.795966448047276032e+01
-5.968069204438388198e+01
-5.272916044943850267e+01
-5.060164128337302003e+01
-4.436606580592236071e+01
-3.948503995970867209e+01
-6.154287140673111622e+01
-4.172607128504434115e+01
-6.047139438051912208e+01
-4.882421350562098894e+01
-4.331247584119829952e+01
-4.400719293525622788e+01
-4.347004603427132707e+01
