-8.888111304287296832e+01
-1.249454512538660822e+02
-5.410964844322947442e+01
-3.731545211357066023e+02
-9.346721212321013184e+01
-6.599984739396377620e+01
-7.285339466925969987e+01
-6.247958501476146864e+01
-4.861600369241337916e+01
-4.542322830378240894e+01
-6.462616864156103702e+01
-5.626585312679465289e+01
-6.392762288347389443e+01
-8.134134418821109591e+01
-5.035082225232748954e+01
-4.137071002804743358e+01
-5.330776392862406254e+01
-9.421572325951059668e+01
-4.857542653527674759e+01
-7.117982088277705088e+01
-4.826654225517436458e+01
-1.032439244286192803e+02
-6.437924753222630159e+01
-5.572800070887097945e+01
-5.388377549275269729e+01
-5.659497392410093397e+01
-6.818152268197098920e+01
-4.166592373427012319e+01
-4.883165012699327434e+01
-7.175181083359692025e+01
-4.789049031544620760e+01
-5.452918541075541725e+01
-5.267614477660809058e+01
-8.173927197755128304e+01
-7.776228162614449957e+01
-7.080763202933015066e+01
-5.390315707020479152e+01
-7.621016921865764004e+01
-4.948819803401784156e+01
-6.129270846500160275e+01
-1.370090424583322886e+02
-5.118796684424145838e+01
-1.242585736698757444e+02
-6.031194079871898595e+01
-1.193449930623330459e+02
-9.190994721168638648e+01
-1.294192075289350612e+02
-6.183646980931951020e+01
-5.553630112019698828e+01
-8.673033383385804029e+01
-6.115535275545732219e+01
-1.052165271389078924e+02
-7.528480772414701505e+02
-9.394956858886126838e+01
-7.169993153091917293e+01
-1.194216904112693101e+02
-6.998167902101315008e+01
-7.734553660768965244e+01
-7.092170413247086458e+01
-6.243176348215331473e+01
-6.639108365601643413e+01
-3.897470233507448256e+01
-8.031720781879324988e+01
-5.086937729447095791e+01
-8.788581560973399576e+01
-5.247452799847688709e+01
-6.594529493944929754e+01
-6.775281527142583116e+01
-5.888739937745518915e+01
-4.752907840814674501e+01
-6.380187215926421374e+01
-4.704827722999677064e+01
-5.788915332409681014e+01
-4.319120333869700090e+01
-6.868668117734013379e+01
-9.813629367099802892e+01
-5.629014603625749658e+01
-6.171163196665914086e+01
-5.262974618397149840e+01
-5.498002719469928934e+01
-6.192531902198673777e+01
-4.867941473315450196e+01
-5.241071938092871108e+01
-5.165579139230820260e+01
-6.116046029201528711e+01
-6.621005730731413053e+01
-6.976513758649220165e+01
-6.739511030590404062e+01
-5.792958291116232772e+01
-5.027296374646878974e+01
-7.501035959145377774e+01
-5.766064192757346518e+01
-6.886400495022689938e+01
-8.238094568232436643e+01
-6.192789535387947808e+01
-6.256044162105474271e+01
-5.051015488613656856e+01
-8.497650492925826882e+01
-4.031517848187036890e+01
-3.935514187407189013e+01
-4.775365935308598608e+01
-7.599260858111298944e+01
-5.428042144354729714e+01
-5.240641169174218561e+01
-5.819325443823842647e+01
-4.940932525641898820e+01
-5.244046538470956165e+01
-7.869263550829442977e+01
-6.503162695792464376e+01
-5.217025809982996520e+01
-6.511182037131293043e+01
-5.035464649313924923e+01
-1.154593814483290117e+02
-9.349693540854609353e+01
-1.421635192435489614e+02
-7.296073378588590685e+01
-5.637769322377180004e+01
-7.355327402388499536e+01
-7.107112866420776243e+01
-1.096150561432473012e+02
-5.457602779145481975e+01
-1.101702164093569252e+02
-5.896269665356324197e+01
-7.526989174621583345e+01
-5.787737673615796297e+01
-6.520012274631241667e+01
-7.173306317049251390e+01
-7.648247842201577384e+01
-6.603370163393140047e+01
-5.907626903788945327e+01
-9.006207871922312336e+01
-8.501125546328725591e+01
-4.979884777738748625e+01
-7.806679969094673766e+01
-6.571134318585849599e+01
-7.864911540219716812e+01
-5.084207730846203788e+01
-5.160879030684650814e+01
-6.361037266965676906e+01
-5.334672906229442191e+01
-5.528997268421596090e+01
-5.229237080816625394e+01
-6.862987471618455970e+01
-5.376777657888980855e+01
-1.037104792318054649e+02
-5.773115416284035462e+01
-8.960632688810898117e+01
-7.575983025706578644e+01
-3.795789087391867156e+02
-7.857758314119652709e+01
-5.214125056412641612e+01
-5.903153314644642791e+01
-5.269734199419893628e+01
-8.030988293937355138e+01
-5.666980498024970814e+01
-6.184797481630276650e+01
-6.259601178900167895e+01
-5.039899411900669435e+01
-5.078091053231640473e+01
-6.295597867187314023e+01
-5.298188117715489653e+01
-4.123291478715651692e+01
-1.080998032067685841e+02
-6.537127487981211971e+01
-6.092762184883575571e+01
-6.260941447967148576e+01
-5.501352996529615069e+01
-8.371211100690642581e+01
-9.080628521746719173e+01
-8.114058435549003434e+01
-7.019373609948912929e+01
-4.267515684836737933e+01
-5.333457605200725737e+01
-5.047562947556234292e+01
-4.804991015798530896e+01
-7.859907781697896212e+01
-7.534090980951832250e+01
-9.210223099621713061e+01
-6.453626926751320525e+01
-5.942013457202898508e+01
-6.949037929985297524e+01
-9.359378037741279854e+01
-1.449106772199445459e+02
-7.082058209700690554e+01
-1.115403876154247769e+02
-1.026792112223908191e+02
-5.121009739741791833e+01
-4.627064472126842531e+01
-4.709291250003719398e+01
-4.364703971427179852e+01
-1.013182440615392750e+02
-5.393932945115403754e+01
-8.765230895448645754e+01
-5.711474558932860646e+01
-6.711011630997111865e+01
-6.046166432268249480e+01
-5.669604518301100171e+01
-4.871031858212047183e+01
-6.391220059061440395e+01
-6.806338604477787158e+01
-7.722489084884392696e+01
-4.793012951952814404e+01
-6.021775706228918779e+01
-4.648959304288616323e+01
-6.256015940482161142e+01
-8.404784363934993507e+01
-5.925651638492112028e+01
-4.926475192644589640e+01
-6.307174090616557294e+01
-5.231363394442944070e+01
-8.673380638926687425e+01
-7.793754224763281968e+01
-5.795250212306582682e+01
-4.713736795727486850e+01
-6.738518819476132649e+01
-1.633398381284397942e+02
-6.227347320887826498e+01
-4.535769627194915898e+01
-6.254095259382094696e+01
-8.286966021880313349e+01
-5.405341711644346248e+01
-5.348610270752197238e+01
-5.191902570832927211e+01
-9.729623405884923670e+01
-5.324167301509037031e+01
-8.571750639955317297e+01
-4.892594984309414485e+01
-4.725298308320126495e+01
-5.210260223457970596e+01
-8.260137343572881719e+02
-4.373531494009645115e+01
-5.703199981435660249e+01
-6.248276866694107667e+01
-5.359332494530362823e+01
-5.650396286127084977e+01
-6.146022792442862936e+01
-5.854933209113965376e+01
-5.865517549212144388e+01
-4.531093792161837541e+01
-4.838212050761654126e+01
-7.165243637400384102e+01
-6.467392624458356920e+01
-6.209614290141648496e+01
-6.016129975685858255e+01
-5.582377773784870811e+01
-5.266648528657038497e+01
-6.072770458145812000e+01
-5.472383871636098007e+01
-4.416325290405668369e+01
-5.214684498002030466e+01
-6.433936541525244479e+01
-6.076687895310407583e+01
-5.857934534331341325e+01
-7.188676279511913947e+01
-4.897751171449832697e+01
-5.091358350048078307e+01
-6.606552079800441390e+01
-4.760388918692055427e+01
-5.854681880867606480e+01
-5.171560807563294304e+01
-4.517544368698263924e+01
-4.901338876333936412e+01
-6.832444447251204167e+01
-7.609184799709633751e+01
-6.389824815906305133e+01
-6.303027189854523016e+01
-4.706398545290210222e+01
-5.455622535132206963e+01
-6.178066343995024567e+01
-4.288170858999926338e+01
