5.619047619047618625e+00
4.761904761904761862e+00
4.714285714285714413e+00
2.185714285714285765e+01
2.566666666666666785e+01
3.685714285714285410e+01
6.333333333333333037e+00
1.090476190476190510e+01
1.020952380952381020e+02
8.238095238095237249e+00
2.633333333333333215e+01
6.333333333333333037e+00
4.523809523809523725e+00
1.804761904761904745e+01
1.276190476190476275e+01
1.361904761904761862e+01
1.528571428571428648e+01
5.476190476190476275e+00
2.323809523809523725e+01
4.619047619047618625e+00
1.076190476190476275e+01
4.428571428571428825e+00
1.600000000000000000e+01
9.142857142857142350e+00
5.190476190476190688e+00
4.428571428571428825e+00
3.795238095238094900e+01
4.142857142857143238e+00
6.904761904761905100e+00
6.619047619047618625e+00
6.523809523809523725e+00
9.000000000000000000e+00
7.809523809523809312e+00
5.809523809523809312e+00
5.238095238095238138e+00
6.476190476190476275e+00
7.190476190476190688e+00
4.428571428571428825e+00
6.714285714285714413e+00
3.952380952380952550e+00
8.000000000000000000e+00
3.057142857142857295e+01
7.857142857142856762e+00
4.571428571428571175e+00
1.252380952380952372e+01
9.714285714285713524e+00
8.952380952380952550e+00
9.952380952380952550e+00
6.380952380952381375e+00
6.285714285714285587e+00
1.119047619047618980e+01
3.952380952380952550e+00
6.952380952380952550e+00
9.333333333333333925e+00
5.857142857142856762e+00
5.571428571428571175e+00
6.285714285714285587e+00
3.671428571428571530e+01
3.857142857142857206e+00
1.038095238095238138e+01
3.714285714285714413e+00
4.238095238095238138e+00
7.761904761904761862e+00
4.238095238095238138e+00
9.142857142857142350e+00
1.380952380952381020e+01
4.619047619047618625e+00
5.000000000000000000e+00
1.309523809523809490e+01
2.995238095238095255e+01
6.428571428571428825e+00
8.428571428571428825e+00
6.857142857142856762e+00
6.904761904761905100e+00
8.714285714285713524e+00
2.942857142857142705e+01
9.714285714285713524e+00
2.000000000000000000e+01
1.023809523809523725e+01
9.523809523809523725e+00
1.119047619047618980e+01
5.142857142857143238e+00
1.347619047619047628e+01
4.619047619047618625e+00
6.523809523809523725e+00
4.142857142857143238e+00
6.523809523809523725e+00
6.619047619047618625e+00
6.238095238095238138e+00
4.285714285714285587e+00
7.761904761904761862e+00
3.042857142857142705e+01
9.476190476190476275e+00
6.666666666666666963e+00
6.428571428571428825e+00
1.147619047619047628e+01
1.109523809523809490e+01
2.357142857142857295e+01
1.509523809523809490e+01
7.095238095238094900e+00
1.128571428571428648e+01
8.142857142857142350e+00
2.100000000000000000e+01
5.190476190476190688e+00
7.000000000000000000e+00
1.066666666666666607e+01
6.000000000000000000e+00
4.619047619047618625e+00
4.190476190476190688e+00
9.571428571428571175e+00
1.400000000000000000e+01
4.285714285714285587e+00
2.871428571428571530e+01
1.819047619047618980e+01
5.571428571428571175e+00
8.714285714285713524e+00
7.761904761904761862e+00
9.952380952380952550e+00
9.285714285714286476e+00
5.428571428571428825e+00
3.114285714285714235e+01
4.047619047619047450e+00
1.995238095238095255e+01
5.428571428571428825e+00
1.552380952380952372e+01
3.904761904761904656e+00
1.104761904761904745e+01
1.600000000000000000e+01
2.342857142857142705e+01
2.928571428571428470e+01
7.000000000000000000e+00
7.190476190476190688e+00
5.857142857142856762e+00
2.509523809523809490e+01
2.304761904761904745e+01
1.023809523809523725e+01
5.523809523809523725e+00
5.904761904761905100e+00
3.557142857142856940e+01
5.952380952380952550e+00
7.190476190476190688e+00
7.904761904761905100e+00
1.414285714285714235e+01
7.190476190476190688e+00
1.261904761904761862e+01
5.476190476190476275e+00
6.285714285714285587e+00
1.695238095238095255e+01
1.590476190476190510e+01
1.780952380952381020e+01
7.619047619047618625e+00
1.114285714285714235e+01
5.476190476190476275e+00
5.285714285714285587e+00
5.095238095238094900e+00
1.309523809523809490e+01
7.000000000000000000e+00
8.285714285714286476e+00
8.428571428571428825e+00
7.095238095238094900e+00
1.014285714285714235e+01
5.809523809523809312e+00
6.380952380952381375e+00
3.519047619047618980e+01
4.380952380952381375e+00
5.428571428571428825e+00
5.142857142857143238e+00
6.714285714285714413e+00
1.504761904761904745e+01
5.190476190476190688e+00
8.285714285714286476e+00
5.952380952380952550e+00
6.761904761904761862e+00
8.761904761904762751e+00
1.380952380952381020e+01
4.380952380952381375e+00
5.333333333333333037e+00
9.238095238095237249e+00
5.285714285714285587e+00
7.523809523809523725e+00
4.857142857142856762e+00
1.861904761904762040e+01
5.476190476190476275e+00
7.142857142857143238e+00
5.809523809523809312e+00
1.814285714285714235e+01
3.233333333333333570e+01
1.000000000000000000e+01
4.285714285714285587e+00
2.152380952380952550e+01
7.380952380952381375e+00
2.000000000000000000e+01
1.014285714285714235e+01
2.319047619047618980e+01
6.095238095238094900e+00
3.466666666666666430e+01
1.014285714285714235e+01
4.904761904761905100e+00
7.285714285714285587e+00
5.142857142857143238e+00
8.333333333333333925e+00
7.714285714285714413e+00
4.523809523809523725e+00
5.571428571428571175e+00
5.714285714285714413e+00
1.028571428571428648e+01
5.333333333333333037e+00
1.576190476190476275e+01
4.380952380952381375e+00
7.809523809523809312e+00
5.142857142857143238e+00
8.190476190476189799e+00
7.238095238095238138e+00
1.338095238095238138e+01
1.133333333333333393e+01
1.104761904761904745e+01
1.285714285714285765e+01
1.152380952380952372e+01
5.476190476190476275e+00
5.047619047619047450e+00
4.476190476190476275e+00
8.857142857142857650e+00
6.666666666666666963e+00
7.238095238095238138e+00
1.110000000000000000e+02
2.483809523809523796e+02
3.857142857142857206e+00
7.047619047619047450e+00
7.380952380952381375e+00
5.571428571428571175e+00
4.761904761904761862e+00
4.904761904761905100e+00
2.742857142857142705e+01
5.380952380952381375e+00
1.266666666666666607e+01
1.014285714285714235e+01
2.195238095238095255e+01
1.814285714285714235e+01
5.857142857142856762e+00
3.090476190476190510e+01
6.657142857142856940e+01
5.357142857142856940e+01
6.333333333333333037e+00
6.047619047619047450e+00
5.809523809523809312e+00
6.428571428571428825e+00
7.857142857142856762e+00
1.047619047619047628e+01
6.619047619047618625e+00
6.333333333333333037e+00
1.566666666666666607e+01
8.476190476190476275e+00
2.585714285714285765e+01
1.566666666666666607e+01
1.019047619047618980e+01
1.109523809523809490e+01
1.185714285714285765e+01
5.238095238095238138e+00
1.085714285714285765e+01
1.847619047619047450e+01
2.195238095238095255e+01
1.766666666666666785e+01
1.900000000000000000e+01
1.714285714285714235e+01
4.904761904761905100e+00
4.476190476190476275e+00
1.200000000000000000e+01
8.095238095238094900e+00
3.276190476190475920e+01
7.809523809523809312e+00
7.523809523809523725e+00
1.090476190476190510e+01
1.485714285714285765e+01
9.190476190476189799e+00
7.095238095238094900e+00
9.238095238095237249e+00
5.523809523809523725e+00
3.666666666666666519e+00
1.571428571428571352e+01
8.190476190476189799e+00
2.228571428571428470e+01
6.761904761904761862e+00
3.971428571428571530e+01
5.238095238095238138e+00
1.061904761904761862e+01
7.333333333333333037e+00
7.428571428571428825e+00
1.076190476190476275e+01
3.009523809523809490e+01
6.000000000000000000e+00
1.142857142857142883e+01
9.857142857142857650e+00
1.738095238095237960e+01
1.114285714285714235e+01
9.523809523809523725e+00
8.904761904761905100e+00
5.619047619047618625e+00
6.380952380952381375e+00
6.133333333333333570e+01
4.904761904761905100e+00
1.033333333333333393e+01
7.761904761904761862e+00
1.623809523809523725e+01
4.047619047619047450e+00
2.266666666666666785e+01
1.066666666666666607e+01
1.990476190476190510e+01
5.342857142857143060e+01
5.714285714285714413e+00
1.000000000000000000e+01
4.190476190476190688e+00
1.909523809523809490e+01
5.047619047619047450e+00
8.714285714285713524e+00
1.004761904761904745e+01
2.223809523809523725e+01
1.209523809523809490e+01
6.095238095238094900e+00
4.047619047619047450e+00
1.942857142857142705e+01
2.271428571428571530e+01
5.666666666666666963e+00
8.619047619047618625e+00
1.833333333333333215e+01
5.714285714285714413e+00
8.619047619047618625e+00
5.119047619047618980e+01
1.138095238095238138e+01
1.695238095238095255e+01
1.114285714285714235e+01
1.128571428571428648e+01
1.185714285714285765e+01
9.428571428571428825e+00
1.028571428571428648e+01
5.095238095238094900e+00
1.095238095238095255e+01
5.428571428571428825e+00
5.095238095238094900e+00
8.238095238095237249e+00
5.666666666666666963e+00
6.190476190476190688e+00
6.761904761904761862e+00
4.857142857142856762e+00
4.428571428571428825e+00
8.142857142857142350e+00
5.142857142857143238e+00
5.428571428571428825e+00
4.333333333333333037e+00
9.142857142857142350e+00
4.809523809523809312e+00
6.047619047619047450e+00
1.471428571428571352e+01
6.523809523809523725e+00
6.190476190476190688e+00
3.857142857142857206e+00
4.142857142857143238e+00
4.904761904761905100e+00
4.380952380952381375e+00
8.761904761904762751e+00
8.857142857142857650e+00
8.857142857142857650e+00
7.566666666666667140e+01
5.142857142857143238e+00
5.190476190476190688e+00
1.509523809523809490e+01
3.233333333333333570e+01
3.809523809523809312e+00
7.857142857142856762e+00
6.714285714285714413e+00
4.547619047619047450e+01
2.819047619047618980e+01
1.728571428571428470e+01
5.666666666666666963e+00
1.204761904761904745e+01
2.157142857142857295e+01
1.709523809523809490e+01
8.333333333333333925e+00
6.238095238095238138e+00
2.652380952380952550e+01
8.333333333333333925e+00
4.142857142857143238e+00
1.995238095238095255e+01
1.000000000000000000e+01
4.190476190476190688e+00
5.857142857142856762e+00
2.190476190476190510e+01
1.223809523809523725e+01
4.428571428571428825e+00
5.142857142857143238e+00
5.476190476190476275e+00
4.904761904761905100e+00
9.047619047619047450e+00
7.619047619047618625e+00
4.047619047619047450e+00
5.190476190476190688e+00
4.809523809523809312e+00
4.714285714285714413e+00
8.476190476190476275e+00
1.276190476190476275e+01
5.523809523809523725e+00
1.909523809523809490e+01
3.904761904761904656e+00
4.047619047619047450e+00
7.809523809523809312e+00
4.380952380952381375e+00
4.666666666666666963e+00
8.000000000000000000e+00
4.904761904761905100e+00
8.476190476190476275e+00
4.619047619047618625e+00
5.952380952380952550e+00
4.285714285714285587e+00
5.952380952380952550e+00
3.428571428571428470e+01
1.900000000000000000e+01
6.761904761904761862e+00
1.309523809523809490e+01
9.047619047619047450e+00
6.285714285714285587e+00
7.571428571428571175e+00
4.714285714285714413e+00
1.652380952380952550e+01
3.857142857142857206e+00
5.619047619047618625e+00
1.280952380952381020e+01
4.285714285714285587e+00
5.000000000000000000e+00
4.809523809523809312e+00
4.619047619047618625e+00
6.428571428571428825e+00
6.761904761904761862e+00
4.238095238095238138e+00
6.666666666666666963e+00
5.238095238095238138e+00
6.476190476190476275e+00
6.000000000000000000e+00
1.114285714285714235e+01
9.523809523809523725e+00
6.190476190476190688e+00
4.761904761904761862e+00
2.085714285714285765e+01
5.333333333333333037e+00
4.809523809523809312e+00
6.761904761904761862e+00
7.476190476190476275e+00
7.190476190476190688e+00
1.209523809523809490e+01
4.619047619047618625e+00
1.080952380952381020e+01
9.571428571428571175e+00
4.333333333333333037e+00
4.190476190476190688e+00
5.904761904761905100e+00
3.904761904761904656e+00
5.285714285714285587e+00
5.047619047619047450e+00
7.047619047619047450e+00
5.857142857142856762e+00
3.904761904761904656e+00
4.380952380952381375e+00
1.066666666666666607e+01
7.285714285714285587e+00
4.857142857142856762e+00
5.428571428571428825e+00
3.123809523809523725e+01
3.809523809523809312e+00
3.904761904761904656e+00
4.380952380952381375e+00
4.714285714285714413e+00
3.904761904761904656e+00
7.047619047619047450e+00
4.904761904761905100e+00
7.523809523809523725e+00
7.452380952380951840e+02
1.423809523809523725e+01
4.190476190476190688e+00
5.190476190476190688e+00
1.047619047619047628e+01
6.619047619047618625e+00
6.523809523809523725e+00
5.476190476190476275e+00
5.619047619047618625e+00
4.761904761904761862e+00
4.571428571428571175e+00
8.666666666666666075e+00
4.714285714285714413e+00
9.809523809523810201e+00
7.142857142857143238e+00
1.219047619047618980e+01
7.761904761904761862e+00
6.714285714285714413e+00
8.047619047619047450e+00
5.857142857142856762e+00
6.190476190476190688e+00
5.380952380952381375e+00
7.095238095238094900e+00
1.509523809523809490e+01
5.523809523809523725e+00
5.904761904761905100e+00
5.619047619047618625e+00
6.142857142857143238e+00
4.238095238095238138e+00
4.714285714285714413e+00
6.047619047619047450e+00
5.857142857142856762e+00
6.714285714285714413e+00
6.285714285714285587e+00
4.952380952380952550e+00
5.142857142857143238e+00
6.476190476190476275e+00
6.476190476190476275e+00
6.571428571428571175e+00
4.666666666666666963e+00
6.666666666666666963e+00
5.000000000000000000e+00
4.666666666666666963e+00
6.857142857142856762e+00
7.619047619047618625e+00
9.190476190476189799e+00
5.952380952380952550e+00
8.095238095238094900e+00
8.428571428571428825e+00
5.761904761904761862e+00
6.523809523809523725e+00
5.666666666666666963e+00
5.428571428571428825e+00
9.857142857142857650e+00
6.190476190476190688e+00
4.523809523809523725e+00
3.761904761904761862e+00
5.333333333333333037e+00
8.142857142857142350e+00
7.047619047619047450e+00
6.000000000000000000e+00
1.066666666666666607e+01
9.428571428571428825e+00
4.238095238095238138e+00
4.857142857142856762e+00
1.038095238095238138e+01
5.380952380952381375e+00
7.095238095238094900e+00
6.904761904761905100e+00
7.619047619047618625e+00
6.857142857142856762e+00
4.761904761904761862e+00
5.000000000000000000e+00
6.952380952380952550e+00
7.000000000000000000e+00
8.000000000000000000e+00
1.661904761904762040e+01
5.952380952380952550e+00
5.095238095238094900e+00
6.952380952380952550e+00
7.333333333333333037e+00
4.190476190476190688e+00
4.714285714285714413e+00
7.190476190476190688e+00
4.714285714285714413e+00
5.523809523809523725e+00
4.714285714285714413e+00
6.095238095238094900e+00
5.571428571428571175e+00
1.038095238095238138e+01
5.238095238095238138e+00
