-5.282915704218897446e+01
-6.496219207327737877e+01
-5.597831568774472544e+01
-5.894803338565625239e+01
-6.503932601033606886e+01
-6.179848650261438081e+01
-7.080066418190074273e+01
-7.337985473098432010e+01
-5.268439702621847687e+01
-8.898305411966850897e+01
-5.878966118935922225e+01
-5.749594024455829100e+01
-1.067386731477069048e+02
-5.269205807343625025e+01
-4.514865252517015648e+01
-9.051599857615157418e+01
-5.698838736803595140e+01
-5.947576027059292869e+01
-7.493373197920099926e+01
-6.774615668237636612e+01
-6.790881819164042099e+01
-5.581649788946200630e+01
-5.987217377148008524e+01
-7.186856695257240801e+01
-6.717154006392007659e+01
-5.236418909985474102e+01
-7.747536737371471816e+01
-5.170222804218252577e+01
-6.040738498068746054e+01
-5.980469830979946266e+01
-5.381301910264167532e+01
-5.736057958374945542e+01
-5.883164781382477315e+01
-5.615610894492417060e+01
-5.398870752896669956e+01
-2.711391485150332755e+03
-5.773186237591121994e+01
-8.065924231345307760e+01
-6.410930642333208596e+01
-6.058023512983820069e+01
-6.370612819887724498e+01
-7.306595255053142068e+01
-6.387939321605210097e+01
-5.879204961301647359e+01
-7.229485381382174580e+01
-6.092607552046334973e+01
-5.614693501643318996e+01
-5.200945148995189982e+01
-6.244604194556114152e+01
-4.831967660371315532e+01
-4.975786232478443338e+01
-6.904261063935173581e+01
-6.130988695371725328e+01
-5.746578126659705532e+01
-5.422185811259460309e+01
-5.894327704521337807e+01
-7.450800427510286283e+01
-7.196149444345198276e+01
-5.507847020565240825e+01
-6.473013894790898348e+01
-6.036195288831601857e+01
-5.590752490264706864e+01
-5.279779611223078462e+01
-6.133707643450324554e+01
-4.882561124112526585e+01
-6.329510818927936100e+01
-5.590387509070734495e+01
-7.429420999907911494e+01
-5.721478601976485834e+01
-5.818950717366750069e+01
-6.397218365183529443e+01
-5.264620756350080910e+01
-5.718834371601832345e+01
-5.355864253851936496e+01
-8.208150182068398237e+01
-5.607273109684941659e+01
-5.260841177447340300e+01
-6.655019320363898316e+01
-5.946001529383694617e+01
-6.434937534484519972e+01
-5.916813067639411372e+01
-6.607528329965914793e+01
-9.756630569761533422e+01
-6.139412380290524140e+01
-5.873593774723616434e+01
-4.732964685133936200e+01
-5.884004276268049693e+01
-7.834059652720256395e+01
-6.908604120004528681e+01
-5.135301488999844821e+01
-5.960227081219945688e+01
-5.528803018091271326e+01
-6.169988551693468537e+01
-6.821736879924527841e+01
-5.571675948797633993e+01
-5.587444633043626396e+01
-5.485099437572711167e+01
-5.596895205334969603e+01
-5.957195098735334682e+01
-4.943552902999530119e+01
-5.084534311859092526e+01
-6.308965088394347731e+01
-7.491549104753588040e+01
-6.737005474999627097e+01
-5.033891957240562931e+01
-5.582433688095869684e+01
-6.732666231354062347e+01
-5.061770451984587993e+01
-5.440773148190790209e+01
-5.217117592946751614e+01
-4.835463864977796788e+01
-6.365765403468742534e+01
-6.175451061831687127e+01
-5.655715223382585322e+01
-5.291085691957155746e+01
-8.265651857782660272e+01
-7.857843314728232542e+01
-4.954615958653466379e+01
-6.947092501995186353e+01
-5.788114530757776066e+01
-4.599265545678873934e+01
-5.480877920722295471e+01
-6.673887861597174265e+01
-6.788329707442936467e+01
-7.351418472716402164e+01
-6.044429225420639540e+01
-6.666561198607736571e+01
-2.818289649536057368e+03
-5.856608003101754889e+01
-6.770121849577806472e+01
-5.914987909874833605e+01
-6.711467978208546015e+01
-5.029689703938894496e+01
-5.603201973453000306e+01
-5.215704438823272682e+01
-6.435218544323683432e+01
-7.079644639522082628e+01
-6.145735403705221955e+01
-5.255545532777777851e+01
-8.292847119623645824e+01
-7.418821474684709472e+01
-5.727702061411300605e+01
-5.702831357463403350e+01
-6.110699488125179357e+01
-6.144436805885608521e+01
-5.422844600508039292e+01
-5.256301825947746664e+01
-8.523974852773075384e+01
-7.088705359011258622e+01
-5.627737695757006975e+01
-7.374594961465541587e+01
-7.148745515638610470e+01
-1.025698771537030467e+02
-4.971482672190713004e+01
-5.351545847637832054e+01
-5.527787751520251192e+01
-5.724851003094285318e+01
-9.306207873117432428e+01
-6.289286880582402262e+01
-5.993016910720918133e+01
-8.037113523141476890e+01
-4.658511181030464599e+01
-5.934657735892881192e+01
-4.998327910682866815e+01
-5.554320309823436475e+01
-7.518348668799340828e+01
-6.776533342019168060e+01
-5.433321669312571345e+01
-8.536567365090593285e+01
-5.920924497525133035e+01
-5.567260316717155888e+01
-5.681267233391080396e+01
-7.481005254580708197e+01
-6.591903207345944793e+01
-9.872959268311886660e+01
-7.340067249541384342e+01
-1.145304127878135745e+02
-6.083928577296070017e+01
-5.427410627134528909e+01
-6.944392644193406738e+01
-8.068970024841996747e+01
-8.554232817717807791e+01
-5.063654598871868728e+01
-7.479054789041028073e+01
-5.802294018989798730e+01
-5.672841130248962571e+01
-2.240720283732563985e+03
-5.783880721662302449e+01
-5.482065089943924363e+01
-5.785430387483266657e+01
-7.346597962360624479e+01
-5.630932579136689498e+01
-7.448821253485395744e+01
-6.493690148141007512e+01
-5.446614465966204222e+01
-7.537389477678298988e+01
-7.053512654476938337e+01
-7.412394930146838590e+01
-6.461071328697975957e+01
-6.461503107588384864e+01
-5.634384933165756593e+01
-5.688631516854403714e+01
-6.905830097664066614e+01
-6.738441832911672691e+01
-6.142705785306232968e+01
-6.157600930108355897e+01
-5.425821360714304831e+01
-6.374764925331761134e+01
-6.504678685263569093e+01
-5.545445406275991473e+01
-5.347923115724938015e+01
-6.001996603919822348e+01
-8.911889777413263403e+01
-5.620151513006181432e+01
-5.163323031713990474e+01
-5.241241156531846457e+01
-5.401951845126759366e+01
-5.120374382433332983e+01
-7.049351838245179636e+01
-6.253748267165865826e+01
-5.622214487503396185e+01
-6.576930977144148471e+01
-5.633051602282126424e+01
-5.452444339250257599e+01
-5.406052915794597169e+01
-6.911522488916044438e+01
-5.728756849401670337e+01
-5.816046999094812975e+01
-5.606884907289271069e+01
-5.107748065393346337e+01
-6.858292099995752267e+01
-6.838958873706809527e+01
-5.666377544282948264e+01
-5.201413716707516954e+01
-6.739784542972984127e+01
-5.166366903249397780e+01
-5.534301740937353031e+01
-6.276777723441048806e+01
-6.796157638976613669e+01
-8.083572497952272329e+01
-5.814817843534295605e+01
-6.408728735662484155e+01
-6.412729568471748109e+01
-6.729742034257402850e+01
-6.382696637578330012e+01
-8.462234459666063913e+01
-5.652866288543643947e+01
-8.703819133734640445e+01
-6.624357442360188486e+01
-5.393537502960803209e+01
-6.012092656242517563e+01
-3.032252243051219011e+03
-5.950859098524007607e+01
-6.663436114401547172e+01
-6.017022885186043624e+01
-5.279225439118794583e+01
-6.008602050944077888e+01
-5.035011581613639464e+01
-5.496523061197936499e+01
-5.532303412962192368e+01
-5.760478081276540507e+01
-6.564654338315219206e+01
-5.146459831395166162e+01
-5.387312771740844397e+01
-6.459719724811091623e+01
-5.719548326988835640e+01
-6.094753529127148539e+01
-6.230879681392604397e+01
-5.495617920320523098e+01
-6.682325910497017674e+01
-6.788563005406061279e+01
-6.821239598453487929e+01
-6.047812431595662730e+01
-5.201503158487979306e+01
-5.850257901397426252e+01
-5.785133389422219352e+01
-5.875202087155793151e+01
-5.712329643508281407e+01
-5.371413113457547439e+01
-3.984621570752850062e+01
-5.744164734140362327e+01
-7.073887210222417821e+01
-6.418520552867731510e+01
-5.011271399541737992e+01
-5.606865761929143588e+01
-6.145630221451006037e+01
-4.964501621039848089e+01
-6.517221824741724845e+01
-5.773207495971249870e+01
-7.435354011723215706e+01
-5.408638895321654161e+01
-6.046258027324211781e+01
-7.826521937399451190e+01
-5.116366693754169859e+01
-8.467540746884223779e+01
-5.427223437832425645e+01
-6.281983072128401346e+01
-5.989629912516994636e+01
-5.193211725718879279e+01
-5.455366242802801224e+01
-4.947999648123219885e+01
-8.840540167347479894e+01
-9.010177346024717338e+01
-9.282902687455511170e+01
-5.070014031005272415e+01
-6.116475096184008464e+01
-5.983231673351397006e+01
-6.709269678327000008e+01
-6.570288326715299831e+01
-6.654915360879488162e+01
-5.569356458797542331e+01
-4.937634312603257314e+01
-8.082169110340571194e+01
-6.330737863736940341e+01
-7.191023799040023334e+01
-5.198120970870010638e+01
-7.075292665192502284e+01
-6.395335355409789457e+01
-5.523883666294111805e+01
-6.456395002797393090e+01
-5.513023527713015426e+01
-6.662487339426969868e+01
-7.356259884282027883e+01
-7.986904510267855528e+01
-7.430823665611931972e+01
-8.303245338145663368e+01
-6.834931936488426629e+01
-5.184201261138067451e+01
-5.851410885470065892e+01
-7.317933284028234198e+01
-6.185203977346602500e+01
-7.987368634275797774e+01
-5.746313388586349191e+01
-6.837467549002656142e+01
-5.992143132347122503e+01
-5.927399520093085528e+01
-7.028570603738846501e+01
-6.641747547934667750e+01
-5.776251876809355679e+01
-6.853384807128388445e+01
-5.637397671854866132e+01
-5.978839502506014725e+01
-7.768279519427480295e+01
-5.916883644357065464e+01
-7.101183622363259929e+01
-5.418567480758130728e+01
-8.933879419493267449e+01
-5.936462123226662158e+01
-9.749348702215509377e+01
-5.725012466968203029e+01
-6.190602785314299439e+01
-6.228626242791020928e+01
-5.782765125449143540e+01
-5.864435852468666610e+01
-6.494446458613434459e+01
-5.407164589179581071e+01
-6.682915486681775974e+01
-5.489650676154936804e+01
-8.266744795258026102e+01
-8.158229206164733682e+01
-6.134788787339967797e+01
-6.866817247331471208e+01
-4.806307789635614114e+01
-6.459806464365806278e+01
-5.223704385231095415e+01
-6.683161002911344895e+01
-5.968399024438349443e+01
-5.644181908252137703e+01
-5.432164723922254979e+01
-5.982875608384937038e+01
-5.634681063755358110e+01
-6.069320923622989739e+01
-5.801318586744616823e+01
-5.301217039703846723e+01
-5.446557679297443144e+01
-9.121337749587462440e+01
-3.843674953946896949e+03
-6.256718600331091551e+01
-4.916146299135932907e+01
-5.654613032321575616e+01
-6.538278432580082722e+01
-6.021737816214282191e+01
-6.353578941192018448e+01
-5.475425556961025109e+01
-7.472517553666055790e+01
-6.888174328124712531e+01
-6.921765439456962099e+01
-8.140344700293965730e+01
-6.465259970134431455e+01
-6.742195127028344359e+01
-5.035159295884836439e+01
-5.054891720009490541e+01
-8.059761533196152072e+01
-5.017102511447585300e+01
-6.362821823707088953e+01
-5.137425054462025997e+01
-6.156088145031728232e+01
-7.803480273470741224e+01
-7.053393350784048721e+01
-5.948511713643959098e+01
-7.752067895990496993e+01
-7.591301103239950976e+01
-5.652779590229194184e+01
-6.371024837412834785e+01
-5.154829084223892011e+01
-6.228900353717933314e+01
-5.376428278561807161e+01
-7.424743027428998232e+01
-5.983170841665135953e+01
-7.657362080621972211e+01
-5.128333254486427251e+01
-8.810010767869111703e+01
-7.757411223593422278e+01
-7.936803176927045911e+01
-8.219161287882576516e+01
-5.455843401546205484e+01
-6.425514256437625704e+01
-6.050218632847124667e+01
-5.936129322222871707e+01
-4.829633056086302645e+01
-5.129701275685474826e+01
-6.031314354704193192e+01
-6.335619453459988648e+01
-7.123254984695957319e+03
-5.264853381407954913e+01
-4.989346351339005992e+01
-6.405725641364972489e+01
-5.520238695213571845e+01
-5.204683623376384816e+01
-6.225462405808521282e+01
-5.080348786356655211e+01
-5.667282248053444960e+01
-6.337250201134700234e+01
-5.526411564255607090e+01
-5.622171577310548685e+01
-6.084327300704046593e+01
-4.980881530789608291e+01
-5.551784146425060840e+01
-5.368438920339674070e+01
-5.094760380558224000e+01
-5.538010643054382598e+01
-5.842467279409156333e+01
-5.599324566974418360e+01
-5.111857509811957812e+01
-6.157638580144955398e+01
-5.665209692625217031e+01
-4.978667755295371933e+01
-6.574298557417215250e+01
-5.677828889389067513e+01
-5.171794622140930642e+01
-5.111976506007582799e+01
-6.396068586494529029e+01
-5.142199734832255587e+01
-6.121031991313548559e+01
-5.970128800614515541e+01
-5.554198216721082559e+01
-4.971021974810089006e+01
-5.283758960848597042e+01
-5.898451651056107892e+01
-5.820258618648927751e+01
-6.152692675238871800e+01
-6.391313370322377807e+01
-6.422045866906476874e+01
-6.152509390257484512e+01
-9.371956510441169996e+01
-5.160381529399004563e+01
-5.595260247527979658e+01
-6.768030675574628674e+01
-8.479034026765415888e+01
-5.170085673812612015e+01
-7.543762287028435765e+01
-5.961416381198064585e+01
-5.890215436681052097e+01
-8.491344775099867093e+01
-5.048789976921075606e+01
-7.099712582497406288e+01
-7.646606672682783312e+01
-5.591289567254047199e+01
-6.964976315428077669e+01
-6.864150266563271430e+01
-7.582954610870302758e+01
-6.423933412099609086e+01
-5.028127750436052423e+01
-7.655692076035411731e+01
-5.708480257107618883e+01
-5.207950098236650405e+01
-6.138724100589927701e+01
-7.388334289104652441e+01
-7.247949768986518393e+01
-4.435735307025489504e+01
-5.061296653581447913e+01
-5.670760432154622066e+01
-7.816312137103201962e+01
-4.981563962963160463e+01
-6.975218172745205436e+01
-5.492986936409251086e+01
-4.820683241471784442e+01
-5.200304150957126126e+01
-6.218975280364362845e+01
-6.459876082947701548e+01
-5.023347683042245393e+01
-5.331373465505657094e+01
-5.829150416162994475e+01
-5.672978574441833644e+01
-5.911282080944165784e+01
-6.194700912573417639e+01
-5.405585300351008016e+01
-6.115175837757461608e+01
-5.498204745215790723e+01
-4.670198678469011355e+01
-6.404587833196409008e+01
-6.420742916346797813e+01
-5.080661669305517592e+01
-5.193265471458929738e+01
-6.269543232153643686e+01
-5.758328650104679980e+01
-4.706205341007026988e+01
-6.997693964472220785e+01
-5.121886914787976508e+01
-6.000488263706910885e+01
-5.877756246305056465e+01
-5.940314579562748776e+01
-5.574827052956922557e+01
-5.431833914798465912e+01
-5.100527187849905175e+01
-5.212263562921882709e+01
-8.596221147747645830e+01
-7.408130098793935758e+01
-5.734403870629407862e+01
-5.280606426127418729e+01
-6.053901794528768221e+01
-6.608581169628291718e+01
-6.412891300094240421e+01
-5.953866970775622036e+01
-5.632857956409169020e+01
-5.195119180598223352e+01
-5.548445008694690728e+01
-6.768212007232496319e+01
-4.731856637020612055e+01
-4.810229389141137801e+01
-5.611223212440261676e+01
-4.580684939792617882e+01
-5.154611587273144835e+01
-2.904107947748974311e+03
-6.143886651757863859e+01
-5.326159314601600414e+01
-6.354940122946599956e+01
-5.282204053859922510e+01
-5.543472031755830898e+01
-5.320656938336367858e+01
-4.801187271100420162e+01
-5.355669678314706061e+01
-5.605452615156463025e+01
-5.499483892837295684e+01
-5.935395871442845817e+01
-5.782169457708589988e+01
-5.848429976075204451e+01
-7.110329646143496518e+01
-5.014715382039040747e+01
-7.075824125327034153e+01
-5.536032936099898194e+01
-7.387374430861142116e+01
-6.706791343684061246e+01
-6.252143012984359416e+01
-5.619573794855602955e+01
-6.076771273156693098e+01
-5.364164487711945384e+01
-5.217763581959928132e+01
-5.307963230714360492e+01
-5.147234547193704657e+01
-5.016932395215149398e+01
-5.210891843305942928e+01
-5.417873750775147101e+01
-5.307285806119912053e+01
-6.070617328679052349e+01
-5.917003503880527404e+01
-5.798435525103653987e+01
-6.958691462067599787e+01
-7.103772325565782353e+01
-4.891901984421459559e+01
-7.690299452407955982e+01
-7.065500469647294324e+01
-6.232236223554084376e+01
-5.501209819164256487e+01
-5.375374673130197323e+01
-5.300618938124228663e+01
-5.180479630397042712e+01
-5.315684998007846929e+01
-5.577872720191949441e+01
-5.397691959529598194e+01
-5.153733452808467064e+01
-5.694732585106681455e+01
-4.732110810476756768e+01
-5.508737663007872953e+01
-5.749768259746480936e+01
-4.832758202953635163e+01
-5.653381138594713207e+01
-5.493508725290850236e+01
-6.271608980553839530e+01
-4.338764268378965028e+01
-5.521122110184640519e+01
-6.236030181464141720e+01
-5.239257793302693500e+01
-6.148252074827821900e+01
-5.655205929697385869e+01
-5.392529047252903496e+01
-5.311800784148323373e+01
-5.857556544436156543e+01
-6.247344518700872840e+01
-7.607775870144743635e+01
-4.991450999408334610e+01
-1.356385002173632870e+02
-5.615021490186433795e+01
-5.532036300893082625e+01
-5.228307080542220575e+01
-5.232867447453993748e+01
-4.998367728398368115e+01
-6.321777521768716213e+01
-5.156999524497511089e+01
-5.715929083290257040e+01
-5.965853931351932715e+01
-6.071327540380579535e+01
-5.257364869409011732e+01
-5.139998383523126080e+01
-5.909246387790877719e+01
-5.371357988001795292e+01
-5.272056677529671731e+01
-4.982596381479725522e+01
-6.192172125173476616e+01
-5.693073948244629179e+01
-6.631710523779457844e+01
-2.690354141097125648e+03
-5.766546799554897973e+01
-5.702215140517964187e+01
-5.247728635695665389e+01
-5.260269872817463721e+01
-6.057510326502328724e+01
-4.845028653901689353e+01
-5.297000859349084578e+01
-5.929059718907861765e+01
-5.351251322024348411e+01
-5.561985715970591571e+01
-5.141341641155293019e+01
-5.429707954102757128e+01
-5.946306173231893411e+01
-5.059955172062855411e+01
-6.876014097987064133e+01
-5.743829082095363248e+01
-5.305297169957237458e+01
-5.750789281252899343e+01
-5.160096056485982530e+01
-3.310148495196691783e+03
-5.411591571052233007e+01
-5.068333847982597007e+01
-6.354325982803786133e+01
-5.496272071416759530e+01
-5.425132997763128628e+01
-2.496836195292481079e+03
-5.675609685917549996e+01
-5.148089218627455210e+01
-5.001917092752105987e+01
-5.300068113488945443e+01
-5.206570600266941540e+01
-5.374787449049844668e+01
-5.382779098085715219e+01
-5.650381361014515136e+01
-5.691338093731025083e+01
-6.225968410805534603e+01
-5.295564097418074567e+01
-2.947127001113583447e+03
-5.127830266890921251e+01
-5.973617770357369494e+01
-5.025575882684879758e+01
-5.282295443198896123e+01
-5.840598442927804257e+01
-5.883218967851890113e+01
-5.715000908784175948e+01
-5.613873992906113131e+01
-5.164249778636919075e+01
-5.293871333134422486e+01
-5.765282057834748031e+01
-4.838800320023796075e+01
-5.583576901293977102e+01
-5.928250506704717537e+01
-5.403049193850086596e+01
-5.880499893877197337e+01
-6.360676205304254438e+01
-5.752629440929950988e+01
-4.809397810109405924e+01
-4.971883014992344130e+01
-5.563395620629862748e+01
-5.586563768318227829e+01
-5.097659759507192945e+01
-5.176633460853827984e+01
-6.243696613439684029e+01
-4.674404118014165022e+01
-4.917636798285656852e+01
-5.504386592110310517e+01
-5.117055295857954889e+01
-5.356703920018342302e+01
-5.752077375736163134e+01
-6.166944235595758528e+01
-6.822772678483366349e+01
-5.524274101235541679e+01
-5.641850397314946264e+01
-4.658722772174028393e+01
-5.262025883847246632e+01
-5.627932610583228978e+01
-5.619500992551316187e+01
-5.435181357308520944e+01
-6.072043098745055545e+01
-5.539292540278915311e+01
-5.209073458659463540e+01
-5.073898001894879428e+01
-5.542110821922195640e+01
-5.148315133754325501e+01
-5.619873771006691499e+01
-5.084112800413879540e+01
-6.351285440862481124e+01
-5.963371079357948190e+01
-4.743665355117522608e+01
-5.005407708262791999e+01
-5.848597795167694358e+01
-5.510558145524245077e+01
-4.559086768376888443e+01
-5.457475715964383056e+01
-5.213108329542622954e+01
-5.841147456973167351e+01
-5.016131057845483099e+01
-5.964110808770011829e+01
-6.198237989449065566e+01
-5.723921236832142512e+01
-6.410859258997884069e+01
-4.684267404335805907e+01
-5.545748455697036405e+01
-5.299946238377113872e+01
-6.477803218593136592e+01
-5.406263606207802042e+01
-5.928323721181748596e+01
-5.585481902046787184e+01
-5.868792286880561448e+01
-4.772197203577920988e+01
-4.994191811791424840e+01
-5.421829366444326581e+01
-2.988959903831769680e+03
-5.029822573165235866e+01
-5.686764742166008801e+01
-5.282974562113277983e+01
-5.619473905251948054e+01
-6.676545549918017741e+01
-5.292384201824221179e+01
-4.952850342305761444e+01
-5.279032291240171304e+01
-5.401764484366758268e+01
-5.517039061917656539e+01
-4.949892840455487431e+01
-5.972473737250482628e+01
-6.486527254060332837e+01
-5.312832738241501573e+01
-5.496762431907104940e+01
-5.342637514940325616e+01
-5.967507641430466236e+01
-4.898371432734384712e+01
-6.485906436225204175e+01
-5.510410012210821407e+01
-5.238871369691134561e+01
-5.203895134742081297e+01
-5.502069694958476731e+01
-5.457793465488877160e+01
-4.978951690483325621e+01
-6.297385035416210286e+01
-5.276367010869716268e+01
-6.403845421856168230e+01
-6.384793327447718525e+01
-5.135527631736604803e+01
-5.270561615266427680e+01
-5.102492042678817796e+01
-5.536508234252364247e+01
-5.378277467825151348e+01
-5.548695494093043123e+01
-6.037665370485331096e+01
-5.591653417213318988e+01
-5.364685409460848575e+01
-5.143819754813079470e+01
-6.158996532888814812e+01
-5.025506762273091255e+01
-5.395933800551041770e+01
-4.512831590839314089e+01
-5.586577236236973221e+01
-2.368595881326357812e+03
-2.368182448767001915e+03
-5.403798940166471709e+01
-5.418234279769213657e+01
-5.217286133877518495e+01
-5.441138416946064638e+01
-5.574443628915349080e+01
-5.462605904064064788e+01
