6.584696869384282225e-01
6.765899864682003439e-01
6.130606117470446259e-01
5.537970191625265493e+00
7.428361761915842632e-01
2.432129644794306600e+00
4.488454706927175408e+00
2.751547878166343164e+00
1.316677942759459707e+00
1.047310774398992006e+00
1.552414628536898045e+00
2.720129171151775882e+00
9.272204950227693754e-01
6.042699087122965551e+00
3.585821268097853398e+00
1.471521606159823969e+00
4.153706615068328389e+00
8.461833770554738621e-01
1.222028366756296336e+00
1.697456251127547722e+00
9.776433657453486026e-01
1.262812089356111001e+00
6.911802519928001987e-01
2.537270287012182157e-01
2.316435952427373657e+00
9.486673247778877327e-01
8.031978251248656164e+00
4.023923444976076347e+00
2.356798565183275684e+00
2.061353493074892462e+00
3.783309816569240702e+00
9.583098591549296108e-01
4.223618090452260887e+00
1.245106240588924607e+00
3.800945709460245236e+00
8.149524208042858930e+00
1.346701317110625462e+00
3.214046822742476550e+00
4.441840379825091389e+00
4.100952891704737979e+00
3.200000000000000178e+00
5.444127436994769198e+00
3.957697339729612906e+00
1.642780748663101420e+00
2.883603618626756848e+00
7.527214618445074512e-07
7.224856909239575131e+00
2.673746709922263154e+00
2.537591859807802219e+00
3.212389380530973337e+00
1.397040222615735239e+01
7.665516857683321028e-01
8.679153094462540352e+00
3.274463007159905459e+00
4.572076155938349373e+00
7.935652173913045004e+00
1.859154929577464310e+00
1.114751054852320955e+01
1.800000000000000488e+00
2.287006737247353527e+01
4.003679187996580957e+00
1.592801126080836571e+00
9.876951672862441001e+01
1.324360474836983492e+00
1.231262525050099832e+01
2.751963350785340268e+00
2.409475032010242490e+00
5.197535478214429183e+00
4.448529411764487122e+03
7.830598713508162056e+00
7.527214217047919743e-07
3.343900096061479310e+00
1.627885068299575799e+00
6.728000000000002423e+00
2.100282220131702626e+00
2.024103281607733340e+00
1.864516129032256231e+01
7.835820895522387808e+00
4.146855656230375331e+00
8.768084173608068355e+00
7.382034487367996611e+00
1.700787401574803459e+00
1.634049976530059789e+00
5.207863943421680908e+00
4.904363731382285430e+00
8.272131147540989105e+00
2.918519670346757078e+00
6.391333112801850902e+00
4.309441819768398574e+00
4.797932010964135685e+00
1.334455047714716436e+01
2.715080789946140527e+01
1.919583131362093908e+01
5.957446808510640679e+00
2.251317313442285251e+00
3.553876277305268339e+00
3.786107817839459599e+00
7.488310259466397945e+00
6.521129486403673070e+00
1.139096972806567187e+01
2.544231553200162921e+00
6.519732441471568052e+00
6.178075725382236705e+00
1.100194462450226451e+00
2.104294478527607648e+00
3.182948490230904870e+00
3.000000000000000000e+00
4.002126754572518763e+00
1.061985737794843843e+00
6.723414877683473456e+00
5.196969696969697239e+00
1.925820256776034300e+00
5.757469358922807423e+00
3.844962057335580941e+00
2.410630908236681247e+00
2.542245502163516413e+00
2.024921880954196673e+00
1.863921484958395824e+00
3.793774319066149037e+00
1.082999999999999652e+01
4.388991503509418912e+00
7.527212818859891781e-07
1.700595728192957790e+00
6.359365825014681173e-01
4.926571481550158005e+00
1.335186656076251088e+00
2.032628398791540558e+00
2.053009555601387426e+00
1.679041118694856172e+00
1.993365724702872155e-01
1.315885916531224886e+00
2.270337548541272454e+00
1.898005269100489611e+00
4.725291365376436126e+00
5.313195362962169099e+00
1.515126683929332474e+00
2.521692036348330834e+00
2.247296112247880728e+00
3.750192299329984547e+00
2.024289380107489489e+00
1.706533942070204590e+00
3.510318471337579460e+00
2.934138309549944257e+00
2.143650999179446792e+00
2.200100253767349301e+00
1.808423355667988286e+00
5.112676056338027131e+00
7.108817590307379142e+00
5.775315800372749386e+00
2.467645190882789219e+00
2.048983512085800651e+00
4.770517511761631191e+00
2.939542120471215991e+00
1.834781986146686528e+00
2.013187972569016715e+00
2.283846223537583153e+00
3.797047970479704659e+00
4.194217717830687420e+00
4.869472441160279885e+00
3.784040492717019255e+00
3.510876204802490630e+00
7.442000000000002835e+00
2.405175201676284846e+00
2.832542086273200255e+00
6.402420574886535043e+00
3.365360163028328522e+00
3.965544691358031670e+00
3.560416886902954214e+00
1.992032987671222166e+00
1.003661332908191817e+00
3.601713062098500284e+00
3.692752950169566617e+00
3.139831828090938082e+00
3.750941723908707282e+00
5.723970182827732955e+00
6.201281345462424710e+00
1.703422053231939071e+00
1.175064764605699086e+00
2.298265249020705170e+00
4.657462686567162891e+00
1.659330143540669544e+00
3.600503991898448941e+00
1.361997940267765195e+01
2.860411899313501483e+00
1.859105670746939998e+00
5.335428382401586234e+00
8.754885019274228242e+00
4.338842975206611108e+00
3.770949720670390803e+00
9.755706236271606713e+00
4.721618551943758568e+00
5.965909090909090828e+00
4.048995983935741449e+00
4.914095684064396785e+00
2.439547349612864124e+00
4.838037507959813688e+00
1.526188313654252671e+00
1.260425329689913498e+00
1.778220126895557085e+00
1.518750000000000178e+01
5.683256102882321414e+00
6.313004448614261577e+00
1.834722504574100466e+00
5.008781558726673744e+00
5.345211581291760439e+00
7.815075376884423441e+00
1.071462014222796189e+00
1.195011847834919427e+00
8.966101694915256104e+00
6.428298279158702222e+00
2.289752650176679172e+00
4.033815107717479087e+00
1.609279076090669225e+00
2.161538461538461320e+01
2.975000000000000089e+00
4.473404255319148426e+00
2.108276939094221980e+00
1.309009274355817487e+00
2.043371423531409548e+00
3.601304000075423062e+00
1.973202322465386072e+00
2.267400707825403927e+00
4.229607250755288206e+00
1.410845139228138700e+00
1.234787131996773812e+00
3.667624149710302817e+00
7.819091884161603057e-01
2.133229450720684817e+00
3.326180257510728655e+00
2.008763592683077803e+00
2.248201438848921097e+00
2.151490569864125124e+00
2.899328859060402941e+00
1.643005720220345411e+00
2.843010608034509890e+00
3.805642117699649662e-01
2.503799503808891380e+00
9.438603335609089262e-01
1.898005269100489167e+00
9.648402244874583644e+00
1.165792205003399928e+01
3.090953717203835716e+00
1.785850388734490535e+00
1.596823261280075013e+00
3.630998319577081190e+00
6.192660550458715107e+00
3.729963008631321131e+00
4.996902746231672410e+00
2.357277178001371709e+00
1.468332364904125331e+00
3.185868224781081004e+00
3.434543394863029953e+00
3.404134285448239261e+00
2.062309529360175642e+00
2.231556378520612061e+00
9.141101195487458142e+00
3.992080355418196724e+00
2.529264214046821113e+00
3.464214314274291162e+00
1.722747350834229696e+00
2.028241548010081718e+00
2.973256357459996391e+00
2.342502472669099944e+00
2.988281102901708230e+00
5.799870118947483277e+00
3.715727502102608160e+00
2.836772983114446589e+00
7.100737100737099183e+00
4.874809474768279749e+00
4.251659816629781652e+00
2.622819920151292727e+00
2.276776798506490618e+00
3.377185678601165364e+00
2.573930522564906287e+00
8.457403866339948451e+00
3.283545629035071745e+00
1.521139498078227348e+00
2.211488250652740906e+00
3.310835461510396982e+00
3.476380728554640864e+00
2.671975224123761095e+00
1.260407550943868360e+00
2.489070469877313840e+00
1.610327388874101429e+00
7.527214707863260613e-07
1.886414253897549687e+00
3.654054054054054035e+00
2.065011724751354638e+00
8.622771037519969539e+00
7.636363636363635576e-01
2.841918294849023585e+00
9.736196319018407763e+00
5.536048202784124683e+00
1.731688804554079653e+01
6.870491240123667076e+00
5.726052071393483267e+00
5.975566981360700858e+00
2.767570900123304423e+00
1.661469433538979601e+01
2.063606302275821758e+00
5.420628525382756635e+00
4.442233740177227830e+00
6.966688634593491081e+00
4.755579052375918714e+00
8.724528301886795845e+00
4.102446213800952535e+00
4.826319107466401359e-01
1.154346390845070580e+01
1.812688821752265866e+00
5.691056910569105565e-01
2.128642111050027541e+00
1.350928337393933809e+01
1.245676274944567830e+01
7.527214511955557694e-07
3.018782637274449510e+00
4.553291437877110326e+00
6.484020100502512207e+00
6.524370818732078137e-01
7.820235444444212369e+00
7.687504533463568990e+00
5.210786671246994572e+00
4.898305084745762983e+00
2.460827762337564728e+00
9.053014108593416154e+00
3.423680456490727941e+00
4.906544855474014533e+00
9.553383210019426031e+00
3.291370942982417613e+00
3.638051708193390077e+00
3.419258149119519974e+00
3.914488814551537299e+00
8.210965435041719829e+00
4.518672199170126191e+00
7.549514563106796139e+00
1.502690641816511130e+00
6.790757381258022640e+00
1.922932933099894770e+00
3.694936293151680928e+00
1.359791004089050048e+01
6.501439449399738280e+00
1.956924502084298245e+00
2.276360352223978811e+00
4.109004739336491241e+00
2.189066059225513339e+00
6.118644067796609853e+00
1.098305084745762628e+01
3.016713091922006651e+00
2.297087378640775501e+00
3.188375713544369550e+00
2.005307646943188526e+00
2.445611211812877883e+00
5.660145829628312697e+00
8.726923331381390980e+00
2.966994382022471122e+00
1.261973456433929996e+00
1.770526315789474170e+00
3.349857909693717328e+00
2.900616860863605595e+00
2.618001855861429306e+00
4.894736842105262831e+00
5.444759206798866380e+00
4.744531404143374154e+00
3.110347383959143119e+00
3.284766380978713318e+00
7.732897268180069617e+00
4.424790057104468488e+00
1.627670396744659520e+00
7.831092363301269677e-01
1.224953789279113181e+01
9.750211141876651055e+00
5.804306061609803002e+00
5.180209930416323161e+00
2.411203814064362572e+00
7.737096579233650573e+00
2.919613523537430311e+00
1.276428642170941785e+01
1.924769027716674463e+00
2.515906758539803167e+00
2.017617220524160260e+01
3.474980142970612640e+00
1.520461131128316268e+00
8.427871921655222920e+00
3.000000000000000000e+00
3.375762859633828050e+00
6.574967405475875104e+00
5.320593412119689170e+00
3.530710429251082694e+00
9.400065210303231167e-01
1.732620320855614793e+00
3.126606587208208943e+00
3.488655047681683108e+00
2.665386887182516595e+00
1.969533774426834860e+00
2.868201667328304616e+00
1.909821572094518194e+00
2.957668889533199064e+00
3.303336703741154512e+00
2.578030919446704150e+00
8.597558056021068040e+00
2.045606567345697346e+00
2.087511359210697037e+01
6.989604989604991658e+00
2.206106870229006756e+00
2.956254121785008682e+00
1.287888009738283657e+00
5.270536800677185774e+00
3.952941176470588402e+00
7.795003673769288710e+00
7.280330882352942012e+00
5.208630259904521331e+00
1.596831885539090612e+00
2.749490835030550251e+00
3.797083839611178124e+00
7.982999168437584281e+00
4.983401747062487175e+00
3.224176527022706740e+00
4.530884908034270353e+00
4.007548845470693344e+00
4.406676783004550124e+00
3.287943815840811190e+00
1.950447761194031404e+00
5.407947787849205490e+00
6.043221529641077616e+00
1.143830576212910621e+00
9.207405522331084669e+00
4.005934718100890635e+00
9.905660377358490365e+00
9.298997265268923229e+00
1.679168088427562155e+00
2.644754026991727791e+00
4.290212765957448049e+00
1.262310756972111481e+00
1.452282157676348939e+00
1.315217391304348382e+01
1.428435736578613779e+00
3.048387096774193505e+00
1.057473928157589604e+01
1.497005988023951772e+01
6.425855513307985767e+00
5.186064648502446417e+00
9.734518662850880633e-01
4.791443850267380178e+00
2.166277341261414247e+00
6.867847411444143013e+00
2.630348948884857485e+00
2.933214890450539070e+00
3.693382184566062598e+00
3.247842595788746234e+00
4.901421912338062903e+00
3.876319405893724035e+00
1.171287128712870818e+01
1.736322869955158410e+01
8.886790633314940457e-01
1.555761221656640103e+00
1.546892655367231306e+00
8.237536656891494502e+00
1.015672818325141558e+00
3.340165825073051487e+00
1.954651162790697727e+00
3.914893617021276473e+00
1.421658072193574096e+00
2.513667101316842345e+00
2.336940637052518532e+00
8.801300284437222343e-01
2.457153298008404985e+00
5.033962320545545488e+00
1.040222772277227481e+00
1.262020202237329691e+00
1.461744966442953153e+00
2.037084545518938139e+00
6.247575584711921870e+00
2.647616670826054452e+00
2.782434239857333846e+00
3.899586513032720525e+00
1.292874806577101632e+00
1.232336091661361932e+00
6.640212379488613648e-02
1.320600272851296220e+00
5.605277739901882300e-02
5.037440618374083856e-01
8.260462211118051457e+00
4.334360889862850286e+00
4.184100418410041655e+00
2.078484438430310721e+00
6.193717277486909367e+00
4.270588235294119350e+00
2.357293634040662944e+00
7.527214287340854695e-07
5.640902048545358483e+00
3.156587857906619110e+00
2.236584542693216271e+00
9.578074567989595778e+00
1.676040308902258191e+00
8.109404990403072944e+00
4.472504378283712612e+00
7.727420711035798639e+00
7.606746386493883350e+00
4.171323067755504432e+00
2.378712871287128827e+00
7.282136853998137482e+00
2.563698400015667289e+00
5.034388904525671116e+00
2.188211654387140381e+00
2.932012361388838251e+00
3.442222414812969422e+00
6.428176688137601680e+00
4.706645056726094012e+00
3.578405908549475711e+00
1.584352078239608552e+00
5.330259365994236553e+00
3.591456310679610464e+00
5.988679245283007901e+01
1.831129353470724030e+00
3.398058252427186066e+00
1.688102893890675249e+00
2.588679245283019625e+00
1.952542372881355348e+01
1.974892542853405875e+00
1.018010385351188418e+01
3.352284917399698916e+00
7.827735644637051848e+00
2.100784550392275296e+00
3.047034339229969024e+00
2.410654305820829624e+00
2.377203290246769019e+00
2.483944954128439964e+00
1.203285593934288578e+01
5.540983606557377428e+00
1.480721903199343714e+00
4.811022947187686860e+00
4.644581692633207304e+00
7.585214007782098200e+00
6.645905410410829717e+00
3.937500000000000000e+00
6.481012658227847112e+00
3.350769230769230944e+00
1.224265842349304201e+01
2.667692307692305675e+01
6.140010822804862656e+00
2.606883677113147169e+00
3.318398435477927233e+00
2.425308570769407979e+00
5.324459234608982960e+00
2.636155606407322605e+00
2.804262478968031935e+00
9.425493716337521866e-01
3.919823464509009980e+00
3.972972972972973249e+00
2.000000000000000000e+00
4.703467202452522145e+00
3.363040606730204107e+00
3.663679999999998937e+00
3.418216805644643141e+00
1.366129032258064058e+01
2.438287153652393346e+00
4.136732654727339309e+00
2.593995202156316626e+00
4.607898448519041068e+00
2.264516129159139357e+00
3.912574850299402218e+00
2.957400722021659156e+00
1.159593392630241304e+00
6.485262008733626793e+00
1.779411764705882248e+00
