7.614395005341831890e-01
1.167307355142501724e+00
3.399985864506560040e-01
6.474877890159279614e-01
8.574069023686708979e-01
1.274103371876618596e+00
6.528607198142412082e-01
6.687595986089898137e-01
8.640703911157521233e-01
5.793566048653191469e-01
6.600747225892398262e-01
1.449498021117758828e+00
5.727761267118152144e-01
4.092177863753092004e-01
7.549541206144534389e-01
6.807649173648291363e-01
7.110201519780431356e-01
7.627335064716384005e-01
6.916730951976849395e-01
5.810570637007288486e-01
7.782473062060538682e-01
5.680897037103003200e-01
3.475036275682290010e-01
5.872531085561828457e-01
8.727590354804526385e-01
4.681720701988095201e-01
5.768074355281633814e-01
9.067610918451480817e-01
6.946646407324421624e-01
5.562252251524359981e-01
6.704143924385375097e-01
2.922419030109362770e-01
7.457952442696584860e-01
6.653768143972693672e-01
6.532740131000515094e-01
4.789978860743401290e-01
9.613933519164395980e-01
5.421863792712998675e-01
6.860857480268433006e-01
4.056761060358569648e-01
4.058132092476700037e-01
4.933411404110196741e-01
5.419031231233729651e-01
6.467503177053374186e-01
3.146074269541964674e-01
1.158924466577804457e+00
6.509922430353595191e-01
4.803044645149878722e-01
3.260385919413253397e-01
5.222696630755142566e-01
5.125902102543986594e-01
6.881046278969669139e-01
6.259458195481590881e-01
2.043918253969956578e-01
6.973160521701573522e-01
7.219912991623173015e-01
5.638017210397532342e-01
4.966888188879045041e-01
6.228011824137311692e-01
3.893553933318959492e-01
3.882779324844388702e-01
5.352642136326744016e-01
5.740623105858723152e-01
6.783996241416339057e-01
6.282978390068506558e-01
3.637006168926548155e-01
6.463423592089040381e-01
4.757690968092544437e-01
4.292328010606531463e-01
6.533925971897728280e-01
7.593075157915150086e-01
9.289728001489978571e-01
6.027904030814239533e-01
4.244934667210383261e-01
4.264814235282796684e-01
8.038502090196433247e-01
5.283323676976633410e-01
7.744313046047682780e-01
6.449823074592010430e-01
4.144141893754760830e-01
3.455546699194467775e-01
6.266606965032679444e-01
2.697247751142973771e-01
5.828637333889176153e-01
4.445497507186202957e-01
5.531586482509015523e-01
5.535078772719647100e-01
6.189759258055776980e-01
3.969992224849873130e-01
5.872700803146871928e-01
5.698830220623321008e-01
7.261109595572760034e-01
5.489099692547194653e-01
6.022660726120419028e-01
5.417327661334059297e-01
5.795084435613595542e-01
4.590642541289454148e-01
4.811503607308510455e-01
4.461628977148084374e-01
2.098719102741987697e-01
3.876166828410015919e-01
7.918971330222412952e-01
6.205758131043023207e-01
2.846932285628499537e-01
6.489154426947454368e-01
5.295754836417490008e-01
6.110607244337364907e-01
3.584197370539844441e-01
6.091098143437919665e-01
3.949935516729255469e-01
6.596197756365420606e-01
2.729795434460447479e-01
5.212842314586979553e-01
6.761936997758436485e-01
7.838951549056139001e-01
6.132723698603242957e-01
1.004750475568249479e+00
6.647203536657699807e-01
4.200955957587652612e-01
8.688949106153520674e-01
4.386604769475171417e-01
7.216630346014711872e-01
4.594828614264022670e-01
8.567707608128826147e-01
7.269614303991829285e-01
7.645755279173984675e-01
7.792137330543276175e-01
4.898915751513415739e-01
5.268863970671404662e-01
3.945951485421440030e-01
6.812590172575495595e-01
8.361577701327272960e-01
5.153030415691564059e-01
6.427117790025023147e-01
7.786078140635961375e-01
6.114783575288167405e-01
8.598114190793825218e-01
5.388670620871736094e-01
4.167945636353335703e-01
6.032323013314589977e-01
1.007021947020718677e+00
8.357084556008752552e-01
6.931531388250132819e-01
8.538439549532743644e-01
4.733600069804750898e-01
1.050519551981656807e+00
7.415519008959612357e-01
5.938993459955609344e-01
8.932100649617598087e-01
1.005744334721778044e+00
7.583487608717724981e-01
6.528108133712373640e-01
7.437404533168504583e-01
6.777389626312316784e-01
5.131659573288108733e-01
5.818907477955778118e-01
5.602076543192768820e-01
7.405929146425704879e-01
6.990986282259149531e-01
8.373974204457087511e-01
9.756158832415919857e-01
4.000183572840498303e-01
5.121221094438174193e-01
6.250109803027780186e-01
4.301198857498491068e-01
4.557646123168273000e-01
6.196989265388732626e-01
4.784794321075085399e-01
9.211531265500889631e-01
9.244063331136057604e-01
4.982335304074381743e-01
6.891071929965830734e-01
5.079263038622334747e-01
7.347495178754895884e-01
3.497737021599127694e-01
6.317761135021795482e-01
4.898232943482493384e-01
6.554887304758317823e-01
6.682194798055368645e-01
1.318619666056851658e+00
8.129659747027770944e-01
7.136238261559516571e-01
7.543373502628293314e-01
6.102637143890682347e-01
1.105049240869453664e+00
6.501373986409869632e-01
4.870997651541610907e-01
5.551998220148651741e-01
6.292833630557984614e-01
6.329913338563425418e-01
7.659676586873475079e-01
4.893504033150315458e-01
5.264780271175155679e-01
6.024428570114128689e-01
8.687148004466126450e-01
6.531432749930589088e-01
6.601644753312152503e-01
4.513984150917239591e-01
8.679183541344929198e-01
3.740166545602834347e-01
7.486038909916722384e-01
4.558851111856009886e-01
4.858053836277476112e-01
6.668452559634342469e-01
3.538849565038235667e-01
8.828423323038793180e-01
5.938014093329612164e-01
5.834754023934550782e-01
5.724727443661866699e-01
6.315006702681837947e-01
4.744080024234813009e-01
7.101393476895827561e-01
7.788899904672195174e-01
5.545400394694396384e-01
5.291340884555207902e-01
7.617161477822801396e-01
5.394215014589965884e-01
6.438033893234317295e-01
6.054931075475925573e-01
6.205442891465746680e-01
6.726811636981681053e-01
5.398830779449195205e-01
8.089842985517449181e-01
5.668037134532373233e-01
5.543979050845315726e-01
5.110244307352150850e-01
5.071735281727363098e-01
6.817635696533156375e-01
8.446589569503614170e-01
8.151936921590418050e-01
6.679496857114270991e-01
5.555797467574047355e-01
5.407936451956564250e-01
6.662552840348697769e-01
6.916169340783598907e-01
4.999129472580968181e-01
5.760878969558412832e-01
4.736517759894364188e-01
5.283409058826485927e-01
3.645255213086942558e-01
4.652684824913901895e-01
5.907734706632867816e-01
6.112506715688216241e-01
5.261824530189305182e-01
5.406370923616763413e-01
5.561891492418904459e-01
6.196834997285535218e-01
4.101962307753471704e-01
5.946829659698872339e-01
4.148023617330331425e-01
6.367602394432937407e-01
5.070658232000053722e-01
6.594091178629469807e-01
2.896568904948294554e-01
4.099199207244271781e-01
8.302997243226657442e-01
5.453322569319873914e-01
2.750589928851780996e-01
5.844272239177710215e-01
3.276113502133069511e-01
4.519151544598657422e-01
3.900335297270175472e-01
5.934941451263738843e-01
3.644926250733746542e-01
3.804609763430537028e-01
6.724678651886005776e-01
5.172503840132566255e-01
5.418212065724470339e-01
4.384554708069146045e-01
4.547130782612312516e-01
3.901033428826332639e-01
4.145839483864758312e-01
4.614613642630771562e-01
6.769041153302458591e-01
4.842435975881796972e-01
7.347327723824135237e-01
6.490054579154160841e-01
7.178057029655431354e-01
5.658095856905516197e-01
4.329220925052689184e-01
6.542725985772784858e-01
6.401583078136184879e-01
3.898344693737924582e-01
6.728075135708138088e-01
3.421886556141405800e-01
4.589719553410506747e-01
5.360918296769261460e-01
6.117689040890093022e-01
5.074310148273709631e-01
4.869808323785581594e-01
3.715440098967975335e-01
5.513002317887315540e-01
6.507482906973678372e-01
5.452730653513125914e-01
4.602761886422634952e-01
3.365028545805981985e-01
5.856272773791290076e-01
6.082035377844636770e-01
9.163658732710521226e-01
7.416785174483526699e-01
1.697703471546948784e+00
5.582033727837967252e-01
5.867756964016168642e-01
4.970423755972980251e-01
9.178791893128654955e-01
7.464323225930115102e-01
7.850474124410780075e-01
7.060910278500674986e-01
5.519992029137467116e-01
4.994244923695861926e-01
5.305501970596581129e-01
8.435951012188677156e-01
1.061678552076864568e+00
8.275852388925619696e-01
9.337924907747762182e-01
5.705692306193439478e-01
5.282313266087573789e-01
4.870741832498920454e-01
6.657233822565218340e-01
6.869031452636652491e-01
4.376235479630176672e-01
5.230991610711442918e-01
5.837889430840973448e-01
4.498414566490752664e-01
8.194798822768635249e-01
2.942360879858869627e-01
2.852925964796995117e-01
5.453771614396117906e-01
5.580599118299982564e-01
5.221369916172116099e-01
5.581147900959397834e-01
5.947308859390253444e-01
6.595233479572467639e-01
7.054678879968262484e-01
6.997159116364125575e-01
5.116534746210789075e-01
7.263961673625682902e-01
5.986798549438575590e-01
6.320887701785843360e-01
6.360229007442899096e-01
5.175193989152607754e-01
5.471194013688622793e-01
6.522249779138470371e-01
7.803027101136342791e-01
6.522463404695454381e-01
5.655008614228435038e-01
5.039465301241529138e-01
4.534914822883289176e-01
5.890666046895336461e-01
7.904772055497004679e-01
5.447033859872653094e-01
6.803704575773902308e-01
7.251895919631305976e-01
5.789163432692867595e-01
6.511525663130436348e-01
6.562730332858215387e-01
5.431052507584285260e-01
7.830425562458571687e-01
7.588323196355880595e-01
6.046346916566319729e-01
4.090745376890309593e-01
1.002216119014284423e+00
5.521653028422688347e-01
5.394699590469506090e-01
6.169630213686299047e-01
6.850160883229097220e-01
6.534991179563856001e-01
6.000690056674542472e-01
7.085448545242576390e-01
6.233945429652811843e-01
6.212416011654364745e-01
5.441002005713482248e-01
5.062835858800420752e-01
5.420390342687003704e-01
6.653783247863994665e-01
5.889056714301192930e-01
6.456462285947212054e-01
6.870560388389400641e-01
4.785910746757227052e-01
9.183026527089461766e-01
8.456898279534028617e-01
6.386321989859778947e-01
8.969904033370390550e-01
6.147074778647885207e-01
6.985423882896856229e-01
5.812390101281333932e-01
5.955450740319380154e-01
3.792792832891219712e-01
8.111767955663730101e-01
4.112437174933178952e-01
6.890256931204367108e-01
8.229428567922278948e-01
5.916192116378420351e-01
6.656656947225538801e-01
3.216007249641020804e-01
4.254760047733048833e-01
5.812760515469629352e-01
6.441031381511720388e-01
4.702481067832557926e-01
5.444239305180674782e-01
4.962343898026002065e-01
2.925338066215109056e-01
5.944588213012598210e-01
7.489690615314419375e-01
6.183722983602191192e-01
4.724771832573730346e-01
6.051057753850169751e-01
5.659649023599265805e-01
3.194961953715567127e-01
5.404559271046377456e-01
5.480833771393163190e-01
5.396007110625150593e-01
2.282665510930231012e-01
7.376918740831561738e-01
5.769660422649672826e-01
5.038337195222138964e-01
5.531759834231104733e-01
4.687906358879617708e-01
3.505770398588610171e-01
6.252037814661842718e-01
4.649583648103525757e-01
3.896208326267002753e-01
5.761280440366743916e-01
2.919085114987251539e-01
3.381458404655041661e-01
5.133545983214917729e-01
2.614754039266981023e-01
7.988558827455063405e-01
6.008876799448787942e-01
3.812740069819025579e-01
6.075858176148274392e-01
3.256557825691772656e-01
7.619532508929879322e-01
3.414600186970543905e-01
4.169357417883750583e-01
5.660052845879598449e-01
6.477626867765688967e-01
6.563882957084979930e-01
3.178445810462474097e-01
3.363643636612328458e-01
9.297989188094393231e-01
6.504394006602705058e-01
5.267408105730850831e-01
3.383388352289847800e-01
5.693493059073850837e-01
4.435729785968965944e-01
4.793661497472839206e-01
5.249243854017853206e-01
8.459335202175809476e-01
7.249789215102122597e-01
6.654219445703882796e-01
4.555589723335736752e-01
4.125038669737942088e-01
6.762380621970025540e-01
8.139909818294727151e-01
4.235621906368000622e-01
5.457232069445135947e-01
1.030236984233834363e+00
4.851592968081065438e-01
5.890510705332238084e-01
6.178644353728053318e-01
5.877965987625753952e-01
4.822182742389831689e-01
6.458328355536527843e-01
4.598876139238010641e-01
8.622638196199778893e-01
7.506084066801953503e-01
7.456866886918070980e-01
3.811201312323744261e-01
7.121327255193746764e-01
5.448824331929101872e-01
4.686654047083957941e-01
7.315770760995182753e-01
5.857413071199802923e-01
3.552887290763965256e-01
5.199393996952248465e-01
6.559346309427749322e-01
7.070515220814168611e-01
6.661191631428076132e-01
6.997252237677666908e-01
6.794019714460998172e-01
7.122354192844203569e-01
6.291919501638222334e-01
6.533521644749074042e-01
5.247355800885834531e-01
3.986276436666851275e-01
6.450712999747866272e-01
6.076364330403341008e-01
7.815925699502209723e-01
6.990422829002139737e-01
7.416861599572038832e-01
4.076686653960145401e-01
7.775722210869162598e-01
8.105150617006100511e-01
7.372257450974405435e-01
4.646407165569180764e-01
6.407911573155330442e-01
4.467980825429725966e-01
6.652971791182180628e-01
7.274245731463202524e-01
6.311092760164256354e-01
5.153654659508363212e-01
5.531972140925378589e-01
6.197905932800497064e-01
4.395822020996259516e-01
4.059382225733689231e-01
7.437353396792704130e-01
6.359623596505336041e-01
8.118619944225224927e-01
6.935252264988861493e-01
7.280633806393531637e-01
6.597003183256711090e-01
6.683258940903110679e-01
5.251470779893494534e-01
9.911213085319041660e-01
4.131400964457142555e-01
8.239415769349328622e-01
4.317071438875856870e-01
4.374657527111419641e-01
6.418209185328627164e-01
7.189626564552193955e-01
4.412216047925930362e-01
3.876177025234823770e-01
5.573921879133643120e-01
6.606502136059583252e-01
9.052540669446574872e-01
5.307928261703174222e-01
2.559777218079765104e-01
4.469172135427648684e-01
6.630372311953197650e-01
3.499335400026269971e-01
5.858490872418982143e-01
7.336419554945275978e-01
3.950734269633666140e-01
5.012805575668476399e-01
8.541745282668061767e-01
4.215405296350677733e-01
7.422178501408142060e-01
4.145361708224467034e-01
4.944477545220275494e-01
4.759786070629648536e-01
6.413841786542593404e-01
4.167505838287092201e-01
6.722899765034361375e-01
7.627949084813666625e-01
7.437376263316940461e-01
7.078065121477131738e-01
4.129837883294267820e-01
3.343376381988416579e-01
7.159275153010943304e-01
6.276702035878257702e-01
6.228654472914275653e-01
7.598196242517011312e-01
7.419729058631525653e-01
6.016257837538729891e-01
5.042872086506571261e-01
8.614719356209729062e-01
7.324639740082770079e-01
9.758325137698266039e-01
4.986952758927342133e-01
4.634491698018077255e-01
6.585118734682355868e-01
5.852834771279133985e-01
3.754562296276259259e-01
3.659327422806774588e-01
4.708237665012647288e-01
7.209176473777676453e-01
4.558062431097159029e-01
7.360531442732803908e-01
7.121001650611119560e-01
3.192060758101669671e-01
4.821380823711581831e-01
5.535858729375038312e-01
6.347834495524474763e-01
5.885565070053092596e-01
5.963336516391707365e-01
4.345674432558400690e-01
7.769502550501063975e-01
5.246770349656896260e-01
5.297129073238502350e-01
6.891803144643862122e-01
7.135052716973177001e-01
6.503799518031070370e-01
6.160801954254991886e-01
6.711378289731481095e-01
6.222763619019557879e-01
7.179813110783387353e-01
7.979271439776592922e-01
4.093843343844776328e-01
6.056763029884202343e-01
5.111731843128630715e-01
6.313128900500545315e-01
4.675680265912433575e-01
6.998125475361119952e-01
6.799014215084024926e-01
6.774986723134891475e-01
5.087048468200802143e-01
3.747692563518538744e-01
5.753678572361228261e-01
4.928438632712678347e-01
3.075501715485426391e-01
8.547839633439159313e-01
7.427817321205969492e-01
7.134693956563357142e-01
6.950508878501873156e-01
5.680998888741400910e-01
4.761032687926706197e-01
6.837191266167348402e-01
7.667173727121445737e-01
8.305871620522725651e-01
6.422214066786825493e-01
8.909743119274030621e-01
8.269587642151871032e-01
6.121515416098539664e-01
5.961826145661470733e-01
6.187574968986274682e-01
5.930230447130417915e-01
6.942135946219495368e-01
7.119831729905914397e-01
8.178370696768761938e-01
3.960203859501884027e-01
5.319644427589745872e-01
5.879385565935970615e-01
3.911274032936847278e-01
6.618563009702869149e-01
6.729213853838119652e-01
7.342417220146905121e-01
6.450752561800693341e-01
6.942725916760607019e-01
4.959313566926052963e-01
8.287417917879176255e-01
5.185234316750555461e-01
8.114521705067094803e-01
8.508863973052096519e-01
9.688091560943992153e-01
6.770072355011865772e-01
3.091075750052131310e-01
5.251455637038857649e-01
7.277846863830264024e-01
6.841702364643700296e-01
5.474287095766189326e-01
8.596334635259027523e-01
7.184485401051226017e-01
7.305837335035298974e-01
7.129665610177516877e-01
7.085415353779930259e-01
4.437155437537977365e-01
5.404682460103942265e-01
6.832258630557664913e-01
6.787447474101866440e-01
8.443263849933818621e-01
5.566904624881630070e-01
4.993350164282788772e-01
8.281747513155879314e-01
5.020135179120022162e-01
7.410164445720700543e-01
1.108223694516214053e+00
3.958027249963758099e-01
6.434265699562410346e-01
8.423781290723191262e-01
7.314061499022446178e-01
6.536308885893521436e-01
8.100877843966211023e-01
7.447509905806724007e-01
8.091540801629345525e-01
7.833775914662174378e-01
6.154655513583380255e-01
8.088295207921930574e-01
4.961875815675593215e-01
5.779417284727288440e-01
4.321970974598081661e-01
5.217302062948382391e-01
5.874802652352104637e-01
6.662077336920191328e-01
6.140998971891055147e-01
7.027091523427323461e-01
3.317158902343481097e-01
9.498418992720251142e-01
7.229014061672054403e-01
7.198362454202134053e-01
6.759637298645828629e-01
7.783309561152959022e-01
7.803271143256926834e-01
6.032414095530853615e-01
7.927112750507159245e-01
4.818046016657304698e-01
5.689729487080393833e-01
9.302733307961343900e-01
3.025910526939992740e-01
6.334128503079640149e-01
4.880451509139177579e-01
4.573543491533143546e-01
6.019985236127933792e-01
7.507912615099845421e-01
1.364867850733997079e+00
6.980864700593955030e-01
7.523872620732281469e-01
4.980062642600442402e-01
6.337754425337105424e-01
7.861728947228269204e-01
7.775343158227147056e-01
6.858377705668299296e-01
7.055100540004495269e-01
7.745107387450753667e-01
7.741505430021310419e-01
5.410738696855712515e-01
4.914512544272456873e-01
6.273714851799995218e-01
6.888944630143666314e-01
5.057095271371303546e-01
5.108264401375232078e-01
5.189047945016113106e-01
4.924663447524969540e-01
6.620066995295038614e-01
6.332604264632958335e-01
7.121397376727611750e-01
4.469211511101703338e-01
4.628244968590096153e-01
2.817136918695474224e-01
4.188209402973943618e-01
5.241923213619079647e-01
4.392890058113105289e-01
5.751325868924660467e-01
5.593863783381511912e-01
2.063448789577713438e-01
7.056228685943191081e-01
5.930249168154333450e-01
7.645753009964372238e-01
7.688351340626192743e-01
5.685090349277732713e-01
5.326328574479523015e-01
6.399783551019191385e-01
4.638419490736131467e-01
5.629650845440509199e-01
4.836038121222898667e-01
5.184205595265031219e-01
5.295341737213031807e-01
5.844501707088824993e-01
5.325618028638211543e-01
6.686385251453597078e-01
6.765844479876798045e-01
5.641362076055391750e-01
4.250531431883347033e-01
6.164233554954977601e-01
6.646879301457324640e-01
8.072228193713385513e-01
7.565542648881609100e-01
5.561027112768462954e-01
7.065545876883813081e-01
3.217953399757975674e-01
5.803265555691592414e-01
6.886866383713148299e-01
6.775369950132655861e-01
4.698442143588962838e-01
6.557085120119089394e-01
5.668771745644015647e-01
5.615426542741029925e-01
5.300151815730336224e-01
5.150465076703046874e-01
6.148244913336839979e-01
6.034296519585590213e-01
4.907772297287207874e-01
5.764369379918621306e-01
5.628595492407389989e-01
7.662921843755672313e-01
5.209525721392260778e-01
5.991663315992398209e-01
5.239583111979767560e-01
4.281377544594748841e-01
7.367219298827663021e-01
7.455797511361748064e-01
4.372628498998739066e-01
5.309962738406809324e-01
7.117546646096201135e-01
6.812806923355891886e-01
5.385969655319053917e-01
5.060244629067005562e-01
6.343887157959361422e-01
4.434531229679106734e-01
7.000784809468110215e-01
5.724302975553309247e-01
5.931262245778644582e-01
7.394380925615684497e-01
6.181450926187426198e-01
7.295193064476287459e-01
7.288715118731657894e-01
5.057751516077175769e-01
7.632988862503636840e-01
4.841979500037403294e-01
3.823955148626126399e-01
5.256543802025154255e-01
7.732042975280781771e-01
8.409729572426446476e-01
3.627771776882800503e-01
7.409906764311166016e-01
5.581674897410060510e-01
6.643459002778446809e-01
6.984371653029158855e-01
7.271526694807890490e-01
6.212506933863606307e-01
4.902107797097128294e-01
6.022388071326276737e-01
5.714930096407457860e-01
5.663057243163042154e-01
5.006852748497453431e-01
6.032643143701962307e-01
5.177109713890086784e-01
7.053853982246017784e-01
7.384561822184528834e-01
7.033860726152146858e-01
7.177980503422454195e-01
4.617705981089835210e-01
7.237795154426037714e-01
6.256451906509424843e-01
6.588915199067877371e-01
6.731821414564054251e-01
4.199547159883412206e-01
3.454092784741873978e-01
7.280827385597959944e-01
4.701257430288031669e-01
5.196493615571875502e-01
7.466929733454710227e-01
4.918146692559465238e-01
4.956412391721997102e-01
6.750501438305153146e-01
5.997121945949950295e-01
4.887966676527410459e-01
5.966700191073401882e-01
6.030082377736198929e-01
5.462541894305642520e-01
3.732384630730230524e-01
6.481478272348454306e-01
5.824557319798994159e-01
6.250615138276491844e-01
4.629430308995531873e-01
6.244326740808948673e-01
5.936553823298911237e-01
3.563030794963951142e-01
6.041002270713504707e-01
7.222179428376885868e-01
5.794831825723838481e-01
6.722174581370999880e-01
5.778812255801528686e-01
5.782798590107660619e-01
3.807553114605882194e-01
4.130461458632851413e-01
3.388063916557861877e-01
4.041255622699330141e-01
5.176309285170920260e-01
4.656412888300247577e-01
5.152302286952350485e-01
7.126782824379014336e-01
4.956778968680545794e-01
4.584691771414987072e-01
5.942835622448099375e-01
7.358750879327161654e-01
8.121537644635750119e-01
6.859332183885681333e-01
6.237614358539539383e-01
4.367362466370864338e-01
4.208814635221901357e-01
6.256984410722110646e-01
6.025066635676510352e-01
7.402498938501373971e-01
3.891686814023087582e-01
4.490867799608756483e-01
5.215919902481703785e-01
5.141400011474255294e-01
5.900669164919726262e-01
5.040569209186233079e-01
4.917555893208285789e-01
6.964463938024372247e-01
6.698876977419132572e-01
6.306882351922371566e-01
5.137438431537928452e-01
6.070952159849518637e-01
5.615421322946659854e-01
4.648804774411233742e-01
5.860223456083287763e-01
5.833360181648982179e-01
7.680726235696645476e-01
4.733820654319891852e-01
4.808013861339464068e-01
4.484427175455471537e-01
8.166478336644146241e-01
6.404194952804984631e-01
5.811382500457551448e-01
6.769923780364777155e-01
4.323558550507641818e-01
6.079788724245218656e-01
4.014830215196249497e-01
4.370550217724633590e-01
6.401698808581608446e-01
8.077331649412168302e-01
6.160845066078592946e-01
3.433314796190747864e-01
4.001755631649864253e-01
6.043512536070910768e-01
7.185718246601670023e-01
4.132679913108390779e-01
7.134945003281888409e-01
4.812773062505204535e-01
5.633458486360305439e-01
6.877088532878379290e-01
8.080063446155838491e-01
5.784422284128794001e-01
4.198609063058554303e-01
6.693823015356383799e-01
6.254820012507631422e-01
7.442000265296494499e-01
7.745385220592179154e-01
6.724719864560121385e-01
5.175306003292179380e-01
7.536407193963166051e-01
7.456832106065975907e-01
5.250883972029011248e-01
4.189402328920707741e-01
6.235468104818899793e-01
6.480518461347782866e-01
7.250551516131216179e-01
6.965561941832831838e-01
6.456081563803943713e-01
5.132054281314570865e-01
3.741380395957550342e-01
6.263235461365305179e-01
6.822596545833514714e-01
4.307693729775742275e-01
5.213707841289795253e-01
6.984407762731664748e-01
6.172918092671119128e-01
6.929186768231327953e-01
7.084133309722201455e-01
4.211683415725051005e-01
5.502149238144100618e-01
5.774776992871880621e-01
3.663190879114580634e-01
2.654205417405747780e-01
6.636429273232923309e-01
7.799312645140462630e-01
5.589952297973797002e-01
2.323067742505243727e-01
5.464331552439327666e-01
5.475527930669815690e-01
6.030828640989044365e-01
4.492531285078122938e-01
5.744944422951512308e-01
4.759782816482530654e-01
6.200420352764067777e-01
4.088018510293952579e-01
6.037234156450371758e-01
7.918378438962918597e-01
4.549538448023853765e-01
8.163232621647077414e-01
5.195663057248046668e-01
7.459484426904660070e-01
7.289927138337936041e-01
5.433240775450741689e-01
6.104036230112993566e-01
3.440778116243678464e-01
7.622798467433286040e-01
