5.446501590810255422e-01
4.661373868568485235e-01
9.281198784511397459e-01
1.645277035825106315e+00
3.743183475414472716e-01
5.829236193296335466e-01
5.819868717030944882e-01
8.612326681979265430e-01
1.545288843695096892e+00
7.826336910906487310e-01
6.775832510665547037e-01
1.079726484460917568e+00
4.756950557239185695e-01
5.293743107119583957e-01
1.019704408586268762e+00
6.317139537421216922e-01
4.417394985545509689e-01
3.847574185270378755e-01
1.060411242608771065e+00
4.252809046212985833e-01
3.416129454268047594e-01
4.889483503565913991e-01
7.636647470644983837e-01
6.472954420732038860e-01
7.659229374652273270e-01
2.027958101035383098e-01
9.232834180893925158e-01
2.890967248319935012e-01
9.492942915525460768e-01
4.925017698033257174e-01
5.578168341650406870e-01
1.062549491422129178e+00
5.404069185506246153e-01
5.569117042459093003e-01
5.834693934019496986e-01
4.048139520578318273e-01
6.671264740835741724e-01
7.366137174214543171e-01
7.221925344679919201e-01
5.221732875994060663e-01
7.451325658357363935e-01
8.735572583833847160e-01
2.418846443086010156e-01
4.237524332712588326e-01
9.104319451150302278e-01
6.937532034267857028e-01
5.940644741951295327e-01
8.022721470019308354e-01
6.092320822621517529e-01
8.131814675726503072e-01
9.421082576613012405e-01
2.969228682070131353e-01
6.026065270659424211e-01
1.046211105105012251e+00
7.925983791385519117e-01
8.886831300071732498e-01
8.548742012782576394e-01
4.274358794153403918e-01
4.972233270816617812e-01
7.577048869386510122e-01
1.016150958764603818e+00
5.132869890338648267e-01
3.252643706923524225e-01
5.731107406753412903e-01
6.378473180812959109e-01
8.497423057377174738e-01
1.522100346313345565e+00
1.102750755842215158e+00
1.508013575789455496e+00
1.551668406247805665e+00
7.564342190224404572e-01
1.798350502970144094e+00
7.585175754219314337e-01
5.345468143436107322e-01
1.458611586728051135e+00
6.656205750319065251e-01
1.240311855869844493e+00
3.385230057815032390e-01
7.866199807263269950e-01
9.984912881094325510e-01
1.287097808455618830e+00
1.396224532130114104e+00
7.724111354418342623e-01
1.002107392381326623e+00
9.997222120032692727e-01
6.868643998966067477e-01
7.408621508853022730e-01
6.653057511650498634e-01
1.435519900528405390e+00
1.080026139967698473e+00
9.610177255124167095e-01
7.057705734344968951e-01
5.913033455818025308e-01
1.102664511631192834e+00
7.734385854783185632e-01
8.882291145706922020e-01
2.587648410885045602e-01
5.829571876448710332e-01
8.839177865422405134e-01
9.987674505010066817e-01
9.350793795448382184e-01
7.256645262381323791e-01
8.817799191804787107e-01
5.034433970265329572e-01
3.512333429350252278e-01
5.513719588882955991e-01
6.203884881367376369e-01
9.045207387202005567e-01
4.476917115529525093e-01
9.442417430728523575e-01
7.195846093387215925e-01
6.143643637180915551e-01
5.036524594207286709e-01
7.198075014921034853e-01
8.300948146882256573e-01
5.205060863530825976e-01
3.937404428441516058e-01
9.340971431917303169e-01
7.897588478919634891e-01
4.991689001473362808e-01
5.891215282749541204e-01
8.472091979560082420e-01
7.750944386230214089e-01
5.035258550783007214e-01
5.532502326786797875e-01
6.650023120640577989e-01
8.407393447965517685e-01
7.638213194793842531e-01
6.502672007233476492e-01
1.339330847100698996e-01
4.757494178880317670e-01
6.960693052815993820e-01
3.962057203228483426e-01
9.155205435693647420e-01
6.463004544215226188e-01
7.004947986747553923e-01
5.396685273776420377e-01
4.996693080944766829e-01
6.181800173239236917e-01
7.584378788567975871e-01
4.052442213976485963e-01
6.822741695396610240e-01
4.169720249218094033e-01
2.547538571148358355e-01
6.492888415889818132e-01
2.832659966132179408e-01
3.421625776957209486e-01
4.669896476054413714e-01
3.362591603905639714e-01
5.749548981179480878e-01
6.350028307584208997e-01
7.372789269317187033e-01
2.285618957615634661e-01
5.340491355919675387e-01
4.840093925012804998e-01
3.452166034442125664e-01
4.430910492089963904e-01
5.607568188436329315e-01
4.743291568947834991e-01
4.121419765970816274e-01
4.119303710432332122e-01
7.750389336212549773e-01
4.530831077724181699e-01
4.520611614491370500e-01
9.987110104773547770e-01
6.114644131314010966e-01
5.169602325872485471e-01
2.715171251051144985e-01
6.718487230120687714e-01
9.924891718431226861e-01
9.726003671264056294e-01
7.300639541206329630e-01
5.456607036921418130e-01
8.530454711873662887e-01
5.424899383388704921e-01
7.147316883831433820e-01
5.283384093959662131e-01
5.139143332364695116e-01
9.867177111220194474e-01
1.216015121537287191e+00
6.414122707735517848e-01
2.069774647144221102e+00
1.356227694747088819e+00
6.061718935872631997e-01
9.617254414419905695e-01
6.546537259644535922e-01
6.326174893061244919e-01
3.045259109866945701e-01
6.871797294788245525e-01
5.146180565159198528e-01
7.937623120189365444e-01
5.957218785421397600e-01
6.365716871006471544e-01
7.479929040801371887e-01
1.030981390330743430e+00
1.237287267248975198e+00
7.486446314806064484e-01
8.480057299096355194e-01
6.854387118798924705e-01
4.737144515691668056e-01
9.053199283694635113e-01
7.572140594724490192e-01
6.901146971180756040e-01
5.550914335939589606e-01
6.428184072325708875e-01
3.327652560913831326e-01
8.144766500754956340e-01
5.272000814222747023e-01
7.893665294511861275e-01
6.970546209959712636e-01
6.626946905242284691e-01
4.454514738911123373e-01
5.015585269697971915e-01
5.569733325492298714e-01
3.910730631834801740e-01
6.547275035233620644e-01
7.810000910620956693e-01
7.245157406887888785e-01
3.060394629884373718e-01
8.866293986146551731e-01
8.681976803669810838e-01
7.484887519507188447e-01
3.938055104482413027e-01
8.169575976357402736e-01
9.142172842439606484e-01
6.463117413510323095e-01
9.304799865675482673e-01
1.031508972257436652e+00
9.875839989019273846e-01
6.499966920637146872e-01
8.666042626582015629e-01
8.966266004712242221e-01
2.647406680699734283e-01
5.467402676886730095e-01
8.129462857467160131e-01
6.191490514675236367e-01
7.373733636802034530e-01
1.005815990593444065e+00
3.843858021001737568e-01
1.461347276540367446e+00
1.113558102952003859e+00
6.596547646274036891e-01
4.201963885048515257e-01
7.325332043627059697e-01
5.073432702171989384e-01
6.780126725571701263e-01
5.957910195094843209e-01
3.631374746929679209e-01
4.118035183338196181e-01
6.474034533324817264e-01
5.781750080422511928e-01
5.464966254352526809e-01
6.476382011569765673e-01
3.280938287711698820e-01
3.844634531846992109e-01
3.646672687477991448e-01
6.126426336465532474e-01
3.964665847046990876e-01
3.686164399174081674e-01
1.575914785199796331e+00
2.762893450885168245e-01
8.103612553999700596e-01
5.441467303041124248e-01
5.482697548895842932e-01
7.270720885124618560e-01
4.817522818453031097e-01
6.645462601555376381e-01
3.198245304552981283e-01
4.691918070612406400e-01
6.176576298362213002e-01
3.093407720906805047e-01
3.529640848832174549e-01
5.741191756660108947e-01
8.134671714389462016e-01
7.392595529535732624e-01
9.745427481163462247e-01
6.282258497807268194e-01
6.488226900196846225e-01
8.801427267263032261e-01
7.591373398860117305e-01
2.972652064690550211e-01
5.603848381826155300e-01
8.657758150974010913e-01
4.973404279557349095e-01
6.399541191826406683e-01
8.664990931157394716e-01
7.998031577803493830e-01
7.006496840760295663e-01
5.891085633290654711e-01
7.215963610061710831e-01
6.344615297583006130e-01
6.038763314880123412e-01
8.944313292490015943e-01
8.237164437977347875e-01
9.380356629224927412e-01
7.174171572616603321e-01
6.476434285974884686e-01
9.795704618908624983e-01
7.200386596352751356e-01
8.365104422891567193e-01
9.376903815944784837e-01
6.347472395314464055e-01
6.935668650500191879e-01
5.439812306057437707e-01
5.134145914492348473e-01
6.884679172879502040e-01
5.478457084599110960e-01
8.151936157853330034e-01
8.087672859306791473e-01
7.905090943774288892e-01
6.831399422294921475e-01
4.182292947836422359e-01
7.007321428220849580e-01
9.985200010190226072e-01
6.416795299196006441e-01
7.891123395024643994e-01
7.411750462026861497e-01
4.630647417846647795e-01
4.440380188245307003e-01
4.345553966645508415e-01
8.627023525080471655e-01
6.901470844103485547e-01
7.857154672617010505e-01
7.198838503992301963e-01
5.480636585395838312e-01
7.950688981965398083e-01
7.865860755471234533e-01
8.881086900621905089e-01
7.142457036155644978e-01
6.402830410963659125e-01
1.234525984781970287e+00
1.044327979452843058e+00
6.358680112446005728e-01
6.664325580741997657e-01
8.618097393244835702e-01
7.482958542547123448e-01
6.624610114130629057e-01
1.165084401122920221e+00
7.248603468522123450e-01
9.420772096716419908e-01
1.313717520388906657e+00
9.591117604281343967e-01
8.161666460586070038e-01
2.212755365431433141e+00
1.031688845267005883e+00
6.688610099275292820e-01
1.136051987028209087e+00
4.586334752795822589e-01
1.061922349670821886e+00
6.786001517748987411e-01
1.563434115351993059e+00
5.657797502513495225e-01
1.559634239000743827e+00
1.609887407284271932e+00
7.755840801526115991e-01
9.858194571705204412e-01
5.701440632048977442e-01
5.699557679807166766e-01
7.662540308191019278e-01
7.640343512434957240e-01
8.559936655386504167e-01
1.904961615851830936e-01
6.200363772252143191e-01
8.728687797071738030e-01
4.270680157266395494e-01
6.438545258687534689e-01
1.020953183635630035e+00
5.069876370484648342e-01
5.958946049337938700e-01
6.052036043146451494e-01
4.513296551767319031e-01
2.873810514911683267e-01
7.680306210380296594e-01
8.906028774982202023e-01
5.449776416845659721e-01
5.924318010958279368e-01
8.245834423570622684e-01
8.022975493258707180e-01
5.354115479439688352e-01
5.211083142436130355e-01
9.834884129698973076e-01
6.001201679529728494e-01
8.085504189076669901e-01
7.586418883717499506e-01
6.806798616113699518e-01
6.495439998251600899e-01
1.011667870892856813e+00
8.110842182675699341e-01
8.866049144169037000e-01
9.480671240747037265e-01
4.827788620062524183e-01
6.205158453081279779e-01
8.140752375403688124e-01
3.910145854178414537e-01
8.390198377465444279e-01
9.438153446791487378e-01
1.033100266340952311e+00
9.933068493156432810e-01
6.073222079073733459e-01
4.336080270234897172e-01
8.764259699210368293e-01
7.508002969315160646e-01
5.336153433002045476e-01
7.706547290447194332e-01
4.452754384519658215e-01
6.891628455227302164e-01
6.104177236272206875e-01
7.501688686139966755e-01
3.020804053780559717e-01
8.296338676721065619e-01
5.351765909543776401e-01
3.936544336390436216e-01
4.399061950085683681e-01
4.440394573109137655e-01
1.049886230718823477e+00
4.914170129812897025e-01
3.699237812176403017e-01
3.745202475285654975e-01
8.940736690651152063e-01
5.876084266801557821e-01
7.171573657248487832e-01
9.199403721836982850e-01
8.838031673701013391e-01
6.954388118827509180e-01
8.940112370910546780e-01
4.230634689948613580e-01
5.191455324225020540e-01
8.196123444098438737e-01
1.204541361063782290e+00
6.011653054862471368e-01
1.097428354531940986e+00
3.421354423922809973e-01
1.073340130617332244e+00
9.543684958858607015e-01
8.021391727844574548e-01
4.471008658552070858e-01
7.948363512392840891e-01
9.781050486255317145e-01
9.562559126840572965e-01
4.962695833617767338e-01
6.205444781935509635e-01
7.253314020253817107e-01
5.081110059665792100e-01
3.915383242275745634e-01
5.285621793586944284e-01
3.967144816175456890e-01
1.091362841011909390e+00
1.165179460879032458e+00
6.174966461341194757e-01
9.187392031477448207e-01
5.751602331522477352e-01
2.926159727103651020e-01
