-5.329406281978621962e+01
-8.743406029918790523e+01
-5.917210292955014239e+01
-6.507969966670357564e+01
-7.786685941485077933e+01
-6.999228424071380061e+01
-1.484971705036497269e+02
-8.497837179947840980e+01
-5.503147246321206865e+01
-1.402541488714208526e+02
-6.418036550014920749e+01
-8.164850085470027352e+01
-1.794306317475322885e+02
-5.624294230000271710e+01
-4.170028577069732023e+01
-1.502859202362479323e+02
-6.706251794885021411e+01
-5.931591956340515992e+01
-1.117498724144280686e+02
-8.197110869583545423e+01
-7.258054844941477768e+01
-6.006412279235819796e+01
-6.305524471351892402e+01
-7.670583702787460822e+01
-7.877504420025304910e+01
-5.168716784840626133e+01
-1.287423566992640076e+02
-6.215216873986739188e+01
-6.630942310532741146e+01
-6.289556534097363993e+01
-5.948751123249591188e+01
-7.047676677867471540e+01
-7.842217981618264844e+01
-5.603336828322058949e+01
-5.987493977817879198e+01
-5.917325826208353590e+01
-7.236187479560700808e+01
-1.424643785938689859e+02
-6.313099144064668877e+01
-6.762540284109850575e+01
-8.182613154840232994e+01
-1.201686183787796409e+02
-9.365546125274003941e+01
-8.405832587250382915e+01
-9.526250017064886322e+01
-7.116051414591153446e+01
-5.433855078910146119e+01
-5.389088976299099443e+01
-1.040583933315383405e+02
-5.861160672479049083e+01
-6.336540013374149538e+01
-8.862807847192235045e+01
-7.906714819060178456e+01
-6.041648542562149515e+01
-6.792593780539689874e+01
-6.358050538679782449e+01
-1.563330644287235884e+02
-1.007671549169202621e+02
-6.335118708268161924e+01
-8.895135783805385188e+01
-8.167828217539330637e+01
-6.233292749005321554e+01
-5.624868141344673234e+01
-9.566910940657724893e+01
-5.535389953742361513e+01
-9.615185797167067960e+01
-5.838253948665923332e+01
-1.132866949764204776e+02
-6.384215918609407936e+01
-7.561380919780553711e+01
-1.035744785681765165e+02
-6.426374394453503669e+01
-7.240198953895384193e+01
-5.898222289132134222e+01
-1.604400203850032369e+02
-6.336230808910605106e+01
-6.954038996544703366e+01
-8.622883290849763682e+01
-7.812474080130895970e+01
-7.030839043333895688e+01
-6.539933437058500942e+01
-8.851515919962322698e+01
-2.289036740096030655e+02
-8.564701286878744213e+01
-6.494238030370893000e+01
-5.247608791831672193e+01
-6.841531362368451141e+01
-1.455207493287809939e+02
-1.080317366083975941e+02
-5.131757047365791635e+01
-9.680317099542078552e+01
-6.089405825105079373e+01
-9.478068519559724336e+01
-1.215743801085663449e+02
-8.394858547112433200e+01
-7.962180923823716228e+01
-6.525684722775362445e+01
-8.155640586184918561e+01
-8.560901906776108206e+01
-6.810980704151224074e+01
-6.801092515980931807e+01
-8.698733202473789561e+01
-1.642676025488962068e+02
-9.011868327868899087e+01
-5.058879875355285805e+01
-5.862528881444204387e+01
-1.155240544884701563e+02
-5.570523356954766570e+01
-6.376503677190139996e+01
-5.530875219597947279e+01
-5.974447009470300429e+01
-1.044041530093247161e+02
-7.017596119872703753e+01
-6.676544429149778637e+01
-5.221537788162122951e+01
-1.835946835367250856e+02
-1.394017304172648721e+02
-5.917021668680907709e+01
-8.850064023219238152e+01
-5.729304246321359528e+01
-5.343187988290650026e+01
-6.148657487842810099e+01
-9.734224734617998820e+01
-8.400758897285962234e+01
-1.219895022483488276e+02
-8.115328328970254290e+01
-1.011580983756257837e+02
-6.054465926158917455e+01
-7.030069083108332961e+01
-8.358065015499003891e+01
-6.134415478430416613e+01
-9.858024623569235700e+01
-5.115631839063329522e+01
-6.026860826255012427e+01
-5.498272515286770812e+01
-6.763862551646508336e+01
-1.007182689389421455e+02
-6.974305675094113610e+01
-6.220744361234028474e+01
-1.441942743315073585e+02
-1.086916574421039599e+02
-6.549442740886867398e+01
-7.911906130142816096e+01
-6.517760815458512980e+01
-7.795769435295774485e+01
-5.685037979771623640e+01
-6.522603963417618900e+01
-1.646871397037503471e+02
-1.005333198666264849e+02
-7.421060743126639636e+01
-8.703940153140251823e+01
-9.054556595170718936e+01
-2.306731697356239863e+02
-5.834652665005047822e+01
-6.721316329334656814e+01
-6.749152784082821199e+01
-7.612814710078468750e+01
-2.050738087893469981e+02
-6.669051867277460133e+01
-6.251293221262758237e+01
-1.682641421644567572e+02
-6.009770473950275971e+01
-6.510049502888873008e+01
-6.316615799509637696e+01
-5.595313314811814109e+01
-1.450402431013408204e+02
-1.318053617520846217e+02
-5.259156695081610877e+01
-1.602909146644691418e+02
-6.147550487017941379e+01
-6.327937037406302068e+01
-7.035653222569297327e+01
-1.085267516639510319e+02
-9.382146823886886011e+01
-2.015614431863881748e+02
-9.872054060452872193e+01
-2.170771762131686557e+02
-8.065279034319409845e+01
-6.135416107219600690e+01
-8.378329932923574574e+01
-1.580666479790677670e+02
-1.608920209780171717e+02
-6.768899019968624486e+01
-9.436874785779720298e+01
-7.082830250059238608e+01
-5.684367820585048037e+01
-5.277252728044084051e+01
-6.290660360257582084e+01
-5.669640066284970459e+01
-7.076629960928671892e+01
-1.047216608577847694e+02
-7.873243158713648882e+01
-1.052921871435699899e+02
-7.730234858936231035e+01
-6.967515427619549939e+01
-1.339717442818741802e+02
-1.002137364524288046e+02
-1.179337878647808822e+02
-7.767266052599732973e+01
-9.265261834224735082e+01
-7.297457059364819543e+01
-7.477916497663417772e+01
-9.645458222600376530e+01
-9.274065958533006437e+01
-8.077753024056006836e+01
-7.283718497290227845e+01
-6.416438956516773828e+01
-7.956445298356388207e+01
-7.218623172626955409e+01
-6.006188413481748967e+01
-5.456129218963914695e+01
-8.002079636214010350e+01
-1.828647115821864020e+02
-6.223510953340634444e+01
-5.813579850577968955e+01
-5.451334369421634563e+01
-6.439173095892050469e+01
-6.168366160787589791e+01
-1.000024537034877739e+02
-7.209269489753644677e+01
-6.417006695638703206e+01
-9.475364506253487207e+01
-8.444437246333662017e+01
-6.608181994128960923e+01
-8.268053144392776233e+01
-1.250316097298347700e+02
-6.960904611697830546e+01
-6.642754787325372945e+01
-6.338396086930351458e+01
-5.950783622481472435e+01
-8.483705355801774317e+01
-8.144727707217536761e+01
-7.769498098568703881e+01
-6.007669525097871599e+01
-9.957678693857512542e+01
-5.512815420884614781e+01
-6.513303975741636975e+01
-8.054058707344083246e+01
-1.075204114227663155e+02
-1.613881647806919375e+02
-8.341930525774931482e+01
-1.298905110038188582e+02
-8.416314198659026147e+01
-1.213403702870752312e+02
-9.028059793472166916e+01
-1.699856350022359095e+02
-5.997442381387249810e+01
-1.654587914282363954e+02
-9.681363128449240207e+01
-5.968984202271222017e+01
-8.232163217609299011e+01
-6.345507403975720706e+01
-7.693609158082202271e+01
-8.078298035449778070e+01
-8.080452058627078316e+01
-5.658717495174580137e+01
-7.878125833725933092e+01
-5.503342734607750231e+01
-6.434031926737151252e+01
-5.978874588194744177e+01
-6.714357547569400708e+01
-7.569863585222832114e+01
-6.042906385458297081e+01
-5.533276195799752628e+01
-9.533838307303176407e+01
-7.639772328222217368e+01
-7.914718029510058273e+01
-1.168535135392978788e+02
-9.018141995954896117e+01
-1.127801483727863285e+02
-1.029914022840995926e+02
-9.012853469186680400e+01
-6.882610136303375725e+01
-5.830421060604062689e+01
-7.052223948154026800e+01
-6.178031927137352852e+01
-6.159143137445647653e+01
-6.753934061553445645e+01
-6.053565221840089094e+01
-4.937323867954803092e+01
-5.934306561895000698e+01
-8.357803572150206151e+01
-8.888413317602329755e+01
-5.121300650030455159e+01
-5.843179726338324542e+01
-6.560597735965711763e+01
-5.477704240233219934e+01
-9.362716871376656513e+01
-8.448955761854875846e+01
-9.313437746794028271e+01
-5.471882092449663304e+01
-6.223949460494679897e+01
-1.338216426226925648e+02
-5.636636694268376147e+01
-1.318563949240239310e+02
-6.250068181372729725e+01
-1.004586831640213944e+02
-7.191469807843031958e+01
-5.789460939725883293e+01
-6.388021191308648383e+01
-6.060972809360559665e+01
-2.080909457513252505e+02
-2.233620233914305686e+02
-1.831784956693093420e+02
-5.585983073487747674e+01
-7.259645341113437667e+01
-6.401051274698623672e+01
-8.401441705019729511e+01
-8.154702216145842897e+01
-9.030367235353168098e+01
-6.460864779839968719e+01
-5.549096693837928740e+01
-1.144407995456734426e+02
-7.969285199986431678e+01
-1.094413833456334544e+02
-5.379139124189808996e+01
-1.056211110607647896e+02
-8.819798197428470132e+01
-8.391656110588897377e+01
-1.058795269811143953e+02
-6.071740724442970105e+01
-9.465445936987585185e+01
-1.157231163441102524e+02
-1.313961449849025769e+02
-1.146222233484363642e+02
-1.362022218294426636e+02
-1.066483376866951716e+02
-7.791068124199922806e+01
-7.419629185642263280e+01
-1.116332449450448934e+02
-7.629850856916378632e+01
-1.493599991861477179e+02
-6.749808791568163713e+01
-8.986147345797499497e+01
-8.555979830607613223e+01
-7.375309762210179088e+01
-1.020708430526096606e+02
-9.663620079583469646e+01
-6.697985250375674582e+01
-8.927389102014625166e+01
-5.999636292690354367e+01
-7.344761125176428607e+01
-1.291617861477849374e+02
-6.100888027482115916e+01
-9.830667856127331561e+01
-6.088994630557663612e+01
-1.511518432400604581e+02
-5.979466492688599999e+01
-1.693937468305637992e+02
-6.405430412730946443e+01
-7.256018818571303086e+01
-6.606830854226052452e+01
-6.308632974729586351e+01
-6.096378421733764696e+01
-1.010435449242281294e+02
-5.601922213834596675e+01
-8.379411866416440091e+01
-5.941221219775338369e+01
-1.233770768524276775e+02
-1.615063019648373484e+02
-6.227556139225147547e+01
-8.796991225078177479e+01
-5.490118161295016819e+01
-8.576487850588549122e+01
-8.169097694112925012e+01
-1.256255829375322151e+02
-9.265281739419576468e+01
-5.522157454225989426e+01
-5.600686784451541200e+01
-9.562191280291835938e+01
-6.013814871710791010e+01
-9.363534031495093757e+01
-7.982764787803320417e+01
-6.097042411673716344e+01
-8.189136944500717163e+01
-2.115008417504935494e+02
-7.349517945149074194e+01
-7.520271075244792769e+01
-5.382872966641545531e+01
-6.644838036689451144e+01
-9.342727439084062269e+01
-6.253531381572246772e+01
-1.086296628669449831e+02
-5.770326006844911149e+01
-1.565826222268883328e+02
-1.136359340758086347e+02
-8.199324761693499397e+01
-2.022857931744315181e+02
-7.540082204432748370e+01
-7.656638349464125781e+01
-6.325875678073388997e+01
-5.595504175947414183e+01
-1.267840767742348902e+02
-5.612474775901397095e+01
-9.429337523798037068e+01
-5.558179838320117483e+01
-7.541255919589382017e+01
-1.522260975470134952e+02
-1.010929998262707130e+02
-6.907651842994357594e+01
-1.431150469982731295e+02
-1.470021252312830029e+02
-5.725016841914661114e+01
-7.585909463164603039e+01
-5.447729136822403717e+01
-7.516753960770279264e+01
-5.513332426276424059e+01
-1.026163619773311524e+02
-7.536499041366531060e+01
-1.264433754491319917e+02
-6.149578768081880753e+01
-2.015395870949969606e+02
-1.086478940425291739e+02
-9.283567324504655005e+01
-1.670962554367561097e+02
-6.029229531785635032e+01
-8.309620480799733855e+01
-1.080129213546032503e+02
-7.233245970792566482e+01
-5.097168715766586899e+01
-7.240023031465861436e+01
-7.092972394747582143e+01
-6.937484846940941452e+01
-1.045303212403327819e+02
-6.679576615175338361e+01
-5.193605083029584790e+01
-7.734024120866440910e+01
-5.661416614833377992e+01
-6.003520592475278050e+01
-8.413623421565948490e+01
-5.384279866037728368e+01
-5.887086931403784007e+01
-8.700278787718670515e+01
-5.851219564472365420e+01
-6.427724179921395375e+01
-7.893636381400470725e+01
-5.424229550867571703e+01
-6.536056507180457231e+01
-6.039913153428720705e+01
-4.908575887581063313e+01
-6.656633569856306565e+01
-6.738716205728285047e+01
-6.981994436899330481e+01
-5.277436321850820633e+01
-6.474471866844933743e+01
-6.484035645475357512e+01
-4.999588295151291817e+01
-9.626566466874299977e+01
-6.013349201491453755e+01
-5.172073357599926879e+01
-6.064518178253087655e+01
-7.411471345082087225e+01
-5.322421312639553292e+01
-7.589029982927016249e+01
-6.947853090826076539e+01
-5.558308848439890681e+01
-5.129062190814881461e+01
-6.104070806774929991e+01
-6.278351638338584451e+01
-6.215175184221081395e+01
-6.787863165678399469e+01
-7.870398944147460440e+01
-8.631879731246942811e+01
-9.869742048866174855e+01
-2.165211728732152494e+02
-5.033237450113695388e+01
-6.130240215217687449e+01
-1.097062146312237445e+02
-1.733727580227891565e+02
-5.246411699023911268e+01
-1.047667130223262433e+02
-6.368235327577257721e+01
-7.745560309364394413e+01
-1.849663025350652674e+02
-5.353252480878740727e+01
-1.071560898151318355e+02
-1.300427174827576948e+02
-6.686932196275630247e+01
-1.026064255884121508e+02
-1.037104876671505025e+02
-9.896413428858302552e+01
-9.038372653130282686e+01
-7.338234480472804933e+01
-1.723534207516270840e+02
-6.043916891565474714e+01
-7.728869938727162037e+01
-6.483085655479683851e+01
-1.283837274202282401e+02
-1.060492239445417084e+02
-5.092181590778379530e+01
-5.461359973074931418e+01
-7.697663960042332576e+01
-1.323352662791218108e+02
-5.802240063898177880e+01
-1.022950649065340514e+02
-5.507700278496682955e+01
-4.968771047215894043e+01
-5.521924842471943862e+01
-7.565147609250186633e+01
-8.150290352303497343e+01
-4.874241349219444430e+01
-5.325806654441308297e+01
-6.724337759582574847e+01
-5.907261179181986677e+01
-6.579156085176408908e+01
-7.816894106598664393e+01
-5.595671804516818071e+01
-1.114662825820423109e+02
-6.137389900127143250e+01
-5.469455722203409920e+01
-8.297165063939928586e+01
-1.080528425128149053e+02
-6.632219317419729521e+01
-5.240970738269340501e+01
-7.586363958257386741e+01
-6.655838854574243157e+01
-5.320379731534589496e+01
-1.001605802176981967e+02
-5.678431718253206384e+01
-7.321536261738393137e+01
-7.383744928800697949e+01
-7.207590926959042577e+01
-5.949770878294265231e+01
-5.413138277933444442e+01
-5.380654025715501376e+01
-6.583214943428093591e+01
-1.612132093995604691e+02
-1.304678913071126374e+02
-5.998528916241770048e+01
-6.451841065929281172e+01
-6.882575013050787049e+01
-1.019012996999865237e+02
-8.392857129263224181e+01
-6.743945022505907616e+01
-6.107736946457486482e+01
-5.511582432262496667e+01
-5.713628993652810806e+01
-1.166793982860308176e+02
-4.934644719153818926e+01
-5.073670722106762554e+01
-5.818914258617954971e+01
-5.517602713547620397e+01
-5.391760199385760188e+01
-6.209306308892200832e+01
-8.679683406616470620e+01
-6.452725334150036929e+01
-1.150447808534602672e+02
-5.665666660408256661e+01
-6.234944681434407698e+01
-7.005187335974549967e+01
-5.252369598279694429e+01
-5.371694060225629386e+01
-7.174908553297943570e+01
-7.209421976947631094e+01
-8.512758475633529542e+01
-9.395132069849347545e+01
-6.701654182575627772e+01
-1.114090819546715352e+02
-5.903402732240614625e+01
-8.644576021334449933e+01
-5.517574509329880073e+01
-1.110230936223108387e+02
-8.938070894983117398e+01
-6.899950674408678708e+01
-7.208791586497466142e+01
-9.426409682128175405e+01
-6.059888676298581345e+01
-7.802240135375920715e+01
-7.033000503940654369e+01
-5.380499405956022230e+01
-5.146702149914231228e+01
-6.648585234993804249e+01
-5.411577128001602688e+01
-6.428064045075537081e+01
-9.561307459694182853e+01
-6.409075983652030573e+01
-7.395450674049590134e+01
-1.137561191798773166e+02
-1.162215356310293544e+02
-5.225384901899772672e+01
-1.395152349680701604e+02
-1.105070266317647310e+02
-6.714640551916602362e+01
-6.169880472169102603e+01
-6.110209935144750659e+01
-5.307575093541649380e+01
-5.023122490984050614e+01
-5.842875843318704909e+01
-6.155113222706906839e+01
-6.528711912844771348e+01
-5.202545689236395532e+01
-6.846441151371062972e+01
-4.981083093394615702e+01
-5.417850233292033124e+01
-6.811720223920552542e+01
-5.990465876135267820e+01
-6.696353880188283370e+01
-5.657859565205472308e+01
-7.493919035283813912e+01
-4.170722565207322674e+01
-6.599525958950418669e+01
-9.144220250344964995e+01
-6.052599973111686893e+01
-6.322683734337183381e+01
-6.101056275869859036e+01
-6.011048938010960541e+01
-5.387349977258875100e+01
-6.132877373975290425e+01
-9.265736912624517174e+01
-8.398627697172531725e+01
-6.354429219632893933e+01
-4.012395070205956813e+02
-5.488465917727051391e+01
-5.426195190022482251e+01
-5.013719126469676013e+01
-6.226045043583566496e+01
-5.375491168479082660e+01
-7.786347368637176203e+01
-5.320000610444981959e+01
-5.985465647216619800e+01
-6.463808362416446585e+01
-7.746903408901241050e+01
-5.331035891020231787e+01
-5.499996627514059355e+01
-6.721211757068546433e+01
-8.029950912839743182e+01
-6.318389259590309592e+01
-5.880623474553367203e+01
-8.651555169498236353e+01
-7.048759475643937833e+01
-1.163480521407271766e+02
-5.922675584643805990e+01
-7.772525459786939450e+01
-6.587847666339834518e+01
-5.976274813746847769e+01
-5.436771073415394540e+01
-9.682770360531985432e+01
-5.890980678719476060e+01
-6.647671363911835840e+01
-6.545350070081556737e+01
-6.024440633111091614e+01
-6.839648534455982087e+01
-5.619040350873476797e+01
-5.840035856671781289e+01
-6.917123363317335816e+01
-5.106756117788844307e+01
-1.217061355905771478e+02
-7.050156767212382647e+01
-6.026522336979319050e+01
-5.824552013430373876e+01
-5.799371103536564931e+01
-6.702870111203685610e+01
-6.037942384984998512e+01
-5.188662989994924857e+01
-8.017685576876966991e+01
-5.977709997553605348e+01
-6.233024388543583427e+01
-5.606785140077250418e+01
-6.629058892598239083e+01
-5.503518397257567329e+01
-5.405931527162088202e+01
-5.908792220634889247e+01
-5.719054538607797156e+01
-5.503175290137129849e+01
-6.916222035704696225e+01
-6.685666262363784540e+01
-5.880954367554421225e+01
-7.313629018990432940e+01
-5.481698805127540908e+01
-6.279798519891057396e+01
-5.451452063112227364e+01
-6.949769696856546375e+01
-5.598197100538123294e+01
-6.269826232365097241e+01
-6.316602419612364372e+01
-7.192314158302349369e+01
-5.954655247834939047e+01
-5.697583145742375166e+01
-6.397909903875516591e+01
-6.071423780882746257e+01
-8.372741182960501760e+01
-6.198884667060494280e+01
-6.793564742361273545e+01
-6.938172880699032419e+01
-5.642421639318848747e+01
-6.500102544617007538e+01
-6.934420535332084512e+01
-6.363344829329800234e+01
-5.584859300396509951e+01
-5.542808207483340510e+01
-7.682740813092674159e+01
-7.467689668430342920e+01
-5.707559244474077786e+01
-5.419381948871929211e+01
-9.833171347549291852e+01
-5.542493886483750032e+01
-5.663676183551040566e+01
-5.511479686219726659e+01
-5.444719734031989589e+01
-5.376212241911537859e+01
-6.571705193469453832e+01
-7.673192475293423342e+01
-9.270689937074405407e+01
-6.290038981001912788e+01
-7.605188414138399366e+01
-5.462896042250370954e+01
-5.824520480349438145e+01
-6.165697937084217983e+01
-6.327379963052013068e+01
-5.933113329505960820e+01
-7.513306116569854964e+01
-6.400113352365259800e+01
-5.357170118912004853e+01
-5.199030295523144929e+01
-5.793734716241370819e+01
-4.930503701286217932e+01
-7.042931466740701296e+01
-5.603133064147381504e+01
-8.875319240146326649e+01
-7.414298040192393557e+01
-5.124244160268192161e+01
-5.382441565441869358e+01
-7.152884570586938651e+01
-6.828424785387483098e+01
-5.218425021305970546e+01
-5.723700771746337068e+01
-6.873706223707345941e+01
-8.981673146271518249e+01
-5.422474257646025819e+01
-6.788933286446227555e+01
-7.360757416501161288e+01
-6.289219720719046336e+01
-9.738114345005490691e+01
-5.631743791771458518e+01
-5.960181239221449090e+01
-5.653966032301860878e+01
-7.586059347807632491e+01
-7.857914234968903600e+01
-6.943230195621801215e+01
-6.787760052202597194e+01
-6.233258594341138803e+01
-5.164865542920438912e+01
-5.931950213391822757e+01
-6.560864710341699890e+01
-6.275686812380854462e+01
-5.237854875060679660e+01
-5.935674547940790546e+01
-5.574608115639020411e+01
-6.129672459422204156e+01
-9.291923452931588656e+01
-5.527163227694981629e+01
-5.434106993668817864e+01
-6.396907138190490372e+01
-5.274167022599960575e+01
-8.979730198884735159e+01
-5.524891668765719999e+01
-6.245336203930153118e+01
-7.705294113383385479e+01
-5.535630136473530172e+01
-6.282154167368950226e+01
-5.732329070596959752e+01
-8.306056358434373976e+01
-5.509265049120483582e+01
-8.273023555206412993e+01
-6.794405879440937213e+01
-5.624730046196467725e+01
-5.505240129492560897e+01
-5.673778309037915335e+01
-5.449988531733607999e+01
-5.205759848810052404e+01
-7.428326177448269618e+01
-6.981560158876641253e+01
-8.178577982160445004e+01
-8.498990068478924798e+01
-5.209480628348002540e+01
-5.773340950151600737e+01
-5.399865651238942377e+01
-7.987894826559750072e+01
-6.708906477839580873e+01
-6.972949160208149522e+01
-8.686362617991250090e+01
-5.520087502346614627e+01
-5.962354230408708133e+01
-5.226728261423505728e+01
-8.230562601621920749e+01
-5.571474927485616035e+01
-7.515660986201405080e+01
-5.660240380509015523e+01
-6.961736294744363818e+01
-5.429395767040710297e+01
-5.455558327973757571e+01
-6.504212042196918730e+01
-5.809389352264133777e+01
-5.472338986924563642e+01
-5.841187823520958489e+01
-9.124326087617428982e+01
-7.183717997696322755e+01
