7.072671443193448981e-01
8.441979522184299700e-01
7.354301572617946148e-01
8.407430171412962894e-01
8.147735840693918208e-01
9.363989520281869039e-01
4.402322352146924023e-01
8.134151412282470961e-01
8.724721059972105897e-01
3.986451605652502339e-01
5.894621295279911521e-01
8.965907062533469141e-01
5.382131324004306716e-01
5.357106080077400634e-01
5.877342419080068270e-01
7.073167308835089928e-01
5.854796888504755215e-01
6.045951454511765411e-01
7.517957624106664793e-01
7.866591122055394125e-01
6.313932980599648026e-01
2.559681697612731788e-01
4.636441402908468845e-01
4.743944201809580652e-01
7.119522945294270988e-01
8.697586137885174873e-01
4.973637961335677371e-01
8.033373063170442530e-01
7.038461538461536771e-01
7.653722028681954059e-01
7.027828028174435415e-01
1.003448842174411992e-01
6.425275827482448410e-01
6.948170731707316028e-01
5.534188034188034511e-01
7.411764705882354365e-01
7.112860892388451761e-01
6.567246616956641247e-01
4.897969884663137541e-01
5.790049207217058402e-01
6.465181260138810337e-01
5.237313688837933467e-01
5.276771857216759898e-01
7.169417312226338268e-01
7.132916617525650871e-01
8.931174089068826261e-01
6.931494182014332761e-01
5.575968222442900801e-01
2.856356631810676450e-01
4.280268089146239685e-01
3.598448108632394948e-01
7.054379686075908928e-01
5.977768026912388954e-01
6.171628495200000623e-10
4.746931413386464294e-01
5.224986765484384010e-01
7.801040927371658551e-01
2.022315202231519116e-01
8.095716265338500639e-01
1.968011126564673530e-01
5.215040550503809991e-01
2.894657410202235992e-01
4.534570487877879752e-01
4.477987057005990978e-01
5.251798561151079792e-01
7.573733853051124454e-01
6.540118106079848559e-01
4.822541661366238630e-01
5.347432024169184173e-01
6.796906473329720200e-01
5.224199288256227147e-01
7.548253676470587648e-01
7.912126537785588720e-01
8.782260255365390567e-01
2.205227492739593176e-01
7.701615933859450314e-01
4.536965527253011277e-01
6.014026884862653244e-01
4.900124461664582820e-01
7.782278958029110738e-01
4.429994465965690353e-01
2.189806678383126870e-01
2.323030907278166024e-01
3.901956268013685447e-01
5.482602652340129445e-01
4.997854997854997983e-01
2.506811989100815596e-01
7.474333687351438771e-01
7.008368200836819772e-01
4.870342122466768675e-01
2.425940752602080142e-01
6.859781696053736111e-01
5.956034077531265902e-01
6.572045664918235719e-01
6.261481935088794026e-01
6.032489687935551625e-01
5.317838140576869321e-01
3.975231118088259907e-01
5.867430906304976768e-01
4.904200773589997286e-01
4.304409672830726841e-01
5.883757961783440127e-01
4.861893131667404111e-01
1.116908932786680742e-01
5.663520266518602408e-01
1.580698835274542968e-01
5.345330739299609668e-01
4.963331420190038035e-01
5.200562983814215334e-01
3.778476040848388617e-01
6.586857977313463897e-01
6.177716310830667634e-01
8.037210719666830760e-01
6.306780776826860224e-01
6.361117901083680470e-01
5.596419853539462697e-01
7.985874967303164818e-01
5.321463897131553100e-01
4.153520381154051089e-01
8.313253012048192891e-01
8.012887591562483092e-01
7.651370192866743247e-01
3.657056145675265380e-01
6.309263311451493994e-01
7.607689069734810960e-01
5.977301387137452515e-01
6.638212667298978298e-01
6.378845116028062368e-01
5.249163153985492158e-01
6.230725299828668851e-01
5.518157661647475898e-01
7.211952098593187310e-01
4.740836751313396435e-01
5.658591368522382092e-01
7.648456057007126940e-01
7.862540482187836410e-01
5.980410623469578635e-01
7.575940726404858383e-01
6.356367789834380666e-01
8.664138973093202800e-01
9.104157736819545876e-01
7.845322526173589273e-01
6.555796980333166157e-01
8.351498637602180475e-01
6.384496124031008302e-01
8.630502445531346156e-01
4.960893854748603116e-01
7.142099681866383998e-01
7.214630225080387316e-01
8.489270386266094537e-01
4.193321154750493385e-01
7.982425847051148882e-01
7.706846589680377280e-01
6.715720603860589888e-01
8.836590209226695691e-01
3.868511658531372244e-01
7.631108010555369692e-01
5.695958948043617909e-01
6.286919831223628519e-01
8.814560045858411685e-01
8.809958289885296834e-01
8.990961027814284856e-01
3.839999999999999525e-01
3.710145847424390908e-01
5.870103292110836479e-01
3.224334600760456748e-01
4.288915572353049765e-01
9.115430140510362156e-01
7.492030903884595583e-01
7.841892671667628489e-01
8.741504304485727683e-01
4.697018671470116202e-01
5.775744848415095278e-01
7.535895097827302047e-01
7.419710327455918408e-01
7.639053967925861777e-01
8.580651180244531773e-01
6.814267654103705052e-01
7.283858829125851031e-01
9.649093679772782206e-01
7.671830678594806496e-01
9.951148405796375052e-01
9.472683065474503117e-01
6.955985989843492812e-01
9.175933813319019361e-01
9.314715541574692947e-01
9.226758429273405060e-01
4.883417276066316370e-01
9.073393944409049450e-01
6.351099515467758527e-01
6.776439866531263068e-01
4.467526787666740162e-01
6.005839184493597660e-01
6.866624570265910110e-01
7.605105105105104402e-01
5.726080621661000514e-01
8.122763556289568365e-01
6.507366528567999353e-01
8.837591053657536388e-01
2.212812160694896113e-01
7.155355419749115375e-01
4.557894736842106331e-01
8.224377300080553121e-01
3.632310780355845203e-01
6.930514365698499102e-01
8.235166582351665099e-01
9.083987627884844152e-01
8.151955775895600720e-01
8.075487940126750974e-01
5.009764157643002980e-01
5.723396064199118838e-01
5.948951686417501827e-01
8.220444444444444665e-01
8.076997070457168082e-01
7.071447976093452326e-01
7.394014962593516982e-01
5.857137694124493477e-01
7.910274270024386656e-01
8.143059356655277803e-01
6.168837124698518526e-01
7.439856520139827012e-01
9.339103305993056159e-01
7.458359912112835222e-01
5.027755749405233843e-01
3.672566371681413866e-01
1.996927803379422092e-02
4.607843137254900023e-01
6.171200206265309296e-01
6.921641791044775838e-01
7.652246149913732864e-01
7.532833614461527105e-01
6.936857076608918815e-01
8.451442187004722939e-01
4.955414012738852958e-01
7.103020914020139465e-01
7.855255003796717261e-01
6.382853787433939718e-01
4.012997562956943653e-01
5.169900701466701998e-01
6.597345595151008490e-01
4.306524097319076039e-01
7.413427277208064492e-01
3.889364175974491245e-01
7.099344007635347564e-01
5.127843640875221487e-01
5.701047542304592541e-01
8.025608780153195010e-01
6.545099645631747842e-01
5.957513755623981000e-01
7.234969326585496407e-01
7.173364625569095265e-01
6.140350877192982670e-01
7.401921537229784187e-01
3.025275775210632956e-01
8.904909761304095062e-01
7.508403578631639430e-01
5.032266026516094559e-01
4.966226968914665418e-01
7.838163822745494169e-01
6.398388617468071526e-01
5.803212851405622486e-01
8.026808831401509581e-01
6.239529114687843991e-01
8.322675848499754281e-01
6.766111513396089183e-01
5.847578347578348268e-01
6.998948071798317683e-01
6.667935336981382077e-01
5.396902741862982245e-01
6.852346432659289777e-01
5.634770829078260546e-01
6.179237007867053344e-10
4.897473004063857549e-01
7.096040054619936477e-01
4.876350540216087270e-01
8.229891184900557377e-01
9.467433667000813013e-01
6.632653061224489388e-01
3.570919458303634664e-01
5.663439437208330762e-01
5.109152813939514814e-01
6.190125276344878857e-01
2.903225806451610880e-01
4.936061381074168808e-01
4.593435592940788292e-01
6.427389413764807846e-10
1.572580645161288093e-01
8.379943190682426213e-01
5.464256361359401959e-01
2.530670470756061774e-01
7.245061990054330048e-01
8.102997554776287803e-01
8.246626246821827655e-01
4.339805825242717408e-01
3.864886095836606028e-01
1.654642774028392271e-01
5.039609993906154495e-01
4.729814398095126826e-01
8.289894833104709537e-01
6.413556413556412705e-01
9.825065753257080647e-01
6.963171915654755573e-01
8.121178961391155582e-01
4.893885241497725191e-01
7.680955727336613581e-01
6.923285811269518364e-01
7.480916030534351391e-01
5.584924131179639373e-01
6.292231715920670876e-01
8.197122012614244113e-01
8.030406474692617369e-01
7.891203235591506271e-01
9.314279360434435384e-01
8.041124847863685421e-01
8.854633796387931799e-01
8.498654363706267256e-01
5.352112676056337559e-01
3.624036160595588973e-01
8.440786465477824185e-01
6.895715129551497347e-01
5.534328358208955301e-01
6.029185867895545670e-01
5.416666666666667407e-01
4.763926411938763095e-01
8.094174478190317990e-01
8.506760411032990854e-01
9.208241924615784280e-01
5.657084996980644709e-01
9.561776266864974172e-01
5.497464113754988446e-01
6.619319710252667965e-01
5.070234113712374091e-01
8.470424846761952509e-01
6.983776777632960675e-01
8.501729141906658738e-01
7.297220747034873778e-01
8.059578356655918707e-01
6.727879204229743060e-01
5.638694291250557766e-01
9.111358268435705288e-01
6.111187577968858475e-01
8.766715568571380457e-01
6.368810472396130296e-01
6.377607025246981864e-01
5.484400656814449881e-01
7.562082777036047698e-01
7.485236902661475122e-01
6.986995962014406203e-01
8.512919970338257425e-01
7.593837932442333294e-01
6.727272727272727293e-01
8.569212410501193533e-01
8.993915436189591217e-01
8.405208687050625960e-01
8.790982840480018323e-01
7.936267777751915276e-01
7.995847648916973860e-01
8.503982365968737467e-01
7.992794049279404733e-01
7.385329619312904770e-01
8.963757686772209077e-01
8.891113719533245696e-01
6.810600155884646290e-01
7.634481886238554393e-01
7.403433476394849500e-01
8.388830107259185320e-01
7.506258692628650087e-01
7.184478005020369373e-01
7.625158131676248452e-01
7.845384455094811527e-01
7.744674034919108996e-01
6.347607843556491991e-01
8.999791767890608085e-01
5.285714285714285809e-01
5.947368421052631193e-01
4.596649088598775967e-01
4.192439847240909123e-01
6.258023106546855008e-01
9.307145790193828150e-01
8.454629203132196791e-01
7.705677867902664957e-01
9.765971174906585839e-01
8.432071041565883940e-01
7.666474111499327337e-01
7.124878993223620061e-01
5.524934383202100285e-01
4.953330169277013195e-01
6.756237367880455480e-01
6.307525717379534047e-01
3.268798617113222171e-01
5.729256141556433590e-01
7.528089887640450062e-01
6.687675070028010760e-01
8.224141167636568328e-01
7.794624812733140784e-01
3.312775330396475204e-01
8.733532602679064949e-01
2.997347480106102302e-01
5.136174303107978734e-01
7.480256357246226617e-01
7.815320611377407634e-01
3.673253352152432427e-01
5.994838571204051947e-01
7.563603711463634527e-01
3.516807013028818152e-01
5.194220144496387581e-01
4.881859098259371810e-01
6.332725023922979313e-01
3.627902931199443182e-01
5.433821027560395978e-01
3.007882023900330659e-01
4.968021680216802571e-01
7.646415742620645828e-01
6.924941423608306224e-01
3.067226890756302171e-01
5.094962840627580425e-01
3.134015211119852706e-01
3.231576436918672801e-01
4.779661016949152130e-01
4.491833913562360836e-01
5.980769230769229505e-01
6.161768163649188335e-01
5.422015268879333272e-01
7.244944852941176405e-01
4.702192242833052593e-01
8.936269858682345246e-01
8.101121679383433971e-01
8.222192297974040276e-01
5.141684580809068317e-01
6.178778204385436036e-10
4.542059917770729927e-01
6.082096131466657729e-01
6.338194137575489107e-01
3.278917910447762263e-01
3.645418326693225519e-01
2.903225806451614210e-01
4.361945580195987771e-01
7.622967688824860977e-01
7.731024141207174516e-01
5.438438386854758111e-01
8.848693564798332245e-01
5.760069294066695322e-01
8.252528105756735677e-01
7.240980127339379235e-01
5.530275604054480931e-01
3.412392528906018074e-01
5.428875865743206797e-01
5.297210749145403463e-01
7.049180327868852514e-01
7.450222882615156195e-01
6.547534676521209462e-01
2.275280898876402558e-01
7.839718189180483465e-01
6.537530266343826169e-01
8.376821038745444481e-01
7.946394021726448376e-01
4.546494990218903354e-01
8.995716862037872463e-01
9.306217364933068170e-01
5.262906163448801689e-01
5.627833345302168944e-01
5.962245496289703128e-01
7.773063270422928550e-01
8.718635379380440531e-01
8.516949152542372392e-01
8.093382599932817945e-01
5.999999999999999778e-01
7.822662088466976194e-01
6.300855727368263048e-01
6.754534461910520760e-01
3.407500448591422315e-01
4.599199398683847528e-01
5.686274509803921351e-01
3.346068131168418169e-01
4.105998835177635531e-01
6.126884633308702366e-01
4.200899458378968832e-01
5.814654360519871945e-01
7.182530980014247834e-01
5.968971512638759913e-01
6.032786885245901010e-01
6.867291645321749183e-01
3.346068131168418169e-01
4.898042019561644755e-01
4.838147138664577462e-01
5.231595576619272325e-01
5.773508594539940031e-01
4.106359581657564317e-01
7.780500517318467146e-01
6.039791567977261799e-01
4.860209892766913509e-01
2.946702062487236984e-01
5.925220702786914151e-01
5.988670561161267836e-01
5.408695652173913793e-01
5.942173479561315697e-01
6.184259604625139684e-01
4.567901234567900426e-01
6.253239540910774386e-01
7.731441918760326715e-01
3.506944444444442532e-01
2.251527822451087832e-03
6.627527723418135119e-01
5.912988851952798441e-01
4.807180851063829752e-01
3.366636931311330905e-01
5.701109895263405392e-01
6.048365898536756102e-01
6.508769836535018838e-01
5.552591072344792433e-01
5.810372771474878739e-01
2.749529190207156137e-01
4.352213217529584122e-01
7.153075822603718881e-02
7.872055161846390758e-01
4.290368118145293508e-01
7.636846486186530392e-01
6.367485182049110737e-01
9.178015728616737423e-01
6.188769414575865380e-01
6.055776892430277947e-01
6.125686707398469988e-01
7.817289739915767033e-01
5.621751806312587085e-01
8.793903854376642348e-01
6.912714005051923127e-01
5.981164244540067010e-01
6.648018454822981482e-01
1.437125748502993128e-01
8.394955763898058754e-01
6.035328116374971685e-01
3.660485021398003913e-01
5.133485888634630179e-01
4.100632720699004530e-01
7.956109496864963715e-01
7.365504915102770722e-01
5.863410417116923234e-01
6.957220971373433427e-01
8.519000363064263004e-01
5.178748875825495146e-01
6.441745644401566384e-01
6.338751653035418210e-01
6.752593860305914353e-01
8.036914802591370588e-01
6.136962247585601160e-01
6.165975103734441243e-01
4.152625501129698637e-01
2.563470187146379975e-01
4.851794071762869920e-01
6.212744090441931766e-01
2.443693693693692603e-01
6.157707592553859355e-01
7.019508670520232529e-01
6.457714553697045945e-01
5.593616872270571472e-01
7.950308060658474174e-01
5.916191876493291923e-01
7.234718179412542582e-01
9.147479664052405868e-01
5.729468898633659490e-01
3.253833049403747624e-01
5.223823246878001036e-01
5.056671306422747536e-01
2.350754428165320320e-01
6.178587036152661489e-10
7.414416586306653567e-01
5.867620751341681151e-01
3.085240130751824017e-01
7.198668825021300455e-01
5.346462436177971123e-01
4.714926329276104555e-01
4.581280788177338748e-01
5.718426501035198672e-01
5.489374438790781685e-01
7.955390334572490785e-01
5.619469026548672419e-01
6.334371754932525966e-02
6.925880923450791204e-01
6.298898723059253024e-01
5.152956094468220671e-01
6.965166710793722071e-01
8.839000460534708337e-01
6.906512914043654305e-01
7.016794919642143080e-01
5.341176470588234748e-01
6.412437962118910928e-01
6.954113924050633333e-01
5.701109895263405392e-01
6.179542877182214570e-10
9.226755133148032417e-01
7.763106954377813063e-01
5.321180555555554692e-01
3.112522686025407381e-01
7.811756445761983692e-01
8.739264113630786923e-01
6.446682875998610562e-01
3.374667847652791930e-01
1.654642774028392271e-01
6.520970435124251452e-01
3.640973630831643715e-01
4.854606498605816833e-01
6.666086047726875741e-01
5.514563106796117609e-01
6.227780399559541546e-01
6.185940179081729218e-01
4.332552693208431283e-01
4.318661685885984980e-01
4.264700529118662375e-01
7.030506358742295570e-01
7.363916466963369434e-01
5.790432801822323894e-01
9.243806718373359654e-01
6.725433526011560526e-01
9.057708572791742796e-01
4.397639851821804613e-01
5.719579987646695729e-01
6.084538375973302937e-01
6.099290780141845003e-01
5.679707718069720856e-01
6.625766871165643668e-01
3.689613526570048596e-01
6.938626043650213404e-01
7.255959547315193880e-01
5.560315670800450860e-01
5.042530965527532993e-01
5.657573741406075607e-01
4.665366646866589972e-01
9.182544106340252421e-01
6.515535773756723215e-01
5.391090742856884388e-01
7.766283524904215030e-01
3.833244063560077852e-01
8.018145096656300597e-01
7.431975527290292094e-01
9.057584203387500921e-01
6.570155902004454207e-01
4.196868968475230277e-01
6.569356004648226888e-01
4.447367875769852041e-01
5.932075471698113889e-01
3.405994550408720234e-01
7.867841409691630483e-01
6.145654414290623313e-01
4.828112823525210207e-01
6.518987341772152222e-01
5.478658001053926530e-01
7.037400501581070333e-01
5.800085800085799104e-01
6.139162561576355648e-01
6.473171802942684350e-01
7.444286391654814095e-01
7.506195912729046738e-01
7.438953220505575281e-01
7.193359975407315199e-01
8.407851165031007268e-01
7.937556044672698929e-01
8.365582371458550881e-01
6.179848746469041758e-10
5.419178082191781209e-01
7.755102040816326259e-01
4.666118046793862328e-01
6.657591631497852269e-01
5.530624620982413919e-01
5.977768026912388954e-01
6.615384615384614087e-01
7.055691466398043010e-01
5.188384488145560969e-01
7.065834279228149217e-01
2.279600570613410648e-01
6.479962247930688424e-01
2.446351931330473239e-01
1.500742942050519446e-01
4.345035851854319731e-01
5.480147737765465044e-01
5.462074090870417953e-01
7.257971014492754502e-01
6.180422251707954814e-10
8.074209563626861819e-01
5.646100116414436432e-01
7.038588499565132661e-01
6.934286340383531977e-01
7.002724795640327127e-01
7.188147090324883415e-01
4.420089088784174836e-01
5.274463007159905237e-01
5.485143382886592534e-01
4.864212858341878110e-01
7.778085224128389319e-01
1.972049689440993347e-01
8.268709610173026192e-01
5.205383147534398125e-01
9.917512713140558267e-01
6.920136882805207890e-01
5.883757961783440127e-01
9.600094839168575866e-01
5.914621131270010324e-01
6.117647058823528772e-01
3.581438088674479547e-01
4.819745864163654248e-01
7.485944206673393886e-01
6.167765939455437385e-01
6.428696618341491753e-01
6.430725053840631311e-01
6.186101644688102308e-01
7.920254586297267307e-01
3.529411764705882582e-01
7.010183517852279778e-01
4.486334737636502590e-01
6.371814092953522746e-01
6.566194933529106992e-01
1.538461538461538824e-01
6.113885369307594519e-01
5.029085314769072834e-01
4.615274993018911309e-01
3.976945244956772152e-01
8.520164621917214465e-01
3.968591961671547041e-01
4.341338638624414048e-01
3.105910353034510019e-01
3.625377643504536229e-02
4.564369310793237600e-01
8.170515097690961293e-02
3.754755633596721931e-01
5.300572873482406466e-01
6.175490105763819710e-10
7.355988396187318479e-01
3.096862210095497336e-01
5.990279465370595968e-01
6.737115313311086151e-01
5.593581648744171408e-01
4.066780821917808098e-01
3.980500781379326947e-01
1.288819875776398560e-01
1.974248927038626811e-01
6.791666666666666963e-01
4.482357217219128387e-01
5.584115523465704722e-01
5.444922171895343332e-01
2.584269662921348520e-01
5.985050913702220088e-01
6.782290383541511591e-01
6.085359238806382631e-01
1.603982300884955192e-01
6.371789400579075391e-01
5.054926483015041994e-01
5.466143277723257698e-01
7.328632980806893960e-01
3.727202671461599115e-01
6.999362651370300004e-01
4.977290619511899328e-01
7.069480745766386631e-01
6.925656791503632670e-01
5.713235294117646745e-01
4.258698940998487670e-01
6.542894522951709924e-01
5.875159497775613859e-01
5.197767930411948401e-01
1.726263871763253632e-01
4.908812260536399297e-01
4.209233010174480150e-01
4.469816747811517499e-01
3.835068054443555585e-01
6.693660667975491751e-01
2.853007397877131979e-01
6.028151774785802663e-01
6.573558258977602042e-01
6.084079315654750131e-01
2.701856874608805636e-01
3.419066256639643475e-01
7.515204170286707841e-01
5.296141558122389181e-01
9.544787077826735744e-02
4.862743645834446404e-01
7.471290654597965153e-01
6.526315789473685625e-01
5.524278417906384187e-01
6.146754466413745233e-01
5.901422913304973372e-01
2.001530807500954967e-01
7.203968125769578679e-01
6.981927248776498285e-01
5.530474040632054056e-01
7.139586229454575328e-01
6.156405990016639018e-01
5.690552938259360038e-01
3.925572571180695469e-01
5.721740746818544388e-01
6.941176470588235059e-01
3.556485355648535407e-01
2.207084468664850807e-01
2.259702575262964308e-01
5.564633021478455621e-01
7.699831365935918548e-01
5.512820512820511970e-02
5.796178343949044409e-01
2.491743119266054685e-01
6.354375145786929080e-01
7.755403684390751451e-01
7.555555555555555358e-01
6.807456696366028792e-01
7.390433980552743032e-01
6.505611837266781494e-01
5.818893236444940831e-01
3.592233009708738489e-01
6.109570041608876068e-01
6.244384546271338765e-01
2.577792335407795843e-01
6.276277566319025114e-01
6.576469422142927623e-01
7.522488518514965916e-01
7.520544728809580581e-01
2.689873417721519444e-01
6.034013605442176686e-01
5.601456844135237478e-01
4.873588437080626501e-01
4.794933816512255698e-01
6.178739970098574676e-10
1.877454831107621958e-01
7.210284851367807502e-01
5.715030101201959978e-01
4.870342122466767565e-01
5.959419275843974573e-01
2.334096109839815456e-02
5.356119334005057242e-01
6.714727263591058204e-01
4.912358226542936634e-01
7.772579261847222254e-01
5.302350619056163117e-01
5.329255127743791620e-01
2.917964693665626719e-01
1.304606240713225007e-01
6.418856799062639951e-01
5.766374071573262539e-01
5.782747603833864325e-01
4.621294304251539753e-01
7.689950898018729220e-01
6.612439378136159007e-01
3.857388316151201813e-01
5.992608236536430821e-01
5.178082191780822852e-01
3.810082063305980649e-01
5.866388308977035226e-01
5.308977342723452120e-01
5.993716472808816587e-01
1.955082061618198253e-01
1.486068111455105534e-01
2.015675583574716156e-01
4.191559067257660254e-01
5.545726123723546674e-01
4.226920898621860379e-01
5.437219730941702522e-01
7.206816801758131330e-01
7.434630670570714361e-01
9.614570097416341721e-02
5.524749915995853522e-01
8.657209029853475402e-01
6.919749573136027010e-01
4.983713355048860483e-01
5.028248587570621764e-01
4.521484374999998890e-01
3.849270664505672346e-01
5.403458213256484566e-01
2.764771460423633975e-01
6.280193236714977090e-01
3.702056698165647197e-01
6.137273932474923699e-01
5.484864032837352132e-01
6.021969499867130260e-01
6.641221374045801484e-01
5.311687485457191604e-01
8.084640912157108339e-01
6.630284675700609531e-01
6.498010233086980447e-01
6.225601009013111975e-01
4.252023121387283333e-01
5.134686769929924788e-01
6.997270245677889022e-01
5.228915662650601703e-01
7.061689906503876291e-01
6.441631504922644691e-01
8.065691901128170249e-01
3.449003516998828678e-01
2.855670103092784462e-01
3.175182481751824826e-01
6.927374301675978119e-01
6.840078673079822424e-01
1.384335154826957515e-01
6.735876445866227913e-01
3.917445482866043771e-01
4.658638760057667305e-01
1.200000000000000649e-01
3.724531377343113236e-01
7.430485661349108817e-01
7.414353588397099015e-01
5.906508419108278396e-01
3.706824925816023519e-01
1.564137931034481344e-01
3.827638039374410828e-01
4.877911543313997456e-01
3.313069908814589293e-01
7.028193486912168719e-01
3.378280760895738810e-01
5.296568358732595128e-01
7.666991711360311434e-01
8.128405289150868462e-01
4.843749999999998890e-01
4.483309375499121008e-01
6.563501083440825834e-01
6.970024304617877808e-01
7.803233845751104125e-01
7.298971352726467687e-01
7.288727485315706911e-01
4.947506561679789749e-01
7.608840852510777575e-01
6.268591806558232449e-01
3.218249075215781629e-01
1.500742942050519446e-01
6.518209347161839640e-01
6.303243454474404261e-01
6.015862524785194898e-01
7.557648208935132672e-01
4.186661230467146888e-01
3.415612465288488941e-01
5.625368051010334325e-01
5.056179775280896793e-01
6.353373353642147725e-01
5.196064159208895195e-01
7.012287130847165706e-01
7.606093579978236985e-01
3.895700237641929187e-01
4.450234154998441438e-01
6.836670492357197482e-01
4.744694076902584157e-01
6.493591850147879541e-01
2.991689750692521077e-01
2.638195599926048684e-01
5.485789821546576545e-02
6.845735885763356565e-01
7.341821488891776548e-01
2.518150554069544245e-01
6.177784129623982238e-10
7.111597374179431386e-01
3.624181988158304280e-01
5.704277835743032377e-01
4.622686283815852781e-01
5.256792287467134672e-01
5.850782960341006644e-01
5.586941063172329303e-01
3.385620915032678813e-01
6.164146036027358111e-01
5.772618094475581163e-01
2.383778437190900990e-01
5.796178343949044409e-01
6.918875713432344199e-01
6.806286185730464622e-01
5.879598662207358162e-01
3.548560667204734842e-01
5.499139084557209678e-01
4.695177434030938235e-01
7.392966360856270125e-01
