6.722365038560412787e-01
8.478335625859697577e-01
6.922146669852173861e-01
7.783000607859646980e-01
6.261242013467739342e-01
6.923403021644337629e-01
8.587499210010742789e-01
7.302697302697302995e-01
6.931050342953153365e-01
7.704255271421396323e-01
7.334692688610544575e-01
5.848749445019979509e-01
8.096048154933263019e-01
6.500402732185647237e-01
3.225806451612899667e-02
8.286519855592252570e-01
7.311664641555285504e-01
4.076476513197590523e-01
7.967691505992704482e-01
5.831387155078375795e-01
8.082239115411196106e-01
8.685789726356216711e-01
5.976785048218912211e-01
3.621700879765395453e-01
3.328220858895705181e-01
6.721207667497111071e-01
8.551445004615493284e-01
7.238858552052140904e-01
6.413994169096211007e-01
2.087155963302751438e-01
8.637478992703553349e-01
3.359941944847604778e-01
9.031809638176786503e-01
1.518254674977738694e-01
5.504471991212930293e-01
8.261265954675696133e-01
7.310052360378888059e-01
8.356309650053022064e-01
7.783241475431337264e-01
6.263345195729537185e-01
7.311885614785952336e-01
5.827389443651924683e-01
7.759386354461041968e-01
5.020034344590726949e-01
3.211775043936729301e-01
7.084450402144772951e-01
8.818472027293072779e-01
7.137926543370669563e-01
8.230869058869146881e-01
8.425636444841446693e-01
8.737232341853088391e-01
5.581973030518098122e-01
7.747006283545413430e-01
7.889072834289735381e-01
7.849316921412146097e-01
6.882156068345957056e-01
5.995145631067960723e-01
9.568897371036227950e-01
8.973962930273610139e-01
8.732023478856931753e-01
6.868475991649268808e-01
8.571659847525976428e-01
7.165226781857452210e-01
8.760450076821747478e-01
9.378820511196275245e-01
7.965549160864490164e-01
8.876451775795319854e-01
8.045494699646642545e-01
6.692491060786650570e-01
4.982394366197184787e-01
8.776324005808922024e-01
9.511455525606469230e-01
9.521523691545369372e-01
8.042653483559438765e-01
8.357976482976482435e-01
8.822263961386419551e-01
8.887385914320540259e-01
5.222273143904674342e-01
6.568627450980392135e-01
4.203581526861450146e-01
8.242177091976992109e-01
4.855134213890072714e-01
7.540920039053194968e-01
5.472597299444003083e-01
3.723849372384937517e-01
7.728790915163660236e-01
6.915393654524089051e-01
5.110900730321882302e-01
8.266683978187483461e-01
7.058823529411764053e-01
6.447669977081741388e-01
3.049898167006110383e-01
4.685592208763492139e-01
7.742313739765166458e-01
6.016059295861642120e-01
7.119365225390984486e-01
6.899773499433747848e-01
4.164235839889491309e-01
6.666169451073985508e-01
8.416193057581780046e-01
6.541786743515851654e-01
6.272145669291337988e-01
7.039298990971853964e-01
6.928879310344827624e-01
7.894736842105258556e-02
5.880754043785684226e-01
4.549754709836162925e-01
6.946254071661238649e-01
7.419609679073807529e-01
8.377353189098061259e-01
5.833333333333333703e-01
5.750708215297449799e-01
7.592778335005015977e-01
3.727272727272727404e-01
8.242589159012980726e-01
4.409937888198759981e-01
7.602659822678488055e-01
5.190380761523046838e-01
5.228628230616303441e-01
5.554493307839387661e-01
5.246775098149186745e-01
4.775786540226081289e-01
3.941911813817382537e-01
5.383586083853701965e-01
7.753456221198156140e-01
7.246552817334296348e-01
3.287937743190661455e-01
5.559458103361766268e-01
6.456692913385826404e-01
5.510304219823356497e-01
6.511762885002321255e-01
7.568578553615959992e-01
8.338399485590693994e-01
6.773255813953488191e-01
7.408207343412527290e-01
5.335159523042216634e-01
6.510306153379812333e-01
6.993413563181004600e-01
8.867158879558134643e-01
1.406250000000000555e-01
3.218085106382979066e-01
6.116610314652953795e-01
2.063243581715716590e-01
4.481981981981982277e-01
3.198090692124103684e-01
5.866417561886968501e-01
6.269407705577917378e-01
5.588235294117647189e-01
5.544336775141793794e-01
5.275277924827951326e-01
4.289991445680068627e-01
4.382591093117407799e-01
7.543287774720442984e-01
3.953534551231134841e-01
5.803513337670787031e-01
5.495929755050181775e-01
7.384232121922625902e-01
5.492191197349739484e-01
8.125628983562563912e-01
5.618080896690259562e-01
7.786499490471598950e-01
7.304176189486807358e-01
8.844159585193720474e-01
5.748368678629689477e-01
6.560790912915440698e-01
6.507441190590493862e-01
7.379372012243353707e-01
9.076796110924065797e-01
9.292352990978617333e-01
6.523178807947020985e-01
7.623156573580168738e-01
6.076923076923076428e-01
6.429910044977510397e-01
6.448467966573816490e-01
4.784680550653018227e-01
5.951883682382328455e-01
7.750222750222749424e-01
5.655036208031599676e-01
5.488081725312146109e-01
8.790876265066368545e-01
8.030729344380393986e-01
6.430234038396762664e-01
4.967028704422031815e-01
6.055216062854649195e-01
7.417807252716240862e-01
7.924405646359582445e-01
6.666442862897812294e-01
7.788812683708916662e-01
8.086124401913875603e-01
7.712524334847502550e-01
6.544334315563890003e-01
4.102822580645160699e-01
6.792407496395964639e-01
6.963689482470784009e-01
7.854815351194787132e-01
7.281250000000001332e-01
5.275590551181101873e-01
6.730719628578797353e-01
6.088052554471821143e-01
8.040974714178419358e-01
7.943037974683544444e-01
7.937952814415752956e-01
6.060455896927652297e-01
3.674698795180722510e-01
5.844459279038717314e-01
9.479049966390319382e-01
5.797364650326291002e-01
8.917025287192801297e-01
9.675636369225928402e-01
5.972617354196301243e-01
7.757122749732147104e-01
6.275395033860043936e-01
7.561693797832876873e-01
6.886169920263953692e-01
5.000000000000169864e-01
7.638888888888888395e-01
6.174243685068970679e-10
5.535417359494514411e-01
6.173514694433322388e-10
4.911012235817575067e-01
5.687838069532111795e-01
8.602783403854251665e-01
6.511627906976744651e-01
4.220716478754307222e-01
7.208146613800343605e-01
6.552117011765374865e-01
7.422102797514406047e-01
6.778190830235441000e-01
1.549295774647887480e-01
7.707160096540627281e-01
6.474358974358974672e-01
7.135416666666666297e-01
8.584646390619273815e-01
7.255827677781055973e-01
6.473779385171790635e-01
6.175590470166302248e-01
8.323559780246548856e-01
7.700202736948809079e-01
5.837823275862068506e-01
8.739711934156378925e-01
7.024108488196886269e-01
7.734375000000000000e-01
5.414847161572052814e-01
8.376264222503160273e-01
7.360610557557769607e-01
5.525783619817997705e-01
5.401357360168499433e-01
6.044133476856835552e-01
1.107236268526590045e-01
9.175581750043576568e-01
8.896046907614825194e-01
9.227986664833653929e-01
8.840477863668305680e-01
3.714488636363637020e-01
4.309799789251844149e-01
7.241271820448877961e-01
3.005952380952381375e-01
6.741361614779336486e-01
7.526385224274405594e-01
6.165760377566332773e-01
5.104895104895105229e-01
6.253534401508011875e-01
7.533046418690440005e-01
6.985815602836878968e-01
6.038422065152582174e-01
6.678624443344878259e-01
8.285823730328469860e-01
8.216437007812870119e-01
8.498740201567749342e-01
8.285137861466038700e-01
7.540983606557377650e-01
8.235855054036872458e-01
8.150399444251476000e-01
8.088752011096801420e-01
7.894684901514151809e-01
8.263139927710445587e-01
7.151898734177215555e-01
5.438643702906351685e-01
7.085646312450435413e-01
9.137593867334168340e-01
5.654423176409725249e-01
8.760107576939413221e-01
7.906507482764418837e-01
5.021315468940316107e-01
8.528291103067251466e-01
6.929560505719445374e-01
1.212296983758702207e-01
6.528174369133828980e-01
5.288705583756344586e-01
4.313374552554505303e-01
1.891891891891890887e-01
7.634109267988508085e-01
9.075161122270918312e-01
6.118893221818879624e-01
7.315308453922316767e-01
8.721137779128056433e-01
5.530393325387364944e-01
4.754968541232671431e-01
6.687429613339687107e-01
9.125617665225448372e-01
7.694725812085225769e-01
9.641451084975247721e-01
3.290133779264212133e-01
6.134376438104003348e-01
7.024521910579560879e-01
5.645161290322581182e-01
3.412162162162163392e-01
9.009254167682867465e-01
8.238831615120275620e-01
7.155758656216688607e-01
7.379912663755457958e-01
8.255912093063193513e-01
3.008474576271186751e-01
6.885399287184402750e-01
5.034843205574912606e-01
9.228298465972529785e-01
6.326135997421850066e-01
5.119201030927834628e-01
8.556163899682091012e-01
8.198289902280130326e-01
7.049232063959604000e-01
7.610913385161087730e-01
7.365144793689755165e-01
8.796617519514309258e-01
6.690871708491438197e-01
8.346384668296844556e-01
9.961111303830262331e-01
3.945138269402319597e-01
6.916331224841864023e-01
3.884120171673820510e-01
9.938937833534854382e-01
6.926556679084620027e-01
4.822791726648812949e-01
2.589820359281438944e-01
5.998759305210918935e-01
6.641514101929737457e-01
5.833333333333333703e-01
6.101231190150478989e-01
4.895287958115183691e-01
6.459227467811158307e-01
2.681584739545119778e-01
5.292697646348824003e-01
7.296015180265654765e-01
6.926942404329339276e-01
5.535203205495135004e-01
4.476744186046511254e-01
3.227009113504558102e-01
5.424403183023872588e-01
1.795740561471441121e-01
2.422945205479452024e-01
3.933823529411765718e-01
6.429964884900507549e-01
4.993188010899182183e-01
8.022959183673469274e-01
1.666666666666667129e-01
3.644067796610168108e-01
7.156653256015506059e-01
4.571328179901615330e-01
6.781115879828326642e-01
5.153601694915254106e-01
6.032769256454936224e-01
5.081253627394081152e-01
5.165922144224631696e-01
6.507857030626429395e-01
7.375915378356386887e-01
1.234840132304301091e-01
8.397397636385340869e-01
3.767029972752042322e-01
5.724372384937238545e-01
3.279022403258655682e-01
7.098372639291159469e-01
6.174916599347697327e-10
7.972972972972973693e-01
4.608283637074417349e-01
6.756756756756756577e-01
7.627636070517238576e-01
5.524691358024691468e-01
8.329207920792078834e-01
7.061684297360448781e-01
6.398792409430708039e-01
7.487399940705602441e-01
6.878089170515548911e-01
7.341417910447761708e-01
6.931260229132568673e-01
2.833491012298958722e-01
7.318067754077791642e-01
7.162944691791787166e-01
7.455902306648574118e-01
6.280364372469635637e-01
7.269807280513916892e-01
6.432522123893805732e-01
7.017045454545455252e-01
7.511129097531363819e-01
7.013544696641932363e-01
7.745253164556962222e-01
6.245638471533919711e-01
7.835888187556356854e-01
6.709815675468850937e-01
6.159724875811997125e-01
4.709223090924198885e-01
3.877551020408162019e-01
7.009698275862069616e-01
4.540931550147112583e-01
7.606381969231558182e-01
5.289499509322864723e-01
5.139412207987942294e-01
4.945355191256829985e-01
4.460227272727272374e-01
