-5.732179952372122500e+01
-5.409050680645729869e+01
-5.275878611666713880e+01
-1.248916286622875020e+02
-1.159822669208450350e+02
-1.538177786724148177e+02
-6.495107226047541360e+01
-8.530909366505299829e+01
-2.238262653201137482e+02
-7.013734880271893246e+01
-1.269416576275803266e+02
-6.434415665337731127e+01
-5.264658759554497180e+01
-1.136807193346303535e+02
-9.330138554530994099e+01
-9.078089889981842475e+01
-1.024378405300242605e+02
-5.795231729744348570e+01
-1.126469248630726696e+02
-5.477105422469958995e+01
-8.038242282754103485e+01
-5.343070833834448052e+01
-8.849127770179286756e+01
-6.101272240343019604e+01
-5.822415978671789105e+01
-5.282311937620042386e+01
-1.626682164301968783e+02
-5.227726503760559496e+01
-6.707668332207157391e+01
-6.562830764944460782e+01
-6.615468056621777748e+01
-7.226447202710531315e+01
-7.265804616410707695e+01
-6.008721932109911990e+01
-5.888603259192746719e+01
-6.641154271960201072e+01
-6.713379881163660912e+01
-5.422615681264889531e+01
-6.719263144774203056e+01
-5.107870688358006106e+01
-7.307069570948948467e+01
-1.469688731825229979e+02
-7.294377652984755400e+01
-5.429055263685492605e+01
-9.165421651067720177e+01
-8.401537885243385517e+01
-7.883114844998227966e+01
-8.089603615935304504e+01
-6.459726213876574263e+01
-6.452012206864415589e+01
-9.000274345844253787e+01
-4.986780002560186631e+01
-6.923802451384443657e+01
-7.897009282896254945e+01
-6.257699107280204487e+01
-6.124028149225687656e+01
-6.372537406371682067e+01
-1.611993337703078453e+02
-5.067821122098563791e+01
-8.657909311734361779e+01
-4.944901560390353978e+01
-5.244056923678132165e+01
-7.408145484678875903e+01
-5.254564359813704755e+01
-8.055510080140925311e+01
-9.611094786671793599e+01
-5.517403919847696869e+01
-5.780025575981995445e+01
-9.871017965469957289e+01
-1.464293670653265735e+02
-6.711163271410761411e+01
-7.550329908027262604e+01
-6.618150195074412068e+01
-6.879130137485721264e+01
-7.558750340471515017e+01
-1.356297912746238126e+02
-8.339962532088613045e+01
-1.204078266068738827e+02
-8.398186613130027922e+01
-8.202230980029230523e+01
-8.924904820141448170e+01
-5.743778403068262861e+01
-9.232539636252461435e+01
-5.549526638387216337e+01
-6.646426905654065820e+01
-5.275160055600168363e+01
-6.573683560484042232e+01
-6.706302033648432825e+01
-6.487089517144538320e+01
-5.291240279822000048e+01
-7.386946985445352709e+01
-1.496207610982369829e+02
-8.208269891051483569e+01
-6.723888015247882777e+01
-6.534839401811672133e+01
-8.884586414287356604e+01
-8.691682979194524705e+01
-1.302582737230533212e+02
-1.042737965869380616e+02
-7.016988059267723088e+01
-8.618085539947882978e+01
-7.477105762147033374e+01
-1.230857761869082339e+02
-5.739895334157632334e+01
-6.712126383368233462e+01
-8.508953605700676803e+01
-6.283275795567234212e+01
-5.514838318857846389e+01
-5.160822665550504240e+01
-8.170181879682489523e+01
-9.895151569009618697e+01
-5.277987418293834310e+01
-1.426289611149709913e+02
-1.123455995842858215e+02
-5.995850152927621934e+01
-7.608445093619313582e+01
-7.110099145956009181e+01
-7.921079448994393601e+01
-7.946054762633762891e+01
-6.079031121703713580e+01
-1.455396705376274440e+02
-5.206634906419382958e+01
-1.127059678794068986e+02
-5.698201224775519336e+01
-1.043378111373436354e+02
-5.016735894937255580e+01
-8.486994948830384544e+01
-1.023627211033417268e+02
-1.206751589604037207e+02
-8.508222402071753265e+01
-6.552467747944974974e+01
-6.856242096763871530e+01
-6.200059178150831229e+01
-1.331897966409235607e+02
-1.282562619237943693e+02
-8.007460027406675351e+01
-6.034292537079932117e+01
-6.191524776020349918e+01
-1.553685164008479092e+02
-6.184878136620719857e+01
-6.771537514541799396e+01
-7.317356539202170040e+01
-9.832802093780563268e+01
-6.822637049275941479e+01
-9.094338366114470773e+01
-6.003728062743355309e+01
-6.539322878276416873e+01
-1.105652684931123275e+02
-1.067641351490025556e+02
-1.074281493644575676e+02
-7.001991724219806201e+01
-8.817796123342269254e+01
-5.971779718011534044e+01
-5.817329457996339670e+01
-5.734800470406808870e+01
-9.238692274630228951e+01
-6.831939900663232379e+01
-7.518664214926326395e+01
-7.600157562522129240e+01
-6.894718748578459611e+01
-8.290140945202767853e+01
-6.269504453645575381e+01
-6.487939426044202662e+01
-1.520293322342413944e+02
-5.378000267154213532e+01
-5.974757193079582862e+01
-5.886761865287251538e+01
-6.688476628811814351e+01
-9.928452444855909675e+01
-5.653476824979228610e+01
-7.506383086886083333e+01
-6.277662734900417973e+01
-6.695783993069885298e+01
-7.708543229874335623e+01
-9.923042325207197223e+01
-5.388427098918923264e+01
-5.859197765423947146e+01
-7.562108993736904949e+01
-5.853530785722951890e+01
-7.160371944692123236e+01
-5.579908512781229746e+01
-1.133824980645902514e+02
-6.068655440300489090e+01
-6.917233278366961713e+01
-6.111952447855467341e+01
-1.136271324870159276e+02
-1.516696346586699917e+02
-8.281623413552796364e+01
-5.309951104673532996e+01
-1.251371635860254656e+02
-7.084229756824643687e+01
-1.195360970592884229e+02
-8.357749208907139860e+01
-1.269331136986704678e+02
-6.335406408484890051e+01
-1.550637958502598792e+02
-7.977983906871592978e+01
-5.575644326935829298e+01
-6.857415943395473334e+01
-5.892808037896180196e+01
-7.587686904940311194e+01
-7.331245705642092503e+01
-5.439526268189379721e+01
-6.106971083269406364e+01
-6.167284595324354513e+01
-8.498685145361572779e+01
-5.496267495130245351e+01
-9.077551552795873135e+01
-5.382826488947772958e+01
-7.322948438035651009e+01
-5.772968353961658750e+01
-7.480240503089093806e+01
-6.653962569466069965e+01
-9.909275337765524228e+01
-8.759112998311101705e+01
-8.713421370869444615e+01
-9.205846092504779676e+01
-8.351407023583159628e+01
-5.940991968515900368e+01
-5.813543856514151997e+01
-5.413463776356262969e+01
-7.665146596013613589e+01
-6.718866596045657502e+01
-6.757896263331755904e+01
-2.342621140551223391e+02
-3.220262806054968792e+02
-4.939488193224137547e+01
-6.784537021278242719e+01
-7.015268414720107160e+01
-6.036198351174157040e+01
-5.583004092461465007e+01
-5.658591914407856649e+01
-1.351125122839163737e+02
-5.869914123016158669e+01
-9.267396200251477012e+01
-6.579390322770255750e+01
-1.212935759655523640e+02
-9.814265409943924112e+01
-6.157247743722579969e+01
-1.487863676518696820e+02
-2.099634580644925279e+02
-1.850126287592876793e+02
-6.376978154900798756e+01
-6.192041604967107560e+01
-6.214033140533656052e+01
-6.641070015863800791e+01
-7.274351630152283121e+01
-8.555030414620971158e+01
-6.442442093219986532e+01
-6.310627685403178333e+01
-1.043266074391857927e+02
-7.561920519046881850e+01
-1.336326790020461033e+02
-1.019173789235678100e+02
-8.151338502130434449e+01
-8.905247359458140011e+01
-9.034662854585972980e+01
-5.875773545785343543e+01
-8.645428890745206729e+01
-1.085104496401652341e+02
-1.205794485858139353e+02
-1.100918165549642822e+02
-1.127742299884260291e+02
-1.088317173530078605e+02
-5.727416019036410688e+01
-5.436542680932767979e+01
-8.989953487905938800e+01
-7.471495282210362632e+01
-1.506330350801233351e+02
-7.307667627534367227e+01
-7.099416669412231329e+01
-8.479493844626821897e+01
-1.007881501215503448e+02
-7.814110661084058052e+01
-6.954542098809500317e+01
-7.896162668604998203e+01
-5.930011969405270378e+01
-4.923733777397438871e+01
-1.039869602091662841e+02
-7.448499768915756647e+01
-1.227616314593084752e+02
-6.516069594758110384e+01
-1.595870237819439978e+02
-5.795038343236473111e+01
-8.835299834096358040e+01
-6.853767847881114506e+01
-7.045570049169396043e+01
-8.285754667807567841e+01
-1.471696531041966125e+02
-5.950757825888662467e+01
-8.711094753810839109e+01
-8.358378529963216863e+01
-1.110050159282633047e+02
-8.965956236394974610e+01
-8.150649014540346116e+01
-7.842658478922021459e+01
-6.135906799588808980e+01
-6.514149627901565509e+01
-2.036355258720558936e+02
-5.676945527752936727e+01
-8.434828716591901809e+01
-7.249396626266806720e+01
-1.081737069719139299e+02
-5.164857486747215631e+01
-1.285150211761271919e+02
-8.591854733726877669e+01
-9.409157730435261158e+01
-1.914154866274726032e+02
-6.040025687984761760e+01
-7.062632911568283589e+01
-5.240294437853387421e+01
-1.187000067321213521e+02
-5.826595833625077603e+01
-7.920382342577305224e+01
-8.218843274184472136e+01
-1.253150448836065465e+02
-9.236719918373395899e+01
-5.864426343837222078e+01
-5.183102808831323216e+01
-1.190709397291200844e+02
-1.267419343770038580e+02
-6.158343913498082856e+01
-7.550769742234938064e+01
-1.157602016183463860e+02
-6.186106110744795927e+01
-7.673305488183906675e+01
-1.868746522841496756e+02
-8.836207044904249130e+01
-1.088309416473068154e+02
-8.641941429311657430e+01
-8.826154329783736330e+01
-9.205328031235072217e+01
-8.047587686260172291e+01
-8.526976259196750618e+01
-5.724963417699649426e+01
-8.785315597554915712e+01
-5.891926525233377987e+01
-5.809151206825840319e+01
-7.619018496132413532e+01
-6.185526579963130445e+01
-6.366177806914429027e+01
-6.636877926059838728e+01
-5.682548174379252259e+01
-5.407911814199915312e+01
-7.489349131175443119e+01
-5.877271883980863265e+01
-6.000069401509884415e+01
-5.350819843958826283e+01
-7.869948530752840554e+01
-5.587479832174530969e+01
-6.267667585611253145e+01
-1.024605738405694524e+02
-6.647648548768317767e+01
-6.408943031089415854e+01
-4.982626834142998007e+01
-5.179160882735013871e+01
-5.670992642165421671e+01
-5.346996577090253311e+01
-7.624551250046575035e+01
-7.793258169146646708e+01
-7.794843249945566299e+01
-2.172082730087024345e+02
-5.823098599519925500e+01
-5.869078536364381193e+01
-1.038652398775902554e+02
-1.497233027230292066e+02
-4.991373052535504229e+01
-6.755812177849720968e+01
-6.813998398835740034e+01
-1.770177283919705076e+02
-1.412433004012991375e+02
-1.107229624633204139e+02
-6.083380865870145726e+01
-9.264171326214891167e+01
-1.222848373490089102e+02
-1.122414042971200558e+02
-7.351276423142843441e+01
-6.413938746368233979e+01
-1.396077871749365613e+02
-7.483678161233537196e+01
-5.165002046710520744e+01
-1.201724150327335536e+02
-8.150971746744707502e+01
-5.247728879624443721e+01
-6.305936472896193123e+01
-1.248909646616913705e+02
-9.080580321087748530e+01
-5.277124786001588319e+01
-5.735002846339249771e+01
-6.013351368602924651e+01
-5.656285572166019904e+01
-7.727167211118982948e+01
-7.031420515073648403e+01
-5.163453022503581735e+01
-5.792021864832149447e+01
-5.641831275992901595e+01
-5.571812418047660742e+01
-7.539378797011922018e+01
-9.547687758586461371e+01
-5.990402744441095706e+01
-1.194234895667724743e+02
-5.097547467831018508e+01
-5.176742545899050896e+01
-7.204705222672534148e+01
-5.307389478755830226e+01
-5.583810311732455034e+01
-7.353739011284355342e+01
-5.737790044963335845e+01
-7.691171614877555385e+01
-5.555624981566555931e+01
-6.148593438761619723e+01
-5.303929048362154219e+01
-6.318896234582869909e+01
-1.559613560742864706e+02
-1.163522204030405049e+02
-6.731303774142423890e+01
-9.544724797173834929e+01
-7.846719438411223280e+01
-6.481763689259030059e+01
-7.115518799924832649e+01
-5.533800726625378985e+01
-1.086229892482859327e+02
-5.061580281110737900e+01
-5.827810522032507379e+01
-9.603715843635168881e+01
-5.301109384388072954e+01
-5.821369040978444787e+01
-5.651739571066836731e+01
-5.457375990397139986e+01
-6.519228500512818414e+01
-6.752178817579699910e+01
-5.217981793259947665e+01
-6.443168161044002318e+01
-5.957340847245603754e+01
-6.371442419370930565e+01
-6.291042849578748530e+01
-8.942126939137315844e+01
-8.250618722778948211e+01
-6.493233264503052737e+01
-5.650285836606223455e+01
-1.068587819788309048e+02
-5.977148439440880878e+01
-5.595472680502193441e+01
-6.832654184644393069e+01
-7.011061028743500856e+01
-6.874759889565957849e+01
-9.132144899309943753e+01
-5.559302762540541920e+01
-8.703805396617904933e+01
-8.108580043952943583e+01
-5.372866461216326428e+01
-5.311916254144562544e+01
-5.982234139989045474e+01
-5.065693247967620749e+01
-5.851939348140385277e+01
-5.852401960722782803e+01
-6.563463478762824366e+01
-6.216569556782599903e+01
-5.042314680300518859e+01
-5.402490987501967368e+01
-8.159112244922057755e+01
-6.960420262915570788e+01
-5.623749909600675778e+01
-5.731331288450039096e+01
-1.405856720214277971e+02
-5.030043290979862292e+01
-4.979014645319516319e+01
-5.305013841113927242e+01
-5.529851586825579091e+01
-5.062043690572966881e+01
-6.977271061092272930e+01
-5.699762344768955558e+01
-7.019057044283039204e+01
-4.713778553043964621e+02
-9.279052707715966619e+01
-5.169233057198920278e+01
-4.089354100537793357e+01
-7.957156837800343396e+01
-4.087694725562167974e+01
-5.828776654778054933e+01
-6.057717424775195525e+01
-6.127557022576596069e+01
-5.631016215202338060e+01
-5.462634743229180145e+01
-7.783607737995176024e+01
-5.590464709084549355e+01
-8.029989639907591936e+01
-7.077253466319761799e+01
-9.263944401832611675e+01
-7.208593953601922522e+01
-6.675792572781034551e+01
-7.504944576488756525e+01
-6.112307982505960524e+01
-6.532468173076560447e+01
-5.971773524759761642e+01
-6.970328144799677261e+01
-1.047120891842090629e+02
-6.074718146734816315e+01
-6.204938393694332888e+01
-6.171727339425002867e+01
-6.301601419064339638e+01
-5.320805654199465806e+01
-5.555283214558615867e+01
-6.304354890146897361e+01
-6.247356192989083468e+01
-6.837638851214788360e+01
-6.504296085941076910e+01
-5.719444062561599651e+01
-5.749935709357358604e+01
-6.613134817983812752e+01
-6.567665356166503443e+01
-6.743356629955555093e+01
-5.472033164357755908e+01
-6.660310882362763607e+01
-5.690469812895632629e+01
-5.516131009072866220e+01
-6.902340265727767132e+01
-6.963185703647502578e+01
-8.102018857408094732e+01
-6.290314241756154701e+01
-7.476603805473381215e+01
-7.475553733051917504e+01
-6.169624341490069952e+01
-6.523646714430529414e+01
-6.051174661706181723e+01
-5.956164038874019440e+01
-8.385958182479929235e+01
-6.433115832715567706e+01
-5.398506698329205733e+01
-5.001936933454219059e+01
-5.996568016928328149e+01
-7.516307040184794630e+01
-6.958719110253930751e+01
-6.332034237532255361e+01
-8.630711895958724256e+01
-7.968612351070639477e+01
-5.296304681224264499e+01
-5.713465590515247072e+01
-8.566490758897813862e+01
-5.937478815152672951e+01
-6.896546936682966589e+01
-6.749625464677201592e+01
-7.211611241633791280e+01
-6.706295392257915466e+01
-5.577034392662818618e+01
-5.520826721312292307e+01
-6.843266467677811704e+01
-6.904506919840358137e+01
-7.175937605535700925e+01
-1.086141367761574088e+02
-6.279918190705804903e+01
-5.809640552886315135e+01
-6.822963000242233989e+01
-7.138416783957916323e+01
-5.245480645057439517e+01
-5.589570970943750439e+01
-6.868301219876755681e+01
-5.596366012137938384e+01
-5.872231420127868518e+01
-5.581354469325611944e+01
-6.342435231264427387e+01
-5.866845554355568737e+01
-8.545474619525178639e+01
-5.807683129199553207e+01
