5.952782462057335522e-01
6.799256258715717927e-01
6.327107204520483474e-01
6.634615384615384359e-01
7.560975609756097615e-01
7.839104399895860942e-01
5.039467285174515920e-01
9.573844358187888481e-01
6.615480022252085979e-01
8.810310641110377095e-01
7.603813667253865871e-01
4.455713319810682971e-01
9.815601673365597080e-01
5.354951796669588093e-01
8.389163090097463416e-01
9.338895279472827493e-01
5.521235521235521304e-01
7.594194253901977998e-01
8.375655392207258521e-01
8.307134220072550645e-01
8.269375470278406137e-01
6.770778189518262824e-01
8.203890062242567005e-01
8.945082221532734135e-01
8.386649567780140035e-01
7.394000095254046334e-01
7.979718575583679696e-01
3.581780538302277161e-01
7.835497835497835517e-01
7.660013764624913346e-01
5.509499136442141953e-01
6.019900497512438164e-01
5.388842432206427668e-01
7.625013618041180941e-01
5.899930507296732296e-01
6.179416706922853766e-10
5.444685466377440219e-01
8.454893849990875454e-01
9.376339537471742869e-01
6.420047732696897436e-01
7.277619499841722073e-01
7.712726178431704716e-01
5.709386713454023266e-01
5.481113900600146360e-01
8.428970842763946481e-01
7.187394103693662828e-01
7.558640497845859896e-01
5.641428892383733018e-01
4.455411552656424190e-01
2.572944297082229714e-01
1.565871199738475272e-01
7.560030983733539989e-01
5.785440613026819889e-01
7.576702040188537657e-01
4.401066463530756701e-01
7.542633056893760513e-01
6.458704693998811308e-01
6.898843219296086904e-01
5.617996320454925474e-01
5.354150799695355234e-01
5.009596928982725794e-01
5.536959553695954828e-01
4.980694980694979623e-01
3.384467881112175891e-01
2.906815020862309473e-01
6.316929713493681930e-01
7.158022512799171455e-01
6.521121760738373130e-01
5.358576164718199530e-01
5.897465307401185131e-01
5.623810818157106706e-01
4.934298228908778339e-01
6.028998886070886520e-01
5.625942684766214175e-01
8.214285714285713969e-01
6.496448323495050969e-01
1.304347826086958984e-01
7.793114141206888279e-01
5.437262357414448521e-01
8.650752101389579396e-01
7.564042118487120936e-01
7.724774991817056069e-01
8.634963692361395937e-01
5.588378194538917709e-01
7.229590333038607985e-01
3.721973094170404339e-01
6.802841918294847412e-01
7.566074361654472336e-01
6.773023930384335367e-01
6.750369276218611825e-01
3.693693693693693714e-01
5.670688431511710093e-01
5.184135977337110956e-01
6.240248944967815570e-01
3.232131562302341665e-01
4.424588992137241106e-01
4.067608560113220029e-01
3.444730077120822798e-01
4.535519125683059594e-01
4.073587385019728641e-02
1.713961407491486066e-01
6.516993631602014947e-01
6.156610028048864480e-01
7.839526776546267284e-01
4.728855087273725055e-01
7.295110391862212884e-01
5.408251337821509130e-01
5.507019018742570493e-01
5.689515475611731654e-01
5.212135577150983634e-01
2.216582064297800414e-01
5.737976457711770895e-01
6.428571428571427937e-01
5.460277427490543012e-01
7.314487632508833714e-01
7.749715846880572689e-01
7.681607418856259972e-01
3.942614240170030371e-01
7.516752069373274781e-01
8.173803526448362167e-01
2.551505546751188791e-01
6.254681647940074640e-01
7.134614444281454082e-01
7.769156159068865142e-01
7.090116651711317886e-01
6.083625011824803641e-01
6.890368089016939424e-01
6.179206421757760024e-10
6.410430071114121553e-01
7.693740873155748838e-01
7.716612089565448862e-01
6.461329072726197387e-01
5.132743362831857503e-01
6.682979880369767089e-01
6.069274177855612518e-01
8.793796668581275178e-01
7.314810893227733368e-01
7.231833910034601853e-01
5.425823330620931362e-01
8.829106087940853387e-01
8.187840997661730569e-01
6.464646464646465196e-01
5.175664043400405312e-01
8.222862632084534384e-01
6.746058369674605704e-01
6.911743873069839950e-01
4.005688033253118063e-01
8.513610929937179828e-01
7.343935036372863934e-01
5.174890754331050724e-01
9.154449784050124883e-01
8.819929330628255570e-01
9.566617476835977962e-01
2.342186961021041625e-01
3.308550185873605498e-01
4.560184075319636543e-01
5.555864397419806311e-01
8.632444374460207515e-01
7.793263646922183874e-01
7.842588893328006350e-01
7.544482013192174152e-01
1.021671826625388524e-01
7.147448774608277100e-01
1.884240327146901040e-01
7.705069649958350420e-01
6.316896740540073329e-01
4.470638662666096552e-01
7.808157270364931568e-01
8.659010081895004429e-01
7.222222222222223209e-01
5.918367346938774309e-01
5.948700574357771442e-01
7.841389019239793923e-01
7.169005678295756745e-01
9.462978273337355750e-01
8.497022402873617430e-01
9.864626757306418359e-01
6.130250117980179381e-01
5.799457994579945153e-01
8.529778220782457954e-01
8.088320102087143137e-01
8.565190268247037109e-01
2.108843537414966107e-01
9.052540913006028589e-01
5.876288659793814650e-01
8.060252338855035115e-01
6.180341961251321634e-10
7.084805653710246620e-01
6.840121756776345041e-01
5.348837209302325091e-01
8.573395337001309402e-01
4.124847001223989063e-01
8.367290937778693038e-01
7.362755651237889998e-01
4.126620900076277132e-01
7.204262605095703709e-01
8.068218986661791492e-01
8.064537932228390549e-01
7.563539669779233421e-01
6.700359671419595653e-01
5.701914470157743997e-01
4.487331015131031386e-01
7.342555515107389574e-01
7.445685470568830233e-01
6.322741877900749374e-01
6.714462064381350181e-01
5.445275322909585158e-01
7.482278171596187244e-01
8.089718823781927304e-01
6.859278958479415600e-01
7.073198525985846530e-01
6.200478305972327853e-01
8.844732706468551031e-01
6.153846153846154188e-01
4.837305294575145465e-01
6.244655140360662049e-01
5.242290748898678077e-01
3.836978131212722687e-01
7.375372101798667313e-01
7.880998116869233350e-01
5.190743084433194765e-01
6.847357677477886595e-01
3.774207430784680128e-01
3.862631412830784261e-01
1.433278418451398029e-01
5.794876412588356729e-01
5.797413793103447510e-01
5.482546201232031402e-01
6.311191235612257922e-01
4.708029197080291772e-01
8.267578978017178226e-01
8.161947342275210904e-01
4.308324455942779685e-01
4.284250116875113479e-01
5.794878911942267230e-01
5.316804407713497937e-01
5.516569200779727344e-01
6.940359175227255317e-01
6.734731847992930787e-01
7.728130108563523448e-01
3.746347165400351065e-01
2.844287668274421699e-01
6.998999666555518750e-01
5.653899583250645566e-01
6.309314586994727581e-01
8.302288500354841894e-01
7.351896549329739461e-01
8.386505317198386100e-01
6.479688166148973583e-01
6.010818120351587579e-01
5.193074382048068482e-01
6.178785851654118698e-10
5.849517256686271871e-01
8.266213973510778690e-01
4.922071392659628231e-01
6.162201303403329611e-01
6.405282792368461875e-01
5.190088523777224294e-01
5.837323003431882373e-01
5.626389918458116757e-01
6.612714484596122766e-01
8.132431662675584372e-01
3.579978237214362924e-01
6.725480845652519468e-01
5.993081579705967776e-01
4.952420355812990338e-01
5.838587641866329614e-01
2.994074590449632978e-01
1.750127312850110750e-01
5.615397894010011326e-01
7.128512366176351644e-01
7.094870630957784696e-01
7.605783403882517835e-01
5.275590551181101873e-01
5.881826320501342131e-01
7.618641773055352395e-01
7.315436241610738799e-01
6.354284238154161990e-01
6.003964765229132805e-01
9.753694581280788478e-01
7.169811320754716499e-01
7.987751531058617793e-01
6.574770258980785487e-01
5.820615167879784613e-01
6.634967081199707462e-01
8.399437533659552813e-01
4.845360824742267480e-01
6.953405017921145959e-01
4.706168042739192758e-01
8.973051209594045119e-01
7.186237637553976043e-01
8.164405426975259727e-01
7.908619877531795073e-01
5.354951796669589204e-01
9.280907876749643348e-01
4.851251270903348956e-01
5.860001483802710354e-01
7.019137490078489749e-01
5.537834810214201653e-01
5.620261490945545058e-01
2.956496004735128524e-01
8.340716141909143566e-01
8.227030122083393016e-01
8.862276663489423445e-01
4.050065852139871914e-01
6.838894537387928407e-01
7.170971709717095521e-01
8.237542950160797739e-01
7.806399678003622666e-01
7.957013122660706594e-01
6.069430497776503453e-01
4.790602655771195040e-01
9.297552115755302049e-01
7.240259740259740173e-01
7.938296941950303554e-01
6.540997797230235777e-01
7.080600803892531658e-01
6.418834278977231245e-01
2.362598144182727067e-01
5.442213781877373036e-01
6.609227348526960366e-01
7.190190845460497915e-01
7.596811265310871031e-01
8.593580959249909057e-01
7.530714025057779759e-01
8.441846056499557882e-01
7.055704043103813161e-01
8.011869436201768391e-02
6.010879419764278975e-01
7.771139705882353921e-01
6.451735978634108859e-01
8.287048864461015185e-01
6.030042918454935341e-01
7.833333333333333259e-01
5.849544507425435969e-01
5.592918099605146409e-01
7.428288822947576309e-01
7.167722635976085943e-01
6.865867517578311263e-01
8.042191531340112665e-01
6.808510638297872175e-01
6.062271062271062938e-01
8.399294519569321382e-01
8.054151896824798262e-01
7.628519562782433150e-01
5.410082768999248115e-01
9.350647755591484644e-01
8.163800641212474174e-01
9.632399733171211897e-01
6.755725190839694250e-01
7.193211488250653707e-01
7.975492807671815676e-01
7.110332749562170429e-01
7.860301818098697213e-01
5.991957973928270231e-01
6.275071633237820912e-01
7.002141327623127021e-01
5.961002785515319147e-01
8.880769274076409925e-01
8.059635914547981228e-01
9.022622091329817184e-01
8.356911022988023907e-01
3.369418132611639027e-01
7.382773418132095866e-01
8.098271155595986037e-02
4.895287958115183691e-01
3.341046406993187778e-01
8.724729828817899824e-01
6.248196248196248304e-01
4.294044148271553563e-01
7.294987822144856082e-01
4.632911392405063555e-01
5.592174273658052641e-01
5.444361463778939481e-01
2.847124824684432176e-01
8.724871674054182069e-01
6.177187683123138536e-10
7.295100140418299128e-01
3.478260869565217295e-01
5.538917485571673849e-01
6.404793608521970327e-01
7.575426123416280078e-01
3.999487135652620151e-01
7.023729722482906501e-01
6.189117587120440689e-01
7.082909507019248263e-01
8.493778650949573850e-01
6.499270681391956517e-01
7.917007470418233606e-01
8.664956759067442560e-01
2.083461184412395417e-01
4.273436461647626694e-01
8.600100967376621552e-01
5.448346644867204658e-01
6.471756854410115611e-01
4.945490584737364248e-01
7.066326530612245804e-01
7.433913372082560089e-01
8.129491449205700215e-01
6.160990712074303488e-01
7.645032666279787392e-01
7.177669757382384441e-01
7.957721246864923881e-01
7.441480675013609769e-01
6.039965354677795384e-01
6.649672250546249108e-01
6.192940306782479531e-01
8.754862330230596124e-01
6.590483327088797472e-01
8.241882886714873013e-01
4.570734937099977246e-01
8.399943277161967536e-01
9.174936110716598314e-01
9.570237732121295027e-01
7.949591201203651814e-01
6.408095534437164842e-01
7.537101926964873133e-01
3.190815518606492929e-01
6.822900597304599746e-01
4.263094812460915262e-01
1.790480987156885806e-01
7.215699429721570413e-01
8.170224563349043345e-01
6.170710884333236589e-10
4.534257120862201229e-01
4.637329755038103185e-01
6.883739512584898801e-01
7.153473922406883290e-01
3.930582148733737791e-01
6.486229819563152921e-01
5.228628230616302330e-01
7.655801947667014717e-01
6.868704991397400761e-01
6.858071505958829306e-01
6.105383734249713035e-01
6.000406050147194525e-01
4.108412822491419036e-01
5.755537284454322888e-01
4.113515954171052535e-01
5.523625310859353599e-01
5.121951219512195230e-01
6.659242761692649726e-01
4.718157229797634855e-01
5.624558927311220646e-01
8.294790936697034045e-01
6.083955486688267245e-01
5.244915496992266224e-01
6.833517070242149938e-01
6.806966618287372262e-01
6.179437647563855718e-01
2.513368983957219860e-01
7.623400365630712550e-01
6.221755504691628413e-01
6.901032989003664797e-01
6.924884928018802954e-01
6.821515892420537686e-01
5.289079229122055636e-01
5.216445937932397969e-01
7.864195598186588532e-01
7.583964524956482434e-01
7.476237299246148993e-01
7.530864197530864335e-01
6.814639105388003992e-01
4.238358326756115901e-01
8.578859331531066834e-01
6.394485683987274349e-01
6.278511404561826215e-01
6.393621777358302616e-01
7.967768253530976841e-01
5.907473309608541889e-01
8.485489466113885770e-01
6.972395369545859589e-01
5.309591760764363899e-01
8.192598650582703090e-01
4.711448107844450894e-01
7.836129345976173832e-01
6.945437357832855430e-01
5.729537366548044242e-01
7.074133907736491755e-01
7.397373208122834942e-01
8.979824895317852773e-01
6.795909787006700897e-01
2.081501026092057519e-02
6.423041189222669090e-01
7.562184124467347113e-01
1.308477796247922986e-01
8.316289055878862690e-01
7.145217812473290131e-01
6.930383921896302590e-01
2.494331065759624808e-02
3.970433616130591425e-01
4.710507505360972402e-01
7.869376704400540268e-01
3.840067815767165826e-01
6.491610372630202130e-01
6.782178217821782651e-01
4.871790455833022726e-01
5.664305644988194555e-01
5.463090612858753081e-01
7.009029345372459474e-01
9.205816739311670771e-01
6.703296703296702796e-01
6.705183560343839222e-01
7.698792460621945999e-01
7.293513765748950162e-01
6.439981743496120403e-01
5.381882770870337618e-01
2.798110979929162578e-01
5.487066593285635507e-01
1.954022988505746405e-01
6.457432046363561495e-01
4.903339191564148325e-01
2.631578947368420907e-01
6.627565982404692857e-01
6.191863489751326943e-01
6.461256863941428064e-01
3.088071348940914507e-01
7.279500953041068145e-01
4.618087197048625914e-01
6.637838888349043565e-01
6.226415094339622369e-01
6.209283849733288063e-01
6.199213630406290587e-01
7.267759562841530352e-01
5.478909345140993148e-01
2.810286014169508517e-01
8.888334717934357476e-01
7.153945666235447254e-01
6.141268803139307009e-01
4.127957931638913114e-01
6.527159394479074006e-01
6.739579034255055445e-01
7.125256673511294325e-01
6.894409937888198447e-01
6.089651883643298902e-01
5.401262398557259425e-01
7.576060086165027352e-01
5.691069821608172319e-01
4.904057879836426492e-01
4.264516416405464416e-01
6.461824953445066688e-01
5.669366364935689295e-02
6.285790384694515121e-01
6.179038194022399611e-10
5.454102038825481280e-01
4.276116804618058098e-01
4.291554128038540528e-01
5.660109511255323467e-01
4.630113768464771407e-01
3.425238600212088813e-01
3.175074183976261954e-01
6.159176400712730315e-01
5.107398568019092533e-01
3.365695792880259996e-01
5.280922653687439849e-01
2.849404117009750048e-01
7.066644191775127704e-01
7.461607648489290145e-01
2.289321050835892435e-01
8.761017214420295796e-01
6.883981243382241155e-01
7.858576845862145221e-01
7.775128353805994541e-01
8.069978094843408556e-01
5.227765726681128378e-01
4.732704402515723330e-01
4.957983193277311074e-01
1.629162916291626850e-01
2.089249492900611127e-01
5.755852111135419946e-01
6.078431372549019107e-01
2.207792207792209083e-01
6.285064442759666914e-01
4.375466367690753478e-01
4.219653179190751557e-01
7.342002103451573669e-01
4.324059512136936845e-01
6.981829380967046195e-01
6.743447180301826993e-01
4.680586707572257921e-01
6.979312095443583885e-01
7.498787397061796867e-01
8.408398740680439465e-01
6.360485268630847733e-01
5.905804862924832754e-01
6.952686447473938047e-01
7.426690604428485276e-01
5.453631060148863563e-01
6.386946386946388277e-01
5.205003474635163663e-01
6.159527326440177308e-01
5.838364507694120409e-01
4.830270943631266856e-01
8.175538039146221791e-01
6.504139834406623688e-01
2.328042328042325970e-01
4.950911640953716275e-01
6.930139147898436436e-01
6.538866048379385898e-01
8.728813559322033955e-01
5.394736842105263275e-01
5.727636849132176078e-01
4.451444598100418037e-01
8.868987829868881789e-01
6.210268948655256471e-01
5.219923679453705168e-01
6.189353761539972965e-01
7.111416781292984046e-01
5.786426503698937074e-01
9.523837438176209202e-01
2.791282481139984450e-01
9.916037723597682652e-01
6.993139687636841240e-01
7.800776196636481918e-01
8.098530682800346714e-01
4.363021420518602422e-01
4.410532770422674331e-01
7.339815002363107022e-01
5.935828877005348003e-01
7.263346792283534858e-01
7.369396072619488480e-01
6.539293439077145109e-01
6.830692243536280461e-01
5.637296834901626141e-01
6.724914825805033969e-01
2.009734333806530715e-01
5.268075144948691779e-01
3.876998103494987968e-01
5.725865880619013248e-01
5.028319697923223641e-01
5.147793630726628100e-01
6.179458764385623655e-10
5.609088443347171049e-01
6.375617792421746088e-01
3.939703599783819787e-01
5.500459136822773987e-01
5.043636779644272705e-01
3.295757935330762001e-01
4.981313400961023818e-01
6.785875961973744097e-01
3.802256749610465891e-01
5.081696649612146288e-01
4.306360563336904534e-01
6.532164071589183774e-01
6.415441176470587648e-01
6.153846153846153078e-01
6.451884185655361037e-01
6.039603960396039417e-01
3.658018737691593469e-01
7.394429469901167007e-01
4.693238855430351686e-01
6.178239110156593897e-10
5.555555555555555802e-01
5.287958115183246655e-01
7.478176527643064508e-01
6.693633961402006838e-01
5.270899273878235647e-01
6.179837276135276225e-10
5.754716981132076414e-01
5.238095238095238360e-01
4.857104910954793131e-01
5.832376560240880581e-01
5.063985374771481363e-01
7.133220910623946365e-01
4.302848575712143187e-01
6.072234205012571051e-01
7.349370753981512294e-01
6.846230972564033568e-01
6.244655140360662049e-01
6.178954080275704909e-10
5.436736575247752556e-01
7.037037037037037202e-01
4.110460014672041029e-01
5.161641508896869235e-01
6.371572773155095293e-01
6.209283849733286953e-01
7.535390569304409869e-01
7.215189873417721111e-01
4.075403949730700970e-01
4.829350488707249145e-01
4.648413192283757933e-01
1.829956824975088880e-01
5.414679181412526132e-01
6.679277007145859590e-01
6.896393280777738388e-01
6.698113207547169434e-01
8.398169336384440076e-01
6.768402154398563964e-01
2.018779342723004966e-01
4.625922023182297838e-01
4.497068110058637935e-01
5.474038614521831159e-01
4.819784753788251552e-01
6.121035097377699463e-01
5.942554957205781196e-01
1.785278568523790410e-01
2.265193370165745346e-01
7.394789579158317361e-01
5.306944773643043067e-01
6.291440344633827397e-01
6.709036723064574215e-01
6.444780635400908508e-01
7.973997765586829933e-01
6.005573618207153963e-01
4.478527607361963425e-01
2.076830732292917481e-01
5.270270270270270840e-01
6.438087224793156427e-01
5.752895752895754722e-01
6.256598944168934029e-01
5.964125560538117155e-01
5.798452061285737091e-01
6.208530805687203502e-01
4.416303506044056970e-01
7.192895292510247396e-01
6.608767576509512187e-01
5.728947525531172813e-01
4.798301947675642776e-01
6.734585544369082744e-01
5.708154506437768116e-01
4.005449591280652588e-01
4.140129516352960004e-01
6.488381082542014067e-01
4.983277591973244158e-01
6.266456029489210489e-02
6.006594614398240717e-01
3.132058077898133286e-01
3.794506612410986079e-01
5.414472811755324244e-01
7.397487966300448914e-01
6.018870095501093198e-01
7.197872388111847819e-01
6.396858618005970554e-01
1.693290734824281774e-01
6.791734638390429790e-01
6.291803846820308577e-01
7.863818424566088039e-01
2.430278884462151734e-01
6.913888847607460031e-01
5.837973245276341094e-01
6.666235947796873562e-01
4.164456233421751641e-01
2.509855453350854915e-01
4.248513380648108462e-01
6.178869964865894309e-10
5.471510325951729481e-01
7.159565580618212355e-01
6.220876903320491369e-01
6.299037749814951903e-01
7.492946019704890270e-01
5.637296834901625031e-01
4.781682641107563025e-01
3.210676341020990421e-01
7.101449275362318181e-01
2.148558397133084052e-01
3.724759242000622583e-01
8.210507570453212667e-01
6.723561197358264296e-01
6.709522923825151919e-01
5.131156822041893495e-01
5.910780669144981569e-01
5.789059425423063177e-01
2.957746478873238827e-01
7.505668934240362633e-01
3.623942745608328408e-01
5.313881520778073186e-01
6.106596106596106077e-01
6.726235170446013267e-01
7.753158045076598004e-01
5.644891122278057338e-01
6.538461538461538547e-01
3.795326349717969561e-01
7.517502690987172276e-01
5.637421231216674933e-01
6.059753193331889332e-01
5.510204081632652517e-01
5.796351472541322325e-01
3.535620052770447885e-01
4.221508828250400969e-01
4.615035486986933111e-01
5.661929693343306091e-01
7.242841993637328946e-01
4.855038579390464348e-01
6.302250803858521211e-01
6.621996669574181649e-01
4.208196534099137298e-01
4.386527666399358538e-01
8.127208480565384363e-02
5.679262472708350717e-01
6.180089618514141948e-10
6.180089617713891235e-10
5.670614480060499618e-01
6.474808922165029568e-01
4.553980428335066555e-01
6.691342794930511539e-01
1.726200365509222845e-01
3.334696381108159247e-01
