-9.939733440743364667e+01
-7.449621898188519253e+01
-4.660867631478639339e+01
-4.934355812869345215e+01
-6.075816087068347571e+01
-5.111967417461399066e+01
-8.441637946732866737e+01
-5.000834617123732784e+01
-5.045922209793619118e+01
-6.166214455907707759e+01
-5.315655679529339039e+01
-9.777788128808437307e+01
-6.752235143721064503e+01
-7.293766349929236981e+01
-5.769005999479061586e+01
-5.383214907923785830e+01
-6.522265070612768056e+01
-4.806413812248725037e+01
-6.026571602352106538e+01
-5.756239443213029006e+01
-1.164319119394709645e+02
-5.590759416291290762e+01
-5.776197096996652647e+01
-6.061522234491203420e+01
-6.023306205494596810e+01
-8.103777015294647867e+01
-8.022045311428973946e+01
-7.155210855838443251e+01
-1.022055132425513051e+02
-5.321235017090997133e+01
-6.396811586807785233e+01
-5.489795094806234488e+01
-1.484001646634834231e+02
-5.638751419665471332e+01
-9.908063558884589384e+01
-6.434003086686773543e+01
-6.664164787956858049e+01
-6.539768900100054339e+01
-8.009678771339264358e+01
-5.131992903078280932e+01
-4.925348443054441816e+01
-5.308390550860623591e+01
-1.048535106548453513e+02
-5.307909245194506553e+01
-5.044294007988268191e+01
-5.889850487345333363e+01
-1.124787983593805336e+02
-8.569376474377175157e+01
-5.640880026221055488e+01
-5.646504626620149736e+01
-4.624868920273307538e+01
-7.979641887359728969e+01
-4.732946522210914964e+01
-6.106916089255936697e+01
-7.171412172203355340e+01
-7.706846261722697022e+01
-6.378545836967088434e+01
-9.917789568313030202e+01
-4.397762988618677582e+01
-6.458343867719791831e+01
-4.838306464611145685e+01
-1.242695180174239340e+02
-6.504446697590006465e+01
-9.406099320453539292e+01
-1.506797309221143450e+02
-1.274633970137572589e+02
-7.826014379308017510e+01
-8.491053671892696286e+01
-8.664727963821364654e+01
-4.752606207789195736e+01
-1.056564858927534800e+02
-5.565770958288546666e+01
-1.044212247275526266e+02
-7.287698951706603623e+01
-1.099406584541104337e+02
-1.302128951598899107e+02
-1.084145226702340921e+02
-5.844934629108144719e+01
-4.966451492444164018e+01
-6.409053937819872715e+01
-7.967768618147026416e+01
-6.361163728723727928e+01
-7.471985698934939535e+01
-6.115408568322057903e+01
-4.931921110683678222e+01
-1.009813375877627379e+02
-6.510862936371574961e+01
-7.848985934894497518e+01
-8.007595982234099097e+01
-6.484187891292189931e+01
-6.767152947985282196e+01
-4.681497383707049664e+01
-4.964017108701321490e+01
-7.739184854256727419e+01
-6.522307734272301616e+01
-6.338266859792765473e+01
-5.921996187273384038e+01
-4.920048220750484091e+01
-5.991168485153987433e+01
-6.088935038792027399e+01
-4.307107139900045212e+01
-4.861583943323855550e+01
-1.277498316001654786e+02
-4.689296531602512630e+01
-5.088702379840106005e+01
-4.553522580117646612e+01
-5.171624011337430460e+01
-5.405551070688365911e+01
-4.473535628597958436e+01
-7.347696805032072120e+01
-4.593605918435025615e+01
-4.879316139907635375e+01
-5.482149664298733427e+01
-5.321339946820241096e+01
-5.882317971856355143e+01
-5.986594671176337101e+01
-8.244199430533183204e+01
-4.779598121622072426e+01
-6.303853266497389995e+01
-5.478072206919937770e+01
-5.215515038058163810e+01
-5.926314066277433312e+01
-4.990038287153610952e+01
-7.229903818338306110e+01
-4.882093043096562468e+01
-8.323949694241427721e+01
-5.302834054607632197e+01
-5.316206677735718955e+01
-5.474078225001591846e+01
-5.440311952125320971e+01
-1.218996859681889333e+02
-6.072313359845972514e+01
-9.577504462949322317e+01
-6.762539083859699929e+01
-8.709397727412493850e+01
-6.986945947401093804e+01
-8.806198402398479175e+01
-1.109324982997190148e+02
-7.835560612187630625e+01
-6.475771453845077019e+01
-4.977145965422189988e+01
-4.951934006838216362e+01
-6.577767757296446405e+01
-6.041707089943560050e+01
-5.270916228264361081e+01
-7.753816240986238029e+01
-6.532920386721306727e+01
-6.393840042496731968e+01
-5.982827391915887461e+01
-7.818544052406022615e+01
-6.689968493357184798e+01
-6.864113200190911357e+01
-8.804126617898366192e+01
-7.201980582809920861e+01
-4.468964381850594947e+01
-5.065294338827514764e+01
-5.275400393322456694e+01
-5.539423217575122749e+01
-5.855828113300241000e+01
-4.912231594903262533e+01
-5.149579208236529837e+01
-6.462584265807288375e+01
-4.743455995564654870e+01
-5.822633060788790971e+01
-5.079699958356784606e+01
-4.763169507370648859e+01
-1.528349646554898982e+02
-1.760181220567349101e+02
-1.469149666780273833e+02
-4.418999756316345895e+01
-4.803787684224239030e+01
-6.487308349659963369e+01
-5.502045576095064661e+01
-4.444688629013114678e+01
-7.076119270365434488e+01
-4.934924975294636340e+01
-4.784422757160103856e+01
-8.206838585061066738e+01
-5.044455128601158123e+01
-8.527107695483691430e+01
-7.947607742446459156e+01
-7.463278424972290281e+01
-6.601745449812601407e+01
-7.823949923521628591e+01
-7.787886159850368983e+01
-8.527116637321265102e+01
-9.187363671465401183e+01
-9.045935899813905223e+01
-1.081965417529766569e+02
-7.592229069064207181e+01
-6.485199914665821552e+01
-5.363017428782058715e+01
-8.232604538461596633e+01
-6.914677133348779137e+01
-9.903613702013797138e+01
-5.847928806711078664e+01
-7.105563185660875547e+01
-6.370723543889759810e+01
-6.046760302363406936e+01
-8.722361593114868583e+01
-6.784306799722634196e+01
-5.892663380227226355e+01
-6.252867061019865957e+01
-5.065945986251077926e+01
-4.435154507624133657e+01
-1.382020140404469544e+02
-4.650645455837455700e+01
-9.691043963596641220e+01
-1.185119409840964551e+02
-6.056311368695101294e+01
-5.267471506811025961e+01
-5.614961452568000055e+01
-1.082270890596694812e+02
-6.044781144366761083e+01
-5.784216014727150679e+01
-7.900044536110361548e+01
-6.763482699768445627e+01
-6.698217233858393627e+01
-7.014195514271625598e+01
-5.444365801813530226e+01
-5.685327111478546414e+01
-1.460167636578948418e+02
-4.651566349688811641e+01
-5.328153532617304933e+01
-6.034221669774863983e+01
-5.748760112796242083e+01
-7.581821771298453427e+01
-8.897856252005463773e+01
-7.908014772967941042e+01
-7.378465752723134585e+01
-1.403106697641062794e+02
-8.136958245258405498e+01
-4.690615281453774799e+01
-7.831881959362739565e+01
-4.944240920326550537e+01
-6.137812948481406039e+01
-6.284175588943049462e+01
-9.434346739845709351e+01
-7.195226722921545104e+01
-5.667869730965427522e+01
-9.989287662731722151e+01
-1.040599780697830994e+02
-4.823250600000063315e+01
-5.593984972985301596e+01
-6.314451268491635716e+01
-5.348936289070417871e+01
-8.207338094473405476e+01
-4.792732739193608182e+01
-5.855455945005434160e+01
-1.501873820208015502e+02
-8.725420159478034066e+01
-1.162763588497665097e+02
-6.987595720889098061e+01
-5.378591986167980110e+01
-7.444487847556892746e+01
-5.226783665900289577e+01
-5.920166919413536277e+01
-5.491285582817985045e+01
-5.389961127591932666e+01
-5.425157914895002875e+01
-4.456168960203957141e+01
-5.020305566087805715e+01
-4.949684268825145494e+01
-4.892802972903565717e+01
-4.732790224155753833e+01
-6.625574262579878848e+01
-1.302522138336534852e+02
-5.480010196625708829e+01
-1.018854265254481675e+02
-6.263779429120953779e+01
-5.122493151768434672e+01
-1.159622724064863064e+02
-9.340848713480735910e+01
-8.916927390638545603e+01
-5.854310597077520839e+01
-6.749499600387100884e+01
-5.836272821179130688e+01
-5.221796658129593993e+01
-5.905688324061007677e+01
-1.002279106362113481e+02
-5.165356597462103849e+01
-8.154408121678355315e+01
-6.245441294995988102e+01
-5.112842384588620348e+01
-8.625004709117216350e+01
-5.696171084045275279e+01
-4.957735734874255229e+01
-5.054538678003419250e+01
-8.754828075911471785e+01
-7.750537205785875017e+01
-4.932942696611407740e+01
-4.751077086011362383e+01
-5.497557359709698943e+01
-4.966986118851555432e+01
-7.615802646836374379e+01
-1.040345431018740499e+02
-7.995365157132384581e+01
-4.969142187396926147e+01
-6.254835569397275208e+01
-5.530441425960091806e+01
-4.471546566267053890e+01
-5.863537216477884328e+01
-7.417758723319029457e+01
-5.149473596305703182e+01
-6.730785621792702500e+01
-5.756129383128897814e+01
-5.680409655368652011e+01
-6.612789468274317528e+01
-5.229089062536990440e+01
-5.307909453108646147e+01
-5.836151895855392979e+01
-7.278048318258775851e+01
-5.186908635064271067e+01
-7.173960898906825889e+01
-4.767132494099552531e+01
-6.586619029895111055e+01
-6.100466592267768817e+01
-4.930330729428715841e+01
-4.860794439724214300e+01
-6.397846650825751169e+01
-6.730891351729323446e+01
-6.165476324216729864e+01
-4.914743095549299312e+01
-3.965264298147914701e+01
-5.096172152257437915e+01
-3.955523030975307108e+01
-3.690188250186081831e+01
-6.810058244354166845e+01
-5.832529158163065830e+01
-4.784950147112930807e+01
-2.818054301274304976e+02
-7.567781619101600654e+01
-4.746699874013374654e+01
-4.909911661792804694e+01
-4.492754479523218691e+01
-6.653160336787723850e+01
-4.849961463959391494e+01
-6.871845808041815928e+01
-6.245828400205986242e+01
-6.314768906326241904e+01
-5.744935041667588393e+01
-4.990718742584676448e+01
-4.653940021442185326e+01
-4.951251131162904784e+01
-4.974064574223279322e+01
-8.580037486561445803e+01
-5.170449702124346203e+01
-5.244719256953833764e+01
-5.295043097103375374e+01
-5.410900666756538158e+01
-5.148289209285647416e+01
-5.401027247774381124e+01
-4.835400746051594467e+01
-4.534915817038043429e+01
-4.988313095450713774e+01
-4.907583802775118897e+01
-7.220841729583639790e+01
-4.986878677282587091e+01
-5.979500139720934726e+01
-5.433000498182160243e+01
-4.872439272754959205e+01
-5.230093841439526159e+01
-4.903378581065995689e+01
-6.032804163990545021e+01
-7.268551891226987038e+01
-5.109169886503588032e+01
-6.438377130538101767e+01
-5.464689550820867225e+01
-5.111948379563643385e+01
-5.708768721043657735e+01
-5.418650173875001741e+01
-6.532269446346528241e+01
-5.935630773839585572e+01
-5.296313186458871058e+01
-5.367817201619921264e+01
-5.938297795886653319e+01
-4.535018288678072906e+01
-4.891766671780845854e+01
-6.910979667559269046e+01
-6.415661397948018418e+01
-5.107953442812520706e+01
-5.741413065583025599e+01
-4.693704447580391559e+01
-5.433827075066704992e+01
-4.959212398338067374e+01
-6.445591309604023422e+01
-6.486545120468389314e+01
-5.409759931700342861e+01
-7.010772293868971872e+01
-4.421411984686566399e+01
-5.562567914928864354e+01
-4.385151316322028237e+01
-6.288658058494200986e+01
-5.169837387931185901e+01
-5.101118067324226502e+01
-5.087380769753844589e+01
-4.658555750545257013e+01
-6.470931282096709936e+01
-5.709084767209673572e+01
-5.465530269079580705e+01
-4.919424203122912331e+01
-7.391857341406365833e+01
-4.914407227856914062e+01
-6.230922568811816831e+01
-5.572547806989677355e+01
-4.507731553277290715e+01
-5.204343411447477763e+01
-6.271778811682742116e+01
