-5.819619872400757998e+01
-7.422211106982145168e+01
-6.288441027441092501e+01
-6.747863403579501096e+01
-8.202474423612376597e+01
-8.019170629793300975e+01
-7.252863606973325261e+01
-2.528275507462924452e+02
-5.925784944514811059e+01
-1.523394784734385894e+02
-7.388885541965615289e+01
-5.807906654135246782e+01
-5.936042233210731638e+02
-5.566568157651334303e+01
-8.950165196677488666e+01
-2.024395106275572118e+02
-6.026431622478909134e+01
-7.978788378334371600e+01
-1.050756419583409524e+02
-9.588056629324219671e+01
-1.048569916909997630e+02
-6.426458690435737253e+01
-8.346789150292171655e+01
-1.531581807600555862e+02
-1.046165692221664898e+02
-6.488918721673552170e+01
-1.006990092052451473e+02
-5.143268538597684625e+01
-7.831234046581306529e+01
-7.800015469846243832e+01
-5.693197845812600377e+01
-6.168610711017727510e+01
-6.146631702550675413e+01
-7.357981425749234461e+01
-5.788734412267389473e+01
-4.342075691333999288e+01
-6.075959448770477422e+01
-1.128487930975095139e+02
-1.595005738587877033e+02
-6.863353047020599718e+01
-7.567433274458694825e+01
-9.070534025733398664e+01
-6.783330004270007407e+01
-6.084488500742503447e+01
-1.042278956945116306e+02
-7.219345907679948482e+01
-7.560497465086547209e+01
-5.573427260873825873e+01
-6.319778932414267558e+01
-4.732272629071406556e+01
-4.844033629666866148e+01
-8.663305567783847039e+01
-6.575319290463200161e+01
-7.443086567790571451e+01
-5.485828310861806045e+01
-7.721096528633727019e+01
-8.043591934906638130e+01
-8.344878083114451783e+01
-5.833219195620031883e+01
-6.806715107512717111e+01
-6.247558909161751473e+01
-5.958656116897022770e+01
-5.497340162553729215e+01
-6.107403547745807515e+01
-4.812818738030235721e+01
-6.816247092155991538e+01
-7.095979824746282816e+01
-8.342009534096513335e+01
-6.064336613090777917e+01
-6.154734182293860556e+01
-6.690384126132106246e+01
-5.373687635822341946e+01
-6.108990695576907370e+01
-5.703817645950217496e+01
-1.082582529027721137e+02
-6.288001769349620673e+01
-5.124188022844843005e+01
-8.294098554711320048e+01
-6.233348302989209344e+01
-1.003118712374744206e+02
-7.304786307805289880e+01
-8.135432366581424901e+01
-1.466978596250853002e+02
-6.466305890995273842e+01
-7.029966669322340067e+01
-4.708486916007516498e+01
-6.696042773021999039e+01
-9.505612163167620565e+01
-7.807248967350875546e+01
-5.875833547146320512e+01
-5.935631518496002457e+01
-5.912227378628592334e+01
-6.371153807159406313e+01
-7.291172529723918672e+01
-5.503239623078837894e+01
-5.617501869098439471e+01
-5.536231368283150545e+01
-5.554134981221809397e+01
-6.059976358325914703e+01
-4.794726652265327260e+01
-4.955510315372038832e+01
-7.240381535782455558e+01
-7.958983899575748922e+01
-8.515304911252741249e+01
-5.203850731566198107e+01
-6.721521323076466103e+01
-7.027189123269006643e+01
-5.293281197126901105e+01
-5.758149405484924443e+01
-5.471535449103672732e+01
-4.720082558607328593e+01
-6.643990290512893182e+01
-6.980237987468298400e+01
-5.962548375153357938e+01
-6.512092919836645422e+01
-9.962329184595418496e+01
-9.780504296510194706e+01
-4.937233227307932992e+01
-8.693658940326803020e+01
-8.682798370035192193e+01
-4.495527548286061403e+01
-5.987402941968530001e+01
-7.730941263488493576e+01
-8.786025857437887510e+01
-8.548611206518896211e+01
-6.521054268790052788e+01
-7.531274078628493385e+01
-4.409842202089537011e+01
-6.436025412177431804e+01
-8.735745782536112358e+01
-7.772666341837523873e+01
-7.455269379190200141e+01
-5.283082652504493382e+01
-6.413642289968197474e+01
-5.669763228426291590e+01
-1.136790875294944527e+02
-8.534900642846262997e+01
-7.384014455938442723e+01
-5.454664903978888191e+01
-1.312637207063146434e+02
-9.958633977962395534e+01
-6.347550896047448532e+01
-5.850942340537479680e+01
-8.601939193397606687e+01
-6.924036421624344939e+01
-6.261593562910830002e+01
-5.268974177802775216e+01
-1.226305090080063422e+02
-8.496712970852929914e+01
-5.792271586964384511e+01
-1.519970366394061045e+02
-1.171690795716298510e+02
-2.586430567679551018e+02
-4.869439064845636267e+01
-5.311389527751182271e+01
-5.638608537389661279e+01
-5.976071192354016404e+01
-1.396522528015879345e+02
-8.512413871829248535e+01
-8.063095493551664106e+01
-9.535694667065908448e+01
-4.514410419407498409e+01
-7.113614224182485657e+01
-4.876031296327100506e+01
-7.397716718558233140e+01
-8.201837862738885576e+01
-6.861957351554931961e+01
-7.476308815692709686e+01
-1.289262144622226742e+02
-7.338312080723240172e+01
-5.989795480513177495e+01
-6.060203997425934119e+01
-9.574610356569186820e+01
-7.786675324141671695e+01
-2.362233648374318591e+02
-1.083800129180891219e+02
-7.781731386969207733e+02
-6.589516990421485332e+01
-5.790530543412765496e+01
-1.039724614167363086e+02
-1.035951741400837136e+02
-1.265275092891311886e+02
-4.946010345692041454e+01
-1.373898971879817452e+02
-6.192764235047303600e+01
-7.876805195228706680e+01
-3.919368384638126201e+01
-6.824353125960077193e+01
-6.394420615011181042e+01
-6.066232991893766524e+01
-1.085143473066998325e+02
-5.653341210589299948e+01
-1.074248711962706579e+02
-8.014186214760172788e+01
-5.479766950622160948e+01
-8.797661124585977177e+01
-9.239242410318155407e+01
-9.801963741419920950e+01
-8.040681311703296785e+01
-7.567741470033992357e+01
-5.906927449732268798e+01
-5.784766347377412643e+01
-8.304198692761669065e+01
-8.134691187490864195e+01
-6.739673573125271844e+01
-7.076760544344547554e+01
-5.677936729299741359e+01
-7.802023427053933347e+01
-9.141279672019949487e+01
-6.403160001252339839e+01
-6.456714866916397000e+01
-6.796801861711301740e+01
-1.403986754377558270e+02
-6.180625860215850764e+01
-5.296978611927094960e+01
-5.800706763985719761e+01
-5.615707229794766420e+01
-5.118844166262253026e+01
-8.529282411887056981e+01
-8.257009314571342884e+01
-5.880111318053280911e+01
-7.465594171359217057e+01
-5.605673180385401366e+01
-5.474171826033001054e+01
-5.270044783387477594e+01
-7.297063145583197752e+01
-6.105007098787688591e+01
-6.185014995140974037e+01
-6.190066425456853949e+01
-5.198832045225263698e+01
-9.627855852925677027e+01
-9.619558777340857603e+01
-5.707804850220286852e+01
-5.254676812130419705e+01
-7.215522294380701851e+01
-5.434071331252023640e+01
-5.835950164887894687e+01
-7.202974073469468408e+01
-7.590374270133261803e+01
-9.953868288369999107e+01
-5.818413474193044266e+01
-6.321658067458500341e+01
-7.419346851386279695e+01
-7.028891088196184000e+01
-6.966224661393252404e+01
-1.151684829158809578e+02
-6.990129054345420911e+01
-1.245499060116664936e+02
-7.358086670759038839e+01
-5.811148717432119071e+01
-6.251929569879904136e+01
-4.455777950353223815e+01
-6.343991941595223238e+01
-9.367462518080833433e+01
-6.189325605639974270e+01
-5.726723212411429387e+01
-6.571091148572283203e+01
-5.323247930191105581e+01
-5.827693000875249396e+01
-5.935220080629689932e+01
-6.586722623463622028e+01
-1.067280251055140212e+02
-5.125052305884231174e+01
-6.195874862024690799e+01
-6.929555593184358031e+01
-5.877268608525257321e+01
-6.536669802182470335e+01
-6.154991167318188161e+01
-5.364200569375234551e+01
-7.027591691278959729e+01
-7.892193081889772088e+01
-8.046122085417215430e+01
-7.520187522492665266e+01
-5.394491735116805131e+01
-6.305970746358362788e+01
-7.288439709696697832e+01
-7.276813586915420728e+01
-6.408806812862144398e+01
-5.810367448621990150e+01
-2.702205898038620262e+02
-7.031833478714504793e+01
-9.720962936593723214e+01
-7.142433217719622007e+01
-5.394398110343049524e+01
-6.463959441114266724e+01
-8.816620303415650994e+01
-5.083808706011222966e+01
-7.437637871440138326e+01
-5.848827368356909773e+01
-1.315060672594856044e+02
-6.491854655600184287e+01
-8.785973350404911741e+01
-1.010444721060748208e+02
-5.345888754816096622e+01
-1.678862529762444638e+02
-5.595797314037864822e+01
-6.584764919592619492e+01
-6.929670771695084852e+01
-5.438123151030445968e+01
-5.944812866926693573e+01
-4.868013694533660640e+01
-1.169590422421962614e+02
-1.169309532974159112e+02
-1.539522897358948796e+02
-5.110534560818747707e+01
-7.031241068646554027e+01
-7.288446137325965424e+01
-9.358427981288980391e+01
-8.454853210064440816e+01
-8.514642633656036708e+01
-6.028797400901397197e+01
-5.029597043247043331e+01
-1.582866169057166417e+02
-7.463462425702137182e+01
-9.252314472554387237e+01
-5.813525393118991502e+01
-8.303327818993513176e+01
-7.079446165099457744e+01
-5.416208199162242209e+01
-6.719434193788829646e+01
-6.150384382851318321e+01
-7.784662265225857425e+01
-9.035837782766090243e+01
-1.194376228833178999e+02
-9.087674949844134176e+01
-1.222283583497962809e+02
-7.827299208083485382e+01
-5.038159413895307637e+01
-6.297162745317739763e+01
-9.300051912169625723e+01
-6.898374841822804626e+01
-1.074779685789353749e+02
-6.223016092058558257e+01
-8.822810945472555488e+01
-6.295029868524668615e+01
-6.285169598595100382e+01
-8.539064575818287040e+01
-7.734849051772866346e+01
-6.596224060020971081e+01
-9.089488760172936566e+01
-6.513688176073632974e+01
-6.473327415591457168e+01
-1.081658372767428062e+02
-8.189690007454457543e+01
-8.996326434678246642e+01
-5.701466136763938408e+01
-2.003485348319444768e+02
-8.762973610815129177e+01
-3.404155265592657997e+02
-6.524578724905180138e+01
-7.355261213122697939e+01
-8.684892615223228063e+01
-6.800446255773680093e+01
-8.181068415659339621e+01
-6.927297041183147996e+01
-6.015630814057400499e+01
-7.861996063327583784e+01
-5.954270289615983103e+01
-1.396930664060653839e+02
-1.044928308844521467e+02
-1.272923845277384629e+02
-9.741480778939538254e+01
-4.748882953359133552e+01
-7.727049629523395424e+01
-5.077384801753158428e+01
-6.823801762002561588e+01
-5.930614854942737679e+01
-9.356797812949172055e+01
-6.055380507903299048e+01
-6.016169469222416666e+01
-6.824276665261984931e+01
-6.169883868379739056e+01
-6.043940815819910739e+01
-5.542097181217341983e+01
-5.353800487123289997e+01
-1.336035097704429973e+02
-4.658962263574374418e+01
-7.430565792778094192e+01
-4.894711852371546712e+01
-5.988313963031433929e+01
-7.224464817978194731e+01
-7.829958653302163896e+01
-6.380211163736051816e+01
-6.327791773588011637e+01
-8.004826232288935728e+01
-7.823175664399026630e+01
-1.055972609197031886e+02
-8.811756023133473548e+01
-8.595293070962492266e+01
-1.067898093164877480e+02
-4.920599016801534731e+01
-5.105592628270249378e+01
-1.218521485361125656e+02
-5.219034598755879273e+01
-7.046852171482029803e+01
-5.311920288752895658e+01
-7.150781086862035352e+01
-9.227252606800770707e+01
-9.319759077677181835e+01
-6.555521974949927255e+01
-9.454742941815733559e+01
-8.720300909505783693e+01
-7.554081063142270125e+01
-7.803162572572395561e+01
-5.672898686337752849e+01
-7.133536675305204255e+01
-5.988400559934862599e+01
-1.178330265461893589e+02
-6.653501661471379691e+01
-1.026317182650336548e+02
-5.190384774013892155e+01
-1.189721841683361561e+02
-1.365597327982844718e+02
-3.118941205479850964e+02
-1.038819268617301930e+02
-5.999538016066775725e+01
-7.798090303323371586e+01
-5.980573402851084808e+01
-6.751286286295776051e+01
-4.891880351961678031e+01
-5.000842370848145890e+01
-7.149041535032155537e+01
-8.899798928834367473e+01
-5.313920962462122333e+01
-5.309912497801832387e+01
-5.121518984077775372e+01
-7.524953759490156813e+01
-7.043986517848800588e+01
-5.225908604885241715e+01
-6.873365454927825624e+01
-5.296460408041195222e+01
-7.248374877378697079e+01
-7.194911955947603133e+01
-6.399572140298682399e+01
-6.123700057519135243e+01
-6.573030511996704206e+01
-5.024818421782968159e+01
-6.036529298906994967e+01
-5.429504549656574852e+01
-5.532729083390786684e+01
-5.759223159232310962e+01
-6.626867186270523291e+01
-5.738482725556426089e+01
-5.455835563236852437e+01
-8.993888679833051469e+01
-6.196534680829088870e+01
-5.249531612651226453e+01
-7.789308567806415340e+01
-6.604104918238320465e+01
-5.747401135693562679e+01
-5.021042961481973776e+01
-8.112984794526015264e+01
-5.745584380005914937e+01
-7.027309701525561536e+01
-6.839108578838666119e+01
-6.598047443258664657e+01
-5.214783171594899613e+01
-5.466020162140953431e+01
-7.797148021416911945e+01
-7.473391176992028306e+01
-7.697920022707654653e+01
-7.776188642445235644e+01
-7.318309490141287199e+01
-6.200609332394657258e+01
-1.369208248217837252e+02
-5.891249573217329782e+01
-6.175278991841823739e+01
-7.365601275259453473e+01
-1.089457933049751830e+02
-5.637466425387516722e+01
-1.135589203870265322e+02
-7.124636725888103683e+01
-6.152242630144284874e+01
-1.102696262882635523e+02
-5.190648315309856997e+01
-8.881243095114909636e+01
-8.797209397851113977e+01
-5.911307868193312487e+01
-8.147861850077114809e+01
-8.136577166029086072e+01
-1.357814123465642524e+02
-7.334904316065848207e+01
-4.878583135516989699e+01
-8.227435615916492395e+01
-7.014815062138573865e+01
-5.068493448768155929e+01
-8.956077021898028079e+01
-8.581727846592799835e+01
-8.460436280752804805e+01
-4.286352959859293321e+01
-5.096413488740721931e+01
-5.772554005818971490e+01
-1.005729682753295577e+02
-4.964015484190338867e+01
-7.797675618109680329e+01
-6.491287797301745854e+01
-4.961509061818835420e+01
-5.524738232245331915e+01
-6.611741966490092182e+01
-7.526349963237049678e+01
-1.100844779939282319e+02
-6.193445126273881129e+01
-6.966117414390134854e+01
-7.182804610697905900e+01
-7.115986570695004332e+01
-6.885483635452995088e+01
-5.765019928313540021e+01
-6.026874083483964739e+01
-5.812082802270616355e+01
-4.548349596406522721e+01
-7.139827522614081090e+01
-6.565106553695969183e+01
-4.984659585335559484e+01
-5.896493141932100457e+01
-6.908163874589685349e+01
-6.394255728069797584e+01
-4.633889484925756364e+01
-8.432760030328418566e+01
-5.240185313159106784e+01
-6.726075352515316297e+01
-6.400748398969524544e+01
-6.500016723940983354e+01
-6.150841567251131892e+01
-6.694267752520076442e+01
-5.391434226254351358e+01
-5.128598762611207462e+01
-1.400883757142766513e+02
-8.570232492297242288e+01
-6.388837812079803768e+01
-5.309048783888346890e+01
-6.897434057819172892e+01
-7.347385953669959235e+01
-7.486747753115660942e+01
-6.915880252206765988e+01
-6.189931963550979077e+01
-5.489805895192111507e+01
-6.867439835121486169e+01
-7.118151735109294975e+01
-4.851484573473005923e+01
-4.859112055153044452e+01
-6.402736050411182589e+01
-4.432840795458984218e+01
-5.678916671287905871e+01
-4.367820527444126100e+01
-6.451585935433629970e+01
-5.386990492875622749e+01
-6.389680274038380503e+01
-5.640407121615675834e+01
-5.699415113666323407e+01
-5.278934847560715582e+01
-4.750799338539130190e+01
-6.000338713799035872e+01
-5.792701385719471574e+01
-5.465364984704244478e+01
-6.142177308851955786e+01
-5.697678445095220923e+01
-6.881417023347914608e+01
-8.521492823660899774e+01
-4.911823146899750014e+01
-1.205218744508240007e+02
-6.617705512407736990e+01
-9.420870498483076005e+01
-8.347452139284970940e+01
-8.542027415665288004e+01
-5.821121769209865704e+01
-6.184169487939894339e+01
-5.551577833955870744e+01
-5.083687820312325556e+01
-5.195197899605861380e+01
-5.522652865150967472e+01
-5.446585656338307047e+01
-5.102807364315561500e+01
-6.131182737636743241e+01
-5.376253484740333732e+01
-6.114918670933128197e+01
-7.267717515330346600e+01
-5.886544798434886161e+01
-7.900056799920224648e+01
-7.997847895481612568e+01
-4.995503821065381800e+01
-8.849432965471594059e+01
-8.679213198136081076e+01
-9.178592275023989089e+01
-6.044825725777499059e+01
-5.747588016732939309e+01
-6.245806887940053542e+01
-6.518499831063819272e+01
-5.605004202461263674e+01
-6.151517470518223973e+01
-5.590416545641205914e+01
-5.701979723844562642e+01
-6.381939993173276093e+01
-4.836014956976992352e+01
-7.837325589005202175e+01
-6.389998436907448109e+01
-4.721225172913605661e+01
-5.854834481838443594e+01
-6.428210329666526945e+01
-7.104144173683314989e+01
-7.506073945903128219e+01
-5.757582906910880638e+01
-6.592080902397567854e+01
-5.328033254940228147e+01
-1.050518378983854859e+02
-6.285937037673549810e+01
-5.646436046200572179e+01
-5.912053315143513288e+01
-7.092762757071039914e+01
-6.601386640706972742e+01
-2.832830508643215808e+02
-4.899038263358793444e+01
-1.107339219370745923e+03
-6.906409292815379786e+01
-7.527955225043083942e+01
-7.902853351879529953e+01
-5.282171980843451564e+01
-5.083864252309722076e+01
-7.597705314549675393e+01
-5.589408513952121638e+01
-6.975579477904858550e+01
-7.385495977328510264e+01
-6.767718482376517386e+01
-6.045500031650527006e+01
-5.464674452364020141e+01
-6.771510017414613003e+01
-5.249653326702596701e+01
-5.430030586022796513e+01
-4.974969319740227292e+01
-6.576081231213839828e+01
-5.882757701289221330e+01
-6.841883134054586435e+01
-4.169613345474899546e+01
-6.023594068350636377e+01
-6.316185031363485791e+01
-5.280765200060126574e+01
-5.613688903097989424e+01
-6.177977621386036589e+01
-4.777026035630830592e+01
-5.393655641613272422e+01
-6.875858375040066051e+01
-5.376334829831467488e+01
-5.735065982788469796e+01
-5.224072954390060630e+01
-6.284691936979486826e+01
-6.640733089005837542e+01
-5.559554911324604376e+01
-7.444905572191750309e+01
-6.180574371448296489e+01
-5.311639050022409236e+01
-7.304776048140942635e+01
-5.288852302239637027e+01
-4.438168312830789120e+01
-5.730056913947065311e+01
-5.347509937060221574e+01
-7.704209401968438442e+01
-6.260713678365365098e+01
-5.659024638678629060e+01
-4.345750655312527755e+01
-6.092377535218092532e+01
-5.380404717533255621e+01
-5.139079782005008923e+01
-5.655811937100561693e+01
-5.403921940301252391e+01
-6.329950113262823663e+01
-5.426759439730506784e+01
-6.294570727300481394e+01
-7.061734275692428753e+01
-7.194353431384618602e+01
-5.868632003209831538e+01
-4.255043250108746378e+01
-5.406299597066365692e+01
-6.993937747528400450e+01
-5.061472269173899718e+01
-5.430142714995809428e+01
-6.617094164976987258e+01
-6.428607013848159113e+01
-7.162612791194585782e+01
-6.886142032745115671e+01
-5.169689822437049287e+01
-5.433015467390094955e+01
-5.845283581032282427e+01
-4.710757630970482523e+01
-5.851521021804479972e+01
-6.726636382568939609e+01
-6.386342562462095174e+01
-6.752263973246320461e+01
-9.405985504868598923e+01
-6.604321021214866505e+01
-4.692421457597642842e+01
-5.057705701908498952e+01
-5.609270472550652897e+01
-5.775849956644458416e+01
-5.215557597410740698e+01
-5.785288362569655618e+01
-6.556055550419044664e+01
-4.547584374176076238e+01
-4.813841681202933387e+01
-6.883050508079988106e+01
-5.369527119053832820e+01
-6.051568445936533891e+01
-6.619327550369746405e+01
-6.860261926695540069e+01
-8.846143771425103353e+01
-5.937808045716185035e+01
-5.703944803420837673e+01
-4.540681753594043357e+01
-5.497114826622411954e+01
-6.314871197103101963e+01
-6.039968262144829936e+01
-5.956533776662663371e+01
-6.577657102545629186e+01
-5.897643917146820769e+01
-5.740647071544184854e+01
-5.187571179402161903e+01
-6.581667839439955969e+01
-6.050779217327062298e+01
-5.924984310877579219e+01
-5.225907868256880562e+01
-7.150192978954818557e+01
-6.361298791295766364e+01
-4.755271186581440901e+01
-5.056452460579874497e+01
-6.508825900305760115e+01
-5.681205135829891617e+01
-4.411953675823480836e+01
-5.993687296487934191e+01
-5.144167150260096832e+01
-5.832755475480384888e+01
-5.241026924888312521e+01
-7.124821915266460337e+01
-6.776006361967543512e+01
-6.740629492381566479e+01
-6.918043569839973372e+01
-4.554337255226319314e+01
-6.315107796684455366e+01
-5.824324816574228691e+01
-8.521974968977653475e+01
-5.301986109438536232e+01
-7.143130314872631459e+01
-6.138810204591919018e+01
-6.808663232221012152e+01
-4.793570411807051102e+01
-4.898340528530339810e+01
-5.479540079627993521e+01
-4.513545513192401870e+01
-5.303081319188134302e+01
-6.858302165052491262e+01
-5.781301311215532479e+01
-6.252245449930415333e+01
-8.033588570468904777e+01
-5.681579822400972546e+01
-5.064668065662175422e+01
-5.231852570110866907e+01
-6.652524206498901549e+01
-5.395433077414440959e+01
-4.941603762415561363e+01
-8.490007118156979971e+01
-7.498759995214660989e+01
-6.140139783894233716e+01
-5.731530596796722676e+01
-5.785972056626825832e+01
-6.299826748963811696e+01
-4.832240875165747696e+01
-7.877755348851739825e+01
-5.506035338443463445e+01
-5.516490628860086787e+01
-5.673226907731805824e+01
-6.377863245061907094e+01
-7.124865686190418046e+01
-5.266878643287067518e+01
-7.200414715591521997e+01
-5.253430512638083627e+01
-8.040989621625527661e+01
-6.803732606926833171e+01
-5.632665005788567214e+01
-5.554186800114342759e+01
-5.528715327332611196e+01
-5.494785875191854529e+01
-5.422574160418135136e+01
-5.658358844537892907e+01
-6.333548825876670918e+01
-7.040869044972988888e+01
-5.538951783391479466e+01
-5.704533857858307044e+01
-6.824833362436598350e+01
-5.070043604024549921e+01
-5.402587236086215228e+01
-4.366460170604550228e+01
-5.888241686786179940e+01
-4.248046000491373775e+01
-4.250066271223125369e+01
-5.667813776224048894e+01
-6.051859915143879931e+01
-5.359550666038462907e+01
-6.242092950256859041e+01
-5.444397570458590252e+01
-5.425431816883076408e+01
