1.053145813932792940e+00
9.825237046600826529e-01
1.130341217825094446e+00
5.079587028536108884e-01
1.317632383058786383e+00
6.301304806425132021e-01
6.106637774382239758e-01
6.291618945471426638e-01
9.545080020982932290e-01
1.041737842642038725e+00
8.038641968649788971e-01
8.849926336264448690e-01
8.978120521657411146e-01
5.418705775568426475e-01
6.978051639358805458e-01
1.122450086599265040e+00
7.397661921084952574e-01
1.025085201299844595e+00
1.578858213372557273e+00
9.046464781641452291e-01
1.119206738207695562e+00
9.691139904489051160e-01
1.577575810768473641e+00
1.442250129001547254e+00
8.680451015754993005e-01
9.417953038388766629e-01
4.894501751395178846e-01
6.916232708744630697e-01
7.616941164387828200e-01
7.428773760979645591e-01
6.580242185699460844e-01
1.335946309090629613e+00
6.844919596468855838e-01
1.021341528761719575e+00
5.579806328142105087e-01
5.341091078370328038e-01
9.595524824862566859e-01
6.928590625269752667e-01
5.269385539191026036e-01
7.273764922351114715e-01
8.422663084999238992e-01
4.697238333352513062e-01
6.890081958846037136e-01
8.667574938178105315e-01
8.149447328258458967e-01
3.024742672087506468e-01
5.816084592920974794e-01
1.039047546786765697e+00
8.889552875991970637e-01
8.023307735846102462e-01
3.802512665949590587e-01
9.236026187726424919e-01
4.893372115871810202e-01
7.643019623610853852e-01
7.685912330478604781e-01
5.025742730460764918e-01
8.736680866865630390e-01
4.517147187063677016e-01
8.416360200008113912e-01
3.802482382379334114e-01
6.703880815361181744e-01
8.390987227208251964e-01
4.236067195592638224e-01
9.197367315802480459e-01
4.039722742932929100e-01
8.756146878299838621e-01
8.339939151030948405e-01
6.719291140799683593e-01
2.728183607540395905e-01
4.209973791514221020e-01
3.390048762543443339e-01
6.181226602602269971e-01
8.039110471187701501e-01
8.042203890440194902e-01
7.951615076330650345e-01
9.002782362071298783e-01
4.052200223487893438e-01
4.387163924393063241e-01
7.376358323366896119e-01
4.780188781180583213e-01
4.693068400982603472e-01
7.808334216684236218e-01
7.846558985043095014e-01
6.393439922499581929e-01
5.492853285153798115e-01
6.158756766422818218e-01
6.847564274818846997e-01
6.610244650495022967e-01
5.576606915515769369e-01
6.334266913660152598e-01
4.617492259793035125e-01
2.996496132375154886e-01
4.504176602752328340e-01
6.882185341803686018e-01
7.627712896986010849e-01
6.469972493069158226e-01
7.020855158246911421e-01
4.840790297393533503e-01
4.344321214032796918e-01
4.455244939733256637e-01
8.142019749938601558e-01
7.105556703726713108e-01
4.380048919034025823e-01
9.055132262440162005e-01
8.235922136703299756e-01
6.180451869199573567e-01
7.977260735289523064e-01
6.614164131879596287e-01
9.078602300672430347e-01
7.062049583529437236e-01
7.503564941867284510e-01
7.967596464277313384e-01
4.317413704708155664e-01
5.869539798102119121e-01
6.634291501397127089e-01
7.143335973723177190e-01
8.648203222938614099e-01
1.087113480005975852e+00
6.290884234185815105e-01
6.425001829789243057e-01
6.830351491990430679e-01
4.955955330619187804e-01
9.208143866461049321e-01
1.031134650180687284e+00
7.586876907632350564e-01
8.359074889330779801e-01
7.957045224685781459e-01
6.945655272441821904e-01
1.105928012287997531e+00
1.832425088258740065e+00
8.690075739399859556e-01
7.488632384738710401e-01
7.846666529070431828e-01
4.973806881291522597e-01
4.809521452027986643e-01
9.493365472455370657e-01
7.035939263758369533e-01
8.616366338689136484e-01
5.058593643922985050e-01
7.246048336281580848e-01
9.926293417360371185e-01
6.987160807215455627e-01
6.500803667703272115e-01
7.062921271310727001e-01
8.442916306451891950e-01
8.122507239239591392e-01
5.871550092024903078e-01
5.108486531843193790e-01
4.775712421085013815e-01
8.893992982585896545e-01
9.151721200658992084e-01
5.355587392914343825e-01
6.200406892672203352e-01
7.585518505934052413e-01
8.077857293939684213e-01
9.340791861874965241e-01
7.140972940902290400e-01
5.578644848665524902e-01
5.367708127111340266e-01
5.126825906447173287e-01
5.765957659877524177e-01
4.951332036823904992e-01
7.069820276521350255e-01
5.779693651395025888e-01
5.155653794489991615e-01
5.639313957066515171e-01
6.417865913619774654e-01
5.984527856572888771e-01
6.524398833448195045e-01
9.025298999228273944e-01
6.158906936997120551e-01
5.958414605985946633e-01
6.246473210475965709e-01
6.468557471981634110e-01
4.796971782671221596e-01
6.223423815734886455e-01
8.553048471658393215e-01
9.352762587159216823e-01
7.958719690271798264e-01
5.976920211283646145e-01
8.937976925664139483e-01
7.924761318685918932e-01
4.793817545050000350e-01
7.910995351049673330e-01
7.900796068660199678e-01
5.331070244631942456e-01
4.525180199375751222e-01
6.769549984112549490e-01
6.147177423005290020e-01
4.477126603111916125e-01
5.095844242411146086e-01
5.563176949481188904e-01
6.024016385252664030e-01
7.150468228191896314e-01
7.753745477820216392e-01
4.538088773936009290e-01
9.656964661709258602e-01
9.041859141460832916e-01
7.905590763263150578e-01
4.321681626327110726e-01
4.829801860138689951e-01
4.861410217411940016e-01
8.510100354875888007e-01
6.573000530934339780e-01
6.370579434263528018e-01
5.754154510694283742e-01
8.308375719461642550e-01
8.876697500631048898e-01
6.566091956329809243e-01
6.111143102264834370e-01
8.470160120327913100e-01
7.750917592677786239e-01
7.088923501356239054e-01
3.724074761300864567e-01
6.804838558964462214e-01
6.564605350796560712e-01
8.267183427120106121e-01
9.348365314355840949e-01
7.093745175157348815e-01
6.356805112465999663e-01
7.851147668035179938e-01
7.608614033169154300e-01
6.204981892401385535e-01
9.431858296486216320e-01
8.865672062037183165e-01
1.361814114218857563e+00
1.056342146231737722e+00
8.799003976115505887e-01
6.711048602514004813e-01
7.526326308215097738e-01
8.829154190896076893e-01
7.556009069072758821e-01
7.099179544984531853e-01
7.716363166683388730e-01
6.329375050706865791e-01
1.210590588855248617e+00
6.643498979038280350e-01
1.467037535243281843e+00
8.062710641967787417e-01
4.316201822103259422e-01
3.066741159325853672e-01
5.721542654906281999e-01
7.636260687886066156e-01
7.812777390576320924e-01
6.156216652994070948e-01
6.228212975678213414e-01
7.916232124011247651e-01
5.188656923333364590e-01
6.793426784233556059e-01
8.564364307246925545e-01
5.744715737180524640e-01
5.971590501346846214e-01
5.109387446762303497e-01
5.664462802481040615e-01
8.272316976747906558e-01
4.728698896100739790e-01
6.062023369726262656e-01
8.180277787272012269e-01
8.240040744761392144e-01
9.467134250759626779e-01
6.580991703434417861e-01
5.952538103158249161e-01
6.668149415961118764e-01
5.673042738151500286e-01
7.525266512410234698e-01
6.905207679233791307e-01
7.204258788064417107e-01
5.625807810539437126e-01
5.265135862314671567e-01
7.584569932879660081e-01
7.223331187799109099e-01
9.155457204643946412e-01
6.776583160394288319e-01
6.631585922668480348e-01
6.938756205915578290e-01
6.187483062632346265e-01
9.272330306570095715e-01
7.498000379439935248e-01
6.963341093202205512e-01
6.759369628864325685e-01
6.397626936452481816e-01
9.805310430177750503e-01
6.209325608828855092e-01
8.696346276197571834e-01
2.799552190675826391e-01
8.187765588690925078e-01
7.194681404097138522e-01
1.038142850099634584e+00
3.889562826187152322e-01
1.007101739022457698e+00
8.259259788750286102e-01
4.665766693978525836e-01
7.341605261909649460e-01
4.209739957246150799e-01
7.027047966831783121e-01
6.123987973861712009e-01
5.546688802359850401e-01
6.998295550365875028e-01
2.756187907183232921e-01
9.226218700368244985e-01
8.803878230641946079e-01
5.964092357203835126e-01
4.530606002385001996e-01
6.869075130869829460e-01
4.015127984623226287e-01
5.378637836480535395e-01
1.404407287966446649e+00
3.136161220308508191e-01
8.672139853517909502e-01
1.410722113580025860e+00
8.295581200480610651e-01
3.525570115208602751e-01
6.014757329562974153e-01
3.234090466356860372e-01
6.159927879292782515e-01
5.100839962534183814e-01
5.924039438513033495e-01
1.313093618403489371e+00
6.801346488775757981e-01
3.861887080188096677e-01
5.329047250764550325e-01
7.227973630960166096e-01
7.410959063234228150e-01
3.973899196251239330e-01
7.896913691590327078e-01
5.896017891717301174e-01
3.903212724092015029e-01
5.995129461989697761e-01
5.145477322477898241e-01
8.360123251589520743e-01
7.108886513783947425e-01
6.510516285668629388e-01
5.728845104108073460e-01
5.568010788820469958e-01
8.567075849441880830e-01
5.547796826803564896e-01
6.995928993709682464e-01
5.408484750550385245e-01
3.916070566529472607e-01
6.155236448614089806e-01
8.542103987241493890e-01
8.119176880703247168e-01
7.640559037264380571e-01
8.356915527530366372e-01
6.595423361083719849e-01
5.840117198232444018e-01
7.900311517914400117e-01
8.064452534308620413e-01
8.126336491625898439e-01
8.284689747261781978e-01
6.599747612927513440e-01
4.683758852093590219e-01
6.061924406012701994e-01
8.374218459151356875e-01
8.871695818565574765e-01
8.079074435247144415e-01
7.135042315442454708e-01
8.053863483411326518e-01
8.517841675166726301e-01
7.243236469661417098e-01
8.266696350721942643e-01
4.568389282598388501e-01
6.431370501395948791e-01
8.122477561228685916e-01
5.527701475440749412e-01
5.120397900517282830e-01
9.041848016362469265e-01
1.035400281811659884e+00
4.627351037939607115e-01
4.626026263385820680e-01
4.909166752795164346e-01
5.539268977294922180e-01
8.539202536305774416e-01
6.642811837724720281e-01
4.778922373307602500e-01
3.555035186413540993e-01
8.753944021373954998e-01
9.319623507033547583e-01
3.722406242071696902e-01
6.285281194553770101e-01
7.621477474236734162e-01
4.701140612969830768e-01
1.063832805560392947e+00
8.022269502524408402e-01
5.239573760143448888e-01
5.192259985567524438e-01
7.446682217444119400e-01
9.991930866466599559e-01
8.375215483126692284e-01
6.649096569070411800e-01
7.404229571896269180e-01
8.182587915701247105e-01
8.960561486642235618e-01
8.386623605780965107e-01
7.885437316007999353e-01
7.348045620433882874e-01
6.467426493461675419e-01
7.674944276940776078e-01
5.149272691630862875e-01
8.660018474952664302e-01
2.845639917024808674e-01
6.106910592904255530e-01
8.097080507611813527e-01
8.266400749021316496e-01
8.559053557312282789e-01
6.825462121941276994e-01
6.079877302109815140e-01
5.637330648272685929e-01
6.318942470112005605e-01
6.605708154400270482e-01
7.934320049614383974e-01
7.787483345442334226e-01
7.335746413246053699e-01
4.281417361936865063e-01
4.465960240198212361e-01
7.768958500041571735e-01
5.976897207249805000e-01
6.316351130182331630e-01
6.995066739295807690e-01
6.948781657990680261e-01
7.390652884126983624e-01
4.553475198278714720e-01
6.412201925739041686e-01
8.557530687374512723e-01
4.597890621900354025e-01
5.867326351495893988e-01
6.517627274527215686e-01
5.802018850399702776e-01
7.577876526411432279e-01
8.105380119271925476e-01
6.550089385839643619e-01
8.764682911743878480e-01
9.175083743853098550e-01
5.783135758867176124e-01
8.206339198237135868e-01
7.962683617031661720e-01
4.234774552967813244e-01
4.305666325903906855e-01
4.860796254608439337e-01
6.073488379201389398e-01
1.397240330951039500e+00
6.297541140261638803e-01
7.817759171666565088e-01
4.713960130280778760e-01
8.386155522714631161e-01
6.080335455121734789e-01
6.212535884677082842e-01
7.496854877195808786e-01
5.367598145509152596e-01
5.836699136187414316e-01
5.815936516648312349e-01
5.487325528968324262e-01
9.532269364528216382e-01
9.118821425534126002e-01
9.510049447211170737e-01
5.481478831945940655e-01
1.006635970794368173e+00
6.716023020138336408e-01
8.697675857509546971e-01
7.422434673862400301e-01
9.611182473392579917e-01
7.112595370010373896e-01
6.851777265607481571e-01
1.047900654868935355e+00
1.032602491955365798e+00
7.582141728472212572e-01
9.292567601469483574e-01
8.372089493472865129e-01
8.356846569656168899e-01
6.856560223329368764e-01
5.753236513077449876e-01
8.003937601205620700e-01
6.941285368404904732e-01
5.125149693111034077e-01
1.055986013372512744e+00
9.076901381212516551e-01
1.097812529960152661e+00
1.090876749799342349e+00
1.111120294458602498e+00
1.340877637441713288e+00
4.735583610673260724e-01
5.401771746337585833e-01
6.696364828371604849e-01
8.606348560397353298e-01
5.219188874109389475e-01
5.738778310945537031e-01
8.387283154483821113e-01
3.959889218897033603e-01
5.138240446476839418e-01
6.225786479159955977e-01
7.741816558669221138e-01
6.407411409939057778e-01
7.885975368012183573e-01
5.377066577196905062e-01
7.471497840473064755e-01
4.819664754644888971e-01
3.688293293019364594e-01
5.708365516749634994e-01
7.836163647002860611e-01
6.005619320357200586e-01
6.439509728550155687e-01
6.443278690377287621e-01
8.322815883009462290e-01
8.502271858064408550e-01
6.537849490056342194e-01
5.428771382455048755e-01
5.524644793726108949e-01
6.169671962920086905e-01
8.060211873638387647e-01
5.471144902693261258e-01
7.129387825039705806e-01
4.720042529979833756e-01
7.167745234111936314e-01
6.946302205508663175e-01
8.752659935830308102e-01
6.656299629178051847e-01
4.021760638278206179e-01
7.338769203927359985e-01
3.737946723294592877e-01
6.493111446477345394e-01
5.329252884032100734e-01
8.090293035891642504e-01
6.826818770615735721e-01
6.930132988376415115e-01
6.734409920130396410e-01
8.618376359688425525e-01
4.843790506432724685e-01
6.098240389568287956e-01
8.136630930984697363e-01
7.012537518878027010e-01
5.967451249491435572e-01
5.259965728646065486e-01
4.598987712179774534e-01
7.528587451076343973e-01
6.176266961990599658e-01
6.604349753735690998e-01
5.028656314246032766e-01
5.300803183572669885e-01
4.723000048441086673e-01
6.683515568395201889e-01
6.466313741486197086e-01
8.165678965005487289e-01
5.040233960604812991e-01
8.903721523475356392e-01
6.768609496505975098e-01
9.038221629228399001e-01
6.812110429299431669e-01
6.345440965855747573e-01
8.969016275453370879e-01
4.931902204326868988e-01
6.090118296672165643e-01
6.427867872242956082e-01
7.619208107117135809e-01
4.508648397891400483e-01
7.886231836819617147e-01
5.142288462675641547e-01
6.497536134628064675e-01
7.021847760203644429e-01
6.948292949144090347e-01
7.032485725866255422e-01
7.398411560299328338e-01
9.265101008156796381e-01
5.168327401191192827e-01
8.628440942695486671e-01
