2.444030182180175093e+00
1.942686144939365978e+00
1.410816813440417317e+00
1.924236306720057410e+00
2.376677441825744808e+00
3.154219264325751393e+00
3.058182980725791644e+00
1.882898752907853579e+00
3.674065137452254604e+00
4.032268737348063681e+00
1.416808028214593396e+00
1.942365930706798194e+00
1.553080408980884952e+00
3.718755196577319566e+00
1.656059738309016982e+00
2.284011025814253415e+00
1.760290992007384148e+00
1.449053101372186347e+00
4.857465015190366664e+00
2.048232391640650629e+00
2.526690331248107935e+00
4.210501077895932198e+00
1.692440000396924216e+00
1.873191958010337554e+00
2.789263241991934983e+00
3.394927838838760703e+00
1.670332035028604389e+00
2.842208215854896913e+00
1.877036199081947521e+00
1.602800604380124616e+00
1.405710865708560853e+00
2.006821623530395726e+00
2.816699527683191207e+00
2.019074050567256862e+00
2.794376095260814097e+00
1.785365943470913708e+00
2.087756797688471000e+00
1.968991402282897152e+00
1.547683804918646544e+00
2.261724007332379216e+00
1.650848229617192242e+00
1.856339449449750045e+00
2.085301174160672399e+00
2.445934989346133293e+00
1.668494407343742214e+00
1.518248483790852976e+00
1.685439543203679946e+00
2.246790393577487777e+00
3.315307709049356344e+00
1.587907475332319907e+00
2.257264305915014369e+00
1.784488327114523099e+00
2.795122972887952528e+00
2.441794157502510831e+00
2.392282882490484930e+00
2.514375799933843858e+00
1.504189240208247735e+00
1.633504108964683343e+00
2.588674398112613684e+00
1.473067908169557683e+00
1.766054233331667556e+00
2.037636292566700202e+00
2.624427506644682939e+00
2.127245009990474500e+00
1.686596659730593029e+00
2.143175384426468710e+00
3.600280264409787101e+00
2.506982741377131507e+00
1.971196418055285005e+00
2.323054676570960986e+00
2.072934791498215024e+00
2.116827545006149336e+00
2.544863344748621525e+00
1.586566005000572543e+00
2.382584407763270740e+00
1.813205190782756882e+00
2.824027659750421915e+00
1.968297270405244159e+00
2.016878857632918631e+00
3.033835993832361133e+00
1.814541802275908333e+00
1.817271596627779706e+00
1.726564740241928186e+00
1.926288313532190433e+00
3.687166477053722247e+00
1.957494603751523066e+00
2.255327293751258733e+00
2.376700430415491727e+00
2.026137064425982182e+00
1.985824251454740841e+00
1.463985615699993081e+00
1.356897058860093708e+00
1.987400800089765385e+00
4.429119109793357545e+00
2.674239077373988582e+00
1.952720479763921269e+00
1.702684513084554707e+00
1.491580275799394117e+00
1.591371060491451050e+00
3.343752379328727375e+00
1.431929546417802568e+00
2.787238717424430412e+00
1.863516934753356891e+00
2.717760379950835858e+00
1.836319751743289430e+00
2.357436046105566785e+00
1.622687756709681128e+00
1.513103376930016175e+00
3.041537996126329357e+00
1.540343296355443758e+00
2.278174633585620779e+00
2.365562058003001233e+00
1.759425002814429817e+00
2.379314690132348975e+00
2.519719854002572479e+00
1.585495869007617298e+00
2.066264149495576685e+00
1.929883666418116483e+00
2.394555388498228243e+00
3.686017142516996081e+00
2.450853877285292359e+00
2.722797384500504680e+00
1.638880875889530575e+00
1.347964324329322228e+00
2.033708466915537194e+00
2.756910244271820520e+00
2.262198819702988306e+00
1.829222819402313460e+00
3.749934621314229943e+00
3.344222650175735279e+00
2.387157293354272625e+00
1.719709474141210892e+00
2.621319191390661274e+00
2.412762121003163340e+00
3.065921420485808291e+00
1.434372084245780998e+00
2.335257341352765970e+00
2.729221347266274300e+00
1.496585816048234818e+00
1.462976373280924891e+00
2.273695365324109652e+00
2.483471906713001776e+00
1.682286468895315856e+00
2.900272798007635267e+00
1.713808576186899302e+00
1.892830089112392589e+00
1.641131696303131493e+00
2.852268082244661773e+00
1.938977586051118251e+00
1.875685398085406463e+00
3.573636664869993318e+00
3.003251085163637146e+00
2.085687648560108798e+00
2.039990111600317402e+00
1.482295862735226732e+00
3.266970154802977255e+00
2.007747497671231063e+00
1.796699257064412247e+00
3.141594437207564816e+00
1.299526376844436504e+00
3.943002031234185800e+00
2.103366716891424737e+00
1.726465589470293605e+00
1.531769419771661589e+00
3.913785105629154604e+00
1.807461000888060498e+00
2.131019857842639365e+00
3.676810520850155140e+00
2.120833435736265038e+00
1.710395506758184192e+00
3.273325098968335123e+00
3.456423078108847413e+00
1.810421302649608766e+00
3.404099016356526786e+00
1.788283753669657861e+00
1.871535763653850104e+00
1.452485963796068980e+00
1.773295591123235315e+00
2.845505560073075202e+00
1.200923431414541831e+00
3.733604898869679722e+00
2.570293980772430764e+00
1.003631301586373592e+00
2.199068374209136145e+00
1.918503002423218140e+00
1.688645106639340643e+00
3.352681523278889131e+00
3.118389529141866401e+00
1.788022137008058232e+00
1.512353455169628491e+00
1.861216492880400253e+00
2.202687079993616237e+00
1.543683034766952566e+00
1.673891011405980400e+00
1.960919012398679495e+00
1.932399815150602107e+00
1.967079401968562680e+00
2.601660075531814442e+00
2.196423246240829741e+00
2.416374019509540894e+00
1.822450232990924235e+00
1.965631060596338298e+00
3.124125305740620639e+00
1.465913775764504434e+00
2.579013863449314936e+00
2.773526400178872642e+00
2.136781165108599279e+00
2.219418578291862065e+00
1.830184853084100283e+00
1.992406340338606308e+00
1.628378839241237275e+00
2.260331908261267841e+00
2.176087743371895922e+00
2.067553662447794594e+00
2.030326506738745262e+00
1.554161430571696867e+00
2.082753707408236288e+00
2.249041880395065363e+00
1.641938951734020380e+00
2.039790429064541666e+00
3.361888858813279590e+00
1.709433473076397370e+00
1.666881602673202734e+00
1.588781243840329482e+00
1.709433473076397814e+00
1.604532396959690077e+00
1.550697845412566167e+00
2.073164714351606097e+00
2.523336683714614281e+00
1.854410732015608021e+00
1.981719949885479171e+00
2.533457528565274064e+00
2.203464551102541691e+00
2.029163118600014304e+00
2.478678808202086969e+00
3.109047444319934961e+00
1.712773211487906622e+00
2.584503241091780090e+00
1.522875328955312524e+00
1.653589651132500560e+00
1.883733091993636588e+00
2.069397674611545224e+00
1.873865340332063756e+00
1.630025815304278369e+00
2.728229718016998984e+00
2.111815351891417336e+00
2.100499667275652182e+00
1.791373147534099264e+00
2.899899565723705219e+00
3.696835608473137746e+00
2.339802776330189626e+00
3.156310301368981719e+00
1.966615993556093844e+00
2.652612265285703597e+00
2.563927630817259828e+00
3.851877253894248287e+00
2.060771070285606577e+00
3.919299155963654524e+00
2.894795573681888445e+00
1.740903030374471916e+00
2.314699821897537646e+00
1.961905742056454072e+00
1.880261341002776199e+00
2.220030991878098270e+00
2.129807834662689192e+00
1.957319566811815070e+00
2.301058886644602453e+00
1.564982396812738541e+00
1.570064930120824265e+00
2.367938884976046765e+00
1.938434643723929485e+00
2.371226993998888144e+00
1.885620582138327173e+00
2.354816192222230153e+00
1.857962582348516190e+00
2.093435351889837648e+00
2.798939471639528165e+00
2.494154056584779511e+00
1.563582445629177586e+00
2.602988093205059084e+00
2.428262929575456752e+00
2.286528708244726094e+00
1.566400118638151540e+00
1.844251808877851673e+00
1.925925362884262304e+00
2.028946147840019254e+00
1.887115229919076098e+00
1.775914450530741373e+00
1.029950961713884672e+00
2.748379195779386386e+00
2.323752943501992352e+00
1.650380527793454233e+00
1.971301319572367650e+00
1.435230108317336883e+00
1.627520815169681168e+00
1.560721294639263901e+00
1.831070635272221248e+00
2.464389129034407766e+00
2.712250510069849074e+00
1.595192998207395574e+00
2.785643938032602573e+00
1.198976882450931924e+00
2.512836529482719516e+00
2.043467571933847093e+00
1.349050204758730720e+00
2.016878857632918631e+00
1.771539102567682766e+00
1.620192320286590215e+00
1.826084190595192558e+00
1.476539659160418960e+00
1.826061291317223167e+00
1.528854530049376770e+00
3.911481132795818549e+00
4.532556944551608069e+00
3.916384319272308012e+00
1.793892469653295629e+00
1.725076523884589985e+00
2.032750297596515487e+00
1.918022889361331140e+00
2.119455851033121618e+00
2.478416201785349049e+00
1.831526323415847646e+00
1.678984816828598348e+00
1.682789219495346433e+00
2.541428956684446572e+00
2.297627280436377539e+00
2.859492205722940383e+00
1.503567466664447849e+00
1.818725641592616737e+00
2.793685023151475377e+00
2.159389135678414728e+00
1.989148723622459425e+00
2.762982435771834666e+00
1.874272148581914932e+00
2.267484006403228225e+00
2.578164169457718646e+00
2.817585002835536923e+00
2.689733226197596139e+00
2.987456419383404782e+00
2.736429985060077730e+00
1.870537229083991893e+00
1.935877381669429464e+00
2.642911763780329437e+00
1.968352644974255661e+00
3.235412843837799368e+00
1.618316501447560452e+00
2.032686965963800940e+00
2.360430648653224495e+00
2.022146285601085225e+00
2.793906297286491203e+00
2.123829296099113861e+00
1.883378351319663579e+00
2.193266064936135518e+00
2.244542650649640869e+00
3.341676491691122575e+00
1.785574740341483668e+00
2.812351485435231169e+00
1.585224534668824958e+00
1.889005107742673717e+00
1.651598151377580148e+00
1.783951258841113940e+00
3.239993416703298212e+00
1.837812826939223987e+00
1.445400303569625455e+00
3.705983805543893617e+00
1.835713016105106954e+00
2.417211712401963641e+00
1.631664214073949015e+00
2.959633310109593296e+00
1.401054852741917101e+00
2.126277225563240503e+00
2.991636903841283335e+00
1.798566910071711877e+00
2.657668861547445527e+00
2.157197807106842280e+00
1.481589234759830065e+00
1.421705466152265229e+00
3.780124950530321826e+00
2.843355690549708825e+00
1.672390923032648802e+00
1.447355835234026777e+00
2.589327827342275956e+00
2.465010902578207652e+00
3.285354234502396054e+00
2.677703039789892436e+00
1.468975411512380536e+00
2.363264452615326583e+00
2.609319260777513971e+00
2.242636109075363038e+00
1.935959697708817373e+00
2.300877631064875750e+00
4.341031144652971463e+00
2.113498268429290672e+00
2.064037393688731292e+00
1.600157048996631692e+00
2.539854979714673444e+00
2.158013635618285075e+00
2.950966791579587412e+00
1.719185587964302986e+00
3.522782150946776714e+00
2.632454489752796167e+00
4.232132418687219122e+00
2.927314027580928180e+00
2.451257716721707780e+00
2.066576153754190237e+00
3.194588494752472307e+00
1.469984653931448282e+00
2.417458595617325123e+00
1.641954138800842955e+00
1.750120796755095132e+00
2.629237334188442077e+00
3.380675979222892646e+00
2.579695581417537742e+00
1.842336856619286811e+00
2.122756945730208233e+00
3.412208006331213461e+00
3.392832911942336160e+00
1.933275862774261666e+00
2.317369648206041965e+00
1.740620423921147797e+00
1.829191355101486227e+00
3.159284646247998207e+00
1.786339849168693927e+00
2.034486391645046410e+00
4.001681176325370792e+00
2.590739233698950983e+00
2.408089232430210114e+00
3.823927615093442256e+00
1.459299548118140333e+00
1.639271198137348229e+00
2.501872658720508458e+00
1.509758779679910567e+00
2.891171191872933033e+00
2.230825218554760347e+00
2.080180554507794710e+00
2.142776576332760641e+00
1.358346631503009716e+00
1.554892300902496638e+00
2.919099761526402048e+00
2.200842867119533253e+00
1.535804716364761457e+00
1.685000341062086404e+00
1.774909680433594428e+00
2.506011756155811288e+00
2.338232438277489056e+00
2.133424842123377907e+00
2.490540147349197042e+00
1.671165720843799996e+00
2.124478410081547253e+00
2.518750903044345790e+00
1.713847464753878391e+00
1.507124175835951929e+00
2.287765782449568075e+00
1.585436646590224097e+00
2.010287529264524142e+00
2.229496660521992357e+00
1.881542549129867181e+00
1.793531911129965906e+00
2.070327204205241411e+00
2.487865503883460061e+00
1.684729006723294287e+00
1.503188030014486642e+00
1.819296342036370584e+00
2.417478754531691809e+00
1.479872629247087179e+00
1.663058418001501781e+00
1.826927236367953178e+00
2.731154815551044557e+00
1.694013419787461672e+00
2.159142244405358735e+00
2.230221024267777352e+00
1.846428159150630188e+00
1.915418467397373092e+00
1.813819429864057975e+00
1.770673299181071636e+00
1.501727571773713965e+00
2.505609420227880690e+00
2.353890755329471673e+00
2.866448917544420993e+00
4.309825527896353314e+00
2.190523358781008234e+00
2.016437424369982967e+00
2.843813180322764644e+00
4.260599207645099362e+00
1.535213167793401556e+00
2.402924204022816035e+00
2.150020321803235657e+00
2.286392847816992813e+00
4.767379846309133029e+00
1.946361842019896260e+00
3.500920305912993413e+00
3.353758411249620153e+00
1.571997495403347767e+00
1.765512306219662264e+00
2.885559449630855422e+00
3.019858735002771688e+00
3.616202493703528198e+00
2.824353577786320901e+00
2.001787338746853440e+00
3.524369092089260302e+00
1.402114997408075991e+00
2.465699289403898486e+00
2.190405655511801886e+00
3.439773189394011332e+00
2.621581194359331679e+00
1.762226931386950746e+00
1.539875594531705305e+00
1.647857088401241787e+00
1.673101459513034683e+00
2.209896586967681209e+00
3.315992650719249646e+00
1.520197247130413709e+00
1.569226743186659334e+00
2.858275072332230771e+00
1.646209757289295972e+00
1.493316927217555712e+00
1.607585822733611725e+00
1.500142525219738898e+00
2.452910822112989386e+00
2.754489173094869958e+00
1.981972895325172512e+00
1.964834579517174218e+00
1.704563051689710562e+00
1.950067323422389531e+00
1.748527785079722729e+00
2.434583627255566540e+00
1.760622833403388654e+00
2.762008406061686294e+00
2.007323110229959795e+00
1.630948818754967222e+00
2.442777517877452453e+00
3.236181511231032815e+00
1.925147438154753088e+00
1.405508474551956155e+00
1.501662205877905443e+00
2.305068610204316304e+00
1.523245814065739445e+00
3.136952135695806554e+00
1.963573950093053133e+00
2.074325682578984864e+00
1.720454537558726349e+00
1.472987808827510792e+00
2.087615808624620151e+00
2.031222282617872743e+00
1.613844568140422098e+00
1.585224534668824958e+00
1.999751707740405005e+00
3.527063619042316578e+00
3.240586843213551838e+00
1.538143801952140288e+00
2.413734829051512598e+00
1.657330714108838920e+00
2.489837024836871304e+00
2.864633294909287198e+00
3.200456431316096140e+00
2.615902991191506377e+00
1.959139624565158222e+00
1.438910664236462855e+00
1.974858028743871730e+00
1.549291750750589669e+00
1.643685931380408194e+00
2.743544295309937375e+00
1.895572795267520094e+00
1.703309846531740668e+00
1.670758526077274153e+00
1.654065176413518357e+00
1.905754617683244945e+00
1.656303314531244242e+00
2.836502191109074200e+00
1.791382752344221174e+00
2.715704496635150900e+00
1.772464172513911640e+00
1.950787460860813560e+00
1.880271573330045465e+00
2.072015494231788324e+00
2.451599079898782119e+00
1.882759431148413043e+00
1.891676034726056610e+00
2.458345956880702232e+00
2.376413639585241544e+00
1.564970383132626708e+00
1.544497580857568941e+00
3.055002339685895407e+00
1.847596406127956836e+00
1.973825500530159260e+00
1.575294209454500827e+00
1.961031973548444940e+00
2.795049653156189251e+00
2.194863125170221974e+00
1.481370450414547069e+00
2.393296589173778521e+00
2.548491588239313987e+00
1.826170159766050016e+00
2.272284056774633410e+00
2.047462632742871769e+00
1.668270668258906353e+00
2.368114659607848171e+00
2.191825443832753795e+00
1.716530405417373117e+00
1.490764988143198355e+00
2.508736709816560939e+00
1.870924244338675990e+00
1.984858578692600295e+00
1.553254526606365760e+00
2.891529258336459574e+00
3.004112856594608694e+00
1.796220669642817125e+00
1.653665902626165973e+00
3.038893538925609761e+00
2.698554866279967879e+00
2.571991601959494833e+00
1.778904307106872862e+00
1.514464684399154715e+00
1.530107735207346886e+00
1.443792357737681886e+00
2.253435215825698723e+00
1.505994817425603483e+00
1.750108916681407223e+00
1.562747320835590426e+00
1.449891288306351278e+00
1.810212027213490726e+00
1.741198162114377057e+00
1.618734826664499860e+00
1.746523373521545963e+00
1.835191134898520593e+00
1.556864208372582992e+00
1.654133604449904427e+00
1.827186943543309017e+00
1.563203008979216602e+00
2.687279514331040620e+00
1.818635966237496016e+00
1.431593054951229238e+00
2.027393576577086964e+00
1.745145580050374567e+00
2.061157661777083039e+00
1.546130222665499598e+00
2.037709237067230728e+00
5.787095814628747448e+00
1.761368907315394194e+00
1.413978341525507387e+00
1.569561646723241388e+00
1.624199858763124560e+00
2.082680762907704874e+00
1.452952924054227379e+00
1.654903363347682843e+00
1.442841951219332230e+00
1.783506456295345322e+00
2.121975173152317762e+00
1.856044413610801413e+00
2.162419662174368096e+00
1.645151248459777671e+00
2.386148050935204878e+00
1.693914269015827090e+00
1.698672115769424229e+00
1.638093346349899448e+00
2.092947046791049814e+00
2.725144103122062234e+00
1.585707980929016214e+00
1.486686955134738364e+00
1.613697822114831482e+00
1.640716678079326307e+00
2.080945454566977659e+00
1.589372792411689161e+00
1.857212660588128283e+00
1.554664713969279521e+00
1.760135539294815477e+00
1.580343227684281260e+00
1.867015046353893482e+00
1.586961186086986775e+00
1.559059610074948976e+00
1.417328628633443666e+00
1.606264189539255538e+00
2.599948679909271920e+00
1.555502900903444452e+00
1.604560155076255157e+00
1.531769419771662033e+00
1.870266281261874441e+00
1.979504711045722232e+00
1.918189673234645065e+00
2.082289699094307611e+00
1.954354161359114439e+00
1.545631798106513299e+00
2.351054264231016599e+00
3.099484902496031591e+00
2.269287786922565608e+00
1.621788252438421951e+00
1.577552184709617888e+00
1.504039285761202382e+00
1.563120265174524182e+00
1.685312389462923388e+00
1.893130466207568752e+00
1.756247730292886500e+00
1.570183918029850245e+00
1.569793595782031703e+00
1.434372084245780776e+00
2.089455458662797582e+00
1.832088087665244114e+00
1.687878907644947413e+00
1.915043889586008019e+00
2.042477969418684758e+00
1.954277909865448803e+00
1.904402261753640246e+00
2.138246482187969200e+00
1.413120317453951724e+00
1.613106273543471803e+00
1.691266241310413143e+00
1.884627084155712451e+00
1.483429338418591703e+00
1.777499497084716218e+00
1.812478168300338366e+00
1.839941826810601810e+00
1.521182180090169478e+00
1.687702377297393141e+00
1.570938698628833396e+00
1.469262490287626122e+00
2.180121392218576037e+00
1.747593509514501209e+00
1.787414844000244640e+00
1.932364099970333982e+00
1.588433658007871729e+00
1.559139709416995201e+00
1.714821125599101936e+00
1.595618469005949835e+00
1.916976908489115949e+00
1.576335302691072027e+00
1.661142271617102706e+00
1.537448243770549450e+00
2.297790271463528100e+00
2.015248012523006338e+00
1.617841221019099773e+00
1.677891781557673712e+00
1.627200600937112940e+00
1.646591869563159616e+00
2.144503971752008020e+00
1.532519341532049273e+00
1.705502186093528216e+00
1.548345461505256537e+00
1.609371354045548541e+00
1.578367472365813651e+00
1.461558264938837004e+00
2.003721638437696573e+00
2.277528095759718152e+00
2.215830063648030368e+00
1.490830354039006433e+00
2.218669937319210916e+00
1.604956620802488576e+00
1.843996960541092855e+00
1.388523953412016620e+00
1.728149786795902587e+00
2.132599949657060900e+00
1.787841134338582494e+00
1.520339875882988023e+00
1.620322935359052474e+00
1.761125331093166935e+00
1.730473127946827949e+00
2.516255882326766891e+00
1.953075220437893833e+00
2.026065159712714170e+00
1.912569330087571018e+00
1.832802427851786709e+00
2.159313508658289749e+00
2.423466052590761866e+00
1.622858388431377419e+00
1.767503805974583342e+00
2.104280502048667234e+00
2.069402778302697588e+00
2.597387154172267731e+00
1.436192141999123706e+00
2.628628322314937371e+00
2.046078425995764505e+00
1.821898055275564143e+00
1.781550538114268889e+00
1.919665875911871655e+00
1.683982932811288080e+00
1.679711839311016863e+00
1.604902882070116554e+00
1.720765800251759847e+00
1.573686263622557258e+00
1.603190926627942492e+00
1.676905051899900245e+00
1.640895274922419933e+00
1.717736015321386533e+00
1.657933148278055935e+00
1.810893654543916043e+00
1.445253557544034617e+00
2.540734068868168549e+00
1.728865182114884380e+00
2.025045539450174292e+00
1.724218499813033656e+00
1.478113078550956638e+00
2.189350497817641017e+00
1.821921341070208200e+00
1.695858173516791467e+00
1.919267387832323868e+00
1.537536508944326696e+00
1.467487195155041890e+00
2.072536303418666570e+00
1.479768619636856686e+00
1.736831765690852736e+00
2.090965055945293916e+00
2.157549485640237741e+00
1.489033195563632894e+00
1.676290990567246286e+00
1.745601268194000966e+00
1.447615542409382172e+00
1.943176359524398045e+00
2.133147573074198000e+00
1.967988928188669995e+00
2.347760715508879326e+00
1.684837109034462710e+00
1.673053864259078205e+00
1.723735053552842178e+00
1.958270714895744780e+00
1.849029872389823748e+00
2.205302198272240943e+00
2.269416492508783190e+00
1.652595766633210728e+00
1.682123445635719250e+00
1.677778820407909821e+00
1.755169029277072079e+00
1.618443655188317010e+00
1.735266556274269290e+00
1.523011189383046249e+00
1.954788231012506872e+00
1.852087777381357325e+00
1.520096299660760986e+00
2.098165440526869929e+00
1.701761123117190078e+00
1.647465638071168970e+00
2.677273407423677032e+00
1.951792347677114847e+00
