5.401537122969836346e+00
1.373864052242106171e+00
3.980008758371058608e+00
2.731290609848610051e-01
1.402184424597531009e+00
2.042008995467996080e+00
3.538755980861243877e+00
5.306705943510657164e+00
2.308340573414421826e+01
1.899999999999999289e+01
2.635036496350364299e+00
4.019630484988451435e+00
1.504869085898024039e+01
1.279315171745450508e+00
5.584493041749505338e+00
1.200499999999994770e+03
5.431305827307530087e+00
1.213806612453255385e+00
7.902439024390243816e+00
7.287028518859246518e+00
9.000000000000000000e+00
7.338927306459772204e+00
8.550753586344653101e+00
2.810655953393531359e+00
1.022166616007332784e+01
5.204301075268815246e+00
4.027962716378161723e+00
7.527213963797981532e-07
5.387804878048778612e+00
7.636981143797314964e+00
7.402583767150828109e+00
5.930528766016736064e+00
8.378205134963469192e+00
7.284482758620691278e+00
3.133774349066738907e+00
1.477643289798030724e+00
3.848056537102473751e+00
5.268167202572346497e+00
9.499369488214236767e+00
3.469111590507942822e+00
2.769094622191967670e+00
3.879310344827586299e+00
1.960027507951517922e+00
2.450396348786931799e+00
4.967175009921196427e+00
6.200492004920050704e+00
1.458918674023778284e+00
6.469230769230768452e+00
7.145477953009337746e+00
3.459693049080718286e+00
2.414634146341463339e+00
3.668099261134497358e+00
1.243312063748839291e+00
2.141381789659455137e+00
2.811811811811812056e+00
3.879152306225710056e+00
2.084729064039409607e+01
3.455380095482923686e+00
1.769974611381149199e+00
2.267386481333560688e+00
4.852956038403234196e+00
7.527214089743910793e-07
3.645932340463885257e+00
6.912300695793690331e+00
3.978326693227092647e+00
1.777867203219317105e+01
8.374451681510034717e+00
2.620403321470937019e+00
4.716306032143518401e+00
8.270574386423991342e+00
6.155067155067154516e+00
8.827205882352945565e+00
3.862800621192579609e+00
1.330834512022631522e+01
2.589257688033976379e+00
5.695067746022203004e+00
7.487046632124349621e+00
5.932098765432098908e+00
6.292790978654855927e+00
4.821338849881668942e+00
9.528354080221301814e+00
7.966824644549761913e+00
4.239941488286601334e+00
4.699489216440968953e+00
8.191237028496129113e+00
3.860962566844919230e+00
1.172859795090421109e+01
2.081522050864784479e+00
1.164340903769609170e+01
6.133187772925767334e+00
3.927272727272727693e+00
4.405958471260909448e+00
1.799376947040498109e+01
8.501206608501949091e+00
6.014976174268208631e+00
3.482424218751674516e+00
1.098186455106262649e+01
1.454760031471282522e+00
7.527214115023666279e-07
7.527214037431009858e-07
4.275144508670520338e+01
2.975414105636003281e+00
7.043074176119252350e+00
1.995571955719556811e+01
3.815935564827153126e+00
4.618320060867403321e+00
6.139013288342701991e+00
1.650838986076401671e+00
8.241839987854868710e+00
1.597827610371409435e+01
2.846178600160901517e+00
5.426598465473144728e+00
5.556434295240962662e+00
1.552839643652560930e+01
4.713413286172212224e+00
1.863815501386659079e+00
5.939307111226883151e+00
2.622291021671826261e+00
3.766613290632506494e+00
2.860915348122959667e+00
4.220726783310900565e+00
2.285710208624675222e+00
1.367441860465116399e+01
3.430267062314540372e+00
4.913360788702378912e+00
6.848783013982393086e+00
3.948587509470722345e+00
5.813186813186813851e+00
8.050556001375671400e+00
1.187683220301903475e+01
5.140945454545454929e+00
3.370682795076721305e+00
6.565169100621065290e+00
3.185007983807904175e+00
3.018446001410601820e+00
1.010133084286714933e+01
5.287556770580887466e+00
4.254493107857077128e+00
3.558414939649282349e+00
5.315254237288136174e+00
6.839009287925693847e+00
1.240939597315436238e+01
2.555555555555556690e+00
8.126140776556665557e+00
2.617308337370950255e+00
4.121418695467260029e+00
6.155144950621217248e+00
1.041170097508125725e+00
1.320994192675488232e+00
1.246185147507629543e+00
3.790411811496666949e+00
8.837604531966547938e+00
4.082836275106512858e+01
9.897260273972602329e-01
3.207920792079208105e+00
2.828513671604257151e+00
9.616901953200542863e+00
4.233093594209191401e+00
6.119187600213788158e+00
5.988119173825627861e+00
4.319488817891374843e+00
2.156410256410254789e+01
6.329697729303057407e+00
2.152866242038216971e+00
5.282608695652174724e+00
1.164637834748568324e+01
1.283790936156135665e+01
1.531645569620253111e+00
1.241363526860997979e+01
1.581775909863185392e+00
3.867901731776076879e+00
7.527214229266573295e-07
3.731773828400913651e+00
5.304500000000003723e+01
2.208064516129030963e+01
4.261027680525319106e+00
7.108006717775586125e+00
9.709522606718870019e-01
5.792454785508920345e+00
2.120240480961923524e+00
5.840604026845635843e+00
8.414259373079286952e-01
4.439565427260218300e+00
4.059590600955420570e+00
1.482947832563559443e+00
3.976644840505619616e+00
7.266463083468569728e+00
1.233734939759036031e+01
7.276588372582045494e+00
7.527214106366040881e-07
5.251977745956478039e+00
3.417626560385363277e+00
4.470418388722187331e+00
3.809523809523810645e+00
9.583167132030315116e+00
5.160305343511450538e+00
9.380256862251320271e+00
6.240644021454932577e+00
2.779760774634516096e+00
2.784090909090909172e+00
4.990566037735850280e+00
1.756445993031360686e+01
2.359502987688113951e+00
6.367441860465108050e+01
2.110443275732532431e+00
1.522175957908650235e+00
4.371548670753906407e+00
2.948979591836736347e+01
2.428207847295864585e+00
6.016666666666665719e+00
1.001142660773916671e+00
4.834237025561576750e+00
6.607443283201631878e+00
6.405428004884598181e+00
5.383384946404738969e+00
1.002614383217566685e+00
4.029359605911330355e+00
2.982352941176469940e+01
3.035748979988342811e+00
1.436379163108454371e+00
4.346031746031745691e+00
4.654680621934232043e+00
4.270588235294117574e+00
1.814966172017733692e+00
7.236749116607772869e+00
2.698164513936097464e+00
1.547931034482757973e+01
3.612500000000000000e+01
6.181143605412483311e+00
4.767037541252915567e+00
2.711527377521614923e+01
5.056447008214956185e+00
5.454183266932272289e+00
3.675085925636514705e+00
2.892771084337349308e+00
3.766333589546503546e+00
2.673678273076839140e+00
9.808653846153847056e+00
1.059322033898305548e+01
5.256306467098455393e+00
1.694741966893865470e+00
3.662463903324367109e+00
3.982921233749681988e+00
3.773833671399594802e+00
9.637727095897352214e+00
5.482517482517480722e+00
5.450450450450450290e+00
3.739184177997525893e+00
1.671225577264654660e+01
6.200000000000001954e+00
4.092478831147268181e+00
1.764813126709207314e+00
3.176795580110497674e+00
2.700934579439252303e+00
1.953125000000001421e+01
1.075368039464289360e+01
2.720129171151775882e+00
1.000000000000000355e+01
4.033333333333331439e+00
6.791519434628975560e+00
1.878881987577640444e+01
5.903472412766611832e+00
3.285232275421206438e+00
2.450124639119765302e+00
1.694885361552028291e+00
5.523008849557524691e+00
1.664797913950457442e+01
3.906815020862308252e+00
4.708817498291180570e+00
5.731578947368421950e+01
