-5.403532007743245913e+01
-4.776886423780535296e+01
-5.287277991493457563e+01
-7.523477903301686354e+01
-9.095018319038000243e+01
-1.052373635083914678e+02
-5.587813202511532751e+01
-7.727684279104209963e+01
-7.711628019085128471e+01
-4.123529019991781297e+01
-8.976233918240779985e+01
-1.039960427455208105e+02
-4.207081379709692470e+01
-5.153733476377648515e+01
-2.892454083718669366e+01
-3.159166525769225586e+01
-5.202252014794351709e+01
-3.433358435687578947e+01
-4.238215015284765030e+01
-8.702780041296662716e+01
-4.889681863847178533e+01
-2.667796440602768371e+01
-5.633558181026742062e+01
-2.831003050336472171e+01
-4.121903882552378917e+01
-5.801285380702174166e+01
-4.083562980321055136e+01
-7.512884305458254630e+01
-4.698171210021061484e+01
-8.874546691200451676e+01
-6.029953683026946010e+01
-3.747030288832304024e+01
-5.845474422818338667e+01
-3.809464713821839155e+01
-1.538001714438954650e+02
-3.296045441140294230e+01
-2.984956602912131984e+01
-6.313657051505033735e+01
-5.336001998577678052e+01
-3.331290179358527581e+01
-4.081906407156036920e+01
-3.966065109555503199e+01
-5.740098300969410161e+01
-2.590945600162840989e+01
-5.972463531563645489e+01
-5.448394933688265951e+01
-5.341640705563947478e+01
-9.517832498407787511e+01
-3.929359992856128514e+01
-5.404054668972546693e+01
-6.387283181107505925e+01
-5.835433245998060414e+01
-5.190564998396782670e+01
-4.214484766350982881e+01
-9.385023776285488850e+01
-1.173040158697359630e+02
-7.170639377640749501e+01
-6.489650523275714988e+01
-3.268551365962537147e+01
-6.724447310005021450e+01
-7.144878638483642419e+01
-3.373444283351650341e+01
-3.200857592191120204e+01
-4.996742219834025889e+01
-4.830532860638504644e+01
-4.857221361481407484e+01
-4.242064759073231528e+01
-8.566180967564336868e+01
-3.625510499283432608e+01
-2.876202328495951477e+01
-4.925901920014744206e+01
-3.401006182083553142e+01
-5.371409809257669821e+01
-5.318704876619298716e+01
-2.755510777663160837e+01
-5.661881338285802201e+01
-5.823832135851736780e+01
-9.096071375306556206e+01
-4.729389682125395211e+01
-4.245381450520831379e+01
-6.356191660143372957e+01
-5.939356971229057791e+01
-5.825100466289663359e+01
-9.483844958990549401e+01
-3.981056922243998741e+01
-5.284084700173526983e+01
-2.976439904045447804e+01
-3.860843217272453387e+01
-3.993003414519523631e+01
-4.727582105643193700e+01
-2.885347466199733617e+02
-3.018468198701524585e+01
-5.202658093068426837e+01
-1.500635521188494579e+02
-4.603669929939193395e+01
-8.859799328477848235e+01
-1.187963737586566140e+02
-5.615788902792716186e+01
-3.420118552293455139e+01
-3.427960958843274142e+01
-3.354948878339553175e+01
-4.696760431172927497e+01
-4.829196941751464323e+01
-4.919040287503206343e+01
-4.825533866822458862e+01
-3.898291458882980720e+01
-4.058079328870687874e+01
-3.494399783807837423e+01
-5.533397917809251965e+01
-5.910478640422407892e+01
-4.028893809089585432e+01
-7.937291638192928644e+01
-3.965010729676153289e+01
-8.914254377864560297e+01
-1.595068660992111802e+02
-3.191216219224317996e+01
-3.773332939326454039e+01
-4.786020586322773340e+01
-4.084347762729778708e+01
-4.349633719267788479e+01
-5.539870419446967276e+01
-4.526387505406743372e+01
-3.072076272503412753e+01
-7.372706910443585571e+01
-3.647684792951035604e+01
-2.905475427386438625e+01
-4.860054666107238575e+01
-3.228169772318826602e+01
-7.565923132599004930e+01
-8.523287437797789323e+01
-4.769084558569061727e+01
-5.944547092376078012e+01
-4.663823671670284909e+01
-5.281435939236549615e+01
-3.223796357607680818e+01
-4.559689396676493800e+01
-1.091286743219283153e+02
-4.039674912397651951e+01
-5.064948468328329056e+01
-5.038693405705124917e+01
-1.125426829455740290e+02
-7.109450390056036895e+01
-8.958887981891379582e+01
-3.697071023122117595e+01
-3.419764901006730184e+01
-2.764573183028895897e+01
-4.572288156620857791e+01
-4.110542711214946365e+01
-4.605314793305580423e+01
-3.978232495122792045e+01
-4.010628601761601431e+01
-5.014689098845067861e+01
-6.517864864515524914e+01
-1.307767545387316943e+02
-4.269004926285159485e+01
-1.093030745739240501e+02
-6.337342460924510590e+01
-8.363137370528882286e+01
-6.718201605350391503e+01
-5.239291528575918022e+01
-4.005894794327355157e+01
-4.218598762204781849e+01
-3.840201515012264366e+01
-5.791383370822911303e+01
-7.821808752923936936e+01
-3.638547534749401535e+01
-7.740500649771173869e+01
-6.721850871527529137e+01
-4.546252890447053119e+01
-4.452960754706995061e+01
-4.939280155855897902e+01
-4.031242856783239858e+01
-3.665639726858831438e+01
-3.071921625878232120e+01
-4.271694383329855071e+01
-5.453417944457590494e+01
-4.909864021565376646e+01
-7.830618133467967823e+01
-5.040631282049059081e+01
-3.325937271928033567e+01
-3.173667897978081953e+01
-8.883933795954520463e+01
-4.751865054979499092e+01
-3.464609835785351066e+01
-5.147547790783239208e+01
-4.306839379359109188e+01
-4.989288777191980273e+01
-3.605420176272222932e+01
-3.118925867335823199e+01
-1.510762463751075870e+02
-4.162151081141860942e+01
-2.882221378782967491e+01
-1.065126104830986378e+03
-4.676281966547171720e+01
-4.609792841824182119e+01
-3.394785559835688815e+01
-2.708498411232915970e+01
-3.682176803110432672e+01
-3.766951404092917954e+01
-4.795748501664212426e+01
