-9.757309723714840288e+01
-7.201363281491222779e+01
-5.513985653161843459e+01
-6.848301113237981497e+01
-8.897666187367735802e+01
-1.335615925996576721e+02
-1.283763677471906135e+02
-7.102344110829014312e+01
-1.713856380724094493e+02
-2.000212223692851126e+02
-5.665298378017504177e+01
-7.130118072997305489e+01
-6.024328069669471120e+01
-1.763097031364108034e+02
-6.102361745973396268e+01
-8.421272584965915087e+01
-6.678945214173548095e+01
-5.627336254180837471e+01
-2.768556549013600261e+02
-7.545716685974986149e+01
-1.004876077200481461e+02
-2.156608159610728706e+02
-6.281708990597098818e+01
-7.245279538248902895e+01
-1.104814372136567755e+02
-1.515142162097060066e+02
-6.101305522809063575e+01
-1.146711121466183982e+02
-7.662373764970337220e+01
-5.861984499274433347e+01
-6.740467260890822843e+01
-7.337512275753101676e+01
-1.162798703092641972e+02
-7.602552330534962266e+01
-1.153544843183672697e+02
-6.633889216139706946e+01
-8.054636397918251589e+01
-7.264305040936139335e+01
-5.593343870492827108e+01
-8.910406323975765019e+01
-5.990774449019154702e+01
-7.043422164888772841e+01
-7.969251446666334004e+01
-9.632902699435969396e+01
-6.371895226571276538e+01
-5.479353360592425304e+01
-5.963168735051826275e+01
-8.314606911973169190e+01
-1.443214768408934106e+02
-5.788945755286599137e+01
-8.969421549711333341e+01
-6.600498972185414459e+01
-1.122612907369215804e+02
-9.149681996598224032e+01
-8.990634257595006318e+01
-9.683483991896248710e+01
-5.857114457334962765e+01
-6.111655233344419003e+01
-9.949841405009016171e+01
-5.470524996273501017e+01
-6.346847141208352383e+01
-7.280629340105184610e+01
-1.028811719540714762e+02
-8.055986791263849511e+01
-6.152328110297116126e+01
-7.848596073113941429e+01
-1.655132268339922348e+02
-9.604872003549328952e+01
-7.222734985108807848e+01
-8.638236938248280694e+01
-7.475923643892907933e+01
-7.679415227010180445e+01
-9.682139360184174848e+01
-5.748999373674817548e+01
-9.185232537640911232e+01
-6.568638979495385399e+01
-1.149234847526159911e+02
-7.225335383714025284e+01
-7.272176737622184817e+01
-1.259776932565630005e+02
-6.540903709000600941e+01
-6.712787190083776068e+01
-6.303340505102605817e+01
-7.146312752397994927e+01
-1.710138541605265345e+02
-7.108133575820546923e+01
-8.192958952626517544e+01
-8.838962721219144214e+01
-7.360152849732310187e+01
-7.245590375501841152e+01
-5.707303340599915487e+01
-5.206979116942748931e+01
-7.099214077961326552e+01
-2.347004085127288704e+02
-1.038950072704377590e+02
-7.173678912219875770e+01
-6.053530180929669768e+01
-5.697611903880859785e+01
-5.751858229148704993e+01
-1.460458351825652414e+02
-5.516565642407135073e+01
-1.103556134027609232e+02
-6.829943833851210400e+01
-1.076144236309471296e+02
-6.730580342600205768e+01
-8.800126661931153649e+01
-6.126691857399786301e+01
-5.765817467974901689e+01
-1.269556771025012125e+02
-5.644589369333343853e+01
-8.659236996433736522e+01
-8.775102198653310381e+01
-6.145239080746041083e+01
-8.919110444011091943e+01
-9.562338105172024427e+01
-5.742713212864567396e+01
-7.377942461103390315e+01
-7.041753607861409137e+01
-8.973519217346505172e+01
-1.712127706921708636e+02
-9.489439740307344096e+01
-1.070491091954097413e+02
-5.802853165572016536e+01
-5.176413689132026263e+01
-7.516061217728110933e+01
-1.085045164846183070e+02
-8.851291729058357305e+01
-6.367390081087066989e+01
-1.772597614182353425e+02
-1.461719834124264423e+02
-9.239283376693758498e+01
-6.932287319245217816e+01
-1.025225537555198372e+02
-9.329952950440772952e+01
-1.279075868907256819e+02
-5.572046294343613226e+01
-8.939985555616151203e+01
-1.076290928680968904e+02
-5.297376128614984481e+01
-5.529989430038990150e+01
-8.400455708936605959e+01
-9.548942120860208149e+01
-6.106384468801745413e+01
-1.179264103095310929e+02
-6.564076083573772280e+01
-6.824389646690113409e+01
-5.953692292426557486e+01
-1.174874979075442951e+02
-6.986451741965899487e+01
-6.738879246276833612e+01
-1.641349875559460543e+02
-1.265617352166250242e+02
-7.820873995957659019e+01
-7.510554351198398138e+01
-5.400526364861743644e+01
-1.407020240774747606e+02
-7.564650233335571272e+01
-6.587448552521982492e+01
-1.371396660509531102e+02
-5.513492862976745101e+01
-1.922654610893465019e+02
-7.590586991747304069e+01
-6.299273806176397272e+01
-5.819346889272438261e+01
-1.898546095548071833e+02
-6.811298808525651793e+01
-7.845833109637909786e+01
-1.713206763532804757e+02
-7.989445124243418661e+01
-6.438368366841572765e+01
-1.430290403668241197e+02
-1.547098292701592470e+02
-6.572689717229039275e+01
-1.539781205239795270e+02
-6.278643721178672621e+01
-7.014749820290381876e+01
-5.356835871218582668e+01
-6.428822182229960447e+01
-1.144064306042904491e+02
-5.654576530873337958e+01
-1.778572268370405425e+02
-1.013158181940911504e+02
-5.483861325249581142e+01
-8.669612969922023638e+01
-7.054981767844986962e+01
-6.581074571601891421e+01
-1.477329924502268739e+02
-1.327310514718206207e+02
-6.265611257527562117e+01
-5.733931378043954652e+01
-7.585430281498112492e+01
-8.215110725104273115e+01
-5.888906246681090551e+01
-6.082722780727565492e+01
-7.011077427914942461e+01
-7.472901290570251831e+01
-7.220349701763235828e+01
-1.013415522603559680e+02
-8.219459476100901441e+01
-9.460384094306617442e+01
-6.791211935535447708e+01
-7.111998973107333200e+01
-1.318509774700084733e+02
-5.499893435797088159e+01
-1.022256751679880722e+02
-1.113202285990599592e+02
-7.858797474270221528e+01
-8.261638493564198882e+01
-6.393318895687030334e+01
-7.199223275418771095e+01
-5.862400353525599428e+01
-8.475389309903263779e+01
-8.306064850950590994e+01
-7.635153655023221120e+01
-7.482659105183253700e+01
-5.721141970237075469e+01
-7.432397551260476121e+01
-8.354342070450688595e+01
-6.012699335946954449e+01
-7.523573084032916825e+01
-1.483183203052728345e+02
-6.409766720047196031e+01
-6.050384631447607120e+01
-5.572005648237183806e+01
-6.339521875840726750e+01
-5.706410943209551334e+01
-5.529679537411732326e+01
-7.493484509010659167e+01
-9.656537328707649692e+01
-7.079620634907205101e+01
-7.555794211694315266e+01
-9.851391103583856079e+01
-8.145910292117690688e+01
-7.377626991055554129e+01
-9.469236716193850611e+01
-1.309917404665712013e+02
-6.201851458358231639e+01
-1.004574208150363575e+02
-6.030489080694469095e+01
-5.888190952214819873e+01
-7.197844553121159095e+01
-7.611240610746683899e+01
-6.745596317703308387e+01
-6.132067546434212346e+01
-1.074038137622120814e+02
-7.683795703837760982e+01
-7.665258311380621592e+01
-6.792522630030653374e+01
-1.189320167353717181e+02
-1.727043224415322413e+02
-8.823858806735071880e+01
-1.336861498721821135e+02
-7.251754503716458089e+01
-1.030971569298241377e+02
-1.019105224580813172e+02
-1.845212503052678414e+02
-7.491927872763960750e+01
-1.900566528287483550e+02
-1.175245578037774550e+02
-6.526456497469290241e+01
-8.547775889802609584e+01
-6.959008921577358819e+01
-6.814057479016535979e+01
-8.220656862621537186e+01
-7.800502379323056346e+01
-6.912119098546094165e+01
-8.517432829590086385e+01
-5.895649402048960752e+01
-5.516627542451574584e+01
-8.969542152884797304e+01
-6.887054356533063526e+01
-8.944677287632060825e+01
-7.024068271476309633e+01
-8.748322595227072895e+01
-6.572527512183532394e+01
-7.795777042949839597e+01
-1.109259741226712777e+02
-9.497387626880016853e+01
-5.565373918229168027e+01
-1.001688079199127088e+02
-9.060109462946935821e+01
-8.726234434678228524e+01
-5.929690750192301607e+01
-6.448422317379800006e+01
-7.021759285204171874e+01
-7.237338673826482704e+01
-7.038322179199943207e+01
-6.408928596060751204e+01
-6.419050981645469278e+01
-1.091805294167020719e+02
-8.721862074067752246e+01
-6.039561033117086453e+01
-7.126698752003376569e+01
-5.535539388130369787e+01
-6.169895950509644678e+01
-5.710821014199218837e+01
-6.675809738742117361e+01
-9.372270235315477294e+01
-1.070800369915793055e+02
-6.429383045941960972e+01
-1.122011058383753834e+02
-6.284771689847075749e+01
-9.723218509222940042e+01
-8.099439374070306030e+01
-5.464631232792132209e+01
-7.542346218177179651e+01
-6.456788980768838826e+01
-6.054043303899990747e+01
-6.479938821186124187e+01
-5.626075572891105736e+01
-6.426041713252769227e+01
-5.573474478492165218e+01
-1.890846601758082670e+02
-2.443841527523636330e+02
-1.907004193471240114e+02
-6.414716550895208513e+01
-6.170147029079775791e+01
-7.782786567159016045e+01
-7.042696272194086760e+01
-7.782972933654598080e+01
-9.439956685716357754e+01
-6.791890495892019430e+01
-6.263001431125162100e+01
-6.062779840362313877e+01
-9.767860658151592190e+01
-8.575421092957259361e+01
-1.165288650540033757e+02
-5.777943277921175280e+01
-7.025689887193779271e+01
-1.120712191162891855e+02
-8.186339200782830972e+01
-7.138907633919944828e+01
-1.126105408231099005e+02
-6.926300623363623288e+01
-8.656236823806600000e+01
-1.032176880726898389e+02
-1.140044563626229603e+02
-1.079044637223876606e+02
-1.249836762844549867e+02
-1.090376474182665163e+02
-7.040760587381333835e+01
-7.325502611601635294e+01
-1.025312328672963105e+02
-7.289633223243083648e+01
-1.397896942059946923e+02
-6.248513660379266099e+01
-7.515193400750010255e+01
-8.843984310480763611e+01
-7.560825076081702889e+01
-1.115648148885904192e+02
-7.912238467734560743e+01
-6.779277135628564110e+01
-8.148073150562191813e+01
-8.239407135239807189e+01
-1.525771323100495351e+02
-6.734086093197733192e+01
-1.130002197041744267e+02
-5.665422454308974665e+01
-7.153933318761018256e+01
-5.932664836025788446e+01
-6.640601199834419788e+01
-1.431083297453321563e+02
-6.915778416949810037e+01
-5.340211219214013738e+01
-1.775790268245557115e+02
-6.953082536566617478e+01
-9.290319854604419447e+01
-5.897342353074213861e+01
-1.209272563966118383e+02
-5.542102273005016855e+01
-8.562056058758088284e+01
-1.242833130100103318e+02
-6.374592816271930928e+01
-1.034879369738946053e+02
-7.755250903949117003e+01
-6.149345195020761423e+01
-6.072549777256510595e+01
-1.786291748266138200e+02
-1.162404607926566058e+02
-6.152201751304151145e+01
-5.337417793092789964e+01
-1.012276631489769443e+02
-9.267720687804236945e+01
-1.424789874868548338e+02
-1.047241239824826380e+02
-5.531022924880812752e+01
-8.819515747147113416e+01
-1.011609579858476025e+02
-8.188437349527191600e+01
-6.906904357663954386e+01
-8.368670454940985337e+01
-2.268813653065333540e+02
-7.695642816672763331e+01
-7.525394153976762368e+01
-5.776238901386579982e+01
-9.782621683155437609e+01
-8.098549105928228187e+01
-1.207956899207385675e+02
-6.067576670212505263e+01
-1.597399384101935880e+02
-1.013164853567044901e+02
-2.165410882406681310e+02
-1.194657665215629123e+02
-9.634174095272018690e+01
-7.367268473930609218e+01
-1.370460267546789055e+02
-5.468920907138304699e+01
-9.173707179943976087e+01
-5.804870181667486406e+01
-6.762632293178891985e+01
-1.031440648441603685e+02
-1.485565285988694484e+02
-9.955128212667513310e+01
-7.772562230721143806e+01
-7.760886953346437167e+01
-1.528678998414782768e+02
-1.493867690041945764e+02
-7.115131226103680717e+01
-8.976750907139643232e+01
-6.193374595545314776e+01
-6.869438196511286776e+01
-1.348780973757974095e+02
-6.433419970800680687e+01
-7.541658407141748910e+01
-1.980636428740480710e+02
-9.881975907619981569e+01
-9.220808298748031007e+01
-1.832700930033913380e+02
-5.469986949691567446e+01
-5.977446915139046268e+01
-9.682326901104697470e+01
-5.495308450288256097e+01
-1.166491680496679351e+02
-8.900062079762628287e+01
-7.509115158435068338e+01
-8.272038208396077152e+01
-5.669039134706203242e+01
-5.826999047789271202e+01
-1.185853412047991924e+02
-8.466102048192809093e+01
-5.857919638176655042e+01
-6.026400361320565224e+01
-6.522511050810780375e+01
-9.586686354106774388e+01
-8.628835151583308516e+01
-7.792875939311930722e+01
-9.605697564324439952e+01
-6.061528967650477995e+01
-7.861937053512757245e+01
-9.617728689523649166e+01
-6.157301448696846080e+01
-5.600856996747830863e+01
-8.657971359259846622e+01
-5.757575385576416238e+01
-7.262717356630075471e+01
-8.345070606299550775e+01
-6.752820176911961880e+01
-6.867336214501912650e+01
-7.615362940969757233e+01
-9.585818129954893152e+01
-5.998581829948137312e+01
-5.732617518475060336e+01
-6.608696048309744242e+01
-9.199206402411535066e+01
-5.625755667658653891e+01
-6.054523879736772329e+01
-6.572616592246276923e+01
-1.101921163349539370e+02
-6.435942214149714857e+01
-7.962141995556032725e+01
-8.208158802238131102e+01
-6.954493540265579554e+01
-7.021036683188144423e+01
-6.806645572971264357e+01
-6.815014932848154672e+01
-5.631738992591314030e+01
-9.930714360957662734e+01
-8.823597087085961732e+01
-1.157377704773103204e+02
-2.240370851112962214e+02
-8.068125511308757325e+01
-7.268245976806896635e+01
-1.142105583481790063e+02
-2.193300303444733004e+02
-5.629845526306164771e+01
-9.386930721336281636e+01
-8.110747457069857091e+01
-8.471308589424239699e+01
-2.686593770035619286e+02
-7.231105507344916816e+01
-1.581947838237882422e+02
-1.472836856252720850e+02
-6.045555870647037722e+01
-6.272294020745293608e+01
-1.168513918597601702e+02
-1.256808643718732128e+02
-1.666821892899945681e+02
-1.137678403384045822e+02
-7.396535327459470466e+01
-1.597719856411596311e+02
-5.659985105701811392e+01
-9.668027446670340908e+01
-8.104396327574936265e+01
-1.528789970540999832e+02
-1.019474719345291049e+02
-6.322496911450875956e+01
-5.804345189252254755e+01
-5.994207149599254336e+01
-6.158223222444432565e+01
-8.271858528653206122e+01
-1.446471361100473985e+02
-5.657837351065438014e+01
-6.257209067909929701e+01
-1.155505733018795809e+02
-6.012565260473309792e+01
-5.756247652670479908e+01
-5.961410483621897072e+01
-5.564590335790122566e+01
-9.293844488156021555e+01
-1.090682176670558192e+02
-8.189619093413210749e+01
-7.405614202478928121e+01
-6.348667104912163950e+01
-6.927943942745419292e+01
-6.387980724054804682e+01
-9.402925827751404597e+01
-6.489861423106825100e+01
-1.102354858337164387e+02
-7.350495505286056641e+01
-5.607224380444458944e+01
-9.308068639721061288e+01
-1.390629280460092616e+02
-7.085278890743683178e+01
-5.433607674778752283e+01
-5.646539622504153755e+01
-8.901436098410398756e+01
-5.873381090753457556e+01
-1.329630154201006462e+02
-7.205092855076553349e+01
-7.758766369394881224e+01
-6.164053763795629948e+01
-5.477342435924160924e+01
-7.574343342156753067e+01
-7.802733855436707699e+01
-5.742990861844266703e+01
-5.779692993258247924e+01
-7.332434956434524054e+01
-1.605436423658974832e+02
-1.389930465435164990e+02
-5.624388370105159396e+01
-9.085763939116800714e+01
-5.851539048657287623e+01
-9.584758031132236056e+01
-1.156896090724748802e+02
-1.375955532020507519e+02
-1.031099768501221092e+02
-7.106669435194547191e+01
-5.566460306014204207e+01
-7.393382127153120109e+01
-5.591150382397371033e+01
-6.024690292776319467e+01
-1.105366035609777100e+02
-6.609566865869562946e+01
-5.974013576132849579e+01
-5.785830470751720611e+01
-5.863535270706617553e+01
-7.024478706540585904e+01
-6.028934872107591048e+01
-1.142420307793814231e+02
-6.413757030401251313e+01
-1.067183100867217149e+02
-6.206052236139949940e+01
-6.923697411653870404e+01
-6.645383661185562119e+01
-7.475109936926919829e+01
-9.216628630757034557e+01
-7.253640886137687005e+01
-6.786014753847734937e+01
-9.261407988577450112e+01
-9.161443779199653648e+01
-5.662379261774169237e+01
-5.596418558244946695e+01
-1.303571048828223411e+02
-6.611943611938163201e+01
-7.221367411305335793e+01
-5.919319876387194057e+01
-6.993839696733202516e+01
-1.139435615432644795e+02
-8.036539506672393429e+01
-5.483680900305684958e+01
-9.023691960162454961e+01
-9.681463177440717516e+01
-6.944386423282109888e+01
-8.386666163149126874e+01
-7.425925119901238247e+01
-5.881321886696490253e+01
-8.943663762550654894e+01
-7.916443743769417551e+01
-6.071052107249575158e+01
-5.783356418515241870e+01
-9.573111915910008918e+01
-6.798337505043714657e+01
-7.372965265293325388e+01
-5.545072170286556457e+01
-1.172749505944146620e+02
-1.249282248493088332e+02
-6.631673760689101016e+01
-6.298931659939438532e+01
-1.263894070890958261e+02
-1.056320151169175432e+02
-1.030913815968380334e+02
-6.630912413510665715e+01
-5.802856291970843472e+01
-5.576779326537332082e+01
-5.562120856560449766e+01
-8.285260692711680974e+01
-5.866737371778960153e+01
-6.367175700227385704e+01
-5.817064757960000065e+01
-5.364540981996476177e+01
-6.505193129582887934e+01
-6.020366791043697674e+01
-5.882425701548235963e+01
-6.290569253831800722e+01
-6.512562539693661279e+01
-5.505353296927198414e+01
-5.636837453343878934e+01
-6.839762261389398645e+01
-5.665570797727786356e+01
-1.075414166658037232e+02
-6.529923571930449100e+01
-5.522756099020634935e+01
-7.490638389774328232e+01
-6.912394802349817269e+01
-7.441130135202580220e+01
-5.986298271180177011e+01
-7.322124673902555969e+01
-3.826680580576500574e+02
-6.671268582175393647e+01
-5.220300949432224513e+01
-5.880959114048544478e+01
-6.031607208076910354e+01
-7.766185859343580944e+01
-5.743517081009376568e+01
-5.728932320327099603e+01
-5.601951933171423548e+01
-6.530490925737265684e+01
-7.822910038609109051e+01
-6.744781686328684600e+01
-7.991240078676069913e+01
-5.872737580253094336e+01
-8.866873207433660298e+01
-6.441729799679735891e+01
-6.246805636758580249e+01
-6.031679398800005032e+01
-7.488183607417042253e+01
-1.075840433972888235e+02
-5.606334741774811192e+01
-5.625616388840128224e+01
-5.594014711804615558e+01
-5.838267144522502150e+01
-7.836142404393666538e+01
-5.948991355411708071e+01
-6.676535428597900079e+01
-5.634222742026795316e+01
-6.208297371779264040e+01
-5.965937529675239404e+01
-6.618005064128303161e+01
-5.636085947925277395e+01
-5.692942889143376561e+01
-5.760593979604924897e+01
-5.517681336411862247e+01
-1.006358043364163137e+02
-5.659816357405150455e+01
-5.680159203374396526e+01
-5.575789868732969978e+01
-6.728736235083012218e+01
-7.200626066632649724e+01
-6.735503116360729337e+01
-7.467972822757278095e+01
-7.125011613612971928e+01
-5.545053609261564986e+01
-8.887974175035587621e+01
-1.303814513886584621e+02
-8.384092532956184129e+01
-5.993072857080677807e+01
-5.760753906900463051e+01
-5.748847945554044969e+01
-5.763650132546409566e+01
-6.267241933958710831e+01
-6.695443961814481781e+01
-6.197130726714240012e+01
-5.690311695604609099e+01
-5.595312977302626223e+01
-5.558484095244867262e+01
-7.624716973391147690e+01
-6.437081722275044626e+01
-6.177939268403498119e+01
-7.148852682008504189e+01
-7.326950269497569934e+01
-7.112862828879623578e+01
-6.825201876581090232e+01
-7.942844305844619157e+01
-5.565999859088526591e+01
-5.953499246816209478e+01
-6.088713509757499054e+01
-7.314242100252666035e+01
-5.720487986876479169e+01
-6.323990587929717577e+01
-6.375580796028405217e+01
-6.660157636988158458e+01
-5.705291707206417584e+01
-6.099796991283760406e+01
-5.851314050016449642e+01
-5.694146776056534520e+01
-8.153694434192695439e+01
-6.352711530237667148e+01
-6.473492701060632726e+01
-7.091421305774221651e+01
-5.945801767959999040e+01
-5.955479099782417052e+01
-6.132645289598578131e+01
-5.723963679177525421e+01
-6.767678485603954641e+01
-5.771850115268899373e+01
-6.307825009826785134e+01
-5.482365302778993055e+01
-8.531203256297460769e+01
-7.276980894880365724e+01
-5.764170190762691703e+01
-6.085169377144265468e+01
-6.026786944495642473e+01
-5.688957704018852013e+01
-7.929055365214969697e+01
-5.447679001585579783e+01
-5.979027792024311339e+01
-5.731315487237672102e+01
-5.552417029524590930e+01
-5.892557507584600529e+01
-5.238509183508622158e+01
-7.184579655269155296e+01
-8.449740152123067105e+01
-8.227420215901483402e+01
-5.518443679997795215e+01
-8.111495780558651347e+01
-6.002675267761514988e+01
-6.593202391150893504e+01
-5.418826175093349917e+01
-6.073672535844850273e+01
-7.855172406642311955e+01
-6.585208471561628585e+01
-5.386188707901990114e+01
-5.715419567938817380e+01
-6.383704913179283125e+01
-6.273194065478552517e+01
-9.606731609655901138e+01
-7.351774903095797242e+01
-7.266132310113987103e+01
-7.058775754043044515e+01
-6.493227137229004597e+01
-7.890034092298553503e+01
-9.039274249325781341e+01
-5.684928635977863820e+01
-6.331101774582306518e+01
-7.779299195351100593e+01
-7.704166486230404587e+01
-1.010735527798038902e+02
-5.332705434329766092e+01
-1.026021444187199876e+02
-7.332799440577832684e+01
-6.757014682901689184e+01
-6.450555196603470165e+01
-6.800725606860719097e+01
-6.209026494674429131e+01
-5.884143022152232305e+01
-5.727503276261443688e+01
-6.063522882605028030e+01
-5.777478545652615338e+01
-5.712377676669847659e+01
-6.078080456988885061e+01
-5.863017264123714511e+01
-5.989456555631223011e+01
-5.919342617101227688e+01
-6.693729960432463599e+01
-5.648076978035290097e+01
-9.949897573761333547e+01
-6.247193441629104171e+01
-7.540085763671177688e+01
-6.238341019932789067e+01
-5.506009188793470344e+01
-7.954832188196253639e+01
-6.832923456612168422e+01
-6.091672454062436515e+01
-6.885692950259112877e+01
-5.479718893817772596e+01
-5.626668078665947803e+01
-7.498137928399596319e+01
-5.552868417780977239e+01
-5.936798981922424900e+01
-7.590193677872112232e+01
-7.815481294154541558e+01
-5.438753337484563843e+01
-6.129249503410484579e+01
-6.271227258372790203e+01
-5.451071557860688443e+01
-6.977494220073728570e+01
-8.162803283486110217e+01
-6.978157695632171453e+01
-8.939738370575882698e+01
-6.053994222373291478e+01
-6.095156306937997925e+01
-6.557592176339835532e+01
-6.893327117871253051e+01
-6.616509653143870651e+01
-8.201125078706402860e+01
-8.284573348087681666e+01
-5.938113186231478124e+01
-5.865775674766515380e+01
-6.623103216035660523e+01
-6.182970536771426140e+01
-5.835541600826635289e+01
-6.408375224684763793e+01
-5.770680516848712216e+01
-6.978477144439362689e+01
-6.673395862004502987e+01
-5.508161668604541461e+01
-7.482712930035431498e+01
-6.215757464823234102e+01
-5.819114642512355573e+01
-1.037202437962125572e+02
-7.168307666952641455e+01
