-1.074496798573506027e+02
-8.173662560110321351e+01
-5.386203834903349730e+01
-6.569850246585487241e+01
-6.509732838408959310e+01
-5.415418460833157610e+01
-7.047599035161701408e+01
-7.196681640338509567e+01
-7.067820693294773093e+01
-5.803469683424069103e+01
-5.682637762629300937e+01
-5.841249005318931609e+01
-1.063191448428663222e+02
-5.417292491484115402e+01
-5.551010747060499995e+01
-5.363649811801049339e+01
-5.744709863287890528e+01
-6.118185833592386302e+01
-5.626317629638445084e+01
-8.973161126838144241e+01
-5.622173104836468838e+01
-1.315666788146883448e+02
-8.111522389496796848e+01
-5.301042510278360709e+01
-6.367081528132138857e+01
-6.232648965546193409e+01
-6.934077535285479144e+01
-5.355426874289734940e+01
-5.242898233202051017e+01
-1.016106969472057671e+02
-5.354873531782106966e+01
-6.514825349692983991e+01
-6.262888920399800696e+01
-1.086275637352918721e+02
-7.707599010190749311e+01
-5.439968507412542209e+01
-5.346496610958633511e+01
-8.714511089104514951e+01
-5.739655530499446456e+01
-6.192342920835048403e+01
-1.151394093565755981e+02
-5.107585368764755884e+01
-9.063729197058664511e+01
-5.329202039099074995e+01
-1.307514328090232709e+02
-1.126507528932351363e+02
-8.492917183198059661e+01
-7.183219873680265266e+01
-6.642289214651646034e+01
-8.631812779795301083e+01
-5.300674970623154536e+01
-1.007630388811466986e+02
-1.744269885590343847e+02
-7.035088827689300217e+01
-6.715205545527170727e+01
-1.146768675204622809e+02
-1.302459201306203909e+02
-7.460688327504978190e+01
-5.509884462108851721e+01
-5.476629972270858104e+01
-7.618011961057428039e+01
-5.463189406445820140e+01
-8.465605506602481967e+01
-5.741762334937820356e+01
-9.677494392657604294e+01
-7.610916604622653381e+01
-8.738184704776631406e+01
-6.320030021177127111e+01
-6.593677020847314907e+01
-5.335614732106549951e+01
-8.023164612176013577e+01
-5.369547735194668547e+01
-5.950553984037700417e+01
-5.357596264693405175e+01
-6.228667211484575006e+01
-1.237902047845791174e+02
-7.157085174664025828e+01
-7.453245060198108263e+01
-6.061994766811660185e+01
-6.154121757945630122e+01
-8.750221776086512193e+01
-6.061850416387819251e+01
-5.213800912299644352e+01
-5.836650323269747531e+01
-8.251473053020244208e+01
-6.650291696321595225e+01
-1.131306280007194403e+02
-5.564932700254308173e+01
-8.284719486220728868e+01
-5.540601635399134750e+01
-7.962282302264357270e+01
-5.895883291608617327e+01
-1.187566000195636775e+02
-1.137865148746753619e+02
-7.499004758988316155e+01
-5.986399470211699736e+01
-6.067780260631256795e+01
-5.888874342248613658e+01
-5.596573012225489663e+01
-5.357016483527522865e+01
-7.288998607473502034e+01
-6.937142355199584642e+01
-7.024624304883874970e+01
-8.039042791150248490e+01
-5.889269882027618763e+01
-5.335846781952519535e+01
-5.692982231959588546e+01
-6.116560442645831586e+01
-8.407819685560498613e+01
-6.757055894903407989e+01
-6.150098065601261510e+01
-5.470224745549883494e+01
-1.400780418721195986e+02
-1.690673412178416015e+02
-1.523326305005805352e+02
-5.569353551690871740e+01
-6.692579052201789125e+01
-6.597442085123404354e+01
-7.534900367819756184e+01
-9.560733764334887042e+01
-5.683066245691227181e+01
-8.876441273030350487e+01
-8.835464176352151355e+01
-7.696229255557494753e+01
-6.098378098799149427e+01
-8.344097826191770650e+01
-7.461021834675277375e+01
-9.082939892851914010e+01
-9.003673838346493596e+01
-8.466081168947522428e+01
-1.058307835055869788e+02
-8.550913868030480103e+01
-5.455812909837526803e+01
-7.779810906335529808e+01
-6.256003567470918370e+01
-1.124244990697626463e+02
-5.688819338574426610e+01
-5.585148887392193018e+01
-5.989815597789379353e+01
-5.697472543939187517e+01
-6.455176506231195788e+01
-7.248997233821360453e+01
-6.263914056624827253e+01
-6.371659246164168167e+01
-8.597258872042586120e+01
-6.143009332658971289e+01
-1.116973609001937433e+02
-4.991526039406068804e+01
-1.411351127762043234e+02
-5.294049383009162568e+01
-5.355543836131956681e+01
-7.362589784146021543e+01
-9.030821872298359665e+01
-5.258115004647657287e+01
-5.574373114943063001e+01
-5.196871101787302649e+01
-8.229866929609084991e+01
-5.506461794599255200e+01
-5.597171895056235513e+01
-7.312447270811583167e+01
-5.499003873964345956e+01
-5.046978819484759526e+01
-1.419467240109927388e+02
-5.400526681118845573e+01
-6.945156327291969944e+01
-9.901137826623637750e+01
-7.768410677904162753e+01
-5.987785171271587359e+01
-1.419164224936580183e+02
-5.978623526911416519e+01
-7.592689012410059490e+01
-5.945957318041791950e+01
-5.415015288760938006e+01
-8.004334444738357490e+01
-6.705631987390744086e+01
-8.645185415991555544e+01
-1.051806065204009002e+02
-5.688483960084583657e+01
-7.532991537650623570e+01
-5.057679762578828075e+01
-8.414409933361473293e+01
-5.319937842359323810e+01
-1.484517114310679631e+02
-7.634652365970819687e+01
-7.494130226708098519e+01
-9.831828390134555207e+01
-5.875852800199334069e+01
-6.222200068111947502e+01
-5.301731046737435094e+01
-5.809465353492673501e+01
-1.181313779356976141e+02
-5.385648205667468602e+01
-9.051990379364477235e+01
-5.885050111012373719e+01
-9.778530066695182654e+01
-6.800025970265350850e+01
-7.671080434030500328e+01
-5.290695669800131640e+01
-5.858655976411890265e+01
-6.284093204759996354e+01
-9.084670051871701446e+01
-6.549613078885829509e+01
-5.351639353001076671e+01
-6.705834182856932557e+01
-5.458767339874673041e+01
-6.286127097507262107e+01
-6.494647838929766692e+01
-7.212379649078181387e+01
-5.513872606647883856e+01
-5.787520014245632893e+01
-5.492456316161558050e+01
-8.323078212778408158e+01
-6.909860369919836387e+01
-5.030140763903389711e+01
-8.068771434903217710e+01
-6.782395385605904892e+01
-6.421872621140478543e+01
-5.892747898179340638e+01
-5.984797831502132226e+01
-5.609852519022123118e+01
-5.656980067823976555e+01
-5.818774058772874014e+01
-5.332361076415817536e+01
-7.186294143696740377e+01
-6.125384179701806886e+01
-7.279751035916663682e+01
-6.321282095260878009e+01
-6.378193227106671515e+01
-5.925829776047980602e+01
-3.317678396463091985e+02
-5.363922520823180662e+01
-6.281788120001791498e+01
-7.425373250939445313e+01
-5.447310583012151852e+01
-5.311384977136738428e+01
-6.409843658499518426e+01
-5.299177529005579856e+01
-7.823424625369490570e+01
-5.403290430484813811e+01
-5.462971589432236641e+01
-5.712682989086657415e+01
-6.809815790129876234e+01
-5.999226235725330270e+01
-5.929875141253617699e+01
-7.792350942876493036e+01
-5.720526152795245167e+01
-6.968155724777120952e+01
-5.623543440954567529e+01
-5.325186504095905349e+01
-6.045780684570155472e+01
-6.782329878696734227e+01
-4.965979702225730108e+01
-5.717963918115441402e+01
-6.572302753956367383e+01
-6.737328255266810118e+01
-6.244801572767954667e+01
-6.161051022539109567e+01
-5.975593302202013746e+01
-6.182934618067309884e+01
-6.035411017689654756e+01
-5.710266905644281366e+01
-5.228568739623445083e+01
-6.943709240348054834e+01
-6.818680186575487312e+01
-5.091728236976982913e+01
-6.808243634516072973e+01
-5.786430639815262111e+01
-5.537927813992092752e+01
-7.000809411499743362e+01
-5.419124731668954098e+01
