7.458732587164828010e-01
9.313455313269005664e-01
9.434947640507490574e-01
9.415258758669750039e-01
5.596597812879707812e-01
9.124532218895123892e-01
8.920720956522827372e-01
8.463054187192118327e-01
9.657806951468846934e-01
8.877315856030428831e-01
7.599999999999998979e-01
9.232968622326671593e-01
8.337871045542842863e-01
6.791050846021455811e-01
8.964830789648307041e-01
9.138779384280883988e-01
6.685638904953575823e-01
5.652777080213678973e-01
8.705394190871369453e-01
4.907749077490774492e-01
4.073608052846806049e-01
7.068267485690353791e-01
5.479009687836383646e-01
7.299910907574580499e-01
7.585673225735132252e-01
4.575960392408544575e-01
9.261210317868328046e-01
6.175687646251737013e-10
9.061735953228323703e-01
5.384615384615384359e-01
6.157635467980295818e-01
9.328174589023998653e-01
7.254050442625690209e-01
7.427597675460340110e-01
8.567524809434776678e-01
6.171983356449374236e-01
8.698044827848504523e-01
9.539250087263241307e-01
6.602652940011879412e-01
8.842506281916187039e-01
8.732423000928311030e-01
7.857142857142856984e-01
4.908835904628344737e-02
6.720827178729689155e-01
8.428731762065095889e-01
8.297028162750894609e-01
7.768334358538551143e-01
6.122726038555525996e-01
8.946379941778570544e-01
8.056680161943319263e-01
7.478991596638655537e-01
6.644883109883447103e-01
9.249192772894448966e-01
9.665931686809015044e-01
8.756001745962461724e-01
8.037865748709122071e-01
8.655348047538200529e-01
5.236180904522613755e-01
7.461365648094760994e-01
8.258784026861734073e-01
9.659945600837324120e-01
6.730639391249607639e-01
7.695991715095836794e-01
8.883292068641680528e-01
8.374910905203135636e-01
7.992727272727272458e-01
9.609991642678057389e-01
9.983649204081863626e-01
9.212253829321662701e-01
9.590891141239963336e-01
9.723567393058918373e-01
9.885552695113979382e-01
8.547587310050652754e-01
9.966823440546239699e-01
9.717705839492036812e-01
7.343511450381678962e-01
9.616787630167245027e-01
8.146523565095660224e-01
9.022263025017214222e-01
8.517748017162918295e-01
8.955696202531645556e-01
9.641903565258362896e-01
9.010952002149649198e-01
8.254248810333106867e-01
8.661302121433795964e-01
6.962843295638125873e-01
8.645970559596769522e-01
6.961261110179439715e-01
9.087297082529230963e-01
8.852772466539196028e-01
8.626553302812295376e-01
9.221191288880342674e-01
8.117101166127357326e-01
8.835161532682194174e-01
6.904697257670376898e-01
7.226777993141494383e-01
6.176318503243058130e-10
9.141719510396696391e-01
7.678207739307535418e-01
8.408179454409236975e-01
7.983764394940532361e-01
8.614318706697459138e-01
7.483870967741936830e-01
6.534717715768981749e-01
3.213468453743053010e-01
8.049149338374291807e-01
7.471910112359551048e-01
8.036195610319599725e-01
6.762589928057554101e-01
8.262806236080177946e-01
8.397167685870614573e-01
9.241516966067864214e-01
6.737675522101327363e-01
7.238658777120315913e-01
6.811188811188810810e-01
9.379943479206033219e-01
5.094339622641509413e-01
8.394941634241245287e-01
6.724565756823821516e-01
5.351609058402859720e-01
6.419841840402586985e-01
7.706126209120220949e-01
8.539545680649974768e-01
4.839537869062901509e-01
7.176891006551519014e-01
8.654923939151321077e-01
7.735849056603772977e-01
7.787418655097614328e-01
7.958372916486742277e-01
6.158374110603102565e-10
7.523481453934013352e-01
9.161669954731961329e-01
3.103448275862069061e-01
7.403042639811442394e-01
8.764501497182550782e-01
8.855539971949509814e-01
7.186763881099271778e-01
8.434004474272930318e-01
8.192505510653931289e-01
6.382536382536382336e-01
8.893698719458078550e-01
8.553580855182121301e-01
7.406049225791134782e-01
6.525496974935177663e-01
8.342389525368248959e-01
5.464729779638064500e-01
4.209650582362728377e-01
9.341235402044441027e-01
3.587786259541985157e-01
9.443328060199239760e-01
9.516793585300425962e-01
7.801784875528416929e-01
6.170921170111994948e-10
5.533681944017225796e-01
6.296296296296296502e-01
7.568956352253263242e-01
6.576938529529932076e-01
8.118669424970007542e-01
5.418181818181818654e-01
3.677932405566599616e-01
7.172088745832855272e-01
9.063004846526655500e-01
6.195177520410101168e-01
3.867670790747713139e-01
8.210593724270422999e-01
7.448818897637795589e-01
7.135278514588859755e-01
3.895348837209302584e-01
8.130787452444189212e-01
8.876531043221174144e-01
8.342272062408581101e-01
6.010854816824966473e-01
6.993162846231888441e-01
7.211632113538333222e-01
7.475111215354139915e-01
5.780323982615566125e-01
6.219682185670476482e-01
6.455315145813733668e-01
8.555230859146697453e-01
9.631935632135077974e-01
6.756756756756755466e-01
9.820191652011628358e-01
9.234688424127980300e-01
7.765901155573443626e-01
7.809827696234844518e-01
8.202300970198757035e-01
9.666217565605651485e-01
8.872663842511837595e-01
9.721407325502164909e-01
5.544627489550036925e-01
7.189014539579967611e-01
7.023865231633130701e-01
8.224728724587452300e-01
8.707280832095095624e-01
8.629965592743196190e-01
8.777146675576343871e-01
7.970071567989590600e-01
8.279350753329935975e-01
8.821622652302412160e-01
4.880332986472424306e-01
8.039840637450199612e-01
6.751541141785044609e-01
8.688330871491876106e-01
7.234298197706170441e-01
9.537855212354064971e-01
2.301886792452829400e-01
7.798532354903269237e-01
8.940199735290579319e-01
8.407884761182714550e-01
7.731632368004468514e-01
8.951993257177699448e-01
6.666666666666666297e-01
6.328560663149961352e-01
8.349924076261178163e-01
7.927786499215070393e-01
8.470333416184355757e-01
9.054436833702426135e-01
8.090870001433280168e-01
1.769911504424779292e-01
7.980654564727706068e-01
8.387469084913438122e-01
7.857142857142856984e-01
8.614153566766926673e-01
7.810736317101980575e-01
7.840616966580977731e-01
7.284355526402098713e-01
7.672240802675585059e-01
8.465958058029302569e-01
8.100782244860833536e-01
7.954609661926734798e-01
7.111406798112980265e-01
8.003169572107765584e-01
6.176668979112587753e-10
9.165358131432052025e-01
9.857502032754514865e-01
8.039261784412835565e-01
8.700091168489408888e-01
9.407530418351780499e-01
4.259043173862310794e-01
9.394097131851543159e-01
8.904309715120526381e-01
8.591280540921722997e-01
8.589015817551857168e-01
9.268728522336769915e-01
6.690070210631896552e-01
7.236151603498542917e-01
8.596605523261268145e-01
2.720156555772993423e-01
6.554400124165762342e-01
9.198055893074118528e-01
7.992565055762081982e-01
7.820744629595639541e-01
7.097910307583938927e-01
8.637258840474627553e-01
3.559693318729462708e-01
7.037488570557757228e-01
8.348768274038571580e-01
6.904176904176904106e-01
7.332627868157404194e-01
9.727520435967302870e-01
8.621006348513897688e-01
8.308370044052864056e-01
8.798069910319216147e-01
7.760725497035229070e-01
6.186915887850468199e-01
6.728770347126886708e-01
8.643644734430550036e-01
3.704171934260430121e-01
7.889447236180904266e-01
7.229129662522202349e-01
8.012480505157218991e-01
8.073261255446184670e-01
8.235135579693776409e-01
7.457929122945952116e-01
9.220360247333989623e-01
9.049075490059780291e-01
8.399042775949746575e-01
6.149358226371062219e-01
7.884972170686456172e-01
8.685718430405454660e-01
8.125000000000000000e-01
9.015475078964618749e-01
9.505230769230770260e-01
7.666790758575144915e-01
8.325403778213518180e-01
7.468105986261038831e-01
8.938411974250526359e-01
7.220499726427137555e-01
6.593231887349534359e-01
8.173451327433628455e-01
8.399399529234988782e-01
8.754819104581772482e-01
8.539823008849557473e-01
8.347305389221557625e-01
7.960140679953107146e-01
9.068816604152351024e-01
7.446808510638297518e-01
8.580496249278707355e-01
9.182735943222199992e-01
9.760091358377870341e-01
8.997333333333333849e-01
8.862450693472451180e-01
7.531933318900194685e-01
9.117688734944500162e-01
8.734204182893517965e-01
9.308250173685844731e-01
7.503059975520195435e-01
8.913825170489770855e-01
8.890254984765060264e-01
8.606585788561524897e-01
9.171818447496796756e-01
5.840865599184051904e-01
8.862120016965764346e-01
9.386473600956991570e-01
7.522636725823976800e-01
7.600475153434963493e-01
8.768783538157188806e-01
6.421695233622914945e-01
7.165127713155055034e-01
7.311740890688258609e-01
8.422910945468811139e-01
8.215754508067067974e-01
9.186803371076025515e-01
9.265405913794076964e-01
7.481847450948141409e-01
8.614080214798242041e-01
8.549169198939677861e-01
8.576642335766424541e-01
8.021394972345942120e-01
7.157214644651830326e-01
9.559534467323186346e-01
9.100817438692098138e-01
6.329254727474973308e-01
7.809027819808354032e-01
8.422015152834626539e-01
9.382731175143638191e-01
7.996201304314851654e-01
8.771023207742177918e-01
9.583790483949850003e-01
9.450358372979278387e-01
9.457013574660634303e-01
9.384287049901098854e-01
8.688939051918737055e-01
9.963547581194640568e-01
9.200539470449099477e-01
7.872882185877974059e-01
8.908926508263425026e-01
5.706020998500107577e-01
8.644918444165621274e-01
9.954710419276043831e-01
9.734720946842159162e-01
6.839816380768301007e-01
9.832812875330290137e-01
9.890525668849752261e-01
9.303782780227430882e-01
8.302133217239877627e-01
4.550291089064147365e-01
6.061776061776061875e-01
6.975252062328138880e-01
8.153846153846154854e-01
8.560831994688643531e-01
6.169659455321383372e-10
6.435094208761993340e-01
7.456359102244388692e-01
1.917098445595856182e-01
6.897560975609755562e-01
8.732873723710621316e-01
6.828682313805211068e-01
7.211895910780670160e-01
6.037735849056603543e-01
5.118259224219489090e-01
3.510204081632653517e-01
6.471445929526123964e-01
7.262843743338307512e-01
6.806685726852869101e-01
5.455475946775845131e-01
6.748768472906404581e-01
7.011178662482838719e-01
6.748707342295759970e-01
4.737462958690721315e-01
8.664292074799643251e-01
6.378173096142313314e-01
6.939258480147252328e-01
5.019762845849802257e-01
7.953615279672578975e-01
7.164078325455772722e-01
7.415246300805393709e-01
7.890335455668536779e-01
8.032332563510392598e-01
7.968733153638812849e-01
7.257421926258574851e-01
7.551020408163265918e-01
7.613019891500903968e-01
3.940565353950229444e-01
7.315322921063739381e-01
7.875694534177543060e-01
8.275340393343418866e-01
7.999756661394330504e-01
8.137899012699132406e-01
4.949769209883246868e-01
9.019316493313521699e-01
7.724842002916869621e-01
4.351687388987565686e-01
8.113638359532799882e-01
6.895836308078081567e-01
6.610169491525423879e-01
6.821385176184691090e-01
5.983263598326360455e-01
5.081967213114754189e-01
8.864510762191951665e-01
7.524035898622167817e-01
7.051839661455271413e-01
3.523421588594705112e-01
6.625417224846905651e-01
8.682869462955703499e-01
4.473684210526315264e-01
5.480992325539888466e-01
7.548464062033999333e-01
7.290567630301751922e-01
6.515867656988520995e-01
4.687963000090619170e-01
8.198198198198197728e-01
7.688497523390203092e-01
7.480206540447504882e-01
7.655172413793103203e-01
5.544252288911495352e-01
5.163727959697732572e-01
7.106719367588932856e-01
8.886597938144329412e-01
6.873688109643164568e-01
8.548004071016623850e-01
2.010342598577891937e-01
8.673985884365865706e-01
6.401650618982118734e-01
8.300476834389012293e-01
2.184873949579831942e-01
8.904756791581660558e-01
8.091576371897937214e-01
8.598665395614871754e-01
5.531914893617021489e-01
7.826304432464504801e-01
8.744748242339480671e-01
7.612509107212913628e-01
4.216867469879518326e-01
6.860393127009636327e-01
7.225513082675683041e-01
7.963302752293577313e-01
8.652849740932642142e-01
7.180732379577372537e-01
8.619934282584884588e-01
6.841496862016639424e-01
3.584905660377358250e-01
