1.270936902485658848e+01
2.823767998377610944e+00
2.792098501702232838e+00
2.039112979362016187e+00
5.785988793720702184e+00
3.272615938038833772e+00
3.267736237856933901e+00
2.659370725034200245e+00
3.226821362793766301e+00
3.432561861751326937e+00
2.955520254169975658e+00
1.769686234817813641e+01
3.041538710198803841e+00
7.474675162011058305e+00
2.640000000000003411e+02
1.889602099074686459e+00
4.338595762359783947e+00
9.398892821706407830e+00
2.652714192282538352e+00
6.310942208904020134e+00
8.779392902949977540e+00
1.472709686334116252e+00
5.982803602987115887e+00
1.702429149797571029e+01
1.937788018433179715e+01
8.358841117518727160e+00
3.071659885410611857e+00
5.314636817131038526e+00
1.528181818181817775e+01
2.906593406593408346e+01
1.951093991370065561e+00
1.607343412526998350e+01
7.067910021750282823e+00
4.729912023460408932e+01
2.079874572405928745e+01
2.497556361343213460e+00
4.456797437833184716e+00
2.439086294416243916e+00
4.899404684153996214e+00
4.454545454545455918e+00
2.602350467235506226e+00
5.585067319461445301e+00
8.547346514047866606e+00
7.671607753705814048e+00
1.451299589603284268e+01
3.978240302743613732e+00
4.627320545228465143e+00
7.832223337286746023e+00
2.077447307667523280e+00
1.756427246223164929e+00
9.767649710099812754e-01
1.313858868404323132e+01
1.932161904869422742e+00
2.855758451762541394e+00
3.872479751852489827e+00
7.127719477860251729e+00
7.348178137651822261e+00
1.528781075004867596e+00
7.088763216129823075e-01
2.118811403412470096e+00
3.039513677811550796e+00
7.187531120688174013e+00
4.615674453654858844e+00
3.496758511317082707e+00
4.618588904742205514e+00
1.147625303152788945e+01
2.253057741537878300e+00
4.777655778204777270e+00
9.752448797862870222e+00
6.378091872791515016e+00
4.308868979394765653e+00
5.958200495926319062e-01
1.725321190437469898e+00
3.683010506754341939e+00
6.535630856452925741e+00
6.398903316045499778e+00
4.164662396092926322e+00
8.477841158402808830e+00
3.656716417910448325e+00
1.507623318385650890e+01
3.766432008390551811e+00
1.137384817902588630e+01
4.912394216230833166e+00
8.383164005805515018e+00
1.123595505617977430e+01
7.993085566119273011e+00
5.203908241291419046e+00
1.536940989679809455e+01
3.732212973142767787e+00
4.833333333333335702e+00
6.831753554502371983e+00
1.382470784641068029e+01
7.794207093710666889e+00
4.712489233535338329e+00
7.593429158110883037e+00
4.504764981424648873e+00
4.373409930242100785e+00
9.345085940776554523e+00
4.967778026404117142e+00
2.149596083340906905e+00
2.819383259911893091e+00
4.001961553550413164e+00
1.875858166729536336e+01
2.807153965785381011e+00
8.166666666666671404e+01
4.005827302575591276e+00
8.869592191331950204e+00
3.663540445486519026e+00
2.038046571379104499e+00
2.982894516183129507e+00
4.285714285714285587e+00
4.926108374384237543e+00
2.705416116248348768e+00
1.290243902439024382e+01
2.167618000865755956e+00
1.216901408450703137e+01
5.760012275586927188e+00
5.930501930501930197e+00
9.733840304182507452e+00
6.616179001721171460e+00
6.824692677712452138e+00
1.036136239191629294e+01
1.058729619071040240e+01
1.183347141673571201e+01
2.008915304606241126e+00
6.831906936700377742e+00
1.565088757396449992e+01
6.283393501805052850e+00
4.609756097560977040e+00
6.626892252894032609e+00
2.146301027987403032e+01
3.341021416803954036e+00
5.034911844088471256e+00
5.875536480686696095e+00
7.090379008746355183e+00
1.125007550588946081e+01
1.097066697706902438e+01
1.412993430614499246e+01
2.282590732854509863e+00
6.722222222222220012e+01
1.433057851239668956e+01
4.238959297877240573e+00
4.333990895295904267e+01
1.206532663316582976e+01
1.616417910447762551e+01
1.108598726114649935e+01
6.862875487273562669e+00
8.684210526315789380e+00
7.700583691094699645e+00
1.421073758153537625e+01
1.579461615154536425e+01
1.580831408775982183e+01
6.627000215157596408e+00
2.069763937719739744e+01
4.145739910313902321e+00
5.840130536784391424e+00
2.810279817424091942e+00
6.949159844894444049e+00
2.291361337599338910e+00
5.239645115146546850e+00
2.240121049396274433e+00
4.256720238941828605e+00
9.322530738539207551e-01
6.853848882582477486e+00
3.809233728759216842e+00
3.470675027665068413e+00
2.405406161159528722e+01
1.016425188515802702e+01
5.092143692327938176e+00
2.984771573604059647e+00
2.099403169376415246e+00
7.316455696202531556e+00
4.700961818711746787e+00
3.120950323974081453e+00
1.431538177794171673e+01
4.618489528732900418e+00
1.954589001724468922e+00
1.352270081490105014e+01
5.809720785935883036e+00
2.906742645569985850e+00
4.266027297861446854e+00
8.129191054741701450e+00
1.168645060523233425e+01
1.046693097855469112e+01
5.662545177858093304e+00
5.203562639165594028e+00
1.103444455635007948e+01
6.264566298816396817e+00
7.573964497041420607e+00
4.646613378207823608e+00
6.054850593532540515e+00
1.121130221130221472e+01
8.405730456314110199e+00
5.639196883428230223e+00
7.191749250979486696e+00
3.609442060085835902e+00
1.194029850746268906e+01
5.472504311170724556e+00
6.287119850944373312e+00
5.083752789165068009e+00
3.366533864541832344e+00
2.563070442312193276e+00
6.890433360588714251e+00
1.204918032786885362e+01
3.934323243860651687e+00
3.293818697553480224e+00
4.326951535706658802e+00
3.287252712188896364e+00
1.643421241242758679e+00
6.788032152426317190e+00
2.338810768552173514e+00
5.223021582733816004e+00
9.945749195629240091e+00
4.552006388500697831e+00
9.023724651805968833e+00
5.254545454545454852e+00
7.527214812122497329e-07
9.624812255932706506e+00
7.527214868933592142e-07
8.428086070215176306e+00
6.663562462704069489e+00
1.005887015000174856e+01
3.285714285714285143e+00
1.068507312220027927e+01
3.968299024891019933e+00
4.748113339296027746e+00
5.289745287368650573e+00
9.886654478976232951e+00
8.727272727272726627e+01
4.521920668058454496e+00
2.995049504950495134e+01
7.065693430656934559e+00
1.132109700138726138e+00
6.252948352989021075e+00
3.776536312849162247e+00
6.311789666199710602e+00
2.638055159508565062e+00
7.227743952608193467e+00
9.791416705122289343e+00
1.413184226015303357e+00
1.115659635323561183e+01
8.494949494949494806e+00
5.532258064516129004e+00
1.770493349683991857e+00
3.968317972350229539e+00
6.369624885635865041e+00
1.487088388214904988e+01
4.276046304541407217e+00
7.281889763779534519e+01
6.043853035636898241e+00
3.024125842148968513e+00
3.340822540247115224e+00
1.923688394276629410e+00
1.331166347992351362e+01
1.901222493887530618e+01
2.996986655187257487e+00
2.187128712871286851e+01
4.092616087287492377e+00
2.738825591586328212e+00
5.141635063673033912e+00
5.369863013698629395e+00
4.233609645817633549e+00
2.336053866557845193e+00
2.934010152284264539e+00
4.093916037066779978e+00
5.934617521763290604e+00
9.875101128789923521e+00
2.076745951228042397e+00
5.052046446512393985e+00
2.345779220779220520e+00
2.478260869565216851e+00
7.925511385565419786e+00
5.370764969102920894e+00
5.036706954642883538e+00
2.680260865714556573e+00
2.948129126114792165e+00
3.823008849557521405e+00
6.318159327065806963e+00
4.030777839955233866e+00
2.774772075504001290e+00
5.738334858188472332e+00
3.015629022567531070e+00
2.930242450021267597e+00
7.204972710733779095e+00
3.554897799620238885e+00
4.017376194613379248e+00
4.880861244019131817e+01
4.040573774821812236e+00
1.763827234553089696e+01
2.047868728781593006e+01
2.857142857142859427e+01
2.057203087533842734e+00
1.146928369839263162e+00
4.533138183038170510e+00
5.749609578344609950e+00
4.389405386574931178e+00
1.346982758620690213e+01
7.505945467958900608e+00
5.144859951020896105e+00
9.645501078725834398e-01
1.757603268270539365e+00
5.359699880938607608e-01
2.909529860228719400e+01
4.705176294073519117e+00
5.140894769471973547e+00
6.942857142857142172e+00
1.673267326732672444e+01
1.642866119833421790e+00
1.752867570385818530e+00
3.196777832031134636e+00
3.408284023668639140e+00
3.220836689133398600e+00
1.704225352112675651e+01
6.163321996939316705e+00
6.245674740484428611e+00
1.297354316019424081e+00
5.884870096790625560e+00
6.419760855884204531e+00
1.226235937661265263e+00
2.593245592252297449e+00
5.218474854499328686e+00
3.382650377581321699e+00
2.560656268371308109e+00
6.748829184126203806e-01
3.636072641834867447e+00
9.327489212559234577e-01
7.391671722383415244e-02
1.851950254381005934e+01
4.250467678237371594e+00
9.972375690607732324e+00
2.697507755691549214e+00
6.833269304648482034e+00
6.810272303501378133e+00
1.888439306358379710e+01
3.824198552223371017e+00
6.101881169677779937e+00
4.714285714285713524e+00
8.094170403587442664e+00
1.084491978609625562e+01
6.029900332225913928e+00
2.419835841313271274e+01
6.166476624857467392e+00
2.347204161248374277e+00
3.135044642857141906e+00
5.592554291623578422e+00
2.344155844155844548e+01
1.525160462130936168e+01
6.466992665036675803e+00
3.441778975741242874e+01
2.460070671378091944e+01
1.130841121495326540e+01
4.515776699029125041e+00
6.551159618008187024e+00
1.527821939586645472e+00
3.399999999999998579e+01
1.162790697674419427e+01
5.463952665383753349e+00
8.154496541122217224e+00
4.746835443037975111e+00
7.648509763617678203e+00
4.342517330900289352e+00
7.292404340376926086e+00
6.300802964793084548e+00
5.159887675264435813e+00
5.099282956425813751e+00
5.016071428571422786e+01
2.277418437699907372e+00
1.345750452079566628e+01
5.427592507994517312e+00
1.803726708074534457e+01
3.488834324091981909e+00
7.527214753252664586e-07
2.559322033898304483e+00
9.064949639577491780e+00
3.839999999999999858e+00
3.120391945235938547e+00
4.698324022346369588e+00
1.444279346210995518e+00
5.307644249145932136e+00
6.265782970119073703e+00
2.528014254603049071e+00
4.178221029159481681e+00
2.293519695044472506e+00
3.689492325855962651e+00
1.703005008347245663e+01
4.177882554650664382e+00
4.648493431900383221e+00
2.843494085532303206e+00
7.738920225624497107e+00
2.128129602356407801e+00
4.769561478933791676e+00
2.380566801619433015e+00
3.622844827586206851e+00
3.240564714838591431e+00
2.212461695607762735e+00
4.310684466269750992e+00
1.767548906789413454e+00
5.501690805095000414e+00
5.569478908188587596e+00
9.218757778173921835e+00
1.052631578947369029e+01
6.313604919292850504e+00
8.101248073897592050e+00
3.566601306109309366e+00
7.599257884972173471e+00
5.422287390029326026e+00
7.563535911602212281e+00
1.291719745222930094e+01
