3.252592521945035120e+00
1.393058291338911348e+00
2.842638323310705317e+00
1.594394302630880889e+00
9.732696136193523806e-01
1.405300729213250444e+00
1.882281914562983660e+00
3.200137948522390641e+00
1.354974100366427292e+00
1.313030294839066192e+00
1.127871795073644323e+00
2.546217550933890905e+00
1.636192296680545555e+00
1.849710832690570905e+00
3.635095447320928042e+00
2.348336867176348708e+00
2.410012412068847087e+00
1.499488128887251248e+00
1.622158843772765202e+00
2.197751536076385293e+00
1.496819060708075577e+00
1.716831979449490619e+00
2.179198523250577058e+00
1.523766110730391032e+00
1.300665487811672127e+00
2.237027789000634481e+00
1.328687483368222511e+00
1.470792594295144751e+00
1.479454202118672290e+00
2.331707796184168568e+00
1.679569064882488805e+00
2.482699976664164421e+00
1.904669832497196902e+00
1.447069176272928415e+00
1.354987876748323883e+00
1.505561709316120877e+00
1.833865905765698967e+00
1.592418574282653543e+00
2.010547571351632978e+00
1.347956318346629656e+00
2.292309884266227282e+00
3.593399859609494928e+00
2.090521081484255195e+00
2.178208883852576161e+00
1.952202105307915048e+00
2.882731595328888119e+00
2.827590632699441997e+00
2.749538431624815260e+00
2.225689385649094021e+00
2.254276323064641208e+00
1.713395652878837661e+00
2.839154472597321899e+00
2.008786092887123065e+00
2.464623389297278866e+00
1.765333524690309019e+00
2.724987340444023687e+00
2.684152989829111657e+00
1.391884504798632349e+00
1.546975069323531349e+00
2.165929617787304640e+00
1.832092122300390757e+00
3.995132831792981509e+00
2.165669048457175894e+00
1.813658204658715745e+00
2.684588775275759787e+00
2.378573048774073939e+00
2.193735804776400844e+00
1.887037333217304713e+00
1.586337161256691886e+00
1.992013196771869277e+00
2.695803120986882906e+00
2.136825310297284730e+00
2.368827646654168451e+00
2.933640155626890955e+00
2.148303383399140287e+00
3.243921477640500317e+00
1.668932069307783150e+00
2.076059473301750113e+00
2.974872191737729654e+00
2.105576750497197391e+00
1.675706185915813107e+00
2.218997723744823514e+00
2.274550367362898395e+00
3.709276402700824704e+00
1.761490433898023511e+00
2.199075971637876048e+00
2.498757150904651780e+00
1.870629413361985405e+00
1.531372367161597525e+00
2.483403953071677162e+00
4.269269888718937089e+00
2.615673519219894771e+00
1.439955770291809101e+00
1.671454728349467400e+00
1.751242640550865426e+00
1.517048553032313007e+00
3.897206718155315830e+00
2.815175960794219723e+00
1.649794437796593627e+00
2.812156421880691592e+00
1.833289732965786456e+00
2.811397141106207531e+00
1.700819438376631965e+00
1.316054411909274968e+00
2.717542922829622398e+00
1.976988949740047907e+00
2.419077439958189135e+00
2.497997398620658061e+00
2.411017506425346735e+00
2.229745426394613261e+00
2.193218199776460597e+00
2.274929682508776807e+00
3.658828675541804021e+00
2.144120680940337920e+00
2.635921791202175957e+00
1.396207806227417692e+00
1.366210082322639963e+00
1.629217933437683952e+00
2.303174136240371261e+00
2.159128675470636693e+00
1.414803102170268501e+00
1.567613462541449065e+00
3.598162273707297576e+00
3.137127267079810711e+00
1.996615853068888891e+00
1.725815160519441394e+00
1.546105420386652662e+00
2.379795394639784067e+00
2.179354337962005506e+00
3.747110265820597252e+00
1.631166130522686997e+00
2.036296546481674685e+00
2.550890802951526926e+00
1.394650841873086078e+00
1.781953092284932483e+00
1.939122719159961816e+00
2.276112551730776534e+00
2.668446015648029856e+00
2.625707422146669856e+00
1.604821411922367824e+00
1.274236042789296475e+00
1.855415913427599817e+00
2.532373089348918693e+00
1.492547917096599841e+00
1.920086470530048439e+00
2.596620058698071443e+00
2.402609377466038865e+00
2.683529592378464557e+00
2.363201015973830810e+00
1.537872544181454915e+00
9.326286467949786996e-01
3.062268120833433471e+00
1.892714396027511015e+00
3.355619600438092487e+00
2.463337783618449350e+00
2.082020343418511832e+00
2.333319972944125187e+00
2.778890396195688783e+00
2.648735918475036311e+00
1.850711254989360510e+00
2.125483986927602320e+00
3.413581051662170740e+00
2.821551522155208769e+00
2.952037683990463179e+00
2.136842636218539315e+00
6.486526953058493916e+00
1.577864622755940749e+00
2.769951990451032131e+00
3.337162321802329412e+00
4.028483905758347028e+00
4.063808727215540983e+00
1.461182976123226451e+00
5.453755582384488543e-01
1.322544725828916468e+00
2.441582341040468673e+00
2.094462143116233133e+00
2.252839656678719660e+00
1.459922432657767333e+00
4.621794212120994838e-01
2.707446498624613174e+00
1.931961669669979287e+00
2.191822796953230235e+00
1.633353179881765982e+00
1.848195514183451627e+00
1.250167947229375853e+00
1.360175146341839225e+00
1.242851403149790812e+00
2.994299899093080697e+00
1.428718015405872732e+00
2.318482126825808010e+00
2.045674793347489029e+00
2.413760509044090785e+00
1.646001053419029247e+00
1.281923782731329675e+00
2.097435348898809337e+00
2.147456464130519382e+00
2.870278434807305157e+00
3.085991883104150180e+00
1.599809671016287682e+00
2.601243119075705490e+00
1.852281398065793505e+00
3.042793906340715893e+00
2.067950764264212982e+00
1.601178580385916206e+00
2.553307268398289587e+00
2.323856970053272075e+00
3.746011811717938400e+00
2.393921979677994916e+00
3.319853745480429108e+00
1.928633347438862389e+00
3.397032300270490079e+00
2.859976546759659843e+00
2.907755673501031257e+00
2.349337179513769414e+00
2.567224479659668379e+00
2.530280119079887147e+00
3.282195230425188459e+00
2.755730467995928468e+00
2.635578308627476662e+00
2.790270318539237682e+00
2.435567331782144240e+00
2.747917864197672255e+00
1.691788983963984583e+00
3.123716687334704201e+00
2.151680927923834030e+00
2.164331480834102539e+00
2.366276233530731243e+00
4.165380187755197916e+00
2.378803664859099776e+00
1.854703185598310489e+00
1.611183580643017477e+00
2.427904220462879348e+00
1.793639620982037330e+00
2.278137951239852299e+00
2.019642816344694225e+00
2.433330224264583119e+00
2.267513855206744200e+00
2.558840931120725859e+00
3.399258451355670285e+00
2.005325522159440599e+00
2.503304579994505286e+00
3.112615938115308456e+00
2.423561507054299291e+00
2.765238116646704380e+00
2.594429132684570316e+00
3.362120140417295122e+00
2.244489030214212644e+00
2.881501645115966515e+00
2.251574963648027339e+00
2.450687907229190277e+00
1.785701357482115226e+00
2.594705718432593233e+00
2.134842436846293712e+00
1.636297059970825307e+00
2.594676585832156324e+00
2.523600613483090616e+00
3.401712811302802120e+00
2.753332347966642057e+00
1.965732930915612187e+00
2.308659278432860784e+00
3.392810962498432392e+00
3.885306847760654936e+00
2.768796043482868896e+00
1.410889039837253778e+00
1.914718251531233983e+00
3.541558478142166511e+00
2.945406157668950087e+00
3.241606658438134669e+00
2.656086709335736984e+00
3.579739903843790927e+00
2.083970671736305569e+00
4.051995710246166560e+00
3.364197970787794034e+00
2.461754868330901402e+00
2.733717743638587994e+00
2.403344191735092394e+00
1.448882222400786013e+00
2.459131120036424534e+00
2.826494092224038468e+00
2.851556826297164005e+00
2.274405034535332604e+00
2.600671841748092294e+00
2.258488051657392415e+00
1.831148443554558192e+00
1.631669620938639431e+00
2.571351766848902543e+00
2.476017986127512671e+00
2.483295734595161175e+00
2.459489559179664386e+00
2.130483731909688760e+00
1.717819701860687109e+00
2.869332979226948854e+00
2.117722036381878947e+00
2.702880910425143668e+00
2.716435253718474829e+00
2.064894462886266435e+00
2.390923613221713318e+00
1.948652953479881100e+00
3.174372691674706370e+00
1.761304835966799542e+00
2.069808011656184554e+00
1.636211212859499442e+00
2.776419443163305800e+00
1.814857301915329346e+00
1.820012209047671137e+00
3.173057513628966930e+00
3.043852321335002831e+00
1.553715928301630633e+00
2.919862925241958340e+00
2.010107536580838961e+00
1.591821057882652823e+00
1.388032125181052123e+00
2.083825132765166455e+00
2.314016176674302816e+00
2.150565923429514026e+00
2.588208419821608874e+00
1.783148487804200544e+00
2.531593875142650774e+00
1.977534995817067154e+00
2.721239546202255166e+00
2.015627019386643237e+00
1.892311755620157188e+00
1.321509515829036863e+00
1.903063039383267485e+00
1.261954234848792655e+00
1.345002913359445218e+00
1.173749041726518838e+00
1.734687016299827356e+00
1.292984496054392141e+00
2.806534637843584701e+00
2.505174534629202032e+00
2.609561876125817470e+00
3.159420759244599974e+00
1.902434174860166083e+00
2.820674495990581843e+00
2.070490078856700666e+00
1.414275972272203807e+00
1.843432527276108956e+00
1.662157080378041885e+00
2.073978563244663231e+00
1.363077710683363586e+00
2.278109815189175880e+00
2.360204421900979010e+00
2.259998956476726661e+00
2.307239182438855618e+00
2.208721175989637242e+00
4.486490046413449839e+00
4.961943266393933349e+00
1.640033579289234877e+00
4.569999035058923020e+00
2.359911818632017155e+00
2.241262062002180588e+00
2.285867154357072994e+00
1.276251608801138859e+00
2.136590049094373889e+00
2.658111470452181546e+00
2.105871884200730015e+00
1.434467887560976651e+00
2.470369724534027256e+00
1.930270527311241269e+00
2.904303861748076088e+00
1.808152738111970192e+00
2.390028807195442528e+00
2.072301683206442480e+00
3.263914719031216549e+00
2.142460132110685311e+00
3.447842421052801143e+00
1.919041086762161230e+00
1.713247685057609493e+00
1.884155773239924114e+00
2.135749013948754271e+00
3.226159977180522276e+00
2.869154494858963123e+00
2.904964070025575662e+00
3.200516507244405062e+00
1.923191445952350476e+00
3.052471038075176057e+00
3.187199592338647136e+00
3.665783206569433350e+00
3.423870403384091876e+00
3.645691185176682669e+00
3.304106830336634104e+00
2.644230548620132737e+00
2.476380823768709050e+00
3.479641586623941407e+00
2.560344831963865975e+00
4.143447731724411831e+00
2.653107243066834542e+00
2.817306754772452848e+00
2.917214559770837212e+00
2.722600965569471843e+00
3.525900193434543528e+00
2.915429290097803161e+00
2.621201323956142915e+00
1.450401609719653040e+00
1.738908331151705289e+00
2.711052886493027003e+00
2.048401956078296227e+00
2.265316934645035030e+00
1.922500114797681681e+00
1.603241714529205941e+00
2.067336228571085677e+00
1.506334089357721284e+00
1.718238465854582842e+00
3.459485375059122347e+00
1.464184051371118178e+00
1.213233040199189317e+00
4.162289316788556626e+00
1.475720257649050238e+00
2.551596141200311418e+00
1.408474746699738489e+00
2.287943812930388621e+00
2.489222800472632446e+00
2.120847445590415159e+00
2.472597453223031483e+00
1.406222118857508363e+00
2.330212627330919606e+00
2.197571401038804328e+00
3.910668954105282591e+00
2.042430688936710315e+00
1.727282366549449888e+00
2.024111638440474703e+00
1.812532896497496937e+00
1.620856654460094193e+00
1.576920635410999472e+00
3.044323535346059817e+00
2.880878664753332874e+00
2.946321278691670376e+00
2.662409640967789759e+00
2.343371817561416659e+00
1.753641384376760426e+00
2.790891173142227455e+00
1.909164489277451970e+00
2.906109141969570597e+00
2.379479303553484026e+00
2.225315905447346143e+00
2.512438565966446546e+00
4.653271843915667283e+00
1.717381480712745656e+00
2.185402966875890307e+00
1.497584257022466003e+00
2.542643214808700591e+00
1.563094389413431928e+00
1.575266740363480578e+00
2.501960664824842695e+00
1.441300071649550096e+00
1.961007299747264510e+00
2.945036354424706904e+00
2.153999721725222027e+00
3.496575509269687743e+00
3.121426151244618197e+00
3.557422524994111601e+00
4.289076338053547488e+00
1.488462033214257518e+00
3.270019014365754373e+00
2.099162547915341293e+00
1.621621201904602572e+00
1.561640415419656591e+00
1.909584272934036209e+00
3.281878944427435219e+00
2.029972795473367952e+00
2.537833866051742771e+00
1.383351404271715213e+00
1.466118133872133855e+00
2.957186561287981963e+00
1.906275671714841913e+00
3.602162686255123702e+00
2.467914293802412562e+00
1.902768426677991842e+00
3.574604711082228103e+00
3.618325868443241777e+00
1.713974167768226975e+00
1.628631294475971769e+00
2.656590364400922777e+00
1.965685909524787389e+00
1.606560393094603079e+00
2.270686445308466528e+00
1.816940275478457378e+00
1.221381404228317091e+00
2.175297212766679866e+00
3.179695175205098590e+00
2.001620883496100234e+00
1.944525761952417886e+00
2.603859269210996086e+00
4.387898060662013933e+00
1.599296897214297131e+00
1.849175437000473154e+00
1.868586964956800989e+00
3.451800259462647791e+00
3.699111377123338595e+00
2.904658014500876462e+00
1.838340187475640208e+00
2.703800369796942160e+00
1.875307580923103901e+00
2.990690461479406537e+00
1.740361966943390293e+00
2.017416543689447117e+00
2.460310417166567287e+00
1.681460533006517322e+00
2.522399198166450418e+00
1.960283749280086196e+00
1.486642238901646706e+00
1.731267274398406331e+00
1.474665010780947583e+00
1.819061488963258588e+00
2.487233997166488297e+00
1.402118521763893400e+00
2.508181027996680967e+00
1.688785229343087169e+00
2.513303268199347684e+00
1.962422106447876180e+00
1.959042032159047819e+00
1.776745579679620990e+00
1.839566373345315808e+00
1.761714075062569718e+00
1.970680631137740946e+00
1.523120102958059219e+00
1.693863553318256221e+00
2.397205921752389113e+00
1.783095205927049287e+00
2.107153879046428369e+00
1.783347840616752444e+00
1.505274929207937928e+00
2.018406802743316852e+00
2.250512377914989592e+00
1.677184982381203504e+00
1.803374377514548543e+00
2.734205748789760193e+00
1.653454269433611401e+00
2.320606058741819577e+00
1.611840100385447228e+00
2.139228727722379375e+00
1.574087578279588229e+00
1.601411998400458891e+00
1.606106243739821693e+00
1.872589356325761401e+00
1.783696303440370556e+00
1.710535850341953212e+00
1.612744559974531144e+00
1.490794842840945877e+00
1.904009582145110402e+00
2.238646787109731306e+00
2.673594675355433825e+00
4.699092050667105447e+00
1.878649160372734217e+00
1.554821452092790324e+00
1.679945397171421773e+00
2.594854168125175331e+00
3.547906455312895613e+00
1.403752718145280021e+00
2.047340299227530469e+00
2.265072955099306284e+00
3.967755428048572952e+00
1.704506256931210162e+00
3.847511808122674903e+00
3.435643334955868600e+00
1.599487527047787738e+00
2.722651928150511491e+00
3.216248208214818050e+00
3.031198102295358243e+00
2.373547986192240611e+00
1.597580975809996806e+00
3.552875116261214661e+00
1.746108706148632450e+00
2.374892152503730980e+00
1.869869117401248948e+00
3.175360134868419948e+00
2.843668999362955585e+00
1.376045372162228331e+00
2.048213212576207809e+00
2.899713577748460835e+00
1.460977341323779433e+00
2.399443021167536383e+00
1.880956895789677397e+00
1.729685021588342364e+00
1.388891262147833094e+00
1.304713977330574037e+00
1.432999670987446406e+00
2.216253345964652510e+00
1.854215244493978121e+00
1.639946822364054313e+00
2.409201958292658041e+00
1.716534870043233241e+00
2.607848623960892898e+00
3.362878267949014344e+00
1.687041881199780491e+00
1.592009335186882479e+00
1.862516648939729791e+00
3.290092158763742614e+00
2.056865190977392288e+00
1.530953603167701571e+00
1.381812135614691295e+00
2.698246646964572282e+00
1.545815059165149163e+00
1.992692651406916093e+00
2.112786390934545011e+00
1.932177337969270381e+00
1.885456841863326183e+00
1.581409497902786399e+00
1.508691525538495171e+00
1.820315225961802952e+00
1.504101142667658708e+00
1.446720247251452207e+00
1.362485767275361193e+00
2.806775721758860254e+00
3.066239873451309439e+00
3.185108335863182649e+00
2.599721546925521931e+00
2.194529131500079000e+00
1.960263159963785418e+00
1.922682110115016441e+00
1.434547896301403780e+00
2.918838246396868730e+00
1.452420076400971150e+00
1.372514487643265779e+00
1.443642588846387520e+00
2.088203933285914360e+00
1.538746106400014524e+00
1.504296914366890059e+00
2.390014011038323005e+00
2.603644993027182775e+00
1.801073500243726810e+00
1.436067466292294981e+00
2.077666266415679530e+00
2.048838329519279799e+00
1.468336655310417571e+00
2.248682017797715371e+00
2.002406383999232098e+00
2.189584324896942658e+00
2.469340294046254769e+00
1.473900463336439204e+00
1.693676620451775916e+00
2.208132599448968669e+00
1.625679216321629594e+00
1.928819411567944897e+00
1.362476242377236302e+00
2.480594622725015963e+00
2.231750931424096418e+00
2.772996122813828013e+00
1.658559475802122707e+00
1.856190972842205689e+00
2.133161954194183085e+00
1.419669082808739269e+00
1.338052189598695874e+00
2.116317410499757745e+00
1.480865301681176360e+00
2.327526419849716088e+00
1.616101719098798073e+00
2.103562321166198235e+00
1.223448607183354353e+00
2.573683883067349853e+00
1.771912505847987873e+00
1.556153839420689522e+00
2.603519914016556580e+00
2.078159765735648978e+00
2.133089883464754255e+00
1.566169351647888952e+00
1.586317124388468613e+00
1.939669306212072009e+00
1.624158860472987298e+00
1.698763996076728455e+00
1.483682809500966870e+00
1.762188261285573931e+00
1.412300061251952066e+00
1.452853479892632693e+00
1.934818874885221307e+00
1.645032901678197268e+00
1.286341673682387832e+00
1.952278427521115800e+00
1.840244071961427252e+00
1.539777064916122873e+00
1.507162092447388302e+00
1.694373325721103773e+00
1.947902182417269756e+00
1.315807131262615837e+00
2.515781424373015884e+00
1.583334055505676963e+00
1.700454738747065209e+00
1.935569645947833095e+00
2.674938900137470821e+00
1.146383227710307429e+00
1.567721828445617804e+00
2.566461990529592452e+00
1.727439183132821077e+00
1.850752918870971486e+00
1.497455205380191723e+00
1.720102276603924452e+00
1.552256920336905210e+00
1.355924245742159640e+00
1.771884636382672795e+00
8.171788104772593764e-01
1.585220172957233942e+00
1.295178911812705502e+00
2.340694026403179251e+00
2.104502636629010937e+00
2.754175968983684442e+00
1.423217324822918739e+00
1.878690806219945886e+00
6.071880242831531937e+00
1.108884734435860331e+00
1.543524603095617342e+00
1.470627033232143388e+00
1.247985947832820797e+00
1.455866759411654998e+00
3.530430123179361668e-01
4.074135137316992616e-01
2.097614210927177592e+00
1.747387913294881967e+00
1.161313567664364221e+00
1.310102050525587369e+00
1.578094421951278470e+00
1.410294202810258746e+00
1.342159344257936260e+00
1.959025885187632321e+00
1.785633988555275664e+00
1.523538866951955173e+00
1.456401721906812385e+00
1.895679437044634597e+00
1.815465915324221191e+00
1.902504775608088394e+00
1.546105420386652440e+00
1.957472834114981630e+00
1.747313028906230414e+00
2.139818634328213065e+00
1.916565110909211223e+00
1.498590948687148483e+00
1.391119957354123970e+00
1.907294356804766666e+00
1.319679547748418669e+00
1.589320230139483980e+00
1.607943057345559090e+00
1.706843656243761442e+00
1.567854482701781960e+00
1.646132349810413453e+00
2.247583610572037482e+00
1.495959923741295050e+00
2.435340162780941231e+00
2.194763317225438826e+00
1.454047303301135186e+00
2.180159966454157772e+00
2.615491425562834760e+00
1.698388001989886043e+00
1.828612029631545566e+00
2.764615770058533872e+00
1.968408259581114761e+00
1.496044001293469705e+00
1.646345479004862389e+00
1.633167581950542013e+00
1.384909492685888255e+00
1.920519010905840984e+00
1.554365517187283219e+00
1.597353732031560725e+00
2.864541783707292399e+00
1.476248036416997422e+00
1.372054077802158156e+00
1.607269518310002754e+00
1.330482989328839016e+00
2.191754052014677878e+00
1.587466408330766576e+00
1.454574433199199435e+00
1.671150590746066866e+00
1.343301348051219257e+00
1.589466639276975402e+00
1.675121848237913769e+00
1.444677798846267569e+00
2.028763270593751944e+00
1.523224217378456702e+00
1.477235576156170183e+00
1.433269995340727521e+00
1.525589147954232061e+00
2.179660367819317823e+00
1.387934856285774288e+00
1.419012901268400073e+00
1.481801670675012117e+00
2.241292832136971835e+00
1.411230571804094502e+00
1.730978471860639134e+00
1.726000758450665584e+00
1.380834120773643647e+00
2.182106133036037843e+00
1.530147409875981745e+00
2.254506701609223285e+00
2.006644235234702922e+00
2.018312757566707916e+00
1.700979201893126458e+00
2.214444986863023157e+00
1.462374120158722812e+00
2.524415210983666835e+00
1.968969202729298873e+00
2.773530023810293788e+00
2.365367031731521852e+00
1.528114486368921776e+00
1.435840560715949676e+00
1.651105572293211976e+00
1.653072899803155638e+00
1.534341659662493029e+00
1.449741359367566540e+00
1.798243109864319456e+00
2.064747818002218960e+00
1.437023872154354009e+00
1.932518972065370599e+00
1.747967226641431893e+00
1.517409885794545943e+00
1.812168196867930847e+00
1.493721365434788284e+00
1.779771184791594019e+00
1.511356342233899364e+00
1.488779276829103937e+00
2.083849082915070650e+00
2.131478416751625193e+00
1.776911140742622353e+00
1.906384037619010874e+00
1.663638709591145792e+00
1.742601174119779328e+00
1.541197793900970225e+00
1.768150796437269134e+00
2.016554645969531823e+00
1.540101239387746235e+00
2.015475448951525639e+00
2.458877693848713353e+00
1.526413569930577863e+00
2.175935661801083221e+00
2.043703079307523041e+00
1.696535639072528134e+00
1.549978175074546272e+00
1.805150753050224210e+00
1.633394825728977651e+00
1.563750570953771346e+00
2.004652094458986067e+00
2.209767749726640584e+00
1.970069124109856462e+00
1.518036741641368037e+00
1.695879119330098606e+00
1.994743115081217155e+00
1.427283171837038012e+00
1.862408283035560830e+00
1.885127527594645302e+00
1.690605672525580472e+00
1.524949422168795365e+00
1.956435282944186893e+00
2.579481808983644875e+00
1.468992836850756767e+00
1.393994660332746882e+00
2.119813359650377205e+00
1.697008366404173074e+00
1.460673203720379121e+00
1.688404294336526945e+00
1.661971482446817694e+00
1.603768844427270635e+00
2.068881505762564466e+00
2.229277871450741078e+00
2.190342376108568967e+00
1.718550436055075847e+00
1.537900075444679659e+00
1.827103569270547290e+00
1.331324768800402181e+00
2.476307935241176317e+00
1.866194852410038463e+00
2.146260500370060331e+00
1.698662813899769475e+00
1.314549267170162183e+00
2.440496898981417306e+00
1.525036179093975264e+00
1.532759282896325459e+00
2.358940955944216711e+00
2.228872803622252707e+00
1.459932606425774493e+00
2.712455096216931150e+00
1.359857224254128250e+00
1.896930455611969046e+00
2.430067295690600648e+00
1.573674189829305625e+00
2.080817088036051477e+00
1.538694286784795695e+00
2.542176124509589741e+00
2.511781918228249477e+00
1.374648593327284507e+00
1.848099473872233167e+00
1.378937432636068605e+00
1.458763071369267195e+00
1.479107190084000045e+00
1.787687936002530842e+00
1.512411250899911463e+00
2.369840062561927141e+00
2.179607113476465852e+00
1.516930324027928378e+00
1.659359609426473980e+00
1.368976419397093691e+00
1.638008488379266936e+00
1.331656775869118015e+00
1.763486199114473907e+00
2.133490197477554418e+00
1.492429039222332721e+00
1.451219621713336849e+00
1.643971023530961917e+00
1.993108269829948709e+00
2.500636343503708670e+00
1.913936567887978724e+00
2.596700370010258219e+00
1.430709293065720589e+00
1.619920285466258436e+00
1.807631766244696570e+00
2.027096505607618226e+00
1.833243049777052214e+00
1.444501725813168491e+00
1.805466188481473111e+00
1.941380734620513637e+00
1.581094848329287927e+00
2.948832167699752649e+00
1.286175227676673138e+00
1.616790807445974920e+00
1.438306024598801969e+00
1.378538705510395479e+00
1.680755743188226292e+00
1.713063860056109222e+00
1.476170804389942193e+00
1.597335725666461315e+00
1.408930124638579917e+00
1.830655126906612695e+00
1.489935705874165350e+00
1.391119957354123970e+00
1.507594632823180625e+00
1.443318414374764380e+00
1.477107173383777949e+00
1.475653199390002390e+00
1.920079539673271496e+00
1.423809268230921354e+00
1.920589312076119048e+00
2.198208568879062241e+00
1.753103742508597795e+00
2.778551392503792794e+00
1.463419503926609799e+00
1.666676491708149577e+00
2.771306908171826677e+00
1.548242458314109671e+00
1.494580502401569033e+00
1.744173038915849183e+00
1.371536472802218354e+00
1.401259384797112872e+00
2.327485344763982056e+00
1.674628531589968050e+00
1.969378441825069714e+00
1.406499018351510921e+00
1.385589962578221757e+00
1.537473817055782233e+00
2.189590734879605094e+00
1.509008769153341589e+00
1.439360933264814291e+00
2.424414012741947566e+00
1.411562578872810114e+00
1.567312589349847185e+00
1.655751492880456865e+00
1.751898822091204622e+00
1.807100384862859954e+00
2.304357201379900744e+00
1.625196228971757861e+00
1.381490302313982843e+00
1.662698973729976215e+00
1.591021795447710163e+00
2.892223903321105904e+00
1.477226051258044848e+00
2.582876482390662698e+00
1.404807626811291899e+00
1.609539859363505743e+00
1.818172377866837053e+00
2.074771398573066250e+00
1.467177632224007988e+00
1.681094895359706243e+00
1.594825722317404937e+00
2.180499591873979348e+00
1.444729618461486398e+00
1.462797135636390244e+00
1.530882631626973023e+00
1.455210577871316247e+00
2.179675286803254064e+00
1.409529655365750811e+00
1.666480381806827227e+00
2.648641225188579806e+00
1.694799922312091978e+00
2.671737888252863513e+00
1.478280959924057170e+00
1.412844731317258296e+00
2.192087981509453609e+00
2.524923870799659742e+00
1.702183186448633867e+00
1.593149308477042281e+00
1.356343009736055594e+00
1.645133901183131853e+00
2.721215749996284128e+00
1.487825550340050818e+00
1.710621697453278856e+00
1.360784850837017279e+00
1.833013796996061373e+00
1.719714048827347241e+00
1.490267712942881184e+00
1.631731303654073928e+00
1.718269937933787572e+00
2.549756029317923112e+00
2.146551768034846042e+00
2.067717110503114686e+00
2.290672911171468762e+00
2.023877038841071396e+00
1.338502736339587607e+00
1.701774285554953581e+00
1.548323941824936378e+00
1.615005164585574304e+00
1.533678294394943409e+00
1.800491841938833382e+00
1.619426968818312718e+00
1.807347327307428309e+00
2.182269153458497701e+00
1.781212494990328521e+00
1.420713817706744209e+00
1.458298748246478427e+00
1.786804172481665232e+00
2.064810202662067606e+00
1.311741284248496564e+00
1.959617490393543937e+00
2.319827958280567870e+00
2.308342233184961234e+00
1.671236561813495891e+00
2.472041973028302753e+00
1.671367971424287058e+00
2.259892621075680896e+00
1.944074877009435154e+00
1.598128142576284771e+00
1.572896434244092090e+00
1.574553363664309202e+00
1.536147125145129522e+00
1.532326742520532692e+00
1.974258198845436851e+00
1.527942664819594398e+00
2.475276976725067968e+00
1.457662265372271504e+00
1.498851984215135325e+00
1.705465355593303700e+00
1.662793563252248807e+00
2.323925854556174730e+00
1.670566265689169549e+00
2.879193409548323590e+00
1.832170445413732196e+00
1.899629423759583657e+00
1.927632427308015872e+00
1.661914625490076292e+00
1.446975022293112589e+00
1.662860283309206322e+00
1.539563935721673937e+00
2.150948104510401304e+00
1.669226682013058349e+00
1.701970057254185376e+00
2.516810861099479713e+00
1.571807712327960571e+00
1.491549865387329143e+00
1.492642168416781656e+00
2.256150921267085163e+00
2.641836836696504154e+00
1.824844376436022486e+00
1.544532906720700538e+00
1.507741041960672268e+00
1.704283817084623509e+00
2.172667029681581319e+00
2.025199479267952185e+00
1.348983695749417455e+00
1.967217115545617956e+00
1.361183916164780738e+00
2.238562081242360779e+00
1.376928459278912387e+00
1.311793103863715615e+00
1.625094891264732055e+00
1.791897396898572081e+00
1.396579002089866073e+00
2.281358254997063462e+00
1.647466321870080463e+00
1.950567337314764726e+00
2.507323194040678604e+00
1.379457378806923096e+00
1.826701226909982934e+00
3.007242682370326659e+00
1.810287058041976094e+00
1.939046466102465560e+00
1.942792724564987195e+00
1.677501783779645761e+00
1.506096671811278043e+00
1.955199607544899854e+00
1.774635424145506235e+00
2.669905375064619335e+00
2.267942030582445145e+00
1.421164702649726941e+00
2.003698244013829122e+00
2.786984695426728553e+00
1.579186282764326377e+00
1.381950712155090466e+00
2.055345872938371787e+00
1.889989905619226640e+00
1.243326238242677295e+00
1.761113315751339448e+00
2.759621142038668040e+00
1.721790959352534012e+00
1.707531185907201321e+00
1.386526331572057513e+00
1.579299342368671644e+00
1.832003999408017947e+00
2.147209521685951028e+00
1.672852156054293049e+00
2.399656488564076096e+00
1.540380302781401367e+00
1.733980667797799802e+00
1.943417571409254307e+00
1.557973633733300334e+00
1.490338920556441238e+00
1.842387792378104239e+00
2.145300277648125586e+00
2.345763273135883065e+00
1.453660797244194613e+00
1.598489475338517485e+00
1.467809525412352656e+00
2.713858192039500405e+00
1.866176585100966179e+00
1.824942242991095753e+00
1.352385528626105282e+00
1.497574083254458843e+00
