8.649787576170999692e-01
5.127163923915365462e-01
8.986688395968032150e-01
5.458627325208467163e-01
9.874311688707881896e-01
7.877040260904600855e-01
6.850678733031674295e-01
8.257076054337845195e-01
7.694929472981401064e-01
8.222927002473623403e-01
9.325890634999645101e-01
8.838897278341254493e-01
7.394540942928040650e-01
6.443747872192284731e-01
9.535353122859858699e-01
8.375879396984924341e-01
8.317325299863222998e-01
5.176101788677852644e-01
4.686177023441092659e-01
9.229371137768084266e-01
6.063265175158663034e-01
8.291605301914580783e-01
5.488174651303819873e-01
6.679524964913113871e-01
6.407185628742515515e-01
8.374846102850649343e-01
6.002149382052660576e-01
8.119230367196956788e-01
7.931619101441085284e-01
6.145594344887455041e-01
7.233819617957605308e-01
8.240735829310096294e-01
8.407363129195165596e-01
7.429882944431990266e-01
5.562549173878835740e-01
5.072072777154361667e-01
8.149205402411486832e-01
5.910067306315338609e-01
5.904576377811823207e-01
7.146556798116538989e-01
8.956767768264883856e-01
8.744298363294875642e-01
6.317689530685920429e-01
8.597811814671921793e-01
6.664906944919070098e-01
7.083320177968592812e-01
6.484876411150971576e-01
6.936102659081889721e-01
8.196721311475410054e-01
8.481540138381172822e-01
8.388425788306919095e-01
6.719551220704762517e-01
7.075913776944705580e-01
4.182071852110217924e-01
4.366197183098591283e-01
7.338503648125853651e-01
5.494685632700545552e-01
4.862616967028945414e-01
4.332254743259095764e-01
5.284612559676827859e-01
7.480987995726227080e-01
9.464168063281208632e-01
8.915082875613667968e-01
8.144515159975511676e-01
6.647038448216141537e-01
3.240198287516900533e-01
5.760950741897513661e-01
7.116756670306343402e-01
7.183775293356738922e-01
6.810448665634590837e-01
6.213592233009709309e-01
7.655876249747144424e-01
5.225245826663618143e-01
7.089386473306609204e-01
8.462971041624752777e-01
9.616675259447979851e-01
8.095597780800884991e-01
1.989673612391664737e-01
6.813482067240742568e-01
4.272288858662050548e-01
7.935462257847258893e-01
6.850947021685422911e-01
6.695768972464741786e-01
8.447158167427436526e-01
4.503682258058043786e-01
2.638475282906492247e-01
7.022613065326633874e-01
4.367882100669773227e-01
7.648546144121365353e-01
6.886062897405051952e-01
8.745546596662290284e-01
2.664952870608397473e-01
4.614857898416441784e-01
3.450704225352112520e-01
5.559875807217428134e-01
5.798854232972628919e-01
7.625391849529780108e-01
5.045417010734929431e-01
6.637441080614799871e-01
7.302062272543469179e-01
4.405778069599473601e-01
7.098960686850428470e-01
6.624261066455605640e-01
6.775700934579438339e-01
6.608645972195771323e-01
5.909090909090908283e-01
8.405294541851178192e-01
6.799440339294302582e-01
6.004790419161676329e-01
4.560835509138381760e-01
6.807770848280809695e-01
4.100643527798290555e-01
8.416947291119477592e-01
4.910301960121754017e-01
5.395715644051681803e-01
6.724890829694322170e-01
4.936577860929160511e-01
4.714656048376408282e-01
7.449368357730099532e-01
7.860839562967222305e-01
6.536502546689304527e-01
5.120914034165733320e-01
8.145995319695025216e-01
8.030662923774563033e-01
6.007476635514017449e-01
7.145366009419653608e-01
4.486335546475095359e-01
8.734026013141494849e-01
8.740190962240708128e-01
8.729608492911904438e-01
7.695820592316368058e-01
6.363636363636363535e-01
6.406368460955269573e-01
2.258064516129031640e-01
6.764354530545009236e-01
7.300301782404094997e-01
8.570762166005326810e-01
5.103741584598598946e-01
6.822107081174438870e-01
8.114880108829992666e-01
8.268786329574899785e-01
5.430183356840621034e-01
8.105975197294250645e-01
6.129032258064516236e-01
5.617788730816624110e-01
9.711447518181478555e-01
7.001986316486427109e-01
8.585244169309770301e-01
5.554630593132153793e-01
3.608040201005023873e-01
8.831858407079645756e-01
8.578453010316686722e-01
3.431043616457709056e-01
8.568181818181818121e-01
8.811895782917930076e-01
8.209909429941395498e-01
7.846674542609917147e-01
7.275708399899100121e-01
9.488780891324579692e-01
7.386059939202176405e-01
9.358288770053475591e-01
9.928116425717632421e-01
9.307236299057004558e-01
9.686467378775071024e-01
8.352956867459284673e-01
9.976737676333403693e-01
8.977727599302063322e-01
8.348704435660957435e-01
9.553725040404567048e-01
8.555205910521275214e-01
8.998776998534093741e-01
6.812144212523719711e-01
9.460674157303370357e-01
6.318654131618011149e-01
7.699582772050989066e-01
7.148126095960641857e-01
8.785509876457039402e-01
6.787335583750435664e-01
9.588477366255143686e-01
9.278848688256690069e-01
8.988704579187413168e-01
6.618431073876618331e-01
2.979549572870825447e-01
7.442704922912077858e-01
7.996358796511627842e-01
8.289441894177337344e-01
5.720730397422125746e-01
8.993641356773037776e-01
8.026315789473683626e-01
5.748404217169905683e-01
7.342429808449226769e-01
5.753846153846153832e-01
7.683302526186075454e-01
5.872951648796278512e-01
4.742793163824261526e-01
8.225352112676056482e-01
8.101788170563961611e-01
8.606331828552962193e-01
8.890250696378830808e-01
7.380868563382083636e-01
5.727805317710680244e-01
8.441507243837536034e-01
5.060437765436132107e-01
6.349460573770350225e-01
4.228871308843110688e-01
6.876313481991024323e-01
8.823383393322576929e-01
5.352112676056338669e-01
8.274828985981451668e-01
6.793529284321514483e-01
8.830043728254562962e-01
8.560371517027863808e-01
7.087239410436860787e-01
5.078125000000000000e-01
6.050740745278632149e-01
5.550455945407331004e-01
8.035012591394055104e-01
6.017248137985103940e-01
7.960644007155635027e-01
6.852229670649956361e-01
5.748597364937275689e-01
4.814008138935059744e-01
4.388676177926006394e-01
8.483456172261883976e-01
5.877862595419847125e-01
5.481171548117155234e-01
4.627020676890737927e-01
9.128456883908420139e-01
5.595865851086267995e-01
6.324156649864288715e-01
5.012281188040405011e-01
7.037037037037037202e-01
5.108468649456098243e-01
5.303443150854595389e-01
5.285171102661596620e-01
6.827206054094455689e-01
6.375516242371941367e-01
7.707329444585341305e-01
8.616397122595785829e-01
6.633579661797811555e-01
7.927149631013840070e-01
8.255719549434581417e-01
6.533767290480063661e-01
7.981509096331643738e-01
6.385011021307862578e-01
6.463455708992926763e-01
7.162797322318757987e-01
5.156748639008822410e-01
7.364811492251701619e-01
6.405568683291540388e-01
6.630129540719268411e-01
7.981426496502831425e-01
7.445467996754332463e-01
4.227143453947208585e-01
6.987074728866438100e-01
8.040451668941555052e-01
8.864945594196714795e-01
5.608628659476115885e-01
4.220620043258833110e-01
8.452617914322803072e-01
8.143176049662089744e-01
8.942821054419241023e-01
7.150837988826815872e-01
5.729089243068984372e-01
5.195312500000002220e-01
7.863530970520039576e-01
8.280846893331219594e-01
8.204967170996287917e-01
7.903043968432920119e-01
8.302645338704055522e-01
8.414693081797631757e-01
8.890790825059911029e-01
8.742839237910998706e-01
6.300310411953490286e-01
6.459955397316012871e-01
4.868518063406241936e-01
2.960790367397344025e-01
5.378066085546320263e-01
7.789375194926708712e-01
7.914228912240840463e-01
7.579943638663187988e-01
2.923670432626068183e-01
7.677891208288891711e-01
6.179367639666603371e-10
2.621359223300970820e-01
7.988023952095807401e-01
8.938278616551361688e-01
9.849595545037289623e-01
2.450743173176633538e-01
6.786590351594434800e-02
4.987714987714987336e-01
6.906619903551074469e-01
5.256547561094343513e-01
7.458104303525943113e-01
5.871353777112938710e-01
2.609793033821302677e-01
5.897672413593920693e-01
4.388131064196507114e-01
7.250773993808049545e-01
5.475305363781201029e-01
4.605758717045317363e-01
5.386779184247538765e-01
7.517909393603068313e-01
6.628677445003975377e-01
5.243902439024390461e-01
8.077883908890521880e-01
8.123275068997239945e-01
8.258675078864353702e-01
7.995745354172892894e-01
5.339561246982261755e-01
4.152699493139206943e-01
5.295375638606123481e-01
6.589009106172892816e-01
6.199465899427371030e-01
7.131550776578426953e-01
6.570145125022777144e-01
4.205177683476883921e-01
8.199021207177813464e-01
5.324330191182022887e-01
6.722199846215811680e-01
6.820744081172491757e-01
8.530832303717847953e-01
7.097353610346066599e-01
4.856332929166347623e-01
9.097744360902255689e-01
6.200345489847580716e-01
8.093017522975795019e-01
7.637426465314648416e-01
8.581289937041672866e-01
7.174868812934335205e-01
8.799705302869531565e-01
7.754519505233111731e-01
7.207504630002415924e-01
7.316359883020815413e-01
8.835078344651838833e-01
5.204426683061789127e-01
8.134212326637229040e-01
7.480086893555394356e-01
7.195452196694298586e-01
7.536773400179729299e-01
8.641975308641974829e-01
5.144210073181231246e-01
6.825396825396825573e-01
6.408122710054026117e-01
2.727272727272727071e-01
5.317383243577292751e-01
9.081439133661325380e-01
9.340437599612747555e-01
6.071428571428570953e-01
9.524039409536890766e-01
5.466389023206854603e-01
5.259710574062743671e-01
6.902085889570551691e-01
7.654079637822821525e-01
8.119529226633445118e-01
7.287532259499865939e-01
6.873747494989980167e-01
7.924107142857141906e-01
7.454306740835435763e-01
8.090237899917964715e-01
8.325735840263315257e-01
7.052631578947368141e-01
7.420147420147421569e-01
1.976744186046511254e-01
7.943925233644859585e-01
8.455036855036854870e-01
7.881942892890656527e-01
7.604355716878402616e-01
5.958205285802088413e-01
6.670585469080648755e-01
5.824592686438291311e-01
8.884878273558098893e-01
7.729171786679773781e-01
7.482088024564994555e-01
8.469808137481853461e-01
5.880128018620890407e-01
7.405165869971073178e-01
8.272559309930517246e-01
8.597194622346283621e-01
9.017216326890052924e-01
8.860206817311375715e-01
7.254135287217583494e-01
4.146341463414634498e-01
4.352241763685905651e-01
8.507531111587633976e-01
8.547426523991671354e-01
9.223166071936084176e-01
8.520041783184455486e-01
8.527569326944189898e-01
6.496463022508038865e-01
7.802832145756291027e-01
8.028182579967830801e-01
8.989115002366303564e-01
7.454031117397453832e-01
6.900369003690037806e-01
6.514522821576762546e-01
7.700112739571589593e-01
5.739122435838469594e-01
4.817414203410644302e-01
7.967430577679146531e-01
5.860356009383194120e-01
7.162926160698989131e-01
6.391710686712718248e-01
5.137325529040972505e-01
9.109225874867443729e-01
7.470953796271277980e-01
6.965032500579895203e-01
9.540380249325255413e-01
8.155078012576486568e-01
8.282465345943014201e-01
7.593123209169053700e-01
8.613654938095540725e-01
4.853656541940898350e-01
7.713210210563462566e-01
6.590909090909090606e-01
9.621073624729932217e-01
7.636877789513134562e-01
9.312770019089721130e-01
8.321963601749654549e-01
7.916360131048092441e-01
7.990387950255164462e-01
9.074962063732928685e-01
8.316553283494393378e-01
6.042553191489361541e-01
2.795103468376565203e-01
7.004562682567655463e-01
6.452004860267315234e-01
7.587386335196463216e-01
5.840137516115170291e-01
8.563159146776624375e-01
6.985102423128909388e-01
6.275651800023454019e-01
6.093799132137083241e-01
5.631659687383391288e-01
7.868867162974257923e-01
6.540567759803612713e-01
5.414012738853503093e-01
8.791339722869576656e-01
5.554807473780465354e-01
8.017658786670464055e-01
5.900968105061570323e-01
4.384236453201970085e-01
5.096909376636983291e-01
1.576158940397349995e-01
7.522805396269568456e-01
8.224301195837216971e-01
4.292343387470998195e-01
7.130678413954220085e-01
4.549032760952145260e-01
7.880856774633336892e-01
5.365691256351848848e-01
8.624936900555274510e-01
7.626585968516617076e-01
8.457261987491313526e-01
8.567546288065425175e-01
5.543074553854515640e-01
4.953670705630790483e-01
5.669806801852148581e-01
5.692821368948246530e-01
6.819839533187453950e-01
7.866937531742000944e-01
6.562356317133797301e-01
5.639534883720930258e-01
9.433962264150949628e-02
7.349801418765351535e-01
3.158188932364449641e-01
7.220506485484866621e-01
5.332650972364380015e-01
7.657045840407470383e-01
7.815845824411133957e-01
9.151200275421739194e-01
6.095048577782979926e-01
7.331456172088323120e-01
8.375022762262650522e-01
7.048925705410302722e-01
6.633291152556507475e-01
8.198803400860712465e-01
5.044875609872562228e-01
8.189674112046868570e-01
8.252517536493483297e-01
7.214365136648264176e-01
6.393861892583120321e-01
3.247457627118643386e-01
8.279860935189984339e-01
8.747645040671224725e-01
6.965928818251296839e-01
6.570504179023995972e-01
3.318485523385300007e-01
9.173532395442761667e-01
9.491915658941317835e-01
7.826591672241856035e-01
2.160396485694975055e-01
6.155988857938717862e-01
8.271006045686566388e-01
5.971846237141310576e-01
3.863099921321792585e-01
7.958015649910367140e-01
5.618232183329135987e-01
7.244480128462464918e-01
6.548818464920314053e-01
6.906579220172202049e-01
6.331877729257641141e-01
5.809895362030919053e-01
6.613495648235960811e-01
7.045484651358310257e-01
8.240837696335078233e-01
5.197372206781777360e-01
7.655253182112367050e-01
4.199542877761809900e-01
6.712915458398395208e-01
4.356762330273263872e-01
6.757498265204462395e-01
7.964276786798701879e-01
7.366135324793153805e-01
7.963686529019801119e-01
4.699728787291747589e-01
5.577750990184261459e-01
6.601515755883524683e-01
7.595936794582393015e-01
6.491775535438957245e-01
8.414865444712271714e-01
6.216897856242118436e-01
6.702375407545411168e-01
7.263637958252937565e-01
8.138886468589352496e-01
4.987714987714987891e-01
4.559192762781065222e-01
5.177624176177463289e-01
7.576883274723503758e-01
6.798300466605731174e-01
6.901408450704225039e-01
5.580974583941602507e-01
9.066907775768534572e-01
7.121390440370881647e-01
3.269873938770259114e-01
5.526480052854937375e-01
6.367816144196378758e-01
4.430652995143011252e-01
8.097824673240212601e-01
5.479452054794491794e-02
7.274769153980534808e-01
8.920879740374207945e-01
8.604360605152188146e-01
9.649358556293556877e-01
7.785610615799294365e-01
8.399093212128809771e-01
5.447348767737117958e-01
9.136909944075117807e-01
9.044117647058823595e-01
7.464558260845582938e-01
6.598977482890384660e-01
6.467969329705663961e-01
8.819513887095167259e-01
7.912807770499208360e-01
8.935547301726021185e-01
7.969961084488470515e-01
6.843102178259498070e-01
7.717295873573309928e-01
8.385867393763449806e-01
8.680278823296644353e-01
8.446450685121600355e-01
7.209302325581394832e-01
8.836668564405165682e-01
7.631493839367617937e-01
2.536530535781191253e-01
7.359565104840797289e-01
8.907014847276885083e-01
8.811001932327425790e-01
6.988923412381623512e-01
5.273972602739724902e-01
8.834823179780590952e-01
4.325781884499203533e-01
7.832891318436048245e-01
4.008529671641560266e-01
6.448520216756982171e-01
5.922017528170272493e-01
8.187301424029542751e-01
6.464471403812824812e-01
7.110970320191043470e-01
4.650852519801502716e-01
6.748768472906404581e-01
8.459375191049703924e-01
5.047951390582636755e-01
6.011919793928984790e-01
7.696059003832799172e-01
6.213991769547324573e-01
4.324324324324323454e-01
6.463969997321189487e-01
5.005170630382587138e-01
5.024729032936966489e-01
7.018947368421051269e-01
5.974407746844198064e-01
9.249486431002493791e-01
5.399233205534255120e-01
8.479847757548215625e-01
7.455400170348799316e-01
5.317604355716877285e-01
6.769230769230769607e-01
4.018938921994754665e-01
6.266590552304838191e-01
6.157353408970416275e-01
7.759689343588977994e-01
3.446392641563666426e-01
8.658863906366877083e-01
9.207643967809593377e-01
8.102631428734516916e-01
7.587273974206714122e-01
8.369088375453748174e-01
7.780784844384303067e-01
6.160337809067832904e-01
6.784137557121834305e-01
2.152353575278476983e-01
6.586038350670510022e-01
7.263482280431433624e-01
5.539033457249070702e-01
3.464658169177289304e-01
3.986758405815915562e-01
7.329009253015352776e-01
5.906642728904847317e-01
8.687652699985042304e-01
6.441237294847538264e-01
7.300945420085103166e-01
6.578805809575040131e-01
6.786623995819998090e-01
7.626865671641790412e-01
4.279565767645884256e-01
7.673268994374481400e-01
7.058064516129031185e-01
8.123775144023267503e-01
8.294627383015596989e-01
2.812596480395182508e-01
9.011128343687255793e-01
6.626026374720078715e-01
5.836887025380200766e-01
6.881744109227042605e-01
8.353985361074290905e-01
7.219584457021308577e-01
7.974212415259869235e-01
7.350884831100981120e-01
5.592417061611373308e-01
5.513751637099654213e-01
7.321428571428572063e-01
1.831739961759083213e-01
8.579790779239832021e-01
5.188216038563058241e-01
6.984924623115578157e-01
7.401129943502824382e-01
7.130434782608695565e-01
7.267268649566873684e-01
9.142672196782624106e-01
7.541371158392434770e-01
5.810332395810685613e-01
5.740083346195399283e-01
7.595925297113752528e-01
7.215411558669001524e-01
6.970602020518469333e-01
6.954853939215107639e-01
4.957983193277310519e-01
3.986588185365223524e-01
7.103338912871113298e-01
2.045270816491511490e-01
8.884219347549003887e-01
6.228043143297380402e-01
7.133844073907165129e-01
4.000000000000000222e-01
4.989816700610997802e-01
7.654099341711549931e-01
8.019446033172645816e-01
3.620106331561140367e-01
7.073774793077064471e-01
4.766581393677207235e-01
5.022996423247088060e-01
3.810604497627398390e-01
5.892931556693798978e-01
7.879293097699232584e-01
7.845458717970134055e-01
1.226511786812436722e-01
5.690198766278273812e-01
4.720590244568930727e-01
7.575389289783516222e-01
9.213833100633659345e-01
7.631811487481591216e-01
9.352451974230006071e-01
4.874036653591651280e-01
7.116466421279256105e-01
6.584911961157036142e-01
8.247894683987837539e-01
6.562349194777425954e-01
5.862068965517240882e-01
4.069767441860464574e-01
9.947328277231711757e-01
8.514285714285714235e-01
7.713471640993678768e-01
8.005271352416800656e-01
7.414965986394558284e-01
8.705835010060363199e-01
4.813536917775840807e-01
6.718750000000000000e-01
9.961398048002161332e-01
8.532159419315813453e-01
8.652672687332193524e-01
6.885343493273007320e-01
9.951441990037215302e-01
7.599824466218814134e-01
9.873734501194403324e-01
9.808958924759965115e-01
9.474326145122253795e-01
8.747943081212088412e-01
9.684684294378204106e-01
6.860418071476737101e-01
7.106378723416696408e-01
6.405529953917051822e-01
6.446344069607693461e-01
6.528381186314132778e-01
3.955426707736909298e-01
6.150442477876106873e-01
5.031847133757962887e-01
6.607565977612550601e-01
6.078517381291808075e-01
6.412273800157356485e-01
2.941176470588235392e-01
3.460275771503610320e-01
3.904311872415830442e-01
8.411171055644084404e-01
6.221442612128420535e-01
5.380540349638001096e-01
4.260869565217391686e-01
7.033931123186815126e-01
5.001830057298188859e-01
5.120606478290833374e-01
2.612367202397167798e-01
6.349017529577100083e-01
7.669150504442322491e-01
2.978244561140284685e-01
6.597882648483761603e-01
4.948947697436966164e-01
6.183381723806408159e-01
4.851855986960357803e-01
6.751675598948968515e-01
5.928387147212884623e-01
7.297420087619664875e-01
6.814953271028036941e-01
5.944158706833212458e-01
5.607547169811319954e-01
6.471420709175248476e-01
5.347476225310899833e-01
4.024473557179617522e-01
1.768953068592057365e-01
3.953042134748359082e-01
4.994096812278630559e-01
6.026490066225165254e-01
3.684210526315789269e-01
6.624362161454926401e-01
1.111111111111111049e-01
3.857016769638129117e-01
2.892938496583143393e-01
2.183353437876959791e-01
5.864153674106050707e-01
5.597969672551780240e-01
5.781820529256722629e-01
2.228320526893522446e-01
5.945363048166786291e-01
5.734129947722181875e-01
4.282131405271785152e-01
4.240969941904520479e-01
4.197943101375718467e-01
3.969895828741374366e-01
4.899884959945894902e-01
6.348243509682791608e-01
1.484671029968996636e-01
7.382952067189458845e-01
4.602676103268071861e-01
2.538435257943287282e-01
5.774511387497980319e-01
6.429668835564149587e-01
4.489483328300169496e-01
6.001417936901808359e-01
1.034269836369248463e-01
3.785511225199534313e-01
4.208357857563273519e-01
3.165174938974776309e-01
8.023314749113025224e-01
2.631578947368420907e-01
4.396135265700483186e-01
7.397067637407723772e-01
5.953765736582492529e-01
5.374149659863945994e-01
3.501483679525224102e-01
5.832717270006408938e-01
5.914091147197485521e-01
4.956736711990111233e-01
6.180839634043111943e-10
5.095913261050875054e-01
6.319793983378204638e-01
5.278079008520526472e-01
4.996209249431387556e-01
3.043478260869565410e-01
5.120879120879120450e-01
3.945831120552311111e-01
3.669724770642200373e-01
3.445378151260503619e-01
7.100371747211896567e-01
3.353051895670878246e-01
3.185185185185185341e-01
1.864406779661017532e-01
5.892780281374009332e-01
4.589790041399715581e-01
9.119010819165399018e-02
5.827727788940333387e-01
1.265321516122949186e-01
3.796300373310578236e-01
4.235832831881219951e-01
7.400468384074940786e-01
6.404959830210474292e-10
6.628916875399526454e-01
5.430701637598189802e-01
6.673284005889050796e-01
4.347987476068476131e-01
3.265814378216834735e-01
6.090766119973040071e-01
4.577146546158812335e-01
7.311916152378544753e-01
6.240159045725646170e-01
5.944333996023857258e-01
5.689981096408317507e-01
6.617964900146968699e-01
3.464361828084299710e-01
4.000000000000000222e-01
5.080964783150265784e-01
5.147058823529412352e-01
6.845493562231760309e-01
6.879752907244063298e-01
6.471708090957164483e-01
6.107541800503407670e-01
6.618583189566170644e-01
4.316451901065934127e-01
3.978926064066849455e-01
1.438935912938329176e-01
4.843462246777163749e-01
5.634633828624803220e-01
1.219512195121951609e-01
3.148558758314865674e-02
5.342691990090835397e-01
1.802325581395350373e-01
7.450682852807284373e-01
5.982958003651857037e-01
5.421048286075802469e-01
6.702071825042718034e-01
5.032242495098880886e-01
5.548757170172083919e-01
6.903960927138416137e-01
5.821460218926693964e-01
4.389528621903749372e-01
6.785364260045736451e-01
7.136351491543334591e-01
4.838416997158909716e-01
5.872997241622160969e-01
6.001257466205595081e-01
7.265562259039273219e-01
2.340425531914893942e-01
6.638047898779936284e-01
7.815707597918060134e-01
5.931567035093502360e-01
3.599122901204397373e-01
6.515185103081356788e-01
5.803259171069277134e-01
6.627922677601262302e-01
2.024169184290030843e-01
7.188699442322494804e-01
2.597402597402597713e-01
7.579900871645873783e-01
7.944351111366326768e-01
4.496375135019886060e-01
4.177696474163918317e-01
6.321573163678426699e-01
6.455197636798424288e-01
5.248525695029486737e-01
7.159499686133353746e-01
5.514018691588784549e-01
7.332573382730123157e-01
6.872427983539094454e-01
7.142857142857143016e-01
5.568747584404373230e-01
6.423930091866457692e-01
6.571642442767138270e-01
3.553719008264463186e-01
7.601184600197438690e-02
6.792943804849547185e-01
6.520150702134945853e-01
4.449850220027861680e-01
4.415615540717177101e-01
3.684210526315790935e-01
5.304347826086956985e-01
4.240969941904520479e-01
6.538866737760871128e-01
2.691218130311614498e-01
7.126324145255679143e-01
4.606531561087902071e-01
4.866310160427808063e-01
5.798473904133893964e-01
2.899408284023667903e-01
3.754322111010009455e-01
5.670878749879423308e-01
5.302491103202845446e-01
2.976338729763388091e-01
3.754322111010009455e-01
5.968090098545284494e-01
4.221879333450236360e-01
7.349975996159385794e-01
6.369327073552425444e-01
6.405581541838370815e-10
5.825727570173928616e-01
6.097560975609755962e-01
6.895297353065940049e-01
5.384615384615384359e-01
2.155771905424201662e-01
4.471477593157691666e-01
8.292400995885441661e-01
1.724137931034481763e-01
6.306659205372132648e-01
4.342817663555284535e-01
2.111148763131140693e-01
4.561536420355760124e-01
5.107913669064748641e-01
4.530859712794480521e-01
6.496202553183686446e-01
7.423728813559321571e-01
6.671916665590532647e-01
5.513464547475912525e-01
3.865703676272214118e-01
6.528871150818352787e-01
5.759717314487632356e-01
6.615661566156615381e-01
4.021689122576404540e-01
2.253212159197741649e-01
2.924528301886792359e-01
3.529411764705882582e-01
4.903066608331555498e-01
5.966386554621848637e-01
5.053191489361702482e-01
5.632726767606612839e-01
4.885703215807826738e-01
4.098360655737705027e-01
6.111929307805596956e-01
5.872235872235872511e-01
4.808154252499935999e-01
5.690809494826536419e-01
3.726362625139044149e-01
5.447244530600940937e-01
4.972436604189636178e-01
4.771977121924268483e-01
4.347540507684260480e-01
5.906171736118436266e-01
4.986505492114265969e-01
5.407317657216484941e-01
6.023986768311423434e-01
5.150472914875324770e-01
6.649626425481713898e-01
5.657701423799785800e-01
5.167785234899329172e-01
5.614005123825790422e-01
8.655222056527208663e-01
3.670820180373147168e-01
5.004767275073753741e-01
3.658791899346621190e-01
2.914285714285714257e-01
5.924308588064046699e-01
7.078425600135637152e-01
6.565540927303951113e-01
3.511874684183931561e-01
5.234912522115195976e-01
5.828877005347593565e-01
6.683840749414520221e-01
3.622377622377622175e-01
5.952597994530538505e-01
3.291253381424707469e-01
5.217657878602083299e-01
3.999999999999999667e-01
5.316214233308876880e-01
8.501931409664683637e-01
4.401876871957178805e-01
5.582268970698722743e-01
5.670103092783504994e-01
7.423656487531671289e-01
4.425070204348560132e-01
3.313782991202346428e-01
4.232282126714278503e-01
7.431271563321603102e-01
7.310961474776465074e-01
4.433355708391157890e-01
3.030370206162713576e-01
5.555555555555555802e-01
6.008421052631579551e-01
5.835338822039265461e-01
4.461210963827946241e-01
6.255572065378900426e-01
5.515526280414033700e-01
6.957862281603288679e-01
3.308067135896046729e-01
4.341786670064994302e-01
6.298750955901096793e-01
5.187580853816300408e-01
5.910079767947790108e-01
3.989180524944900830e-01
4.093235879339349736e-01
5.275590551181102983e-01
5.908141771772527084e-01
5.811320754716979842e-01
4.744658994073396308e-01
1.401069518716576423e-01
8.491269484212400354e-01
6.389556534289628775e-01
9.589041095890429856e-02
7.551020408163264808e-01
5.031196823596143508e-01
6.897560975609755562e-01
4.525743937457877841e-01
3.600510937250520627e-01
7.092667975717639184e-01
6.037707215123135907e-01
6.524701873935263574e-01
5.050475915777329350e-01
6.283944735588375963e-01
7.874605789550770396e-01
5.052739214774627508e-01
4.598070739549838248e-01
4.143744454303460722e-01
3.250000000000000111e-01
7.051597051597052745e-01
3.709677419354838745e-01
4.984357402077337906e-01
6.593289510615115701e-01
7.381258023106547217e-01
3.186558516801853425e-01
4.613750973654142662e-01
6.111685625646329223e-01
6.517944802007200611e-01
7.487961157320810468e-01
4.038185177581604668e-01
7.338404920097809647e-01
5.115827951941593899e-01
5.757712499999072531e-01
7.760385310054184194e-01
5.969188028791514444e-01
6.366072624949752345e-01
2.900096993210475871e-01
6.200873362445414871e-01
7.329419006581752161e-01
7.279337033851925876e-01
5.287063408784290486e-01
7.617596475877259632e-01
2.692876145433046320e-01
4.661921708185052249e-01
5.426536064113980373e-01
5.294892915980230486e-01
7.182446509474520457e-01
4.328808446455505443e-01
4.950267788829380011e-01
5.657142857142857251e-01
1.044776119402984621e-01
6.661560144616703871e-01
3.651544258903503537e-01
5.225464190981432555e-01
9.774436090225553653e-02
6.307692307692307487e-01
7.838874242476118193e-01
5.477145148356056259e-01
4.375328341665959409e-01
8.053582415123887728e-01
3.442107332415961229e-01
5.756841447284506419e-01
5.157704027011447145e-01
6.276053728578047108e-01
4.545563395406118645e-01
6.909207984546039683e-01
4.107142857142857539e-01
5.061464457509353698e-01
8.785083768690326034e-01
3.767373811265544714e-01
6.120300751879698131e-01
6.178736784584170056e-10
5.609773273008706873e-01
6.371496600560441204e-01
5.773444126511436680e-01
7.413521560922932130e-01
4.924995481655521368e-01
5.614617940199335688e-01
5.952989269289729046e-01
6.720717641290110400e-01
7.181736064570645173e-01
6.493650001584667653e-01
5.661274976213129806e-01
7.121823794823083364e-01
5.266204835846663990e-01
6.315789473684210176e-01
4.694844730271165445e-01
6.804588283490372591e-01
5.958205285802089524e-01
6.741676591723698708e-01
5.342691990090834286e-01
5.019584468125718457e-01
7.151157869116412380e-01
5.471698113207548175e-01
5.092389877649861063e-01
7.827732044731263716e-01
8.171334431630971062e-01
4.766351476723204583e-01
6.222547584187407832e-01
5.768767359709298104e-01
6.220209059233449134e-01
5.571306366858119752e-01
6.111822771456558723e-01
5.703867824040154133e-01
2.111148763131140693e-01
5.842630651790957641e-01
5.023152808536338609e-01
5.879593788423880252e-01
7.257327238504974742e-01
6.973884645076827704e-01
2.941176470588235392e-01
5.539892099649241786e-01
