-1.416961466783233163e+02
-6.086115614647213334e+01
-1.562869242155292966e+02
-6.449026291651634324e+01
-5.489510664658045016e+02
-8.321867097248059508e+01
-8.283798448909477941e+01
-1.257540094431612090e+02
-8.415697459686620618e+01
-9.485304080849478225e+01
-1.852527963389955517e+02
-1.478715924262727128e+02
-8.412718981611214986e+01
-7.611108161887705137e+01
-3.026261526296838724e+02
-1.199014200014995311e+02
-1.200923630694885702e+02
-6.413723858036665604e+01
-6.121244455601470236e+01
-1.832649943310195511e+02
-6.480072094529386106e+01
-1.117977882247317041e+02
-7.460981059158133633e+01
-7.406523401605500112e+01
-6.620200850043735841e+01
-1.268406287769830953e+02
-6.533717041133350278e+01
-9.135768658187292601e+01
-8.720205620705108629e+01
-8.038165127855992864e+01
-8.153064666796414883e+01
-1.132461583618273835e+02
-1.139793040409915932e+02
-8.115166404361491459e+01
-6.328151960929388054e+01
-6.069160731478312698e+01
-1.042963100028182737e+02
-6.636004012106303662e+01
-7.168447006014773137e+01
-7.466707490481296361e+01
-1.516278731148777865e+02
-1.527534106616976146e+02
-7.834137662422492099e+01
-1.297273147063290821e+02
-8.318324137867341506e+01
-1.002315459972643339e+02
-9.779259685614900377e+01
-9.043886696745559561e+01
-1.139805886090556726e+02
-1.206814542999766928e+02
-1.156121047597660692e+02
-8.852488073358040310e+01
-9.123822718237371987e+01
-7.031617355985275708e+01
-6.101327556615419212e+01
-9.619325630065399935e+01
-7.976355665796296535e+01
-5.883227945875947285e+01
-5.898971913043340720e+01
-7.256559819753333329e+01
-8.728224010606083993e+01
-2.992950984016180200e+02
-1.467701583463170891e+02
-9.884922873522191367e+01
-8.852381220157427322e+01
-6.515476423909035475e+01
-7.385551187887104163e+01
-1.046134172296785465e+02
-7.778826458784975273e+01
-9.439479568990844882e+01
-8.522061936243065361e+01
-1.021433968071104630e+02
-7.584055346563057753e+01
-9.885032506352874293e+01
-1.207036603608670191e+02
-3.177363671517411490e+02
-9.731303282096317275e+01
-5.933176254624463297e+01
-9.661322448204494151e+01
-6.625302907154600973e+01
-9.693847386091101725e+01
-8.672892765802828308e+01
-8.476482826104030721e+01
-1.449972303231919284e+02
-6.370294243037346860e+01
-6.126317067905644365e+01
-9.268269871860809417e+01
-6.690780114895513009e+01
-8.251918765949022827e+01
-8.941529878962634825e+01
-1.662062918595740371e+02
-6.824240614669432148e+01
-5.872850626043240396e+01
-5.958963706564709639e+01
-6.467480641579426504e+01
-6.526858103760473284e+01
-1.194556653618298157e+02
-7.825056730808691441e+01
-7.638500459126598230e+01
-9.687726316557744610e+01
-6.026428022750111779e+01
-1.007843616945415874e+02
-7.593887087570330152e+01
-6.768300000131702632e+01
-8.689188775489597560e+01
-7.447438351329168427e+01
-1.245296737370857159e+02
-8.798618322156011118e+01
-8.148621757835906010e+01
-6.684621755086354256e+01
-8.876117238529047881e+01
-6.958818133422985852e+01
-1.462445262674735602e+02
-7.218729849408973109e+01
-8.098186282149831072e+01
-6.911445835650479808e+01
-5.966263560973745683e+01
-6.139208039013635698e+01
-9.441582858848511250e+01
-1.067331713141792875e+02
-6.834797007966071192e+01
-6.047930858548370736e+01
-1.298226685248556294e+02
-1.255378312707913580e+02
-7.218373192161003260e+01
-8.147194034438621202e+01
-5.862020343415805712e+01
-1.527471176092359997e+02
-1.402726188319388143e+02
-1.522644140793543102e+02
-8.626208462292132140e+01
-7.715690925638382680e+01
-8.431409909818306403e+01
-5.256532541870450359e+01
-7.823640563353134780e+01
-8.783050151623338309e+01
-1.211054430380070386e+02
-7.466680986698472111e+01
-8.913104096111217700e+01
-9.754330927955871289e+01
-9.057462168524043022e+01
-7.221297486027874868e+01
-1.127638408546811348e+02
-6.931189712304527006e+01
-6.905748938245697843e+01
-4.443075640457279292e+02
-8.982515946130357065e+01
-1.289265391513511361e+02
-7.911222282753890056e+01
-5.684262492631732044e+01
-1.090956430029880835e+02
-1.417253667160651673e+02
-6.170999706974394883e+01
-1.482480402046384711e+02
-1.694382725115800099e+02
-1.063427611813924045e+02
-1.061731668837747975e+02
-9.784610411906470517e+01
-2.614038413123977307e+02
-9.027593138346102819e+01
-2.296532078099656360e+02
-1.796248807318291028e+03
-2.290288989525729448e+02
-4.230153799836897974e+02
-1.138306354474795512e+02
-4.410207302785364845e+03
-1.338192375417207529e+02
-1.231010898037909840e+02
-3.358940274497271048e+02
-1.520739631806928571e+02
-1.802910540603381264e+02
-7.372754848536831673e+01
-1.510481798194596479e+02
-6.613626102799914008e+01
-9.915485158278258382e+01
-9.277129407548986251e+01
-1.394720410561318715e+02
-7.603298457869408367e+01
-1.329736380756870631e+02
-2.154927211633240915e+02
-1.463180051153751435e+02
-7.992007800402627993e+01
-5.501136292633725589e+01
-9.221603355759336296e+01
-8.395990567104797719e+01
-9.663593785017002347e+01
-6.165468327241444513e+01
-1.927373530273997915e+02
-9.053206983672056651e+01
-7.630620955648043946e+01
-9.210903937359829285e+01
-7.983768534048630272e+01
-8.667330874603307223e+01
-6.163638137687360086e+01
-6.971119280844075661e+01
-1.155260551088850036e+02
-1.166413022136806319e+02
-1.473192658670236597e+02
-1.277265147708863537e+02
-9.538191435380996097e+01
-7.119507761234459053e+01
-1.445561186885022380e+02
-6.903394253362415611e+01
-7.035577786198653882e+01
-7.300322827776936663e+01
-8.840516131295299829e+01
-1.723017899843032410e+02
-7.479128824984232438e+01
-1.272845560924910160e+02
-8.464455612402355200e+01
-1.577918839151029431e+02
-1.412573624105956469e+02
-9.694620520424976462e+01
-7.313265835026462014e+01
-7.949348603297198679e+01
-7.909817341660337320e+01
-1.194326736802712077e+02
-8.233035458387058725e+01
-1.161042616965915357e+02
-9.244449920453646996e+01
-7.955983876001948829e+01
-7.834052613441077995e+01
-6.091365741047069093e+01
-1.362682054685705282e+02
-7.744740363397545480e+01
-7.475443806457751350e+01
-7.532061701371253548e+01
-2.050935400357372487e+02
-7.561037162893285313e+01
-7.321591536840668368e+01
-6.545829839606302869e+01
-9.064070747853463672e+01
-6.272565833309079153e+01
-7.430605669739298946e+01
-7.183806685904198730e+01
-8.558582330780329528e+01
-8.204470711498645130e+01
-1.046663606109211031e+02
-1.516523692187519430e+02
-8.307684119638724951e+01
-1.070275248700847328e+02
-1.233980945491608026e+02
-8.546676197586842250e+01
-1.160414231311286386e+02
-8.364477007823066401e+01
-9.384076846262581739e+01
-9.078539719763345772e+01
-8.062850929991607529e+01
-9.405617081713710093e+01
-8.192035996568733935e+01
-7.829004501476066480e+01
-1.052681939562766189e+02
-9.117836147170321226e+01
-6.111968893844577622e+01
-9.226566296156624958e+01
-1.090180511662447742e+02
-1.640504792438737809e+02
-8.103503816084943878e+01
-6.404131780969105137e+01
-1.258727674622421517e+02
-1.270526022034856908e+02
-1.733011216760271509e+02
-9.931011874420789809e+01
-6.269769347462593601e+01
-6.799753346600732584e+01
-1.188411353745456438e+02
-1.235825648942491171e+02
-1.255444231184716131e+02
-1.077370597813574307e+02
-1.357855681521177758e+02
-1.156673124101625945e+02
-1.742999285651704326e+02
-1.584760471678765157e+02
-8.398808860815131538e+01
-8.590931798376556117e+01
-7.047197270993628138e+01
-5.441543632708656020e+01
-7.697821567513665286e+01
-1.117687820054462833e+02
-1.171513626549281071e+02
-9.643350060349726505e+01
-7.051357794184505678e+01
-9.558043355033728972e+01
-5.294578792530243305e+01
-5.520504080961518412e+01
-1.199454660992236654e+02
-1.586322409724856470e+02
-5.596573743063504480e+02
-6.600475458515130356e+01
-5.795164138181175417e+01
-6.622875309727460547e+01
-9.567775808714301888e+01
-7.247879308407109988e+01
-1.033566101221001503e+02
-8.256214972654186113e+01
-6.219559034470632497e+01
-7.459304216219902628e+01
-6.623933881889288955e+01
-1.018785022077000946e+02
-6.760748765179775432e+01
-6.565416547877896392e+01
-6.435831342358295615e+01
-1.024195674989180418e+02
-7.804359965033324897e+01
-7.128050628555442358e+01
-1.320965112912845427e+02
-1.307375208452116055e+02
-9.888184065322811023e+01
-1.125380167721975226e+02
-7.239829968758172640e+01
-6.097561857980148403e+01
-5.838817575356996770e+01
-8.148764319078333074e+01
-7.725836737440509694e+01
-8.538215603369656037e+01
-8.460015845450800498e+01
-6.328675184654044017e+01
-1.180624402023366031e+02
-6.721937767656496021e+01
-8.779775354204885218e+01
-8.013394499745268718e+01
-1.273838578590705595e+02
-7.609200705863825931e+01
-6.646766350384500299e+01
-1.402477235412809478e+02
-6.458484615130549855e+01
-8.712475993087545589e+01
-9.046850389217311772e+01
-1.102442707672195468e+02
-9.644458910849594702e+01
-1.555105498405795856e+02
-1.050105833224707652e+02
-9.829792544348120487e+01
-9.592570586549561540e+01
-1.423193637078788925e+02
-7.185705162162963688e+01
-9.698140035706512663e+01
-9.049961965290872001e+01
-8.061548786785942866e+01
-9.550496551551192681e+01
-1.146858525280351699e+02
-7.279378905344660211e+01
-8.773357539392335980e+01
-8.069000657845137425e+01
-6.313760831879083923e+01
-7.336599323872719935e+01
-1.990597534032073099e+02
-2.531839799830976006e+02
-7.241981841030228395e+01
-3.529208679364035675e+02
-7.305161473307589404e+01
-7.005104782220311677e+01
-9.250711967621205645e+01
-7.723256522637754529e+01
-1.065784511864517583e+02
-1.028008358677542162e+02
-8.279402137212365176e+01
-9.274244737188125498e+01
-9.783634320795688666e+01
-1.021875047557717409e+02
-1.233214883998979872e+02
-8.707794991027671472e+01
-9.410455056100113325e+01
-6.123757017779696810e+01
-1.175265901687122891e+02
-1.248774196727829917e+02
-1.204354593134352029e+02
-9.869602746210482280e+01
-7.026895791653028311e+01
-8.312340911484602657e+01
-7.335827546160963664e+01
-1.749173671789824311e+02
-1.119636928271881402e+02
-1.125716479389853504e+02
-1.401956766365751150e+02
-7.662435278737702049e+01
-1.022090013365271091e+02
-1.309339655746336746e+02
-1.513396761565479096e+02
-1.830673491064462723e+02
-1.650392383184258165e+02
-1.041086138621474504e+02
-7.361240289477015608e+01
-7.242827754063976897e+01
-1.455116686646643416e+02
-1.345139840396911950e+02
-2.229940768296590932e+02
-1.234373675210350569e+02
-1.391648762968715687e+02
-8.975472238853947715e+01
-1.084958057150796265e+02
-1.232295150754743531e+02
-1.704818065366090991e+02
-1.026090312223882961e+02
-7.390543752734541272e+01
-7.983176339216707618e+01
-1.114746534723931291e+02
-7.420880681465106932e+01
-7.241450131742985263e+01
-1.178232033036230462e+02
-6.936274986678168375e+01
-8.791214462928451212e+01
-6.858098633293826651e+01
-6.588819526581109187e+01
-2.081667062085094244e+02
-8.076500598113199203e+01
-6.664259541833470735e+01
-3.421603295684873842e+02
-9.207792883895290004e+01
-1.162424095100415968e+02
-8.193912190364611092e+01
-1.365764038930166748e+02
-7.556703407595736621e+01
-1.058442415183588281e+02
-8.800499424778330138e+01
-2.969193865257272478e+02
-1.047007796862383628e+02
-2.046707829026880177e+02
-1.326682994772401685e+02
-9.952587882099159344e+01
-1.012140418802016626e+02
-1.526846909181460887e+02
-1.075829732007826749e+02
-6.873231469963494078e+01
-5.150146965012446287e+01
-9.540093749238215537e+01
-8.891497359988102289e+01
-1.046714830530615359e+02
-8.470534629072167832e+01
-1.270746899477958607e+02
-8.521583537051651547e+01
-8.516694229925074922e+01
-7.145546546007136612e+01
-8.129323431357512675e+01
-1.068780687881060771e+02
-7.981762120605216637e+01
-7.635520373430361474e+01
-1.740456688607929436e+02
-6.738025550015633769e+01
-1.100870161202895474e+02
-6.508724015179639366e+01
-7.322395293219105383e+01
-6.510341113427176651e+01
-5.287165938525572528e+01
-9.837292711764517605e+01
-9.561883986008498937e+01
-6.252694487851884730e+01
-9.656918586953179329e+01
-6.887711078670268705e+01
-1.207728695481174270e+02
-8.635642245289774621e+01
-1.504808203448352231e+02
-1.244391830501269709e+02
-1.127452075877211541e+02
-1.487156989800106999e+02
-7.557367664173210642e+01
-6.160264219199207503e+01
-6.414199934065558750e+01
-7.433703097498494117e+01
-9.803966552564406811e+01
-9.871159079149832394e+01
-9.149220813082604309e+01
-6.603038457246259441e+01
-5.225606348967335890e+01
-9.969272281239369704e+01
-5.952465752186893866e+01
-1.074837188366599889e+02
-7.629590133223695148e+01
-9.171282061605998592e+01
-1.169999813973233529e+02
-2.044848422817275946e+02
-7.119487782833526524e+01
-8.226195314160518990e+01
-1.254912201339156610e+02
-8.535845953773520023e+01
-7.181481749474046694e+01
-1.180245920562093858e+02
-6.231185732904852870e+01
-9.323090171014936800e+01
-1.199678826147624875e+02
-1.017422006657344156e+02
-7.859633886179287288e+01
-6.334431555680654924e+01
-1.149741754454667131e+02
-1.659112052877272845e+02
-7.908714917230551578e+01
-7.519066448379686562e+01
-6.103666582014250963e+01
-1.989913741622181931e+02
-2.841731668901559829e+02
-1.077429536513733979e+02
-5.889626062272759555e+01
-8.513358048414674784e+01
-1.129142360702362851e+02
-9.077041160454299984e+01
-5.889207750599804569e+01
-1.046974368286046655e+02
-7.983023046794075128e+01
-8.209873274118059783e+01
-8.806513206436558505e+01
-8.388905805904082058e+01
-7.037722343407992298e+01
-6.833512789200079851e+01
-6.922069073656962246e+01
-8.629857114561910691e+01
-1.213233309075961870e+02
-5.846744249306357233e+01
-9.910435227803841940e+01
-6.241565092391754632e+01
-8.631548176056659827e+01
-6.770512451661920750e+01
-8.390689809820324285e+01
-9.774316484111132297e+01
-8.396745695016150535e+01
-9.365421608486759908e+01
-6.623153183032263769e+01
-6.236892288862800626e+01
-7.635530653743633422e+01
-9.638684849532654653e+01
-7.296655824842812876e+01
-1.152665944619660507e+02
-7.322068516465233756e+01
-7.441276847488825297e+01
-8.528275886462211020e+01
-1.123563708355430322e+02
-6.905970143469997424e+01
-6.610858344312003965e+01
-8.054791949314056865e+01
-8.489501578929088055e+01
-8.376813579613146032e+01
-7.802702005695269349e+01
-7.079344686980249435e+01
-1.430868909797973743e+02
-8.036385490664490305e+01
-5.440365006462592135e+01
-6.996023555836657692e+01
-7.423071287502418159e+01
-6.076561961451819371e+01
-9.442840714493161158e+01
-4.805212981642836212e+01
-8.795437575136978126e+01
-1.766698528343991370e+02
-1.236381694866351211e+02
-4.222073007027387916e+02
-9.384585132592717116e+01
-1.091475204487051656e+02
-6.478819992645684067e+01
-1.742855324132657415e+02
-1.886414518737961998e+02
-8.038321173998281211e+01
-8.060554049926869880e+01
-8.046721391116173550e+01
-1.623681911738455881e+02
-9.311975802916555267e+01
-1.802706617214784046e+02
-1.251818031392647868e+02
-7.356733630586968786e+01
-1.040901718839601102e+02
-1.303632584565104651e+02
-1.430261102225343279e+02
-1.339760798858989119e+02
-7.950831209906382924e+01
-1.624738970766957777e+02
-9.515267251951863159e+01
-6.444169753552844782e+01
-8.526212598576724133e+01
-1.615758664442371355e+02
-1.519699247324559224e+02
-7.167072123457401744e+01
-6.879010202800130003e+01
-1.474753080278536856e+02
-5.866837402120285105e+01
-1.019112654732966661e+02
-6.421063215709584426e+01
-7.393267340215506067e+01
-6.270958800279910861e+01
-9.376746598212676531e+01
-6.739245863463328590e+01
-9.337580989236305129e+01
-6.619158086118606832e+01
-7.509181036960464439e+01
-1.220883839868246241e+02
-6.373024351870608939e+01
-8.052841915961273855e+01
-1.089876537627725668e+02
-7.360913280022015215e+01
-5.855499710912209821e+01
-7.742288310038793497e+01
-8.376492348715107994e+01
-7.351120206646692168e+01
-7.444262143803791787e+01
-6.507104976597499046e+01
-1.853129337519595765e+02
-6.556888173788944130e+01
-1.201678042934985911e+02
-9.369311123758424742e+01
-7.078726370721943795e+01
-7.869246756711677904e+01
-5.791889097073305948e+01
-6.658165386879991843e+01
-7.157488463640167708e+01
-8.626656600842746059e+01
-5.484680216362688299e+01
-1.098858533684363010e+02
-1.866302937046723969e+02
-1.210771317693927216e+02
-1.064577444439369742e+02
-1.305139262331643693e+02
-1.011732959319229792e+02
-7.419168049422012245e+01
-7.818268844888149260e+01
-5.184714575438006534e+01
-9.027608123844190402e+01
-7.606202359061964557e+01
-6.280479614699291346e+01
-5.447664434542585354e+01
-6.644640046452654758e+01
-7.957668718531195395e+01
-6.881082983659689489e+01
-1.395728445793143351e+02
-8.692140184308166795e+01
-8.609350949924333918e+01
-7.026609239650505856e+01
-8.279725656440817261e+01
-9.590677447794513455e+01
-5.749793631235927904e+01
-9.898223396960158027e+01
-8.271403708464573867e+01
-1.105752710717348748e+02
-1.196027453610842741e+02
-5.404263261645338901e+01
-1.497170137150494895e+02
-8.098782450483196271e+01
-6.967335448274059218e+01
-8.050178222838188447e+01
-9.855187013426503029e+01
-9.362609090034260362e+01
-1.034855920125511659e+02
-1.078720602901943835e+02
-6.488131639604455358e+01
-6.976226155590053679e+01
-8.801415208528287337e+01
-5.080173682644314681e+01
-1.037498214593273929e+02
-6.877074874006589766e+01
-7.948449962147157066e+01
-9.786744039482645974e+01
-7.912871401215822686e+01
-8.809136817220303328e+01
-1.588422571755465356e+02
-1.039986810652264779e+02
-6.831019914147016436e+01
-6.582939243370762483e+01
-1.040082860445630075e+02
-8.937309493082381096e+01
-8.654033674189236081e+01
-7.951769522508337218e+01
-6.523620714674866861e+01
-6.504086688184078469e+01
-8.140818943239219152e+01
-5.584499166206823872e+01
-1.260332152765251124e+02
-7.675503165225919133e+01
-7.352278935417211869e+01
-5.599373310795672865e+01
-6.669244467851021341e+01
-8.998347448465970899e+01
-8.447007891877075281e+01
-6.238279931148100843e+01
-8.715631381275133549e+01
-6.038398166120247623e+01
-5.922835191252710274e+01
-5.924267085236221675e+01
-7.065011486685276054e+01
-8.549974927940507996e+01
-1.024863523017279192e+02
-5.279293990273083637e+01
-6.613816671304647343e+01
-6.417752782739195538e+01
-1.115882763691318331e+02
-1.397321105199876001e+02
-8.629962531672838111e+01
-1.969828764037635551e+02
-6.599926046683032155e+01
-8.561685268026528206e+01
-6.877967409009012556e+01
-1.060142336305693362e+02
-7.283579496971114509e+01
-6.525856166521697332e+01
-6.069672322806313502e+01
-1.075524188525883574e+03
-1.131711244071576061e+02
-8.666390579513823411e+01
-1.145512124968614955e+02
-9.643783385715711631e+01
-1.555361672279893810e+02
-6.178188933041322173e+01
-7.900992179790225123e+01
-2.651126134090298365e+03
-9.414412973354342284e+01
-1.238647101145329117e+02
-7.147266067544065038e+01
-1.354361626429241369e+03
-8.326919378339121636e+01
-3.841444384952810083e+02
-2.774849232084008577e+02
-2.412176201230090555e+02
-1.224780574516237266e+02
-2.925048110979826106e+02
-7.257716066120848097e+01
-7.890850769188526215e+01
-6.966479728803066962e+01
-6.910085580705953134e+01
-7.846392437418623445e+01
-6.136144397762482328e+01
-7.025191355313353370e+01
-6.323869725551473664e+01
-8.053727264201903324e+01
-7.046129379721350006e+01
-7.732287064673769805e+01
-5.459575285879293460e+01
-6.234681925130962554e+01
-5.831148462339695016e+01
-1.178414145001937641e+02
-7.427622018882517807e+01
-6.469425358660201653e+01
-5.445805548533695628e+01
-9.725694821480647079e+01
-6.057966115600393664e+01
-6.418982769090048635e+01
-5.615265077817494443e+01
-7.060750565510905119e+01
-8.552694015410676798e+01
-5.646273688608451380e+01
-8.199620072162085194e+01
-5.843019671786516511e+01
-7.868315019889882933e+01
-7.354123346972667719e+01
-6.990104920289581969e+01
-7.635752993067801242e+01
-9.591511944085900154e+01
-7.756814497613402182e+01
-7.574137892627150848e+01
-8.305482249754365398e+01
-8.031531731806654761e+01
-6.263441827829622355e+01
-6.069450483038642830e+01
-5.439638074193339889e+01
-5.637512630167702810e+01
-6.483004169345828416e+01
-7.062983469310104567e+01
-5.840589812898070932e+01
-8.936704864409898619e+01
-4.989368481993672333e+01
-5.419876744517668499e+01
-5.862918980475397746e+01
-5.031095865860724103e+01
-7.546387818584466345e+01
-6.419103955465338629e+01
-6.384502647186812396e+01
-5.456605404116696434e+01
-6.489665554284260907e+01
-6.632367247689217038e+01
-6.136293438856230864e+01
-5.603057226063529583e+01
-6.569195137381100835e+01
-5.991583160060606872e+01
-5.958537935802166885e+01
-6.699844508008169441e+01
-5.384387723730568354e+01
-9.228630653494450087e+01
-5.646230538369677276e+01
-5.289696787887874052e+01
-6.684083443111947531e+01
-8.226653817638502630e+01
-5.758788950610168911e+01
-7.088135450393400561e+01
-5.198393742346066659e+01
-5.565934333712962001e+01
-6.469865857485844174e+01
-5.641600594895863452e+01
-1.063680332852369474e+02
-5.873434465785877023e+01
-6.376500785066222221e+01
-8.708379038830470620e+01
-7.776302658774739029e+01
-6.199656093974638793e+01
-6.812246194471723015e+01
-7.053434799757155815e+01
-8.333421721598841714e+01
-7.247479619368778003e+01
-4.730474020410773051e+01
-6.009370483262807738e+01
-7.188195966422006222e+01
-6.593608326413172449e+01
-6.224207710538399851e+01
-5.518280289174040121e+01
-6.765885022236568602e+01
-6.704344668542583463e+01
-5.334039684712290352e+01
-5.917138817535318651e+01
-8.456932196658802070e+01
-5.596765459280556598e+01
-5.807990648003520562e+01
-5.138059475231945328e+01
-7.121560538981354682e+01
-5.946271258849689900e+01
-5.240972673095002676e+01
-7.427259902393331004e+01
-6.012865048572457027e+01
-6.192665575106437359e+01
-6.582779885789358332e+01
-8.819744118844542413e+01
-5.239796346481091405e+01
-7.206875270675860179e+01
-6.749877838757522852e+01
-8.035783835129259955e+01
-5.997390114665761018e+01
-5.931314845452286022e+01
-8.242099324523621817e+01
-5.808746806356359116e+01
-9.018253795840327314e+01
-7.934721599398667990e+01
-7.098086857936868910e+01
-6.554827894822602730e+01
-8.136032569641945145e+01
-5.648410458888860575e+01
-5.745724225913544103e+01
-6.993509480078841989e+01
-7.171160883849967149e+01
-8.665808086314315517e+01
-7.907017945785973723e+01
-7.418875653323995323e+01
-7.339038745095621152e+01
-6.919403031612758070e+01
-6.553286888191551895e+01
-6.494131824762494887e+01
-5.292844525176617765e+01
-5.913420852152486162e+01
-6.695342406038275840e+01
-6.486398325784469421e+01
-4.840958072854702721e+01
-6.024529597438514372e+01
-5.876316168668242312e+01
-8.514499718714479570e+01
-6.933475472286015417e+01
-6.326550822413065589e+01
-7.569576413770073486e+01
-5.785837179698164334e+01
-7.210407904423405512e+01
-8.501526257926850860e+01
-7.283152501337559670e+01
-6.496583775731522792e+01
-7.591543256755159064e+01
-8.721809646291471552e+01
-6.074960134658694955e+01
-8.038607466348373976e+01
-7.156632355082051333e+01
-8.703732107791606154e+01
-5.755228252299571068e+01
-6.823324019034430421e+01
-1.072328729700595886e+02
-6.630843363106593813e+01
-5.925443665778028901e+01
-8.221510022710575072e+01
-7.922210532622352730e+01
-7.136388364113804528e+01
-6.762570769098306300e+01
-7.301189516041345939e+01
-5.914998789587082939e+01
-9.861850404474911613e+01
-9.067914367928045749e+01
-6.761511132097496102e+01
-6.028601458486468090e+01
-8.603296753708470135e+01
-8.697905113857473225e+01
-6.131540675292104936e+01
-8.846905751765248738e+01
-6.306133708788075865e+01
-8.079259393765083530e+01
-7.469508029939771632e+01
-8.852061624387620498e+01
-6.334542166243338102e+01
-8.278861324460461901e+01
-8.459711775210044493e+01
-5.706491115161280447e+01
-5.377270519048498443e+01
-6.778178155359327661e+01
-7.085133893156783813e+01
-5.660008403584670589e+01
-6.272381429047372592e+01
-6.633615080620774052e+01
-6.419064415097280119e+01
-5.551177846722012532e+01
-7.492473991892023832e+01
-6.194228545725576396e+01
-9.089652745477874873e+01
-6.644341922766048469e+01
-7.447356787680783441e+01
-6.329296087062664355e+01
-5.703356800536001714e+01
-6.185945362924057633e+01
-7.275435458010235834e+01
-6.867541083552507075e+01
-5.391702855749043977e+01
-6.207254684470129291e+01
-7.653244069287350726e+01
-6.217634109903922024e+01
-1.037548565361360033e+02
-6.394910381821863865e+01
-5.101695736916665425e+01
-6.377503410004808870e+01
-6.465275649481218068e+01
-7.782760213145954253e+01
-6.483112925763404633e+01
-5.127000305822599557e+01
-6.161487174245446852e+01
-1.158400902944802056e+02
-5.580611416168124350e+01
-6.754307605844812201e+01
-5.806217123706339578e+01
-5.133458241535117850e+01
-6.020881906214999901e+01
-6.045701336352180277e+01
-6.016403383371591218e+01
-7.711790232016537061e+01
-8.156201358385960987e+01
-7.912029593688747298e+01
-7.715862577417915702e+01
-6.352479965687971486e+01
-8.761305659723154804e+01
-6.534696305129773464e+01
-7.839476470164908051e+01
-7.360819000996352202e+01
-5.311787623187466068e+01
-5.497152639743973879e+01
-5.956935101772320706e+01
-5.776955653747621966e+01
-6.261035146447078859e+01
-7.299401706626952091e+01
-6.833172670339740762e+01
-6.352315833703134729e+01
-5.486903240811602700e+01
-6.647735294570227893e+01
-6.554582803024020166e+01
-7.117538752829287318e+01
-7.063554751028607370e+01
-5.496685068198911495e+01
-7.632323321166927599e+01
-5.895665091238494426e+01
-6.337351385259984937e+01
-6.558592805151658922e+01
-6.903657611165039043e+01
-7.006581223485099486e+01
-7.123180026752068272e+01
-6.954300406041315341e+01
-6.056341907233816357e+01
-7.946299995438906194e+01
-6.376796939753046445e+01
-7.936671783246764278e+01
-6.554412364999355134e+01
-1.311442484206101540e+02
-5.629858264480203900e+01
-6.520140284241149686e+01
-6.349896763867292293e+01
-6.314444047499880242e+01
-6.558812510811461038e+01
-7.708141437366829507e+01
-7.266476563873800387e+01
-6.784428267983057026e+01
-6.248621803165655564e+01
-6.478484031757652417e+01
-7.273879204131657161e+01
-5.482090143519472747e+01
-7.766676376558108075e+01
-5.560543546424209893e+01
-6.691598269431361246e+01
-7.271908879709624784e+01
-6.686077454980491552e+01
-1.235232835911540690e+02
-6.056701469858340658e+01
-6.311190996203414016e+01
-7.657670341960886162e+01
-9.751437280362645765e+01
-6.154407830358871934e+01
-5.830613359882701019e+01
-5.760525348618493524e+01
-8.127758967729113238e+01
-1.048572934789863780e+02
-5.868464508360840171e+01
-6.064556439990450798e+01
-6.453951375622487774e+01
-7.336906654790087146e+01
-6.854341905462280238e+01
-5.930245988468082885e+01
-7.004940892545580766e+01
-6.937611034808976740e+01
-9.481045951499089597e+01
-6.662434979167434790e+01
-6.542463320365006041e+01
-7.856569918158947985e+01
-7.095421851405738778e+01
-6.498626770153229870e+01
-5.883938994606889139e+01
-5.909583162760364416e+01
-6.392275010958105241e+01
-6.565944283635401746e+01
-6.971557473776128688e+01
-6.261776910433614773e+01
-5.425722873252821898e+01
-1.177684673067690824e+02
-7.575644646774597391e+01
-4.963752193535361812e+01
-8.288907022492840326e+01
-6.709653834901533287e+01
-8.781313415253761434e+01
-5.673329080025002469e+01
-6.301681349317667014e+01
-8.687808446607677126e+01
-8.193949079166509364e+01
-7.504899786888393010e+01
-7.530807910705527775e+01
-6.950851486639028565e+01
-1.087792504822478321e+02
-6.212693791629139639e+01
-5.858131441743946510e+01
-5.823734470185159040e+01
-5.559607333853521993e+01
-7.900237390909386193e+01
-5.636949382251832219e+01
-6.487774867431819814e+01
-7.230391557232817945e+01
-9.495466581520030047e+01
-5.602183312625804490e+01
-5.888879800936848596e+01
-7.309033273410119591e+01
-7.283941649689300846e+01
-9.313247555731742011e+01
-5.855759264996664371e+01
-1.007344346458302908e+02
-6.384208624781790320e+01
-7.148533903345742146e+01
-9.328796059382851524e+01
-7.124232029964144886e+01
-7.360146993909783930e+01
-5.827665102070271530e+01
-6.889151992044578776e+01
-9.466077767802924825e+01
-8.383853003529816306e+01
-6.514410342203331084e+01
-1.014022118668382006e+02
-5.197307456073717447e+01
-5.758811087120293593e+01
-6.346971937911095551e+01
-7.540830090198366520e+01
-9.481554027975380450e+01
-6.038941141932818368e+01
-6.141539853219953926e+01
-6.800946907139672248e+01
-5.311737447576312832e+01
-8.442721608540855982e+01
-6.408320698986027253e+01
-5.995662874334841064e+01
-5.645762738789308344e+01
-6.695315738599137489e+01
-1.060598297112190949e+02
-6.178986473251616474e+01
-5.662223226347755656e+01
-9.448381884458692070e+01
-6.028345097615945036e+01
-6.120777608872867859e+01
-7.646725672227037762e+01
-7.425012567642755812e+01
-6.588336402926830715e+01
-9.316273726579407821e+01
-5.479452772195816834e+01
-6.897691500832982570e+01
-1.551876076964505273e+02
-6.088925119648067152e+01
-7.358445523205051586e+01
-5.501784932518924620e+01
-6.703645429401522904e+01
-7.017921367796003551e+01
-6.973793396143304335e+01
-8.533357357882573524e+01
-7.816701442652293963e+01
-7.753180043478894845e+01
-6.385219040440584592e+01
-8.539940908611575310e+01
-9.427366002028253433e+01
-7.355475846407233576e+01
-6.259407511567725635e+01
-8.493372251345195423e+01
-6.463574051069750226e+01
-6.432218960100435368e+01
-6.688810742883951832e+01
-9.010287502314398012e+01
-6.877898512593554869e+01
-7.619285247884570822e+01
-6.069695046496268276e+01
-6.547764526470641044e+01
-8.069076530808298742e+01
-7.344997579836127954e+01
-6.410057918912806940e+01
-1.005179580606193923e+02
-1.044260782632220952e+02
-6.439327074016574670e+01
-7.371400310928646604e+01
-6.535335225227915146e+01
-7.048747374505011010e+01
-6.782716468226482220e+01
-7.799834532702529089e+01
-7.359898614352098889e+01
-5.456920659718751665e+01
-6.550016051121734506e+01
-6.185635940595578575e+01
-8.624717919867629234e+01
-8.434459158312782279e+01
-8.401021804145534588e+01
-5.320643824394851151e+01
-6.149968446201705063e+01
