-4.872774027069236524e+01
-1.141855814230093245e+02
-3.570310619256505333e+02
-2.334764741640931049e+02
-6.838381862382075838e+01
-5.059381960783309751e+01
-1.059623424760458192e+02
-4.222388589717593987e+01
-7.061477033663574332e+01
-8.171737452867512275e+01
-4.267309117615429415e+01
-3.873751812157677676e+01
-5.818987176997760002e+01
-4.573255492574290315e+01
-2.623666818805310541e+01
-4.325186318971848465e+01
-5.951609186535628737e+01
-8.490876836944903516e+01
-3.438442400612576222e+01
-2.753233139132561291e+01
-2.862805359657571813e+01
-5.921598900272930166e+01
-3.500016143745154551e+01
-4.939500371025103220e+01
-1.496706816397043838e+02
-4.604913212252071730e+01
-4.188769050974561736e+01
-3.335039775129717299e+01
-2.524404184377210925e+01
-9.712577012257429487e+01
-3.475649473971323999e+01
-3.733889184673014228e+01
-4.430112859822644111e+01
-4.075732286432120333e+01
-3.797439587928202087e+01
-4.664496652480967498e+01
-6.003456830119889531e+01
-6.022576413102792969e+01
-3.341616476756858134e+01
-2.834525535231101401e+01
-4.043074759354600189e+01
-2.847591190505170644e+01
-3.425414320842468641e+01
-1.140192594594549291e+02
-6.162117786069543257e+01
-4.054517701151294773e+01
-6.340375921372882573e+01
-6.532782946414619119e+01
-8.888155224372825103e+01
-4.155698250614685207e+01
-6.792687077248319838e+01
-4.173496786757580708e+02
-5.042959092556569658e+02
-2.655937331523134617e+02
-1.297011421874511825e+02
-1.013729865542510993e+02
-9.841402671766081767e+01
-1.683087665819747087e+02
-3.979796546083559150e+01
-5.181602920062729822e+01
-5.418815768762998175e+01
-6.704024898348259853e+01
-8.586009737973749623e+01
-1.015416197628563566e+02
-4.953653419856910034e+01
-5.643376008245274278e+01
-3.781795385615109950e+01
-1.212367239940899708e+02
-1.511912539002197775e+02
-5.564047822664242915e+01
-4.438850196394134429e+01
-3.065434409342261191e+01
-7.139947257358417687e+01
-9.411693255675194791e+01
-2.496942680303625295e+01
-3.872926520729640032e+01
-4.543379046281796718e+01
-4.662450436888043015e+01
-6.666367693321164722e+01
-3.875782540321052494e+01
-1.837650921756856235e+02
-3.578386810179252819e+01
-3.670468022781300022e+01
-3.715282346052216411e+01
-3.947067602564698774e+01
-7.326306284371295874e+01
-3.976547974152048681e+01
-2.980194682348526314e+01
-4.081071001798334663e+01
-5.519926833926252385e+01
-3.083625831676753393e+01
-4.904447971485981839e+01
-3.724264579556448496e+01
-3.424389413005239646e+01
-5.262114708205339042e+01
-9.422737400338610314e+01
-4.606977967616185055e+01
-9.074434562906594692e+01
-3.829905392927187791e+01
-4.529407988484433645e+01
-5.831771074636260010e+01
-4.633238240698272392e+01
-1.606544360496835395e+02
-4.528908351523694620e+01
-6.059838989087576522e+01
-3.927800036404907758e+01
-1.044127238761523415e+02
-5.999661764264057950e+01
-8.030845860671405489e+01
-4.102019990418633455e+01
-3.969005088230437650e+01
-3.399651723355255939e+01
-4.154469038181213847e+01
-8.424303517976836986e+01
-5.880683662924868571e+01
-3.133685379777413260e+01
-2.869635500515054005e+01
-5.356102165498301559e+01
-4.926290781122768436e+01
-5.675063888226118536e+01
-5.534885793886141414e+01
-8.944855921189349601e+01
-6.996110868914746561e+01
-1.246431251269115137e+02
-6.724647341666825184e+01
-4.651445492136099347e+01
-4.229863909844326031e+01
-7.464239172923005583e+01
-4.372508695236746945e+01
-6.720789859500717967e+01
-5.760826275744431513e+01
-3.727324228846501342e+01
-6.524975029957772676e+01
-7.724135491539419718e+01
-9.721598528718294574e+01
-2.826885152042378380e+01
-5.032203396984321131e+01
-5.431379944380368130e+01
-3.653054680261320186e+01
-1.051613646946728551e+02
-1.484579388314253094e+02
-7.285710305002895382e+01
-7.175882348240617148e+01
-1.090564158782725173e+02
-6.883826094393768358e+01
-1.055488745674419846e+02
-1.000887651694785063e+02
-9.485876363727129501e+01
-8.929753240897224487e+01
-9.738020396109862986e+01
-3.375667028402753544e+01
-4.958761024366116033e+01
-4.068836737120236080e+01
-4.217649755393262012e+01
-6.357215488515144131e+01
-3.335390294497699415e+01
-3.443433927994403376e+01
-4.606356145705611738e+01
-4.795946094685839967e+01
-1.041164217657618849e+02
-7.578051836354056547e+01
-3.957172948890291053e+01
-3.584070498252698656e+01
-3.653276576966008804e+01
-7.174970068900802289e+01
-4.326180742821346712e+02
-9.421457046901750232e+01
-3.015604714592025104e+01
-3.620877206051504515e+01
-5.473664448135502170e+01
-3.148802684865220414e+01
-4.101561813396530454e+01
-3.598381913456992720e+01
-2.751284767563693379e+01
-4.666908949601966583e+01
-3.446476986049842850e+01
-3.352229509769097149e+01
-6.680576311478807838e+01
-6.046506513040532838e+01
-3.035969738927677852e+01
-1.797549918797659814e+02
-1.221721746497916996e+02
-1.377735941946034472e+02
-3.025805864516657806e+01
-4.500361575923823665e+01
-8.350835687305210797e+01
-3.361322800640353847e+01
-1.067748330042223586e+02
-3.330210849962254116e+01
-4.747385638170851507e+01
-4.405549829195062017e+01
-5.259192731754836814e+01
-2.894468591013789904e+01
-6.398739079112797157e+01
-5.429771989531350584e+01
-5.054373534818500957e+01
-1.616042927825076276e+02
-3.223051228093844145e+01
-7.456411671222228676e+01
-3.584746367035346992e+01
-6.867482739622874988e+01
-1.088601259147620226e+02
-9.175046295488937176e+01
-4.860662413194663145e+01
-9.158438248314213581e+01
-5.324235605669404947e+01
-6.316204677763518305e+01
-4.935607105411548190e+01
-4.896650169905320382e+01
-4.272619037673643305e+01
-7.775866685695913816e+01
-4.027041177267000194e+01
-6.198610395426469211e+01
-4.391871264376498374e+01
-3.376191713083835566e+01
-6.725278135869636742e+01
-3.019355744125430974e+01
-4.252951643362394663e+01
-6.792151162552167420e+01
-4.704393806251255228e+01
-6.029313683868061702e+01
-4.463530049810152889e+01
-6.804118693085459313e+01
-1.255581686795240159e+02
-6.946919317499308022e+01
-4.193811519116216857e+01
-4.676754935747275255e+01
-3.811535888614560719e+01
-3.272448982040259580e+01
-6.999972310726131752e+01
-5.268542685442268692e+01
-4.844933183787863129e+01
-4.476138313037385075e+01
-4.363129954147675704e+01
-2.277968132585398848e+02
-5.565074096728697128e+01
-5.326871382657477625e+02
-4.499888921408485487e+01
-5.352061573601508115e+01
-3.682959091594399581e+01
-4.833454198601940277e+01
-3.386573433861989457e+01
-1.098634746077415372e+02
-4.648346820945554470e+01
-3.346950440619982459e+01
-5.075069821926868485e+01
-3.379099253010682702e+01
-3.646519028403448459e+01
-4.487645341432371993e+01
-3.267239578030267921e+01
-2.827915456663584592e+01
-3.622975146690073700e+01
-3.106580279740697748e+01
-4.861600024106682838e+01
-6.380984070630084659e+01
-3.545632290117671204e+01
-3.139367436800338496e+01
-3.743097529494084341e+01
-7.394770154101978221e+01
-6.319117327066145862e+01
-4.621308570789988579e+01
-3.499720328594287366e+01
-3.784652675307140157e+01
-4.715264240443156041e+01
-4.115483499730915895e+01
-4.737698954869802037e+01
-5.319386013840672689e+01
-3.252704549511447851e+01
-4.020475766009116114e+01
-3.602087430402986712e+01
