5.116988809766022106e-01
8.473365093113902624e-01
8.586891511230307916e-01
9.814293753517163710e-01
9.003668087637552997e-01
8.780561448037090821e-01
8.942215527865260416e-01
8.646775439712766076e-01
7.941239545357066110e-01
7.555589399939079964e-01
5.805063846268548877e-01
8.580548919646148187e-01
8.475150907176842718e-01
7.284122562674094636e-01
8.916451422221598477e-01
5.825049701789264400e-01
3.889776357827476883e-01
8.691797607034742468e-01
4.866633115249119346e-01
3.832599118942731642e-01
4.465311533362792962e-01
7.434640317694163336e-01
8.560039049788480403e-01
9.251198083067092570e-01
6.362876254180600544e-01
3.860268172194777359e-01
6.376811594202899114e-01
9.340012000093678157e-01
8.654568687180318465e-01
6.692745376955903103e-01
7.747646795159122135e-01
6.274057379711664995e-01
9.433424020708418567e-01
7.833809128438602443e-01
8.236775818639798796e-01
7.107868681605002958e-01
7.246639089968975878e-01
6.900826446280992066e-01
6.336474088767666268e-01
7.444298820445609532e-01
7.182233146067416030e-01
5.079777950914670104e-01
5.685676611175211059e-01
8.167263534864124264e-01
5.993418357320295931e-01
7.038435533883262707e-01
7.767738506510761809e-01
7.789044912299092349e-01
7.853661584603849333e-01
8.180886204204386170e-01
5.867768595041321644e-01
5.571245186136071226e-01
8.175399795848928841e-01
7.747161778618731898e-01
7.347949080622347973e-01
9.630375974400704475e-01
6.776670621962161967e-01
8.806611201486500562e-01
7.637795275590550936e-01
8.760182180563672594e-01
9.159888141029201014e-01
8.077870872350911835e-01
9.742663656884875678e-01
9.950947245754759862e-01
8.984864648619815819e-01
7.825354012137558657e-01
7.142536978933213820e-01
5.822174611676486089e-01
9.141126546038583767e-01
9.153409755526962233e-01
4.866920152091254725e-01
7.529030515798001977e-01
6.168478260869566521e-01
8.976930792377113555e-02
8.484354628422424716e-01
3.782098312545854046e-01
7.428929765886287395e-01
8.350652489125180988e-01
7.719321851453175842e-01
7.853309481216458332e-01
5.621158911325723206e-01
5.262096774193547599e-01
4.764795144157814577e-01
7.750616269515201440e-01
7.720247295208654270e-01
6.648044692737430372e-01
5.436507936507938288e-01
6.101301968512098384e-01
7.606382978723403854e-01
7.132069408740360217e-01
6.582943925233644133e-01
8.529971455756422127e-01
5.580276608538785599e-01
7.306187766714081766e-01
7.350178890876564175e-01
6.025815217391303769e-01
7.522165462961986071e-01
7.917108331566673485e-01
4.793122581139924732e-01
6.721677074041035871e-01
6.905569651107531515e-01
5.143524699599466565e-01
7.384903586103404027e-01
5.950603101665710160e-01
6.552074857607811387e-01
3.862275449101797431e-01
7.861507128309572767e-01
6.329016681299385327e-01
7.133626615342315569e-01
6.544236714264685117e-01
6.052631578947368363e-01
7.680868641567331068e-01
5.529801324503310633e-01
9.151452815633839277e-01
8.999658002735978490e-01
8.757253940849940577e-01
7.653884964682139413e-01
5.694259012016021915e-01
6.065989847715734795e-01
4.994745139253811139e-01
7.026699029126213247e-01
7.043265745088810315e-01
5.967354776764282054e-01
2.730326295585411289e-01
6.852928957208141991e-01
8.811784899254143655e-01
9.612533828058675844e-01
6.177159644795689044e-10
7.196261682242990343e-01
6.071742957746477654e-01
6.341463414634146423e-01
6.543496045814016782e-01
7.093572778827977876e-01
6.174075456395332059e-10
4.361985112727500002e-01
9.915367162459033379e-01
8.939661701590506659e-01
8.842281879194631156e-01
5.365168539325844144e-01
8.683283142179790692e-01
9.358584474831308508e-01
6.475031472933276966e-01
6.295060080106809064e-01
8.262265936397785726e-01
9.198752242835273041e-01
9.449352911896465868e-01
6.144859813084113664e-01
5.764462809917356712e-01
7.401919866444073293e-01
6.476510067114095159e-01
7.695813639432815823e-01
8.545895183277795182e-01
5.069532237673830544e-01
8.529524393045876396e-01
8.565334067295121701e-01
5.499628068435408190e-01
7.545567522783761527e-01
6.687697160883280256e-01
8.053997194950911487e-01
7.778003246753246724e-01
8.549758293048841384e-01
7.979864016736401000e-01
6.831152451521361746e-01
7.328410078192876265e-01
7.816284462767327801e-01
5.812182741116750373e-01
7.066014669926651282e-01
7.111618798955612331e-01
6.785390884394809641e-01
5.569840166782488167e-01
7.205306747753100760e-01
7.503486698313307501e-01
6.989493534482758008e-01
7.010324060797247236e-01
6.295824641081777528e-01
5.936423426244911150e-01
5.290520160839246033e-01
4.305331179321486568e-01
3.722466960352424081e-01
7.013274336283186194e-01
9.291451826705410255e-01
9.245816206694069672e-01
9.825002497215531427e-01
8.188614146060955168e-01
9.044290486205617263e-01
9.772588693936384852e-01
6.670776818742294445e-01
7.457060004461297797e-01
8.867187500000000000e-01
6.331333640978310529e-01
8.338367256395433635e-01
7.411852963240810332e-01
7.769762991314588252e-01
6.234199438202246979e-01
6.231766612641815861e-01
2.705638903259182659e-01
6.353702051739518186e-01
4.596860678800618882e-01
7.877938118343941198e-01
6.939521165142942261e-01
5.987411487018096112e-01
7.775010827197921248e-01
8.669326721933834357e-01
4.687155457552371063e-01
6.088538508186778220e-01
9.049263331468786475e-01
7.522738152225943997e-01
9.085097509699618934e-01
9.114030858244936972e-01
6.202364149611856448e-01
4.683544303797468333e-01
6.286472148541114580e-01
8.276680592480060161e-01
7.270818754373689075e-01
7.000641573994866862e-01
8.245846121282675023e-01
7.045536682327431244e-01
9.232937824552911454e-01
7.833665338645419141e-01
9.120005940888162854e-01
7.427994362550780494e-01
7.606382978723403854e-01
8.977843676536115813e-01
9.065153025231977857e-01
9.368593707788596125e-01
8.778004073319755074e-01
6.270718232044198981e-01
6.175196979974270263e-10
8.808656368405712866e-01
4.838056680161944012e-01
5.238576627577840039e-01
5.657894736842106198e-01
2.730326295585412955e-01
7.897564261467080460e-01
8.292200347975213770e-01
8.569194954351051496e-01
7.777436338959552442e-01
7.015704310640551444e-01
8.017908259359496359e-01
8.805947732051667698e-01
8.042582417582417875e-01
7.086290623832648405e-01
6.536919251937766129e-01
9.426202613699112831e-01
7.067342505430846966e-01
8.339568789293015927e-01
6.530511811023622659e-01
9.106682236301842925e-01
9.356840689971798186e-01
8.924207081432997679e-01
6.283783783783783994e-01
9.530241761377929999e-01
8.659940295382010378e-01
8.171608548074772438e-01
8.944412491118854946e-01
5.557122708039492487e-01
9.150936906341515797e-01
7.625448028673835754e-01
7.874261710088429345e-01
8.106771277502984319e-01
8.603323249649024174e-01
9.551449164238613454e-01
6.785714285714286031e-01
7.276472383277388101e-01
8.456055218086530045e-01
7.003126541965052354e-01
8.933666029123649155e-01
7.431675996048732191e-01
7.048032021347565568e-01
8.939972519855823307e-01
6.945437587439763361e-01
7.122161315583399599e-01
6.289752650176678728e-01
8.008549066044560183e-01
8.916796493275152002e-01
9.726163141461533490e-01
6.996557733827332148e-01
5.657276995305164924e-01
9.427305604825841900e-01
1.674127126230976204e-01
4.821717446829658638e-01
9.443808480987457843e-01
5.800000000000000711e-01
7.978436657681940991e-01
8.130476635540028196e-01
8.186154870201908240e-01
8.115577889447235238e-01
9.034221203034045189e-01
9.972781142199496074e-01
7.676430928916021523e-01
8.093725178713264690e-01
7.545626179987413584e-01
9.947197643183365301e-01
4.660972853715836250e-01
6.662763466042154192e-01
8.549723756906076888e-01
6.063004381598211534e-01
7.348153334500261424e-01
5.677233429394811237e-01
7.033748288613320687e-01
4.811433262003273481e-01
5.804195804195804165e-01
5.456765999022958891e-01
5.187117370432392516e-01
7.714581043116596204e-01
8.096765458724104469e-01
7.439024390243902385e-01
7.382920110192838781e-01
7.540497826945871118e-01
5.472045432375212126e-01
3.105381165919282593e-01
4.874532835024025235e-01
7.345132743362832173e-01
6.201208178438661900e-01
8.080036963642925896e-01
2.741935483870968082e-01
6.369830827067668455e-01
4.763608092052267207e-01
8.463687150837988504e-01
2.908309455587391734e-01
4.168900804289543682e-01
5.607775590551180578e-01
7.002067539627843118e-01
4.993702770780857336e-01
4.739638682252923507e-01
8.094288114237714327e-01
7.505770839402762240e-01
6.697133361030329635e-01
5.757654385054490342e-01
6.505037783375314797e-01
8.732805023923445598e-01
3.181818181818179547e-01
7.444298820445608422e-01
7.250050376555498000e-01
8.142960419302367470e-01
5.870337477797512582e-01
6.087928464977644394e-01
6.057209122535754942e-01
6.608040201005026537e-01
5.376511900117051379e-01
6.666666666666666297e-01
7.186106983655274894e-01
7.740155131264916388e-01
3.930635838150288719e-01
