5.223230941425195395e-01
5.588157567466732756e-01
1.170135866185797680e+00
9.654427310036064469e-01
8.996082576793931196e-01
4.583151971147866877e-01
4.852474816565103821e-01
3.887109812212411475e-01
1.073560502425071395e+00
6.658842183807983650e-01
1.129368237781370521e+00
1.286453799278696630e+00
1.316223106578783719e+00
1.981874145006839782e+00
1.982573684865066577e+00
1.515786282800646534e+00
9.564653028230318821e-01
1.790705447083696056e+00
3.811714960825767773e-01
4.713344111428926508e-01
