8.991525022489464947e-01
7.578453175191499636e-01
4.748741703390098601e-01
7.414388631204974489e-01
9.465623220569125973e-01
7.931724674747024917e-01
9.366660397639784419e-01
1.044776119402986148e-01
9.843851195625583639e-01
7.463082165846270932e-01
9.230739344962896054e-01
9.771714690394832648e-01
8.124621899576528472e-01
6.323529411764705621e-01
7.680477738581078517e-01
6.093582313801244599e-01
5.641428892383735239e-01
8.851791269764904824e-01
4.142598847755801228e-01
8.640827406944048272e-01
8.631765234158323974e-01
8.351216958911279464e-01
7.446810841208566512e-01
8.603685766400402946e-01
9.728123113087223661e-01
7.417493046873820939e-01
9.515143882627039584e-01
5.820696702830655545e-01
8.278882034879293528e-01
6.296296296296296502e-01
7.757621567145377428e-01
8.607633399178348244e-01
7.484900387631840957e-01
6.009872480460716204e-01
7.152044097381716758e-01
5.889606576629478063e-01
8.469926877720952429e-01
6.982758620689655249e-01
5.109054857898215340e-01
6.987886508691429910e-01
6.646509070918086293e-01
7.799999099127457036e-01
6.504139834406623688e-01
7.742363877822046048e-01
2.595255212077639539e-01
7.215667767815007183e-01
7.895304910955207589e-01
7.863036617361878200e-01
4.273512675546003448e-01
7.119341563786008020e-01
3.508500772797527589e-01
7.487758143495848451e-01
5.964557608219988039e-01
6.766064678706427138e-01
8.436062557497698844e-01
8.794174709595028450e-01
4.184576485461440898e-01
8.569317236132266702e-01
5.951199892747015552e-01
8.284086992798969096e-01
6.581196581196581130e-01
3.665342702922904095e-01
5.553608586135143632e-01
5.665334786293740876e-01
7.377535873330034466e-01
4.893274937371563937e-01
5.579155346999260523e-01
6.312904833084205247e-01
4.409685508389367681e-01
6.127921353368702695e-01
4.125159642401021731e-01
6.389324960753532956e-01
4.894371741062257253e-01
6.706490151759767482e-01
7.519083969465648609e-01
8.562379901786350000e-01
6.234588470509829783e-01
9.122174632119078863e-01
7.007279590186034079e-01
3.909493024838381903e-01
6.781885801793813284e-03
4.885100074128985725e-01
7.702609708326716431e-01
5.477386934673367236e-01
6.753078164071507627e-01
6.686013855083318136e-01
6.833352318031666872e-01
5.143800094295143399e-01
7.092999716587716774e-01
8.568302237766445284e-01
8.233071187825554693e-01
8.444087417814060137e-01
4.671016856987493249e-01
7.705115136307796320e-01
7.658971418680630139e-01
6.274393849793021838e-01
8.861846601884044716e-01
9.036113332324782199e-01
7.337046384126707510e-01
6.370185646993626882e-01
7.561060833711868989e-01
5.078420767982694262e-01
7.475291124376162166e-01
6.300788356579745120e-01
3.632247320760902398e-01
5.031055900621118626e-01
4.641506709432287603e-01
9.618977639379817646e-01
7.703549060542796978e-01
5.679999999999999494e-01
5.032044980301776382e-01
6.474820143884882362e-02
4.847905884581684144e-01
6.891418563922941942e-01
6.784253371673889532e-01
6.730413325107956757e-01
7.317608140663766081e-01
5.619231299077008801e-01
7.067773167358230024e-01
7.550757331614565970e-01
4.361240696757581192e-01
7.162894485176920512e-01
6.406667147701854415e-01
3.482554312047400069e-01
8.320680736755478035e-01
2.773390763340513598e-01
4.862711759986292903e-01
4.669756662804171454e-01
4.380587484035759482e-01
6.866145444161733113e-01
7.756706753006477051e-01
6.576576576576577127e-01
8.196557063484835037e-01
3.015431024480797473e-01
6.199213630406291697e-01
7.642884298567989010e-01
4.117647058823529216e-01
7.873955960516324515e-01
6.176877015200367138e-01
4.682629981538027897e-01
5.586876155268022393e-01
6.951155185146111748e-01
7.786783042394014309e-01
8.737900751956632073e-01
5.558958652373660048e-01
6.812278630460448792e-01
5.778964883089586779e-01
8.845238476397826455e-01
4.211194261260676197e-01
7.320656033986548961e-01
7.848298261046079416e-01
6.882006361124145544e-01
7.659201916874021077e-01
5.303531325257032636e-01
7.140344486463316986e-01
6.669588080631025928e-01
5.154282347742837889e-01
6.146085292528621347e-01
7.364264115438062808e-01
6.251695169089916959e-01
6.052631578947368363e-01
7.192513368983957101e-01
8.390659909604254452e-01
7.021341931521571933e-01
4.493917499624835443e-01
7.657244716068245527e-01
9.765726167831726423e-01
8.627298627298627398e-01
8.319487753207494007e-01
7.210407619096994569e-01
9.378338149023728310e-01
6.184560780834073013e-01
8.059647862019403419e-01
6.459227467811159418e-01
8.483085518103896661e-01
8.846619046221919636e-01
8.925241459104489294e-01
7.617300991456140702e-01
5.692307692307692069e-01
8.748870177441605556e-01
9.032116146062472151e-01
8.669553855559527511e-01
7.067605386486386365e-01
7.283967095701052719e-01
8.044393690671614028e-01
8.253816084897230843e-01
4.422310756972111512e-01
9.819260040837460846e-01
6.640826873385012874e-01
9.094597591681778948e-01
8.319747130261188062e-01
9.049978099654125696e-01
7.046137759769964815e-01
5.469255663430421244e-01
9.919342799785211273e-01
6.923896397895997756e-01
5.051297525648762443e-01
6.483407627538385620e-01
6.610169491525422769e-01
8.365303558728294231e-01
7.681739942355323425e-01
8.000361982672726802e-01
4.086021505376343788e-01
8.903973573160719468e-01
5.388692687206391163e-01
8.796650222822609555e-01
8.577088569846205157e-01
9.046970728386657390e-01
7.423108894430590077e-01
6.092925026399154120e-01
9.266070524717394674e-01
4.785398317216172370e-01
6.126255380200861245e-01
8.339582217461167790e-01
5.338674435542606345e-01
9.052321706870405382e-01
7.160883280757097680e-01
8.385933773365134014e-01
8.333786174242960865e-01
8.732294719819807538e-01
8.257794174490464822e-01
8.032786885245901676e-01
7.005988023952095523e-01
7.478991596638655537e-01
5.562161588279009861e-01
8.946541909310999907e-01
7.684978608362424968e-01
8.107983387171204814e-01
7.849620197423948786e-01
7.766715996233014563e-01
8.755050780823414591e-01
5.943562610229277121e-01
9.039200614911606646e-01
7.973227073967327216e-01
6.478620194035213942e-01
8.084829925827623498e-01
8.924557094581794248e-01
4.832118401274514974e-01
5.373665480427045615e-01
7.799019097870782957e-01
2.664443770839647341e-01
7.627621783814335643e-01
5.940637276298560421e-01
6.377952755905511584e-01
7.879955008691502671e-01
8.243210418509259174e-01
8.205537513073154487e-01
9.140740740740740389e-01
7.824962656202395506e-01
7.368967405514991187e-01
7.460228858498465510e-01
5.053465023263408185e-01
7.884073313868934507e-01
1.841712969237024322e-01
7.649667405764967176e-01
5.310136157337367324e-01
7.336513615583383219e-01
6.931385248358942208e-01
7.868878274106346771e-01
6.564123052337195174e-01
6.888911172903470215e-01
6.511776464375526041e-01
6.701388888888888395e-01
7.016004341000244837e-01
6.634948793182346982e-01
8.244951877712776156e-01
6.113989637305700109e-01
5.974516741183409918e-01
7.379912663755459068e-01
7.715202358500791169e-01
7.697154029980447509e-01
6.235078053259871522e-01
7.267404033832141064e-01
6.427137695704536746e-01
7.744604900210936282e-01
6.751014171108401518e-01
5.920673484377648732e-01
9.058149305702488663e-01
3.812025685931113017e-01
9.012162016552022203e-01
9.443674216714649239e-01
8.401496360118623219e-01
6.193071654983514085e-01
5.091826404841722775e-01
5.550646891763962865e-01
6.110139860139859325e-01
6.779054435863627326e-01
6.659351377712753317e-01
6.172477284806780093e-10
3.735622013802867292e-01
3.343898573692551390e-01
7.692307692307692735e-02
8.497839357980656594e-01
5.009336275674757255e-01
8.786376541249093508e-01
9.327354260089686377e-01
9.273309520876954481e-01
8.168987221056646097e-01
6.571428571428571397e-01
4.757494898760006308e-01
5.851423058369512598e-01
6.109637488947833317e-01
3.061840120663648634e-01
8.263961387000395842e-01
6.726500354004414373e-01
5.852301466868993218e-01
7.938319986369057890e-01
5.709373756876382489e-01
5.267881425074788515e-01
7.860611801108069452e-01
3.442622950819673178e-01
6.854979615608619570e-01
8.089175627472413588e-01
6.923076923076922906e-01
3.246523946148753281e-01
7.512686014922508315e-01
8.207653598002306872e-01
6.560730240307998118e-01
8.621111779552519394e-01
7.066362859584164324e-01
5.921599683231043576e-01
3.427230046948356867e-01
5.704158290128028552e-01
6.081771720613288190e-01
2.281342772322448587e-01
8.419835083422351207e-01
6.720989598305717738e-01
6.797776827704146707e-02
7.371565113500597732e-01
8.518249567895919139e-01
1.891891891891891997e-01
8.143863170107891181e-01
4.474502220860741009e-01
9.449623722340784182e-01
9.437933948054810784e-01
8.713508164275111101e-01
5.573252137252606708e-01
8.659649388512361545e-01
9.403408775879085191e-01
9.561028478685917875e-01
9.805255305888626038e-01
5.497928847934749896e-01
6.302124311565695525e-01
7.957721246864923881e-01
5.903954802259888668e-01
7.667480336316788714e-01
9.258317916335425668e-01
6.384578467445207739e-01
7.516930022573363734e-01
4.134953747906676691e-01
7.938368881567127167e-01
5.976375046142488046e-01
6.325648414985590717e-01
6.139931623311221109e-01
5.177664974619289318e-01
8.472287108564213742e-01
7.367762598208477121e-01
8.985433316329423103e-01
5.656280780003954956e-01
9.602248876593929561e-01
7.874829401442776655e-01
6.467794597803502299e-01
5.953360768175582907e-01
6.834384249131385536e-01
6.485949169845789397e-01
7.231702692453545467e-01
8.351530721472917307e-01
8.633195750727383766e-01
8.312310723001382629e-01
8.565063137878725641e-01
8.750218632236727023e-01
8.120479840630548951e-01
8.749134437145291709e-01
6.110934013388588104e-01
8.848180343026461614e-01
7.228858098423316392e-01
9.055366719456516833e-01
8.193601242718681066e-01
7.501452643811736820e-01
3.793833851290221992e-01
7.975840679072804251e-01
8.883009994121104924e-01
8.805118035644364793e-01
8.554433429365594366e-01
7.626302444013552950e-01
6.062992125984252301e-01
8.227345977438949021e-01
8.998445864272145434e-01
8.739484359260569768e-01
9.134818448123169787e-01
8.963385903156960710e-01
8.954703832752612946e-01
7.180639181287429285e-01
8.136226230966510098e-01
7.333578099543358597e-01
8.651400642621170922e-01
9.031402762716387311e-01
8.674049249599300460e-01
7.820846591456945829e-01
8.213645168233014715e-01
7.307050947012121433e-01
7.313642293277611284e-01
9.243399871216999575e-01
8.005903102728385567e-01
8.728727783100985738e-01
1.502504173622702145e-02
7.722544128503993077e-01
7.090138803723731176e-01
6.543107038733860792e-01
9.312839059674502540e-01
3.068155384973248467e-01
4.105135217259191505e-01
7.325408618127786653e-01
6.363636363636363535e-01
5.639810426540284860e-01
9.187660668380462914e-01
8.019801980198020264e-01
8.838192995318933098e-01
9.653721854427863569e-01
7.546876202615738771e-01
6.043656207366984168e-01
9.083604489009893257e-01
7.841639384018430636e-01
7.180217105050128445e-01
6.188565697091273909e-01
8.497429814155792460e-01
8.504377431906615659e-01
7.791187521348059697e-01
7.971204188481676445e-01
6.940659953308476737e-01
6.961906987613928344e-01
5.016418775352520232e-01
1.627906976744186163e-01
2.703862660944205687e-01
6.773043323230522050e-01
6.371186134681350310e-01
4.389438943894389822e-01
5.744680851063830307e-01
5.826800144735254650e-01
7.384317635329307183e-01
8.726516923060170239e-01
5.104895104895105229e-01
5.276980798940631434e-01
4.399315946985891679e-01
5.969289827255278569e-01
7.892644135188866539e-01
5.266403723770396450e-01
6.153341265639694669e-10
5.892826668183628325e-01
9.592397550299062159e-01
8.911513855903662185e-01
8.718914845516202439e-01
9.662954271730201938e-01
3.901879871618522677e-01
1.005558362809500644e-01
6.731972114298310217e-01
6.569782665619271489e-01
6.783315659243548401e-01
6.308988752901103503e-01
6.622486477558942042e-01
6.830765588270112376e-01
3.457943925233642468e-01
8.052966160254182437e-01
9.677417159501561228e-01
6.512214426836425707e-01
7.512144854997792054e-01
8.604946100190234981e-01
8.240417348247048857e-01
2.092671871065222011e-01
7.183715960769272435e-01
3.373122041572340080e-01
8.879392695274069824e-01
7.373356841362306291e-01
3.814432989690721421e-01
5.971074380165289908e-01
8.210922787193973837e-01
8.963015294915364084e-01
8.118538737404440431e-01
3.692022263450835395e-01
5.374248770715717161e-01
9.277316362836972585e-01
9.365901666672009629e-01
9.454348795278885165e-01
1.684901531728664470e-01
6.069088743299583255e-01
6.368749741511228191e-01
4.451687007402972962e-01
6.459310055279546825e-01
6.486090775988286872e-01
7.119465830500393277e-01
7.715104779499600829e-01
6.286436537618647069e-01
6.654275092936803304e-01
5.996490948241486318e-01
8.252500949727744617e-01
4.860251359969987583e-01
8.494353826850689071e-01
5.460797799174691436e-01
5.235841615396751303e-01
6.348096348096349262e-01
6.626886280698293108e-01
6.582466567607726526e-01
5.850126884609643252e-01
3.103448275862068506e-01
6.485808071056189394e-01
7.227965387855118662e-01
7.448049580751002763e-01
6.479481641468621753e-03
7.614150555327026115e-01
7.092348645143676800e-01
6.178028824727286259e-10
5.547551570721028780e-01
6.305125148986889805e-01
4.843848249842799825e-01
6.343858588910711305e-01
3.444895534211306343e-01
7.376130429244681652e-01
3.402000298552023128e-01
7.633136094674556338e-01
5.507923839927032494e-01
2.731198272759986501e-01
5.778665145464917385e-01
7.444599259024151650e-01
5.207236284057996656e-01
8.005152255763260394e-01
5.504440446538043652e-01
6.943648519579751488e-01
8.119838341240556145e-01
7.180916976456009904e-01
9.492164709556013547e-01
7.345988223921258164e-01
9.492395109068938464e-01
3.378727400798309244e-01
7.217559956734176385e-01
8.430688753269398594e-01
6.993385447985568382e-01
8.677860046469110245e-01
7.055312375646637379e-01
5.930048389157482891e-01
9.265169347981049297e-01
4.745906212933524437e-01
8.708570396459858198e-01
7.052631578947368141e-01
4.926004228329809442e-01
6.906523201075991381e-01
7.266369993642720626e-01
7.459495341185617967e-01
6.738008395843368969e-01
5.999999999999999778e-01
8.993577597873964047e-01
4.653951490875833374e-01
6.862694467755470207e-01
8.111413904556690202e-01
5.947219604147030436e-01
8.375870069605568791e-01
3.956834532374100544e-01
6.113609670732014223e-01
7.347678144177202109e-01
4.049682264586942915e-01
7.717287710081592866e-01
4.704329151215245752e-01
6.544574982722874967e-01
7.063762934070101362e-01
7.539302802460697839e-01
6.957588733834298989e-01
1.055456171735241339e-01
5.821727019498607048e-01
7.476237299246148993e-01
7.005876542710964827e-01
6.497034891739070783e-01
8.226284188015022814e-01
3.478260869565216740e-01
7.127222982216141478e-01
7.129366146533662185e-01
3.907146782287632125e-01
4.839858527618285944e-01
5.650706398572736822e-01
7.246723270958701502e-01
7.951178643512700761e-01
6.368467670504871503e-01
4.333080428928585137e-01
7.003031586756953697e-01
9.000502947128867781e-01
7.548470675948707465e-01
6.253289982969499894e-01
5.292535305985204275e-01
6.884222084963282917e-01
6.648915443564099581e-01
3.964241588190567933e-01
5.419864880346420000e-01
5.964020404134525721e-01
9.141104294478528125e-01
7.340009388202158869e-01
1.677391677391677494e-01
5.149066687307415346e-01
5.493053202304303273e-01
8.394495101648030699e-01
7.710005537642055096e-01
2.093023255813953598e-01
5.208721847654568249e-01
6.013768263069012576e-01
7.222199776293160012e-01
8.828445638385195027e-01
7.540605074418348375e-01
5.275590551181101873e-01
2.822185970636215679e-01
5.660377358490562699e-02
6.764800755866118287e-01
6.983255393702434421e-01
9.463203084326599068e-01
4.160161896501881063e-01
6.006996803184750933e-01
7.111204599635394530e-01
5.780051150895141321e-01
6.531296838198559218e-01
6.345268162234437570e-01
6.336029047697641081e-01
6.442445307708035696e-01
6.291358623197188527e-01
4.002607561929595881e-01
6.694214876033057759e-01
6.558959295006294710e-01
6.849474912485413736e-01
6.662387676508343404e-01
8.266782208193316217e-01
8.402967203008808728e-01
7.673031026252983278e-01
6.974409727131345438e-01
2.972057578323454297e-01
7.697368421052631637e-01
8.874484603097952951e-01
6.952197843996654747e-01
6.790922242850662149e-01
6.705229686422560231e-01
5.910780669144981569e-01
7.608274078862314882e-01
9.041563056681674038e-01
7.475386171633219279e-01
5.993271142376508376e-01
8.121323565126447042e-01
4.983991462113127602e-01
3.884806826262147683e-01
6.007356171400489719e-01
9.943518314598492891e-01
4.500767883731445762e-01
3.813890742825390423e-01
6.535200884629560614e-01
3.733907875497421425e-01
4.986072423398329456e-01
5.737497362312724558e-01
4.267070612910741634e-01
3.280632411067193055e-01
5.942312393057932463e-01
3.969849246231157980e-01
7.320799144787940582e-01
5.416751166092070857e-01
6.872798985772643476e-01
8.738250486916757653e-01
8.040300741262297324e-01
6.568898727172107765e-01
3.733681462140993057e-01
8.228725452445130317e-01
5.593899245108611140e-01
7.362598460040712389e-01
7.556719022687609089e-01
9.953469265378992459e-01
9.559129512661886929e-01
7.055273956070480246e-01
7.835801969871540873e-01
8.830951939135276429e-01
5.419874406252933596e-01
4.736842105263158187e-01
6.741344195519348714e-01
9.902720521072093662e-01
8.642480990548953024e-01
9.964794930469987877e-01
7.182288671650373102e-01
8.632196461982661884e-01
9.758230818459787681e-01
8.090452621769838037e-01
9.185892250864682307e-01
7.004132231404958109e-01
7.316317068183169070e-01
8.969607758247467588e-01
9.814195466369379783e-01
9.795127809633702443e-01
8.687238572170368212e-01
6.625977232204086631e-01
6.693026599568655532e-01
5.847020312952587728e-01
1.906005221932115801e-01
2.417061611374408392e-01
6.084735221515599202e-01
3.726038894750605679e-01
1.962174940898344655e-01
7.756269247690278368e-01
6.285306077590943064e-01
7.083333333333333703e-01
5.608612236196972578e-01
3.560173555606304108e-01
6.026111598381602708e-01
6.749882242110222252e-01
7.254361799816337608e-02
6.542505792193905600e-01
6.256684491978609097e-01
8.215686844323036864e-01
6.651674162918541633e-01
6.114357921339439450e-01
8.575674295832557137e-01
5.453257572320445723e-01
6.951178564233428947e-01
5.254512269316569117e-01
5.107837980010520029e-01
7.257628427964466500e-01
6.159176400712730315e-01
3.339333933393339171e-01
7.832986757141292555e-01
5.381556812968343317e-01
6.250251987584423130e-01
7.068615820290077290e-01
5.067264573991031584e-01
3.055555555555555802e-01
5.310796074154852109e-01
3.441536932759192702e-01
6.742361193674949460e-01
6.105804555473914874e-01
5.098039215686274161e-01
6.853808877572090674e-01
6.373056994818653287e-01
6.798975672215108457e-01
1.652754590984974736e-01
6.529423482144107727e-01
3.844924060751399586e-01
6.103552810643567694e-01
3.666530513493710397e-01
2.328042328042327913e-01
4.710814878520747651e-01
5.574085952533675004e-01
4.752520114951608865e-01
1.529709228824271960e-01
3.998377939983779883e-01
6.179907758839483511e-01
8.193908193908194804e-02
7.936948506566137151e-01
4.841337172399676758e-01
6.083700284045899798e-01
2.576537523706313726e-01
9.740840035746201053e-02
3.959731543624161465e-01
6.245464584319293522e-01
6.918231919919018980e-01
4.309680898212016609e-01
3.739481656008079025e-01
5.513873488867416794e-01
1.162591162591160160e-01
8.198713312743539650e-01
5.616963703613833125e-01
6.825975921196644203e-01
6.241117501694264380e-01
6.961475854584916467e-01
5.626759038752976450e-01
5.326380842023948903e-01
4.767257264647302151e-01
4.127350709336852774e-01
4.497248624312156218e-01
5.879211524304026604e-01
3.525179856115108756e-01
6.769150599270453705e-01
4.131416311050519763e-01
6.179038192026007475e-10
7.039159503342884427e-01
4.546725704963877623e-01
6.492071119654011513e-01
7.111913357400722058e-01
5.976073953235454539e-01
6.792650950416788680e-01
3.230385275308064186e-01
1.939769707705935320e-01
3.444328824141519307e-01
5.539906103286384997e-01
6.776148345655071958e-01
6.991795806745669806e-01
5.722505699706871285e-01
4.294408346488026718e-01
6.409652736904061232e-01
5.801526717557251578e-01
5.762286494811542648e-01
6.316496719626906176e-01
6.864144211811097351e-01
5.533603893859527778e-01
6.263445933194942139e-01
7.364771151178917119e-01
4.288190269204439908e-01
5.575896262395118042e-01
6.420295688995635297e-01
5.194508009153318007e-01
4.729934039946721569e-01
6.076980014803849972e-01
6.036387264457439006e-01
6.521121760738374240e-01
6.391752577319587125e-01
5.331357505963679744e-01
1.960784313725483230e-02
2.847503373819162964e-01
4.270458979361331231e-01
6.133751306165099448e-01
6.136064318245882943e-01
3.906810035842294138e-01
6.707733719846775688e-01
7.007293781487330397e-01
5.867026055705301113e-01
4.355828220858895539e-01
6.066151286818670663e-01
5.411936777178277813e-01
5.459976105137395175e-01
5.823484272460386357e-01
6.999148710127641726e-01
5.512820512820512109e-01
5.343680709534367468e-01
7.172838435521636802e-01
3.225331369661267322e-01
6.296618745746459522e-01
8.160940573676745968e-01
3.692258681108632756e-01
7.807698082987135635e-01
7.684102447093720256e-01
4.720872376697694550e-01
7.277871234133660439e-01
7.141457767487421338e-01
6.161107614852108227e-01
5.180722891566265087e-01
6.593906596350442850e-01
4.840553125825196035e-01
1.353120907900474609e-02
6.418732782369145351e-01
5.939286418292923919e-01
7.121129820749592110e-01
6.187675309396558632e-01
5.493327499453074525e-01
8.383494710039670617e-01
6.846351301796845812e-01
6.705591214909906173e-01
5.442359249329759008e-01
6.178659679313957146e-10
5.848855774348057368e-01
2.615769712140175174e-01
7.248767298700410366e-01
3.262119967132293130e-01
2.246226694288251113e-01
2.646134506599624459e-01
7.144907887391338530e-01
7.578056609279252287e-01
6.266456029489193835e-02
5.911745619727449830e-01
5.595108117355650501e-01
5.517609391675560859e-01
7.262588712402837654e-01
6.095444685466377965e-01
4.763034567129669217e-01
4.876660341555978384e-01
7.128087306145892699e-01
4.648973479022413535e-01
4.361334867663980708e-01
2.426187419768935094e-01
5.193764884174062457e-01
4.070080862533692612e-01
6.365756486250120361e-01
7.463405769192619221e-01
6.173290012242632629e-01
7.757484683851578744e-01
2.646571712487576500e-01
5.576808129109384060e-01
5.902338539612054236e-01
5.407803283295326002e-01
6.530498041410184307e-01
4.226151772501809400e-01
8.192950453922097642e-01
6.792568574182804575e-01
4.179121249578603425e-01
3.335409529741513723e-01
3.736501079913605583e-01
5.808258974891057358e-01
6.891191709844559643e-01
3.144560357675111328e-01
6.258869060417114882e-01
5.758564437194126917e-01
6.270161290322581182e-01
4.922489328240844952e-01
3.391304347826086807e-01
2.517864649012190315e-01
6.145269194010832825e-01
3.768002094789212331e-01
2.940544893302912688e-01
4.667928695377820958e-01
3.963985300904723785e-01
7.909479857865794328e-01
7.526229936900987738e-01
6.560846560802637839e-01
5.366079703429100789e-01
6.407185628742513295e-01
5.767729876412955869e-01
5.551894563426688078e-01
5.107794361525703764e-01
5.442267190119202125e-01
4.241375356313564771e-01
8.841911332490867137e-01
3.902439024390243483e-01
6.296296296296295392e-01
6.658711217183770348e-01
2.090209020902103823e-02
3.985764362850480191e-01
8.172793781467778684e-01
4.582712771861440215e-01
1.397849462365592099e-01
5.081672949201221368e-01
6.018024608515207818e-01
7.823936696340257901e-01
5.273631840796020320e-01
8.059643182706081044e-01
4.924812030075187974e-01
6.025515210991168047e-01
7.894972702100979678e-01
5.445275322909585158e-01
5.713634290925672099e-01
5.840388819459028102e-01
2.415804826306020836e-01
7.323212564992084284e-01
4.196336694793166289e-01
5.729250604351330267e-01
5.328282828282827621e-01
3.029490616621982602e-01
5.714890803068430891e-01
4.862496697625903197e-01
4.869638351555929390e-01
6.336997053698760762e-01
6.736174070716228757e-01
7.477884434406173453e-01
8.382921606851809759e-01
6.876408535477137596e-01
3.120393120393119557e-01
5.880149812734082326e-01
4.672013749641937830e-01
8.336340671237817135e-02
5.125695643830359138e-01
6.177482081522171160e-10
7.106993527885904216e-01
2.035398230088495963e-01
6.048109965635738439e-01
3.519800609249515433e-01
7.748482119189485928e-01
2.806770098730607677e-01
6.645253390435403862e-01
6.196476490491190647e-01
6.200814111261873096e-01
2.387543252595156484e-01
5.687885010266940933e-01
5.956134338588073840e-01
5.486935866983373433e-01
8.242425478325623445e-01
7.207510832932113587e-01
7.293593696471394328e-01
6.642262055036606272e-01
4.406548431105046792e-01
5.104895104895105229e-01
5.631358467983242910e-01
1.821561338289962029e-01
5.676905574516496467e-01
8.076649816655864234e-01
3.863785255232314308e-01
4.595632780923718519e-01
8.425585178811589859e-01
7.196564576243720257e-01
3.525179856115108201e-01
4.311717861205915936e-01
4.344651332603131910e-02
7.558835382578896755e-01
5.258287714556427739e-01
3.201133144475920567e-01
6.211325814298072068e-01
6.185115697310819005e-01
7.682119205298013620e-01
6.361704952861505502e-01
5.636555308133393005e-01
8.057113052549224053e-01
4.994559303590859756e-01
4.792943179566646061e-01
7.008326578734065393e-01
7.501240359027557814e-01
7.143142543202477546e-01
6.302977599549820509e-01
4.966190833959429618e-01
6.178239110179874895e-10
8.365430093576078363e-01
9.927842746951949515e-02
6.417347580138278440e-01
8.410445642917967479e-01
8.433734939759035543e-02
7.317619229611211917e-01
2.179448317672020297e-01
3.516699410609038789e-01
6.609203590255022798e-01
3.306288032454359760e-01
7.673344252656334463e-01
5.896726602120793137e-01
6.526002816754472580e-01
6.179963448142156368e-10
4.747955711267872192e-01
5.160276555625393780e-01
4.810104829008420846e-01
3.367223432582910347e-01
7.960088691796008975e-01
7.448284404806143622e-01
7.680147813590638695e-01
5.025963377972123558e-01
7.958898364322662955e-01
5.891203703703703498e-01
6.522302624473484967e-01
2.446410343654303599e-01
3.670886075949366667e-01
5.359417652411283539e-01
6.314907872696817748e-01
5.010016390457112667e-01
7.284282677541104034e-01
3.238334730371613679e-01
4.219833221240952836e-01
6.191566618027370961e-01
5.828854009890347410e-01
3.969114836265915658e-01
5.492732364315242588e-01
3.614542064786764874e-01
7.419561385937354370e-01
4.827259012209995648e-01
5.102909865152590596e-01
6.489241223103058287e-01
4.419755546683238889e-01
5.817490494296577719e-01
5.976402964755710423e-01
4.830747827277822037e-01
6.151259462969431713e-01
6.760259179265658558e-01
6.904419635513835418e-01
2.643923240938165220e-01
6.160086533261223130e-01
7.067280046003451277e-01
4.308943089430894435e-01
6.179584934402079770e-10
7.651863195507911941e-01
5.439189189189188589e-01
