9.797483410464491449e-01
5.067413035415124778e-01
6.858563736858769300e-01
2.830864188171112183e-01
1.233970620648773497e+00
5.842350603758491578e-01
1.006328379745308199e+00
2.911844404046753931e-01
2.083634449496385876e+00
8.236686272619935245e-01
1.165363532524134271e+00
4.566152602456775011e-01
9.286040921502928258e-01
7.198528540456025082e-01
4.267465951738276253e-01
7.606767812285989416e-01
7.094659261851705701e-01
1.018114521470911527e+00
6.812344274289682255e-01
3.661989497608223454e-01
8.110976036241085430e-01
9.993773539642665238e-01
6.189378058189591858e-01
9.403189669879217227e-01
1.865892445189696991e+00
4.303138233968064053e-01
1.278623733424204545e+00
5.185426447867984567e-01
9.919626228010620661e-01
6.097648520343161849e-01
6.916929585111128986e-01
9.187612990830124060e-01
2.805383663475845557e-01
6.405981832272166221e-01
7.499759072867526744e-01
5.185175341680308136e-01
8.433096546475821187e-01
7.266863454000378475e-01
5.430130517022255798e-01
6.846545810924422604e-01
8.496141974075008818e-01
7.271169974860182128e-01
7.804177444486876114e-01
9.446567883311194347e-01
5.881868492301485229e-01
7.897613182551019850e-01
8.806934734498936823e-01
6.074547947038794193e-01
6.031301474207484414e-01
7.114251286563688659e-01
6.536105142667156809e-01
6.800888382060952253e-01
6.064910975777081381e-01
6.819732372680126220e-01
8.633090202308778549e-01
4.966172700104242166e-01
4.447244178879104504e-01
7.716573173989240697e-01
5.247545139697283867e-01
6.156308712885213419e-01
3.650424277840930154e-01
3.163487000736826538e-01
4.849437090907549597e-01
4.668177574654504003e-01
8.482623126537737202e-01
6.204361388960388801e-01
4.030289419292074626e-01
6.425643723486145209e-01
6.529657326315486676e-01
4.064939014723494282e-01
4.183351315476536714e-01
8.161351910488034989e-01
6.964860130235706048e-01
6.688915132226113114e-01
6.166037699621257362e-01
3.656899884174201198e-01
6.352447439898111226e-01
9.571945089856439548e-01
7.451022454414295559e-01
2.973689391127975479e-01
2.794603426693876846e-01
5.528126753570095087e-01
7.611209215527761085e-01
6.792405747908925040e-01
7.101511381936298495e-01
4.298018062378304860e-01
6.627232498351144363e-01
4.466330007331568153e-01
5.104615927379918539e-01
7.896565535397024327e-01
6.195881298497493139e-01
8.647576306397906087e-01
4.039966424333660822e-01
4.255514099042995158e-01
4.520531108791164265e-01
7.051340968211934346e-01
4.711892859096317721e-01
6.188319225108898092e-01
6.560768687261859800e-01
6.801543639482875436e-01
5.500972151037465396e-01
4.701539724204282789e-01
8.119362651667464403e-01
6.626943576381593148e-01
6.101572713331706588e-01
6.238299314664960127e-01
5.433702559016436728e-01
4.679553713837731332e-01
8.921694784262085287e-01
4.504971260230090091e-01
4.763414688863063517e-01
5.133018564821225649e-01
6.398118365220424320e-01
2.797710071780600827e-01
3.987805280085139903e-01
7.270454859030234251e-01
5.462623830956490067e-01
5.092683530410010428e-01
4.782840284435608269e-01
5.689388516462912104e-01
6.060574054448097936e-01
3.395131759539353755e-01
6.383607027247916177e-01
3.526998972571366298e-01
6.207066559128732175e-01
4.905710202333264380e-01
6.925013510173904097e-01
4.968848525416201256e-01
4.959362820500753943e-01
4.689423366131449944e-01
3.837977049784773720e-01
7.182807723930637600e-01
9.004499222760480315e-01
3.079500251904739860e-01
6.844487536617495094e-01
9.053370838729422054e-01
3.289057855866444058e-01
9.051552056527965018e-01
7.272968292704321547e-01
7.273739254168554158e-01
2.239730672737868244e-01
3.818402558062910512e-01
7.380773642052931294e-01
8.863398994361650907e-01
6.200900492513438111e-01
5.431658599721205238e-01
5.494670038224889197e-01
7.980539563082890142e-01
5.802557724613067736e-01
5.793373307760385504e-01
8.138711016365810513e-01
4.828524522741476366e-01
8.018285531676437872e-01
5.885617845670584325e-01
6.606194172515716945e-01
4.509822280902857639e-01
3.627858663679653373e-01
6.024317207907866623e-01
6.128809592567083797e-01
6.573323456153292721e-01
6.619064865506992801e-01
8.394181554125109690e-01
4.937007295255708694e-01
4.714424855842616613e-01
6.614671793720017234e-01
7.434354642218194975e-01
1.018767415593047065e+00
5.367940729296463154e-01
7.328423916833949336e-01
5.114969354352989495e-01
7.377882381273028756e-01
7.275831872872144945e-01
7.559978354004209811e-01
7.464532436501598589e-01
5.238533736702063459e-01
9.750657083229560262e-01
4.481192193429897608e-01
7.284860179518538592e-01
7.779991269483867988e-01
5.862576029146613354e-01
9.228517855462758934e-01
9.058234371686690878e-01
5.776474385473369111e-01
7.178111052063984587e-01
8.454660961848824430e-01
6.190543669171131302e-01
5.723276415465238243e-01
1.644807438209912931e+00
7.799274350573009995e-01
1.254363059776232081e+00
3.853323700319400413e-01
4.096535111135344298e-01
7.590395198908190810e-01
7.116990134720313499e-01
1.740149408942903930e+00
6.178798536343016456e-01
7.273425523193697284e-01
7.682389672293948868e-01
8.160424705533103618e-01
7.417313419758395643e-01
5.218323203394785725e-01
5.438842629914374394e-01
6.219748006076444291e-01
1.167716400989717629e+00
4.856958920485543452e-01
8.844141068925431837e-01
8.604781479003720257e-01
6.134553859559415123e-01
5.071656916184534847e-01
5.557891242919750230e-01
6.829143252261653529e-01
4.622759925042720375e-01
6.749094857457459407e-01
8.414375633504576069e-01
4.349999483042035764e-01
6.091519157118310268e-01
6.225008169677546110e-01
4.611256456879180288e-01
7.377119623411781957e-01
6.105104132904081160e-01
4.933841729217081640e-01
4.753231971928508770e-01
6.569811551973240293e-01
5.684056725246734443e-01
6.126231152466744545e-01
6.056448480159830616e-01
4.700871032422099249e-01
5.888571801658446514e-01
6.337080216834479751e-01
6.611282860866902755e-01
7.706252951657074357e-01
6.590867223945656717e-01
8.248743166435604790e-01
5.913400924500907818e-01
7.655336550799215489e-01
5.351413388590078313e-01
3.567862644872301647e-01
5.157474335796194964e-01
7.004621971873835617e-01
4.995570231533909000e-01
4.326230206560149338e-01
5.805207862269127217e-01
6.694149846925795400e-01
7.079418754183495199e-01
6.050155125906225839e-01
4.629246903126150725e-01
3.709764106214643586e-01
1.259648741006001993e+00
5.945763777868715572e-01
4.545943404746730088e-01
5.397332965955934370e-01
3.569652881488543650e-01
4.622658355493665105e-01
3.009380221620958085e-01
4.036895017030958099e-01
5.070398605378079182e-01
4.689985860618491875e-01
5.821129346038390606e-01
7.750228997126417108e-01
6.655167760619286055e-01
3.773150254467733111e-01
3.652892242919301147e-01
6.962569429084333184e-01
3.974483711361929683e-01
4.071692543378294116e-01
3.205503716627508548e-01
4.474745675049879856e-01
4.029049515920753999e-01
5.205606301915689516e-01
4.740091934424223163e-01
2.392462286674841843e-01
3.699968269185695546e-01
6.255564133243137759e-01
2.406067478481255240e-01
4.023339989594305055e-01
2.566491976190697355e-01
4.486852039717841856e-01
5.225925415314984779e-01
6.046493322244451685e-01
3.329027153424950480e-01
5.804732389317395214e-01
5.959357575406372121e-01
3.983597992916132480e-01
3.832963610976623525e-01
4.262143846946071513e-01
3.714751522245557380e-01
4.144529569269627678e-01
4.667554150630666698e-01
2.612326054602636671e-01
4.153379703617524621e-01
5.717148969024735683e-01
5.208852519037225903e-01
6.875770128793494695e-01
5.319489668367352042e-01
5.464479100916593834e-01
7.526988941368635277e-01
1.174005151561502869e+00
7.004350010192393894e-01
4.602037520344509636e-01
3.827683955988021580e-01
6.639953517504582070e-01
3.888448061443957604e-01
3.652383521528937416e-01
5.181532515631430691e-01
4.116391465621919155e-01
7.376272035415046835e-01
7.494871923329737839e-01
5.471471040223214732e-01
2.721468119223672266e-01
7.569083083977522497e-01
5.733260706242099269e-01
6.045158610607951344e-01
4.229113617948588311e-01
8.497934716711839087e-01
4.380444646940113707e-01
3.698864642464263497e-01
4.217265076923069067e-01
5.492466768446331304e-01
5.456255591638250468e-01
6.849875746878364424e-01
7.453296492820262742e-01
6.060450465019646682e-01
4.995034446019332441e-01
5.116225416568788154e-01
3.766420729076113139e-01
5.289314970489641388e-01
6.634702857413338206e-01
5.492415863330065706e-01
5.664157081550293960e-01
6.639853226996969005e-01
5.786705587935234707e-01
5.885320739688301162e-01
5.121999163623585094e-01
1.073772438772322646e+00
1.170430723554613417e+00
9.548229681093330923e-01
5.811271501435403275e-01
1.168520352583631627e+00
1.426262377165645967e+00
1.193062379097188153e+00
1.432552968373058455e+00
5.048398527655232337e-01
8.150136059490011853e-01
9.122793779235621736e-01
6.451869828715118826e-01
7.083419073938195254e-01
1.030288472416031720e+00
8.043775617178700044e-01
8.482397272302498736e-01
6.192519151359182628e-01
5.683304695369504334e-01
4.549687412283429100e-01
5.084431896225062308e-01
4.072725085752831875e-01
4.895074019923965625e-01
6.467134674688549412e-01
2.364584742636873516e-01
2.977284872462149790e-01
4.820839254460871914e-01
4.931163839381270675e-01
7.144870473361242258e-01
6.155919121784599879e-01
4.127255167819175452e-01
7.276981948863316951e-01
4.787484608456239465e-01
6.206342779579395730e-01
1.022972675202330928e+00
9.561861868434717859e-01
6.400348765486012503e-01
8.272953868719483683e-01
6.741624389584000010e-01
7.735198818277529975e-01
8.794899078016185090e-01
5.531318360671617640e-01
5.165939745674583694e-01
7.329288143051543303e-01
4.942436334072752291e-01
7.573894728472786442e-01
9.014159753386367102e-01
6.871676248289330102e-01
1.041903456374907888e+00
6.825819890803809242e-01
8.161640828360796629e-01
5.059348068499557316e-01
3.759298497264385031e-01
7.871335809454149679e-01
5.123401665180352671e-01
6.037832612338027705e-01
4.558794106368793675e-01
4.967770580319300078e-01
5.025361630075755315e-01
5.407916103678804820e-01
4.821231574928168118e-01
5.744914891637168397e-01
4.449106614234056845e-01
6.079752201390346000e-01
6.039992454312026471e-01
7.158038671142604725e-01
8.781189549878064549e-01
4.895593569762066721e-01
4.904857409012526315e-01
4.711631237860467447e-01
6.350499731603175269e-01
4.136062799548634872e-01
5.928712377043012793e-01
4.092543080085744855e-01
5.676997481330898765e-01
6.308332427828831079e-01
7.241202641984518795e-01
7.295975142610964248e-01
6.077682431556941101e-01
5.273226248191670296e-01
4.584152355420754721e-01
7.528716198549953997e-01
6.174605301852794659e-01
5.403093835802413869e-01
7.800520925258586091e-01
1.029174339833593077e+00
5.720017110666969495e-01
6.071802153326409934e-01
6.662682153908293659e-01
1.027765278830437889e+00
4.691791197576270500e-01
5.547065533704369500e-01
8.038581389176462366e-01
9.716643806491681579e-01
3.384159593593571436e-01
3.242134256243607848e-01
8.310987479932512301e-01
4.121150978283915634e-01
5.760515582390692835e-01
3.224426794217434278e-01
2.577756683541667093e-01
5.372233970591905328e-01
4.224721153474099711e-01
3.470663391717718205e-01
3.262451463352753489e-01
6.600224015032167824e-01
5.447617017315501409e-01
6.317291484543202662e-01
2.674083120934706015e-01
5.278186876687955831e-01
6.415728224050430972e-01
4.084927404868993195e-01
6.671088844219547065e-01
4.341373925633930098e-01
4.669710686276156153e-01
1.412270454047829249e-01
3.702661957254735903e-01
1.397457303303555776e+00
4.243017171614908989e-01
6.226320417743222979e-01
1.321692693079394187e+00
4.039615743710260887e-01
6.279195471034929588e-01
3.361889626189715208e-01
5.551870149389828146e-01
6.526763465238791806e-01
5.875151493778177914e-01
4.345866506593695777e-01
3.170600157959194698e-01
6.020381330308395285e-01
5.401710949097522363e-01
5.174485054079156487e-01
4.990742019674918040e-01
3.430472941238991713e-01
4.582421606537918635e-01
9.943035822366168563e-01
3.911525777861252218e-01
7.027402465705973045e-01
4.604376942891758584e-01
8.977643738745574309e-01
3.370577387953260229e-01
3.722209044414891421e-01
5.574230763579943737e-01
6.045473540391430589e-01
4.243020296027095184e-01
8.372838118375364180e-01
4.944054949700591450e-01
6.427479279557445357e-01
6.334654719178020033e-01
6.508267052083291926e-01
9.524910353728300860e-01
5.529961619242412807e-01
5.895027788116637968e-01
4.335670518442933941e-01
6.034070829568723981e-01
4.642609305979607526e-01
7.876973741725565858e-01
4.267692391541442198e-01
6.726501692369688534e-01
5.861298582624899778e-01
7.509248576057144797e-01
4.307020766494640274e-01
9.848035299395551112e-01
5.946111006912615515e-01
8.741841424608738365e-01
6.137253364875366879e-01
5.154039769285559958e-01
5.378066307178295258e-01
5.882619795388681627e-01
6.809555688382749050e-01
6.221682749320375239e-01
4.659115728748372542e-01
8.062810652934081501e-01
8.342359019439129497e-01
7.548395476126499304e-01
4.149239068276386333e-01
7.863042137725845260e-01
5.947280555883106556e-01
3.099095452326862676e-01
5.275167701895047134e-01
3.927373649270715084e-01
4.717034775598065166e-01
6.019162746931971952e-01
2.881124522968508406e-01
7.949042127876553288e-01
3.629671125848879520e-01
8.433084880291910057e-01
4.259439814427278814e-01
4.533515893908130479e-01
6.582661683501718208e-01
6.945321769808465717e-01
4.865483527056327362e-01
8.912892418831855901e-01
4.874159310002362799e-01
7.626766110325716719e-01
7.713811055362047586e-01
6.027370662111154465e-01
4.594037113383580562e-01
7.626990516430465217e-01
1.509152078898837956e+00
4.498624599040478289e-01
4.647021887844455246e-01
5.004682552016431751e-01
7.047940764510131073e-01
8.676405680760848060e-01
7.696017352249178156e-01
4.727137725784963940e-01
4.215034607816778300e-01
7.290555534489987499e-01
4.074290628724870911e-01
4.303248487538483547e-01
7.613479813460717338e-01
9.105527875114143299e-01
6.235142522018224387e-01
4.375881445126281188e-01
7.120022931325047377e-01
6.806598216946061486e-01
4.862481269969224362e-01
6.101304130557234640e-01
7.314760264674139423e-01
8.502904946717864121e-01
4.351310298589539105e-01
7.193165705658273179e-01
5.766296188531853106e-01
5.352914851162423604e-01
7.575757655205560548e-01
3.659315054057085126e-01
3.998423777917087807e-01
7.412870921896052012e-01
8.419973180880683250e-01
4.897354711241505010e-01
7.118723315225905512e-01
6.443699054863142317e-01
3.777210845552954610e-01
5.653684854525804493e-01
6.770598403650011088e-01
6.586272018785355176e-01
8.458800076816583857e-01
8.890527577058268127e-01
4.493212189766071507e-01
7.393123847550882033e-01
3.886633130866129493e-01
6.283774076897290506e-01
4.939794818302022383e-01
3.215634324666799548e-01
9.085448576588990299e-01
5.997151381423423411e-01
7.116459082148355320e-01
6.043312720545568340e-01
4.815209904143984976e-01
8.678747317268439287e-01
6.406209087587465545e-01
6.806637575215688241e-01
5.767186515609880049e-01
5.106264429086657675e-01
7.095140447547416684e-01
6.134464500346712423e-01
5.053053284023106828e-01
5.481978065852434190e-01
5.899837978579169917e-01
4.119128179172467652e-01
5.374580423891781589e-01
4.819623624637806580e-01
3.874203534671852855e-01
4.262689209437940385e-01
7.010823677585251712e-01
3.943199966775385312e-01
5.141427166107220836e-01
6.303418686079371724e-01
7.047412442318096160e-01
9.307856615503354858e-01
7.514368709869884144e-01
6.118658004441294151e-01
3.638677662049962236e-01
5.326643955830684396e-01
6.676073142483298639e-01
6.656906494788429329e-01
1.127028999975563384e+00
4.793115379000378318e-01
3.953859497226639430e-01
7.557099946557875869e-01
6.226738625060652677e-01
4.890705747328839559e-01
6.616992720037130349e-01
6.970040407012076944e-01
8.422844180107387224e-01
6.696506249424152291e-01
5.621538824168808013e-01
5.384257782997564634e-01
5.416243753508941383e-01
8.362746997680786665e-01
6.983900339276448710e-01
7.547366357723281904e-01
7.711794652061442212e-01
6.201512333193649473e-01
5.393067647639552264e-01
3.613839783837213826e-01
7.707880577553227752e-01
6.682348503991489830e-01
6.239951710013805775e-01
6.605187622616457421e-01
4.373145073750163148e-01
7.246333581843283911e-01
7.557699103391999351e-01
9.384288853868753000e-01
4.343617442249994576e-01
6.602324593813256870e-01
5.424435246717702608e-01
6.260100162992077166e-01
4.194333814441261743e-01
5.003622442270870829e-01
1.690838928595994384e+00
6.771835418932866668e-01
6.580028433973686974e-01
7.482167725099833078e-01
6.519195124323291513e-01
6.501700520909469150e-01
7.357187050290689978e-01
5.570341638208269330e-01
5.276803112445439536e-01
7.444043280506689175e-01
5.574000119057233027e-01
5.840998234259175970e-01
7.195418312491032031e-01
7.416268014762266159e-01
8.581685329856153510e-01
5.683730507049498115e-01
6.889157205560383357e-01
5.903689712770420206e-01
9.223249750197856089e-01
6.093986901099898157e-01
7.775479871274970645e-01
9.455486679485258783e-01
1.620785423860804819e+00
1.028089808931948124e+00
5.130264126647209322e-01
5.742274956315660539e-01
6.617629015553871952e-01
4.782712802974192212e-01
5.424163886060799911e-01
7.133421752026072316e-01
3.980889190057070315e-01
8.257661729686457397e-01
1.243110570148236116e+00
7.778541272566394937e-01
9.075185690542164618e-01
1.124226545801497723e+00
8.326119830394261845e-01
5.452528615083291896e-01
6.923876565784431447e-01
7.801999399622000508e-01
1.097405229808583016e+00
1.159968476421084027e+00
1.114060494789857358e+00
9.645412438572004143e-01
7.755165395333792899e-01
6.432136113692776824e-01
6.047327085344750275e-01
4.018230913761055567e-01
5.528793887246847838e-01
6.109826890673207833e-01
6.485336050792522844e-01
5.355406957577094618e-01
7.393975960097243227e-01
5.382193743904236660e-01
8.710762356564125675e-01
6.791228892986649335e-01
5.971718232318743436e-01
5.637662453216524261e-01
4.442447573640548875e-01
3.217663342426096973e-01
8.100218175278883770e-01
7.265182185400773651e-01
6.078965120302365355e-01
6.649213757554839344e-01
6.597983901881794289e-01
8.836839803168260454e-01
5.194651687013175367e-01
5.925645102187095947e-01
7.296696119700067928e-01
4.660001919053177732e-01
6.836687831588985631e-01
6.996071825296440450e-01
3.722560816081062485e-01
5.805458356383298435e-01
7.502470480695813126e-01
4.637609660935222422e-01
4.007935336718725372e-01
6.434280460232981724e-01
5.633596943780700972e-01
7.043977301996212637e-01
5.800074289643305514e-01
6.757955834814949325e-01
7.619668972735139656e-01
6.188755453138978790e-01
3.763733414801074817e-01
6.723035844475185874e-01
4.774229622451870991e-01
5.377846432905726282e-01
6.391349695640188289e-01
5.138833361267087785e-01
5.385753248073388288e-01
6.786374334073043135e-01
5.286309005261744520e-01
4.681401432650192374e-01
6.143372741818383664e-01
7.448956012478952227e-01
4.501676097318669245e-01
4.751458455217819066e-01
6.295433496974205401e-01
4.984260275534536655e-01
6.491240659186668926e-01
7.044256920261158239e-01
6.063106948299443744e-01
4.443406080798620872e-01
3.086692171552655184e-01
4.581052017644791086e-01
8.256737752686723608e-01
6.485042303376740147e-01
5.923016005803913853e-01
5.912617939846019910e-01
5.078514049864264468e-01
4.263466158213307655e-01
6.325885800309017926e-01
4.684913393373315582e-01
5.811876553959104408e-01
6.291185141605383224e-01
5.095020213594848579e-01
7.099989589955704172e-01
4.516164341880420374e-01
6.660512139381121743e-01
2.713799474255321198e-01
3.471618619331172662e-01
5.314648965192741992e-01
6.432560742060641212e-01
7.066847077059194016e-01
5.443674907789735062e-01
4.599585766436374845e-01
8.121665680066277870e-01
5.542466629468161265e-01
6.379314951077668105e-01
6.807084904968283556e-01
6.502363412674638798e-01
6.216947870919590224e-01
3.044676126150803186e-01
3.471696787074317059e-01
4.761448793611858799e-01
6.685790686173597175e-01
7.968228949197639910e-01
7.897494052287514776e-01
5.064668588836026553e-01
6.706344248097103611e-01
7.654490023874430671e-01
4.966894476694984628e-01
6.211900494103032022e-01
4.382562450921316244e-01
7.026546205243744403e-01
4.920408511770645865e-01
7.398398100921240728e-01
8.384365525841491751e-01
6.001231641381140625e-01
6.834158669714490708e-01
4.517313679681465022e-01
6.462333776906441507e-01
6.098436789758575616e-01
7.860763488839189739e-01
7.148965665419058091e-01
6.851683150725857985e-01
6.499181332733978689e-01
4.839835561201273895e-01
4.982434534732260167e-01
3.746345406105938691e-01
5.214923963834738885e-01
5.837667555140005904e-01
5.336236751430604164e-01
4.618652755100223772e-01
5.992497453689318299e-01
5.776050232349870805e-01
5.279305761605218583e-01
4.640392431039576104e-01
5.037208107815203117e-01
4.415732773369988595e-01
5.213373814163584363e-01
5.368242893663821569e-01
5.545296904485511602e-01
7.466954707479438458e-01
5.381317549417586887e-01
6.910353285226725761e-01
5.479344354218873558e-01
6.110152112572735383e-01
8.338202185152636670e-01
5.056503142264030526e-01
8.805557939792671984e-01
6.554318898371233049e-01
6.914786242377064518e-01
9.431963678522683470e-01
4.502498429976239946e-01
6.951475525258959953e-01
7.554106099250664785e-01
6.083210493988452372e-01
7.351929533908121428e-01
3.680901741814066597e-01
4.512365225051807038e-01
4.385061817577619592e-01
7.549644730029460016e-01
5.931316050732928780e-01
6.634648124464511687e-01
8.337426159024720063e-01
6.197343493142116744e-01
5.183257351334248364e-01
6.631670135870674221e-01
4.215704958469321806e-01
5.832681334155633834e-01
5.287540285731602285e-01
7.010745895511935055e-01
5.837035733034996454e-01
4.125174322220754863e-01
3.183805691753274214e-01
7.079904245065343771e-01
5.386308385004099364e-01
5.289751849986065180e-01
6.768412127784475540e-01
5.463698233300710028e-01
4.977916726120805713e-01
6.773875507178969135e-01
7.071991750652009134e-01
5.072519583146472000e-01
4.857599154875027470e-01
4.888087417111948718e-01
6.697362248430427378e-01
5.012450048467608221e-01
4.361175737839130817e-01
6.312658838321982824e-01
4.617656692117081407e-01
6.778887042110901540e-01
7.020019759611340060e-01
5.264208386185017519e-01
8.495550930316537741e-01
4.102180596479192976e-01
6.972245313818841161e-01
6.377243179605045498e-01
4.781991973462250134e-01
4.597962965237216704e-01
6.796995870820894403e-01
4.608408931761453498e-01
6.052751288945951158e-01
3.322291990991374511e-01
6.786255376561165509e-01
5.322793786856859777e-01
7.832057687894330433e-01
8.273634889692297323e-01
5.685126229132667630e-01
7.159597032315891951e-01
6.704935368096274217e-01
7.492660185207797863e-01
5.872898358352638404e-01
6.493987858315065642e-01
5.500335663041981960e-01
4.545358910371003480e-01
4.708742231033862802e-01
3.255585205791167169e-01
4.479183432456660396e-01
6.183197795871666624e-01
8.045539220789292845e-01
7.274843445906067352e-01
4.948702783575280040e-01
6.268047083791838947e-01
7.427782590002151020e-01
5.968893044784892021e-01
5.496886002334280263e-01
3.118455481942703500e-01
5.535185678799666720e-01
6.501275630931218075e-01
6.314153420163348684e-01
5.586799954778122190e-01
7.292999704719080878e-01
6.186392287351371033e-01
3.200403136699850881e-01
5.824396186204551240e-01
7.637203791171014444e-01
5.489266961383972854e-01
3.702690927261476084e-01
6.926917061583295343e-01
5.870453833057588389e-01
8.978356606384202410e-01
3.257265567548580654e-01
5.770398117739927724e-01
4.644380833878548054e-01
3.967421071693529311e-01
4.922718839471711960e-01
6.532103311096687515e-01
5.743206892554547638e-01
6.314305946687629456e-01
3.475884160362431863e-01
4.687278927644380477e-01
4.820915713357707966e-01
7.433826825310442254e-01
6.256883929297105684e-01
4.447953671131512632e-01
6.139007596635998043e-01
5.298766563580384892e-01
4.804638781234636391e-01
3.362332816014168557e-01
8.319576328868959481e-01
7.184898803660521027e-01
8.267361323704632836e-01
5.012678868772002527e-01
4.166110122697621598e-01
7.468525901462423899e-01
4.996117394691880209e-01
3.851839445789128624e-01
6.029133201187076851e-01
4.101361307978754200e-01
7.150915851015043900e-01
6.220943718833672476e-01
7.120937574725656471e-01
4.374547106935405272e-01
5.196931395995804115e-01
5.396042400930973759e-01
7.920922555874418958e-01
5.902700538518580453e-01
7.169580116764834310e-01
5.318561009092562797e-01
6.055893685762367973e-01
6.928914963978265451e-01
5.328489847575660354e-01
7.977719156577828263e-01
5.246089059134656507e-01
7.777003716021563262e-01
4.475597348206695192e-01
4.487639712454508101e-01
6.374014109728671773e-01
6.109372310478694557e-01
3.748669170604763123e-01
7.182164463744808991e-01
5.767520634391914980e-01
6.706159525150412470e-01
7.452297537906374947e-01
5.771867661686428397e-01
4.898600093181565973e-01
3.380200366866848993e-01
5.056076813308229001e-01
3.637890286085369573e-01
6.943981920182130674e-01
4.407217660026611639e-01
5.808127034805307121e-01
5.713219544049077392e-01
6.546486335461284556e-01
7.560397432517417249e-01
7.447090658513199068e-01
4.814426334940655750e-01
6.332848763786083079e-01
6.298093115866401082e-01
6.773657448951979632e-01
7.166224223912107671e-01
5.018532125210908301e-01
8.424822485255175630e-01
5.643089123521619621e-01
6.489600601914539135e-01
2.963259860708005178e-01
6.633831313903386651e-01
3.367993466793560708e-01
8.108105252755901660e-01
8.717650818152179459e-01
4.109470759965355158e-01
6.806507919166570053e-01
5.646077872247560192e-01
3.191030663772436160e-01
7.576932956698008148e-01
3.386783088244998408e-01
6.459509984250593195e-01
7.211813399439277461e-01
4.089577479999194076e-01
3.401587932063206421e-01
6.545332276377164860e-01
5.963354182757608646e-01
4.644372995293037376e-01
4.589504251744296326e-01
8.360215179603711633e-01
5.162037949725406527e-01
8.167916296726158709e-01
6.723702596755353200e-01
8.127640966552869273e-01
5.297101038215926705e-01
5.743579497085498087e-01
4.701444458448770791e-01
5.934289628127200622e-01
7.108862793757174670e-01
8.446050865533031304e-01
5.496445990431925166e-01
7.164101736310581892e-01
4.964582145417359982e-01
5.958674072489732465e-01
6.583614581734528182e-01
6.207527047890122329e-01
5.262119262162110456e-01
5.452197806414414982e-01
4.369746879212438873e-01
5.483271706216064079e-01
5.312062814726005167e-01
5.337844018187237749e-01
8.043587063379032953e-01
6.897402358294536517e-01
6.496766397955785477e-01
6.567013048274027431e-01
6.248997327405710900e-01
4.141320223317985216e-01
7.784209220379327832e-01
6.136272726307409053e-01
3.138054952510019868e-01
6.753039136275426069e-01
8.806585247862338539e-01
4.718640190547701008e-01
3.927157985702058318e-01
8.966810418867207089e-01
6.206926314161792524e-01
