1.640909090909091006e+01
4.636363636363636687e+00
6.363636363636363313e+00
1.900000000000000000e+01
5.545454545454545858e+00
4.131818181818182012e+01
2.072727272727272663e+01
4.363636363636363313e+00
5.136363636363636687e+00
4.209090909090909349e+01
6.500000000000000000e+00
9.136363636363636687e+00
4.272727272727272485e+00
1.700000000000000000e+02
1.068181818181818166e+01
1.259090909090909172e+01
1.240454545454545467e+02
6.181818181818181657e+00
1.909090909090908994e+01
3.863636363636363757e+00
4.181818181818181657e+00
6.181818181818181657e+00
6.318181818181818343e+00
4.272727272727272485e+00
4.545454545454545325e+01
1.204545454545454497e+01
1.986363636363636331e+01
5.590909090909090828e+00
9.681818181818181657e+00
5.181818181818181657e+00
5.500000000000000000e+00
6.318181818181818343e+00
3.754545454545454675e+01
1.231818181818181834e+01
1.322727272727272663e+01
5.409090909090909172e+00
5.454545454545454142e+00
9.454545454545455030e+00
4.863636363636363313e+00
5.590909090909090828e+00
4.190909090909090651e+01
1.336363636363636331e+01
1.295454545454545503e+01
5.500000000000000000e+00
6.318181818181818343e+00
5.454545454545454142e+00
8.636363636363636687e+00
4.409090909090909172e+00
9.318181818181818343e+00
1.181818181818181834e+01
6.272727272727272485e+00
4.681818181818181657e+00
6.409090909090909172e+00
8.454545454545455030e+00
4.231818181818182012e+01
4.909090909090909172e+00
7.590909090909090828e+00
6.681818181818181657e+00
1.990909090909091006e+01
1.395454545454545503e+01
1.209090909090909172e+01
1.313636363636363669e+01
6.863636363636363313e+00
4.363636363636363313e+00
6.863636363636363313e+00
1.340909090909090828e+01
4.454545454545454142e+00
8.590909090909091717e+00
4.363636363636363313e+00
1.281818181818181834e+01
1.177272727272727337e+01
6.681818181818181657e+00
6.363636363636363313e+00
8.363636363636363313e+00
4.468181818181817988e+01
1.527272727272727337e+01
5.272727272727272485e+00
9.545454545454544970e+00
1.481818181818181834e+01
1.013636363636363669e+01
8.136363636363636687e+00
6.863636363636363313e+00
4.545454545454545858e+00
4.318181818181818343e+00
1.468181818181818166e+01
7.227272727272727515e+00
7.636363636363636687e+00
1.950000000000000000e+01
7.454545454545454142e+00
1.440909090909090828e+01
5.590909090909090828e+00
5.772727272727272485e+00
1.540909090909090828e+01
1.613636363636363669e+01
6.227272727272727515e+00
5.227272727272727515e+00
1.036363636363636331e+01
5.290909090909090651e+01
6.454545454545454142e+00
8.181818181818181657e+00
1.459090909090909172e+01
8.772727272727273373e+00
7.454545454545454142e+00
4.681818181818181657e+00
4.818181818181818343e+00
6.454545454545454142e+00
7.581818181818181301e+01
4.045454545454545858e+00
1.122727272727272663e+01
5.363636363636363313e+00
6.090909090909090828e+00
6.318181818181818343e+00
2.809090909090908994e+01
1.686363636363636331e+01
5.772727272727272485e+00
1.440909090909090828e+01
6.045454545454545858e+00
4.681818181818181657e+00
1.786363636363636331e+01
7.227272727272727515e+00
6.272727272727272485e+00
2.431818181818181657e+01
7.636363636363636687e+00
8.000000000000000000e+00
6.863636363636363313e+00
1.195454545454545503e+01
9.136363636363636687e+00
8.818181818181818343e+00
6.090909090909090828e+00
1.063636363636363669e+01
4.013636363636363313e+01
9.227272727272726627e+00
6.227272727272727515e+00
1.150000000000000000e+01
4.772727272727272485e+00
1.100000000000000000e+01
8.181818181818181657e+00
5.909090909090909172e+00
7.227272727272727515e+00
4.036363636363636687e+01
2.986363636363636331e+01
1.254545454545454497e+01
5.681818181818181657e+00
6.045454545454545858e+00
1.459090909090909172e+01
1.068181818181818166e+01
2.813636363636363669e+01
4.272727272727272485e+00
9.454545454545455030e+00
3.772727272727272929e+00
1.540909090909090828e+01
3.909090909090909172e+00
8.545454545454544970e+00
8.454545454545455030e+00
1.563636363636363669e+01
5.363636363636363313e+00
4.681818181818181657e+00
6.181818181818181657e+00
6.272727272727272485e+00
4.272727272727272485e+00
4.681818181818181657e+00
1.963636363636363669e+01
7.772727272727272485e+00
9.454545454545455030e+00
2.822727272727272663e+01
3.081818181818181657e+01
9.409090909090908283e+00
8.409090909090908283e+00
6.090909090909090828e+00
8.363636363636363313e+00
9.727272727272726627e+00
5.181818181818181657e+00
1.209090909090909172e+01
1.022727272727272663e+01
7.727272727272727515e+00
3.522727272727272663e+01
3.818181818181818343e+00
1.918181818181818343e+01
6.545454545454545858e+00
1.863636363636363669e+01
6.500000000000000000e+00
7.000000000000000000e+00
6.772727272727272485e+00
9.909090909090908283e+00
5.454545454545454142e+00
1.359545454545454675e+02
8.318181818181818343e+00
1.222727272727272663e+01
1.986363636363636331e+01
4.100000000000000000e+01
4.140909090909090651e+01
5.045454545454545858e+00
1.400000000000000000e+01
4.272727272727272485e+00
1.204545454545454497e+01
7.727272727272727515e+00
6.363636363636363313e+00
2.677272727272727337e+01
8.000000000000000000e+00
9.090909090909091717e+00
2.845454545454545325e+01
9.500000000000000000e+00
1.536363636363636331e+01
2.222727272727272663e+01
1.313636363636363669e+01
6.272727272727272485e+00
2.895454545454545325e+01
7.727272727272727515e+00
4.272727272727272485e+00
1.113636363636363669e+01
1.045454545454545503e+01
3.190909090909091006e+01
7.909090909090909172e+00
2.190909090909091006e+01
6.863636363636363313e+00
1.954545454545454675e+01
1.586363636363636331e+01
2.613636363636363669e+01
9.000000000000000000e+00
9.590909090909091717e+00
1.027272727272727337e+01
2.263636363636363669e+01
1.213636363636363669e+01
1.504545454545454497e+01
1.113636363636363669e+01
7.818181818181818343e+00
1.263636363636363669e+01
4.363636363636363313e+00
1.727272727272727337e+01
8.363636363636363313e+00
8.000000000000000000e+00
1.377272727272727337e+01
5.913636363636363313e+01
1.027272727272727337e+01
7.545454545454545858e+00
6.045454545454545858e+00
9.090909090909091717e+00
5.181818181818181657e+00
8.500000000000000000e+00
7.227272727272727515e+00
9.454545454545455030e+00
8.000000000000000000e+00
1.750000000000000000e+01
2.581818181818181657e+01
7.772727272727272485e+00
7.681818181818181657e+00
1.081818181818181834e+01
1.672727272727272663e+01
1.072727272727272663e+01
1.345454545454545503e+01
1.400000000000000000e+01
2.363636363636363669e+01
1.059090909090909172e+01
1.336363636363636331e+01
5.500000000000000000e+00
6.909090909090909172e+00
6.454545454545454142e+00
1.109090909090909172e+01
1.018181818181818166e+01
4.045454545454545858e+00
1.327272727272727337e+01
9.909090909090908283e+00
2.790909090909091006e+01
1.418181818181818166e+01
6.227272727272727515e+00
9.272727272727273373e+00
2.368181818181818343e+01
5.472727272727272663e+01
1.604545454545454675e+01
4.727272727272727515e+00
7.727272727272727515e+00
3.163636363636363669e+01
1.650000000000000000e+01
2.718181818181818343e+01
1.554545454545454497e+01
3.904545454545454675e+01
9.000000000000000000e+00
5.781818181818182012e+01
3.040909090909091006e+01
1.150000000000000000e+01
1.200000000000000000e+01
7.818181818181818343e+00
1.195454545454545503e+01
1.645454545454545325e+01
1.640909090909091006e+01
9.954545454545455030e+00
1.168181818181818166e+01
7.772727272727272485e+00
4.136363636363636687e+00
1.086363636363636331e+01
4.181818181818181657e+00
9.545454545454544970e+00
1.790909090909091006e+01
4.681818181818181657e+00
8.000000000000000000e+00
5.136363636363636687e+00
5.318181818181818343e+00
9.500000000000000000e+00
6.500000000000000000e+00
1.000000000000000000e+01
1.186363636363636331e+01
6.136363636363636687e+00
5.772727272727272485e+00
6.727272727272727515e+00
2.136363636363636331e+01
6.409090909090909172e+00
5.500000000000000000e+00
2.063636363636363669e+01
5.363636363636363313e+00
5.772727272727272485e+00
1.909090909090908994e+01
2.540909090909091006e+01
1.722727272727272663e+01
6.000000000000000000e+00
4.454545454545454142e+00
8.090909090909091717e+00
9.045454545454544970e+00
6.090909090909090828e+00
8.954545454545455030e+00
6.590909090909090828e+00
4.272727272727272485e+00
8.681818181818181657e+00
4.636363636363636687e+00
9.545454545454544970e+00
5.318181818181818343e+00
8.136363636363636687e+00
2.304545454545454675e+01
3.018181818181818130e+02
5.909090909090909172e+00
3.863636363636363757e+00
5.636363636363636687e+00
5.272727272727272485e+00
8.318181818181818343e+00
1.313636363636363669e+01
8.818181818181818343e+00
1.018181818181818166e+01
6.090909090909090828e+00
2.259090909090908994e+01
4.181818181818181657e+00
1.054545454545454497e+01
1.018181818181818166e+01
7.409090909090909172e+00
7.227272727272727515e+00
6.590909090909090828e+00
6.363636363636363313e+00
5.140909090909090651e+01
1.058181818181818130e+02
9.722727272727273373e+01
6.136363636363636687e+00
1.090909090909090828e+01
1.045454545454545503e+01
1.059090909090909172e+01
1.659090909090908994e+01
5.818181818181818343e+00
5.136363636363636687e+00
1.531818181818181834e+01
6.727272727272727515e+00
1.690909090909091006e+01
7.136363636363636687e+00
8.136363636363636687e+00
7.272727272727272485e+00
2.750000000000000000e+01
1.140909090909090828e+01
2.977272727272727337e+01
7.000000000000000000e+00
4.636363636363636687e+00
5.500000000000000000e+00
8.000000000000000000e+00
2.509090909090908994e+01
1.609090909090908994e+01
1.781818181818181657e+01
2.400000000000000000e+01
6.545454545454545858e+00
2.072727272727272663e+01
2.659090909090908994e+01
3.459090909090909349e+01
3.345454545454545325e+01
3.159090909090908994e+01
3.077272727272727337e+01
1.172727272727272663e+01
1.186363636363636331e+01
2.313636363636363669e+01
1.422727272727272663e+01
3.790909090909090651e+01
1.086363636363636331e+01
1.713636363636363669e+01
1.636363636363636331e+01
1.318181818181818166e+01
2.454545454545454675e+01
1.945454545454545325e+01
1.481818181818181834e+01
4.045454545454545858e+00
5.272727272727272485e+00
1.763636363636363669e+01
9.772727272727273373e+00
9.272727272727273373e+00
2.236363636363636331e+01
5.454545454545454142e+00
4.272727272727272485e+00
1.327272727272727337e+01
6.954545454545454142e+00
3.250000000000000000e+01
7.772727272727272485e+00
3.909090909090909172e+00
5.186363636363636687e+01
6.681818181818181657e+00
9.045454545454544970e+00
1.100000000000000000e+01
1.868181818181818343e+01
5.727272727272727515e+00
7.500000000000000000e+00
7.181818181818181657e+00
1.350000000000000000e+01
9.045454545454544970e+00
3.727272727272727337e+01
2.890909090909091006e+01
6.863636363636363313e+00
5.181818181818181657e+00
1.454545454545454497e+01
1.150000000000000000e+01
2.127272727272727337e+01
1.418181818181818166e+01
7.954545454545454142e+00
1.586363636363636331e+01
6.318181818181818343e+00
2.231818181818181657e+01
1.145454545454545503e+01
6.818181818181818343e+00
6.636363636363636687e+00
7.681818181818181657e+00
9.459090909090909349e+01
9.954545454545455030e+00
4.272727272727272485e+00
1.440909090909090828e+01
4.136363636363636687e+00
1.022727272727272663e+01
2.004545454545454675e+01
3.604545454545454675e+01
1.740909090909091006e+01
1.781818181818181657e+01
7.268181818181818699e+01
3.672727272727272663e+01
7.681818181818181657e+00
7.000000000000000000e+00
4.818181818181818343e+00
3.954545454545454586e+00
2.754545454545454675e+01
4.863636363636363313e+00
1.154545454545454497e+01
6.181818181818181657e+00
4.227272727272727515e+00
1.668181818181818343e+01
3.945454545454545325e+01
4.227272727272727515e+00
1.209090909090909172e+01
9.250000000000000000e+01
6.136363636363636687e+00
3.150000000000000000e+01
3.386363636363636687e+01
8.363636363636363313e+00
5.272727272727272485e+00
1.000000000000000000e+01
4.863636363636363313e+00
1.350000000000000000e+01
1.581818181818181834e+01
9.409090909090908283e+00
4.227272727272727515e+00
1.486363636363636331e+01
6.350000000000000000e+01
5.363636363636363313e+00
3.909090909090909172e+00
4.136363636363636687e+00
2.159090909090908994e+01
4.922727272727272663e+01
2.831818181818181657e+01
4.136363636363636687e+00
4.363636363636363313e+00
1.313636363636363669e+01
1.836363636363636331e+01
3.954545454545454586e+00
1.022727272727272663e+01
1.368181818181818166e+01
6.409090909090909172e+00
6.818181818181818343e+00
5.818181818181818343e+00
5.818181818181818343e+00
9.136363636363636687e+00
4.318181818181818343e+00
7.636363636363636687e+00
4.772727272727272485e+00
1.113636363636363669e+01
6.954545454545454142e+00
5.318181818181818343e+00
8.227272727272726627e+00
1.068181818181818166e+01
4.500000000000000000e+00
5.045454545454545858e+00
6.181818181818181657e+00
4.909090909090909172e+00
8.181818181818181657e+00
4.363636363636363313e+00
6.363636363636363313e+00
5.000000000000000000e+00
7.954545454545454142e+00
6.590909090909090828e+00
4.272727272727272485e+00
1.154545454545454497e+01
4.136363636363636687e+00
5.363636363636363313e+00
5.681818181818181657e+00
1.518181818181818166e+01
7.545454545454545858e+00
7.863636363636363313e+00
6.318181818181818343e+00
3.818181818181818343e+00
7.409090909090909172e+00
4.636363636363636687e+00
5.636363636363636687e+00
4.727272727272727515e+00
8.227272727272726627e+00
1.222727272727272663e+01
1.563636363636363669e+01
7.263636363636364024e+01
5.681818181818181657e+00
6.590909090909090828e+00
5.681818181818181657e+00
1.604545454545454675e+01
4.690909090909090651e+01
4.909090909090909172e+00
7.181818181818181657e+00
6.363636363636363313e+00
8.727272727272726627e+00
5.831818181818182012e+01
5.090909090909090828e+00
4.168181818181817988e+01
2.472727272727272663e+01
4.090909090909090828e+00
5.863636363636363313e+00
1.295454545454545503e+01
1.795454545454545325e+01
2.431818181818181657e+01
9.727272727272726627e+00
2.800000000000000000e+01
5.818181818181818343e+00
9.636363636363636687e+00
5.772727272727272485e+00
2.468181818181818343e+01
9.681818181818181657e+00
4.136363636363636687e+00
4.227272727272727515e+00
5.909090909090909172e+00
2.868181818181818343e+01
4.772727272727272485e+00
1.468181818181818166e+01
4.318181818181818343e+00
7.227272727272727515e+00
5.454545454545454142e+00
6.500000000000000000e+00
5.227272727272727515e+00
9.090909090909091717e+00
7.272727272727272485e+00
4.590909090909090828e+00
5.590909090909090828e+00
4.545454545454545858e+00
6.318181818181818343e+00
5.000000000000000000e+00
5.954545454545454142e+00
2.368181818181818343e+01
5.454545454545454142e+00
4.590909090909090828e+00
6.772727272727272485e+00
2.322727272727272663e+01
6.636363636363636687e+00
4.727272727272727515e+00
5.181818181818181657e+00
4.136363636363636687e+00
1.150000000000000000e+01
1.450000000000000000e+01
5.863636363636363313e+00
6.090909090909090828e+00
4.590909090909090828e+00
6.136363636363636687e+00
9.000000000000000000e+00
5.863636363636363313e+00
3.954545454545454586e+00
4.318181818181818343e+00
4.772727272727272485e+00
3.709090909090909349e+01
2.218181818181818343e+01
7.409090909090909172e+00
4.227272727272727515e+00
5.500000000000000000e+00
1.336363636363636331e+01
2.118181818181818343e+01
9.363636363636363313e+00
7.772727272727272485e+00
8.045454545454544970e+00
4.227272727272727515e+00
4.363636363636363313e+00
1.963636363636363669e+01
4.181818181818181657e+00
4.636363636363636687e+00
7.136363636363636687e+00
7.045454545454545858e+00
4.045454545454545858e+00
5.772727272727272485e+00
1.468181818181818166e+01
5.545454545454545858e+00
7.590909090909090828e+00
5.954545454545454142e+00
7.681818181818181657e+00
6.090909090909090828e+00
6.318181818181818343e+00
9.409090909090908283e+00
8.090909090909091717e+00
6.681818181818181657e+00
8.500000000000000000e+00
1.254545454545454497e+01
4.954545454545454142e+00
8.636363636363636687e+00
6.636363636363636687e+00
1.745454545454545325e+01
4.227272727272727515e+00
9.818181818181818343e+00
4.818181818181818343e+00
7.818181818181818343e+00
8.000000000000000000e+00
1.572727272727272663e+01
4.000000000000000000e+00
1.463636363636363669e+01
6.272727272727272485e+00
5.227272727272727515e+00
6.318181818181818343e+00
4.636363636363636687e+00
5.863636363636363313e+00
7.954545454545454142e+00
5.727272727272727515e+00
4.590909090909090828e+00
5.181818181818181657e+00
7.636363636363636687e+00
4.909090909090909172e+00
4.045454545454545858e+00
5.590909090909090828e+00
5.045454545454545858e+00
4.681818181818181657e+00
9.045454545454544970e+00
4.863636363636363313e+00
6.090909090909090828e+00
1.495454545454545503e+01
7.136363636363636687e+00
4.454545454545454142e+00
5.000000000000000000e+00
4.363636363636363313e+00
5.318181818181818343e+00
7.545454545454545858e+00
5.045454545454545858e+00
1.395454545454545503e+01
1.063636363636363669e+01
2.045454545454545325e+01
9.000000000000000000e+00
4.590909090909090828e+00
8.863636363636363313e+00
6.151363636363636260e+02
3.022727272727272663e+01
8.590909090909091717e+00
6.181818181818181657e+00
5.818181818181818343e+00
5.090909090909090828e+00
4.727272727272727515e+00
7.909090909090909172e+00
7.545454545454545858e+00
4.545454545454545858e+00
8.318181818181818343e+00
6.772727272727272485e+00
6.681818181818181657e+00
7.090909090909090828e+00
5.500000000000000000e+00
4.954545454545454142e+00
9.272727272727273373e+00
7.818181818181818343e+00
4.500000000000000000e+00
1.122727272727272663e+01
4.909090909090909172e+00
5.090909090909090828e+00
4.772727272727272485e+00
1.045454545454545503e+01
1.272727272727272663e+01
6.727272727272727515e+00
6.045454545454545858e+00
1.786363636363636331e+01
6.045454545454545858e+00
9.409090909090908283e+00
1.713636363636363669e+01
7.090909090909090828e+00
4.590909090909090828e+00
5.318181818181818343e+00
3.954545454545454586e+00
4.909090909090909172e+00
1.336363636363636331e+01
4.590909090909090828e+00
5.318181818181818343e+00
1.218181818181818166e+01
4.136363636363636687e+00
4.909090909090909172e+00
4.590909090909090828e+00
6.636363636363636687e+00
4.818181818181818343e+00
3.909090909090909172e+00
1.409090909090909172e+01
4.772727272727272485e+00
4.545454545454545858e+00
7.772727272727272485e+00
5.818181818181818343e+00
5.363636363636363313e+00
4.045454545454545858e+00
7.636363636363636687e+00
7.772727272727272485e+00
5.227272727272727515e+00
4.681818181818181657e+00
8.363636363636363313e+00
5.318181818181818343e+00
1.222727272727272663e+01
6.409090909090909172e+00
2.113636363636363669e+01
1.059090909090909172e+01
6.136363636363636687e+00
4.590909090909090828e+00
4.000000000000000000e+00
7.045454545454545858e+00
5.681818181818181657e+00
6.318181818181818343e+00
6.227272727272727515e+00
5.409090909090909172e+00
6.681818181818181657e+00
6.318181818181818343e+00
5.363636363636363313e+00
5.636363636363636687e+00
5.227272727272727515e+00
4.090909090909090828e+00
4.863636363636363313e+00
4.545454545454545858e+00
9.409090909090908283e+00
5.545454545454545858e+00
8.545454545454544970e+00
4.045454545454545858e+00
1.131818181818181834e+01
6.227272727272727515e+00
5.045454545454545858e+00
8.090909090909091717e+00
4.863636363636363313e+00
5.136363636363636687e+00
4.318181818181818343e+00
5.272727272727272485e+00
7.681818181818181657e+00
6.045454545454545858e+00
6.681818181818181657e+00
4.545454545454545858e+00
3.863636363636363757e+00
7.454545454545454142e+00
6.818181818181818343e+00
5.954545454545454142e+00
1.050000000000000000e+01
6.636363636363636687e+00
8.954545454545455030e+00
4.227272727272727515e+00
6.272727272727272485e+00
8.454545454545455030e+00
5.772727272727272485e+00
4.181818181818181657e+00
8.681818181818181657e+00
4.681818181818181657e+00
5.772727272727272485e+00
4.772727272727272485e+00
7.136363636363636687e+00
6.181818181818181657e+00
6.727272727272727515e+00
5.181818181818181657e+00
9.681818181818181657e+00
6.409090909090909172e+00
9.136363636363636687e+00
5.318181818181818343e+00
1.186363636363636331e+01
5.000000000000000000e+00
6.590909090909090828e+00
5.636363636363636687e+00
1.090909090909090828e+01
1.063636363636363669e+01
4.136363636363636687e+00
5.681818181818181657e+00
6.090909090909090828e+00
4.909090909090909172e+00
5.045454545454545858e+00
3.636363636363636243e+00
8.818181818181818343e+00
9.818181818181818343e+00
5.272727272727272485e+00
7.545454545454545858e+00
4.681818181818181657e+00
4.636363636363636687e+00
5.727272727272727515e+00
9.363636363636363313e+00
6.590909090909090828e+00
1.386363636363636331e+01
4.681818181818181657e+00
5.045454545454545858e+00
4.454545454545454142e+00
6.090909090909090828e+00
5.227272727272727515e+00
4.954545454545454142e+00
6.363636363636363313e+00
4.954545454545454142e+00
1.845454545454545325e+01
4.409090909090909172e+00
4.636363636363636687e+00
5.000000000000000000e+00
5.818181818181818343e+00
5.272727272727272485e+00
4.681818181818181657e+00
3.636363636363636243e+00
4.727272727272727515e+00
9.545454545454544970e+00
1.118181818181818166e+01
4.227272727272727515e+00
1.477272727272727337e+01
6.227272727272727515e+00
1.186363636363636331e+01
4.454545454545454142e+00
5.318181818181818343e+00
5.409090909090909172e+00
7.363636363636363313e+00
4.636363636363636687e+00
4.818181818181818343e+00
4.227272727272727515e+00
7.590909090909090828e+00
3.954545454545454586e+00
9.409090909090908283e+00
9.590909090909091717e+00
4.363636363636363313e+00
5.727272727272727515e+00
4.818181818181818343e+00
8.181818181818181657e+00
5.363636363636363313e+00
5.681818181818181657e+00
4.681818181818181657e+00
5.090909090909090828e+00
1.804545454545454675e+01
3.954545454545454586e+00
1.213636363636363669e+01
4.409090909090909172e+00
6.454545454545454142e+00
5.500000000000000000e+00
5.727272727272727515e+00
5.909090909090909172e+00
1.127272727272727337e+01
6.772727272727272485e+00
4.136363636363636687e+00
1.404545454545454497e+01
1.354545454545454497e+01
1.236363636363636331e+01
1.168181818181818166e+01
5.227272727272727515e+00
4.363636363636363313e+00
7.409090909090909172e+00
1.781818181818181657e+01
5.636363636363636687e+00
5.227272727272727515e+00
4.681818181818181657e+00
6.000000000000000000e+00
4.681818181818181657e+00
4.500000000000000000e+00
1.577272727272727337e+01
6.545454545454545858e+00
8.227272727272726627e+00
9.500000000000000000e+00
7.454545454545454142e+00
5.727272727272727515e+00
5.090909090909090828e+00
5.181818181818181657e+00
7.454545454545454142e+00
4.045454545454545858e+00
4.954545454545454142e+00
6.409090909090909172e+00
4.681818181818181657e+00
5.000000000000000000e+00
5.318181818181818343e+00
5.181818181818181657e+00
7.636363636363636687e+00
6.909090909090909172e+00
1.050000000000000000e+01
4.454545454545454142e+00
1.463636363636363669e+01
5.318181818181818343e+00
5.727272727272727515e+00
4.409090909090909172e+00
7.045454545454545858e+00
4.636363636363636687e+00
1.127272727272727337e+01
4.590909090909090828e+00
4.454545454545454142e+00
9.818181818181818343e+00
1.400000000000000000e+01
6.454545454545454142e+00
7.000000000000000000e+00
6.772727272727272485e+00
4.954545454545454142e+00
4.818181818181818343e+00
5.090909090909090828e+00
4.500000000000000000e+00
8.136363636363636687e+00
5.954545454545454142e+00
5.409090909090909172e+00
1.163636363636363669e+01
4.500000000000000000e+00
6.681818181818181657e+00
1.527272727272727337e+01
4.863636363636363313e+00
4.363636363636363313e+00
4.000000000000000000e+00
6.818181818181818343e+00
8.318181818181818343e+00
6.500000000000000000e+00
4.545454545454545858e+00
7.636363636363636687e+00
5.681818181818181657e+00
1.050000000000000000e+01
4.863636363636363313e+00
8.181818181818181657e+00
1.604545454545454675e+01
4.181818181818181657e+00
7.227272727272727515e+00
1.586363636363636331e+01
4.954545454545454142e+00
5.727272727272727515e+00
4.772727272727272485e+00
7.227272727272727515e+00
4.636363636363636687e+00
1.209090909090909172e+01
8.772727272727273373e+00
6.318181818181818343e+00
1.127272727272727337e+01
4.227272727272727515e+00
7.409090909090909172e+00
4.590909090909090828e+00
5.363636363636363313e+00
6.681818181818181657e+00
1.468181818181818166e+01
4.909090909090909172e+00
5.318181818181818343e+00
3.954545454545454586e+00
4.318181818181818343e+00
7.181818181818181657e+00
9.136363636363636687e+00
6.136363636363636687e+00
5.272727272727272485e+00
4.000000000000000000e+00
4.590909090909090828e+00
4.181818181818181657e+00
7.818181818181818343e+00
9.181818181818181657e+00
8.045454545454544970e+00
5.545454545454545858e+00
3.863636363636363757e+00
1.295454545454545503e+01
4.863636363636363313e+00
5.772727272727272485e+00
6.863636363636363313e+00
4.181818181818181657e+00
4.181818181818181657e+00
