8.500405959101980935e-01
7.862042682926828618e-01
7.359707621522731946e-01
8.209083119108826487e-01
5.505693235097118832e-01
6.359300187514791425e-01
9.624949529691495531e-01
6.510244547257104664e-01
5.663701377987091501e-01
9.543748376288890833e-01
8.092061374249499561e-01
7.097853908249655008e-01
7.698130008904718879e-01
9.808613419576698300e-01
8.212618841832325378e-01
9.308419487726544705e-01
9.486034552572353284e-01
8.009579563597657437e-01
7.978648932446622544e-01
5.854428807393953216e-01
5.993064307859242712e-01
5.455650060753340913e-01
7.837493812318789832e-01
5.852061626352184076e-01
8.273914135074065257e-01
7.473675087749707124e-01
9.314035375625209223e-01
6.958090843678741422e-01
8.708130014060043722e-01
6.659563132658496976e-01
5.670840787119857396e-01
8.049869268541547385e-01
9.719842870269304047e-01
7.923009928583869543e-01
9.407073990719903023e-01
4.725337589096308410e-01
6.965517241379310942e-01
7.187115810179494080e-01
6.532626307261747423e-01
7.622353044547931500e-01
9.039365007198605362e-01
7.556294393229560091e-01
2.710149982560166038e-01
6.477438136826783044e-01
6.103962288189578311e-01
5.705920624593363577e-01
5.444638186573671490e-01
6.600286761191650475e-01
7.081102202734665951e-01
5.480404551201010221e-01
6.989289964299879587e-01
5.877484936870558396e-01
5.470871660096365829e-01
7.550873832894422488e-01
8.981709348168697149e-01
3.564463705308775210e-01
6.981845066951450907e-01
4.459042039000800095e-01
8.251375637653982631e-01
7.004745221517585385e-01
6.433447098976108336e-01
8.945689011937471014e-01
8.573575507750439417e-01
6.679245283018868662e-01
7.502443425306368763e-01
4.629706247414150377e-01
7.025386313465784571e-01
5.145359019264448275e-01
6.294736842105264074e-01
5.786471067644660682e-01
8.379782933328505656e-01
7.931828355822728716e-01
4.679979510223412076e-01
8.412549019607843404e-01
7.687479281841803624e-01
8.567996900426192441e-01
8.891398783666376593e-01
4.662661737523106642e-01
3.522398843930635293e-01
2.325981542311904016e-01
7.161392633172349864e-01
6.267835074710705889e-01
3.986287833656729784e-01
6.616480492148292258e-01
7.301074860420069257e-01
1.882107217451843006e-01
6.860346585117226281e-01
4.424951267056529969e-01
6.301763017630177544e-01
8.909418564286170072e-01
7.642124681286618371e-01
4.750875252320380659e-01
4.561365127980748779e-01
7.707593413366989887e-01
5.663224737882770476e-01
7.420736058721582040e-01
7.847210300429183771e-01
8.137545819514749867e-01
6.497757847533632836e-01
5.099009900990099098e-01
5.902048395520221868e-01
7.178754144981989160e-01
6.890727335401586329e-01
4.323094490279867363e-01
3.737916219119226668e-01
6.635066662466252430e-01
9.284957131722525459e-01
4.984870886364202724e-01
4.280602041890327336e-01
6.132300357568535309e-01
7.407582929307293673e-01
7.494469479721426186e-01
7.255551069842550715e-01
6.208834595197175732e-01
7.018389795676474030e-01
7.836647330706952852e-01
3.573468043048538267e-01
7.280691227649106478e-01
6.216026959604359359e-01
8.747897054085979063e-01
7.197193500738552352e-01
6.527716317078208208e-01
7.148148148148147918e-01
7.027027027027027417e-01
8.030240142306551698e-01
2.985816462601527665e-01
7.464277193155056667e-01
4.477225672877847007e-01
3.086303939962475318e-01
4.335387323943661331e-01
8.111064653202517682e-01
6.942143101677508144e-01
7.333923042901371314e-01
5.395814376706096205e-01
4.590024631532320099e-01
5.551470588235294379e-01
6.394756008739984621e-01
5.776727702303603440e-01
6.015167316401021091e-01
3.980032047331442668e-01
8.322316255925946704e-01
5.456450164621372556e-01
9.089199819501141420e-01
5.846067682081304007e-01
9.027233468803661509e-01
7.331888321205553005e-01
7.024883665042710446e-01
4.368439887297589919e-01
6.653013458162668758e-01
5.505412697263553090e-01
7.418751946838335609e-01
3.675424890574879866e-01
7.208423326133909237e-01
8.099462056837499757e-01
7.513928443232693599e-01
8.017109685304002475e-01
6.251447477253928575e-01
7.297687861271676679e-01
6.701434159061276929e-01
6.056445461479786907e-01
7.575173889780630887e-01
7.673781084785588069e-01
6.160998698396114026e-01
8.029285099052542174e-01
9.152318373880832247e-01
7.413470208781299808e-01
9.014706846337785517e-01
7.831992755553188745e-01
7.230364524614806276e-01
8.500958127821494070e-01
8.391417247505809085e-01
7.071461933675852185e-01
7.069897856999799446e-01
8.086512814565697260e-01
9.022336143158393718e-01
7.520685192455903723e-01
3.400000000000000799e-01
7.968047267105810016e-01
8.953608770839862618e-01
8.798038484089335531e-01
7.973068745570517368e-01
7.793696275071633206e-01
7.769005648948478227e-01
9.423252681706671963e-01
8.244213886671988289e-01
9.920304809095247256e-01
7.462650624007842737e-01
6.324451897397678213e-01
9.217154664451479018e-01
8.476664041844658160e-01
6.851366000031420267e-01
3.103643038689635758e-01
8.969210174029451643e-01
5.438904353993573304e-01
6.897211820688122774e-01
6.401077752117013686e-01
7.323600973236009670e-01
9.143547394575507470e-01
5.415900858472691981e-01
4.593992320764095916e-01
8.437131184748070112e-01
7.276920936744896151e-01
6.074746621621621712e-01
7.486977037538835589e-01
7.295503849589519696e-01
5.992611055484428073e-01
8.355260841499912994e-01
1.599281221922730367e-01
5.954616588419405776e-01
5.086151882578174854e-01
4.545331245233703021e-01
7.240368808519762611e-01
5.795254833040421882e-01
5.672543258243551989e-01
7.494154031832239715e-01
7.697400447862915440e-01
8.232643529130538873e-01
6.495165267503393292e-01
6.062340101207527310e-01
6.668341347879136460e-01
6.652308229141878915e-01
8.271488072699735294e-01
6.335392101815459087e-01
7.721883309870170020e-01
5.449460027813520790e-01
4.438565549676661282e-01
7.378514169180270255e-01
7.028700056274620467e-01
7.548962120323677860e-01
2.842998585572843462e-01
5.643564356435643026e-01
8.147767373364083188e-01
9.230833246779452939e-01
6.260529482551143721e-01
6.608469539375928514e-01
7.024305908674869370e-01
7.789360683572521538e-01
7.200892857142856540e-01
5.477629987908101405e-01
3.980863444165458898e-01
6.268754076973254152e-01
4.942528735632183978e-01
7.745241581259150188e-01
6.853660993050659789e-01
9.044619955811769030e-01
7.434623611398606391e-01
6.465028355387525405e-01
8.450317435943176525e-01
7.049877158351123274e-01
6.595566708490172569e-01
8.086956521739130377e-01
7.753986745345041731e-01
7.169988406117152602e-01
8.044030482641829627e-01
5.785388796687278568e-01
5.247299602046617828e-01
1.906735751295336179e-01
6.302011573436209213e-01
7.190013118084074284e-01
2.989616899391335236e-01
7.563343953876497938e-01
7.308037718904356606e-01
7.749116843298007318e-01
6.385846672283067571e-01
5.866998504689416860e-01
7.923375902276512672e-01
7.789349842812782754e-01
8.061305149749685706e-01
7.265589239815498646e-01
6.656998816440494737e-01
4.487028301886792914e-01
6.921839819877774191e-01
6.631090487238978648e-01
8.446459779887581787e-01
6.344023323615159971e-01
8.746160123672215292e-01
5.789158655905940476e-01
8.358555641585133644e-01
9.008179108013727454e-01
8.369854213220313532e-01
5.164835164835164250e-01
2.498017446471055558e-01
6.174113689915815751e-10
7.516217564870260048e-01
7.991468645202758347e-01
7.631683903744879149e-01
6.669645818311298324e-01
3.975980784627702325e-01
4.907673829556433165e-01
8.114870700757699229e-01
4.198165631050984614e-01
5.910056657223795584e-01
8.997324876717455178e-01
8.729330007726202600e-01
6.157205240174672412e-01
7.823507601038184878e-02
7.875711809853923606e-01
5.156431054461181329e-01
4.175152749490834703e-01
4.117647058823529216e-01
5.310739077174355671e-01
5.478763891003196607e-01
6.370014291282317664e-01
4.316472285501971040e-01
2.714205186020293703e-01
5.771458082124878430e-01
4.287223283502512583e-01
6.901216182675600219e-01
3.759615384615384581e-01
5.258781605294416961e-01
4.695752009184844811e-01
7.844460414001017678e-01
6.809398079057130682e-01
7.191489361702128047e-01
4.442611820438492898e-01
5.989348627611633669e-01
7.127280952584414964e-01
7.704764870756773965e-01
5.937763614209390362e-01
7.344723579811468506e-01
6.245461147421932369e-01
7.327821939586647293e-01
5.468497576736671695e-01
4.467387614516112881e-01
6.135715358054347757e-01
7.822123785278185526e-01
9.805739345184498745e-01
9.959005646713986470e-01
4.401000647170437152e-01
3.066370040786058349e-01
7.573817146922803278e-01
6.850937808489634406e-01
6.028410772417874819e-01
8.968414638050105081e-01
8.062665142868623569e-01
9.305485089351146488e-01
1.288416075650117565e-01
9.559057785448987765e-01
5.916061339790152918e-01
7.403337403337403311e-01
5.609739617554264646e-01
7.032685146876291871e-01
5.683476841704062643e-01
5.828036048497640120e-01
5.089285714285715079e-01
8.784566010639076605e-01
9.079233125746092314e-01
8.835339278156857379e-01
5.866388308977035226e-01
6.841349605168701720e-01
3.706467661691541515e-01
8.104640414124606451e-01
7.092370641271680265e-01
6.314136125654450371e-01
7.300466934520577489e-01
8.603250956225333423e-01
6.608969796427008880e-01
8.342711254154023814e-01
5.919522374206954707e-01
7.489666388237686823e-01
7.584408454570409353e-01
8.309819807235647726e-01
5.275900419197536717e-01
8.021066509194281213e-01
8.271984492758470697e-01
7.600513259195893490e-01
4.634146341463414864e-01
7.854758403136948841e-01
9.149927149348260347e-01
7.349788739583374975e-01
7.100174807270147603e-01
5.448275862068965303e-01
7.597816196542310774e-01
7.569767441860466572e-01
8.386046193114826686e-01
8.140872597248286491e-01
7.402464065708419527e-01
6.974733384776715672e-01
7.841105103712185942e-01
7.693946624241252419e-01
6.988198269079465286e-01
6.422021279994887255e-01
7.996214410785528193e-01
7.493853466644813111e-01
7.746539236274805340e-01
7.541171016517840275e-01
6.706586826347306074e-01
7.080358777228630274e-01
8.798121693530243093e-01
7.414607358594179631e-01
8.890057413482942428e-01
5.481190860835448708e-01
7.102633969118982149e-01
7.067472859694930998e-01
7.364755696696194676e-01
6.509023024268824065e-01
9.007081789160825691e-01
3.732193732193732627e-01
6.427269250485746971e-10
6.507302106894692351e-01
5.486120423762907983e-01
8.785562632696390928e-01
9.268340165421059540e-01
6.618826254937925091e-01
9.438831969274585898e-01
8.141058803241939534e-01
7.709891719412041988e-01
9.092273068267067160e-01
8.611848872376682840e-01
6.669870254685248412e-01
7.838899803536345523e-01
2.071167883211678939e-01
8.047978968123562504e-01
8.943150271575135424e-01
8.752357091250733134e-01
5.410653371818420210e-01
8.460112177258610755e-01
6.384083044982699073e-01
5.358649789029535926e-01
5.821635012386457975e-01
4.430982258762440340e-01
6.154190945764232978e-01
7.938871200027520780e-01
6.356581097649934842e-01
6.014596637560276626e-01
8.416826479822572260e-01
5.861527182944452630e-01
3.782969103240392261e-01
5.797328962267210839e-01
5.783146194850855570e-01
9.324587330665019547e-01
5.890831556503197675e-01
3.668869052998581237e-01
5.401252884932409293e-01
5.811706240109074662e-01
3.605477328510527379e-01
7.685892433438825666e-01
5.729566984064817792e-01
5.501094559239680937e-01
8.240000000000000657e-01
8.792366553723520717e-01
9.069377840135697255e-01
8.594913268583953547e-01
6.895537208132348495e-01
4.626728110599077626e-01
1.865703357416066410e-01
8.041025038203831743e-01
3.874562886937421013e-01
6.233553403792693182e-01
6.802052159042325519e-01
7.079659589580322709e-01
8.227714730996333881e-01
7.691154422788606393e-01
5.918611609814480312e-01
3.868398994132439261e-01
9.215724058194431079e-01
5.289452815226011184e-01
8.559101777731572547e-01
5.695112021642633193e-01
5.295211529521153260e-01
6.816367265469062131e-01
8.384077431452325868e-01
3.653275815583715835e-01
6.930232558139535204e-01
7.902374548942463495e-01
5.871069509047724955e-01
5.049600774255986746e-01
8.948076445042332239e-01
8.965759763094577339e-01
8.231737615795889917e-01
2.023608768971332517e-01
5.009493937569335920e-01
8.198011559048999919e-01
9.695785351578211086e-01
7.518692180965657057e-01
7.114724643451343367e-01
5.452196382428941002e-01
5.552995314897690715e-01
6.538401620190061880e-01
3.914149443561210084e-01
6.738485866772089272e-01
6.241130726003293328e-01
4.298842124609446591e-01
7.683182626684448291e-01
7.072765072765071492e-01
4.012863334011989025e-01
7.215092940556013801e-01
4.251757282636899338e-01
6.259109311740891357e-01
5.577836977831132081e-01
6.761790327425653002e-01
7.951682589910545884e-01
9.142252029650550782e-02
6.349802915024291838e-01
8.330823056984800745e-01
5.182481751824817851e-01
5.680169821333804769e-01
2.328205128205128316e-01
6.180039914910732143e-10
6.423410404624277925e-01
5.129151291512916711e-01
7.716404904934023312e-01
7.277227722772277030e-01
8.026956388048993585e-01
3.676907829534193373e-01
7.028735632183907844e-01
7.809314724792222329e-01
7.263905972393056576e-01
4.513947590870667770e-01
3.447700738622826999e-01
7.704897551224387797e-01
5.166754896770776595e-01
5.763098007773901355e-01
4.500989030749865116e-01
3.502109704641351851e-01
7.183529175270545464e-01
6.823329558323896205e-01
6.447916666666667629e-01
2.795969773299748495e-01
5.450702616245859389e-01
7.431331602396213931e-01
7.824287028518858156e-01
9.314430577223089536e-01
6.416004170467874967e-01
9.065311025813823642e-01
6.374423203691496065e-01
6.703875047748397709e-01
8.556202782794494199e-01
8.028542980418187369e-01
8.173986131540239564e-01
7.194899817850638479e-01
6.193222782984860730e-01
8.756394045001740789e-01
6.453655728267128078e-01
8.618483091764090886e-01
7.037623762376237213e-01
6.117647058823529882e-01
7.907851087357169462e-01
7.303573732421623221e-01
6.925961300364356088e-01
8.553574281395548429e-01
4.573536191793454719e-01
8.391644908616188170e-01
4.946159368269921752e-01
6.449451887941535233e-01
6.584769588069917523e-01
7.972952335703255011e-01
6.188074513951028477e-01
7.088846880907372361e-01
6.307525717379534047e-01
4.843136559286227438e-01
6.495948708887597789e-01
6.221168002617373238e-01
6.739918337385878422e-01
2.844916124614857988e-01
7.087184611541343937e-01
6.254045178749324529e-01
3.041362530413626031e-01
4.597371090717282116e-01
7.040624159268226157e-01
5.156851953769949759e-01
6.533000468091745283e-01
7.455092636132795159e-01
7.896749521988527531e-01
6.599577449127098649e-01
5.087579332580951519e-01
6.350512852982146406e-01
6.443134212567881436e-01
6.934509986065955367e-01
5.352436728717842040e-01
3.788137199166193847e-01
6.291360142513112708e-01
5.240169000765877438e-01
2.142857142857143016e-01
6.177881253343139312e-01
6.279501951310164642e-01
7.385012919896640771e-01
7.930587090496269420e-01
8.436225854875002428e-01
7.604535142267812020e-01
7.884011046566993253e-01
6.243688442426729157e-01
8.016032064128256751e-01
7.116231557426531129e-01
5.914621131270010324e-01
4.189652058512485233e-01
6.165975103734439022e-01
9.097326977614192955e-01
8.315657358016943501e-01
5.915029716396269510e-01
5.311828266273554977e-01
5.226824457593688411e-01
6.700673331973067137e-01
7.687657885239985722e-01
6.135743519781718947e-01
7.139816011556298081e-01
6.994674693216023087e-01
3.444408843319445857e-01
5.735056542810986757e-01
8.795681484109686421e-01
6.396011396011396233e-01
5.026044241945234470e-01
6.635168046760837601e-01
7.589254153411097992e-01
6.212033275295028023e-01
7.964298724954462783e-01
7.287475665152498561e-01
5.369220151828846266e-01
7.900211464822540774e-01
6.858170718412733846e-01
5.783146194850855570e-01
6.234031681144610593e-01
2.863477246207700722e-01
8.431007751937985573e-01
8.673441734417344229e-01
8.351591836248259959e-01
6.596906278434940818e-01
4.018912529550827117e-01
5.938563688097032722e-01
6.886563234474508688e-01
3.746952153716992528e-01
8.378320284237291693e-01
6.968358214280675478e-01
7.856086462888407507e-01
4.298919997775544344e-01
6.750257643421505582e-01
8.820375335120643756e-01
7.103059826457603920e-01
6.562500000000000000e-01
7.148148148148149028e-01
8.487445197289756882e-01
7.155963302752289812e-02
7.429604101874422994e-01
1.058201058201045305e-02
5.085871768387072445e-01
8.116161863287175704e-01
5.966239813736904374e-01
7.847941888619854867e-01
6.337616822429906760e-01
5.614617940199335688e-01
4.764864778860398165e-01
7.855186767444406470e-01
4.391709844559584242e-01
4.379201673409011120e-01
2.469258889996676920e-01
6.334868145667643669e-01
6.343016933354047593e-01
5.033692722371967410e-01
8.763812139339074436e-01
4.634146341463413754e-01
7.707358570820928012e-01
5.454545454545454142e-01
8.900458142440650366e-01
3.228097868981847918e-01
7.523920451525334396e-01
8.325677065478230832e-01
6.507214149040699835e-01
6.980999296270231635e-01
8.503107415123652979e-01
7.614457831325300852e-01
5.671147477108903212e-01
7.810442504976267131e-01
9.968164333229823093e-01
9.768646272326899638e-01
8.603984038903024212e-01
9.651825063449112063e-01
8.318605206591831447e-01
5.083798882681564990e-01
6.691729323308270860e-01
9.206138531729572971e-01
8.654186320754716499e-01
2.154065620542082171e-01
7.035251931084984811e-01
3.223072152160430526e-01
5.947876205989225395e-01
6.284105673451710894e-01
5.442561205273069858e-01
6.821736249171638233e-01
4.275510204081633958e-01
6.957220971373431206e-01
4.018126888217522508e-01
7.016416845110635681e-01
6.349108789182544843e-01
3.163152053274139730e-01
5.351177299255384101e-01
6.604938271604937627e-01
2.971246006389776095e-01
1.103825136612022473e-01
3.107184923439338942e-01
7.507279803949834518e-01
4.716844029691363849e-01
2.589096826688366826e-01
7.253369540020532247e-01
5.615738375063874521e-01
3.748650597129504769e-01
4.003606121631244630e-01
4.730336143842161500e-01
4.060000000000000275e-01
7.396135265700481964e-01
5.000347133268330246e-01
6.306500215238914908e-01
6.621590648636260790e-01
4.078876722931992771e-01
4.249757986447241787e-01
4.304024609074596497e-01
1.847715736040607959e-01
6.960009242362457105e-01
4.813596491228069874e-01
6.065081929379182446e-01
6.020671834625322960e-01
1.027732463295267934e-01
3.889881435764170892e-01
6.414910568363250132e-01
6.044625827946161767e-01
1.520138588133389257e-01
7.223557692307691624e-01
5.973506623344181088e-02
3.534372604140045282e-01
5.376453784941848113e-01
7.753607103218645991e-01
5.601434854274905950e-01
5.279572465502113676e-01
3.742182771837805344e-01
4.813688212927756949e-01
4.971058569606591759e-01
4.111782030062851034e-01
4.264554249483525350e-01
4.593966611221217411e-01
4.815289142567384939e-01
5.914577807793941489e-01
7.213159573498586496e-01
4.997510373443982412e-01
3.134015211119854372e-01
1.777269260106789095e-01
6.125680983149626169e-01
5.064638783269963529e-01
4.069565217391303280e-01
6.996290099652840988e-01
4.547063706223087309e-01
2.599811380069161348e-01
5.795836910763414451e-01
6.176254779946657233e-10
3.201621073961498087e-01
6.250906453952139730e-01
7.342923056045594921e-01
3.098147914829281757e-01
4.768269397674014809e-01
6.958525345622118552e-01
4.669313566791051251e-01
6.876741409048693354e-01
6.430725053840631311e-01
5.405583644757089301e-01
4.274594812920255449e-01
5.232965067777274326e-01
4.980271058500599923e-01
5.635877904753843204e-01
2.154065620542082171e-01
7.153295783224234983e-01
6.181202370872143081e-01
7.675401521555367257e-01
5.018150387867892359e-01
5.239291010336281085e-01
5.783035874470656701e-01
7.464459135318551875e-01
4.969809568044588483e-02
6.409649952696309105e-01
6.391534391534391402e-01
4.709836026263637954e-01
2.413793103448276800e-01
6.176866519846556134e-10
3.915197388223888852e-01
5.223115062403829167e-01
5.928080380750925249e-01
5.940218194209820890e-01
4.595814425190360986e-01
1.884346959122631948e-01
4.984000000000000652e-01
6.665480680281790082e-01
4.562664329535494057e-01
6.718908043605877900e-01
6.186101644688101198e-01
6.219890869033039005e-01
3.965673926978407482e-01
5.372116640069636295e-01
4.360503860168538637e-01
6.807738814993955501e-01
4.016736401673640655e-01
5.798530954879327348e-01
1.923641703377388656e-01
8.377366798767063027e-01
3.857290589451911611e-01
6.753663330740738990e-01
5.212187159956475080e-01
2.154411764705882193e-01
7.468570210952482080e-01
7.131294964028777050e-01
4.771141331008291186e-01
5.370577464952285274e-01
5.905109489051093563e-01
3.910038085148979659e-01
4.481874362395987244e-01
5.763153893252830340e-01
5.947333454128163055e-01
1.610514624213254253e-01
4.584165003326678423e-01
3.442822384428223526e-01
4.184615728588174099e-01
3.745364647713226303e-01
4.475908704624669276e-01
2.968036529680365687e-01
6.494664522730595468e-01
6.614902858274049890e-01
4.297133585641553788e-01
4.780165708260669111e-01
6.706586826347304964e-01
6.365919387051706124e-01
6.934166266218163566e-01
6.789003825988380036e-01
3.927948451529599261e-01
6.979936642027456672e-01
6.642441860465116976e-01
6.040386303775240329e-01
3.444408843319448077e-01
4.153242292910294675e-01
6.857599807301557604e-01
3.612192679942151652e-01
5.933065291478218928e-01
4.973637961335675706e-01
4.817065503351504741e-01
8.407402755472984657e-01
3.588571428571428190e-01
1.800281293952180062e-01
4.038006263592425760e-01
5.191728831304802672e-01
5.537421310328748403e-01
6.396730326350688056e-01
4.662778224553571493e-01
1.511254019292604112e-01
5.832832230907997184e-01
4.407264302342603912e-01
6.903346887707225710e-01
6.054711246200608077e-01
7.015087376533160057e-01
4.768630913010115102e-01
5.997400909681611658e-01
6.643996157540825731e-01
2.158951249487916224e-01
7.834672981238312017e-01
5.084082008753743054e-01
5.741548527808070235e-01
5.264187866927593218e-01
7.407194110681678545e-01
4.446920888722469267e-01
4.319137708587243440e-01
3.890027958993476087e-01
5.463403580330840059e-01
7.782161159376728143e-01
5.937035200793256973e-01
5.064335202903332833e-01
6.665683788405968313e-01
3.385620915032679923e-01
7.185501066098082257e-01
7.064745845952361547e-01
5.480083857442348272e-01
1.453634085213031946e-01
6.092675912934555349e-01
4.872165463531833440e-01
7.426879335110452285e-01
5.204232804232805654e-01
6.556521739130435344e-01
4.819841215986970240e-01
6.677852348993287279e-01
5.258238917563923254e-01
6.158522374294836954e-01
7.004317502490867708e-01
6.179351710091659609e-10
4.950819672131147042e-01
6.384083044982699073e-01
5.437531613555893761e-01
6.180766351841358868e-10
6.201488990971011361e-01
6.583006588828397287e-01
7.893234781647114895e-01
4.282138838657338908e-01
4.973637961335677371e-01
5.235562310030394961e-01
5.103338632750398229e-01
3.963898916967508179e-01
7.343300747556066321e-01
5.135379061371840859e-01
8.404425780901051413e-01
6.179695813016437374e-10
5.530711149430677098e-01
6.055830947450071555e-01
3.402979299671116675e-01
6.543438077634010641e-01
6.772361571225744559e-01
2.308757355486327212e-01
3.695906432748539139e-01
5.511900264450321218e-01
4.054054054054054279e-01
5.252273597937182625e-01
6.737288135593220151e-01
3.788137199166193292e-01
5.113131435544927550e-01
5.076013513513513153e-01
6.558722514014292404e-01
6.406533575317604479e-01
5.296787292487759036e-01
5.830220002227498588e-01
5.302350619056163117e-01
7.268141249514940005e-01
5.967413441955192743e-01
2.890745218729391941e-01
8.071585098612126252e-01
9.773859716366432859e-02
4.976213130352046266e-01
5.769230769230769829e-01
6.748127709893575465e-01
1.317662281647615785e-01
3.108433734939758941e-01
4.300518134715023977e-01
6.385662612529501292e-01
4.583415402796927607e-01
6.734982332155476925e-01
3.419066256639642920e-01
6.177287090695504770e-10
7.856650015179532653e-01
5.392595573751073346e-01
3.201166180758017732e-01
3.000273498039931486e-01
4.060540237495848803e-01
4.847991959638455195e-01
5.510204081632652517e-01
6.700311291387606172e-01
5.937726285300506390e-01
6.592734418354467829e-01
4.394252258701023539e-01
6.788152504988972380e-01
2.111046847888952693e-01
7.429971109157141873e-01
7.458359912112835222e-01
7.042444875471698396e-01
5.741469816272964932e-01
6.178548803206078808e-10
6.784015316357169256e-01
7.381154272723701171e-01
6.001321182115187947e-01
5.022265239999216258e-01
2.622661489587010397e-01
3.858657243816253635e-01
5.883748676458542270e-01
6.839834831842290797e-01
4.152153987167735982e-01
2.786885245901639663e-01
6.249789029535864904e-01
3.939399669169642570e-01
6.005644872627731168e-01
7.380952380952381375e-01
7.396356572195234014e-01
5.404109589041095063e-01
4.087958277005706575e-01
3.229672821509556035e-01
1.679038529515730072e-01
5.574828100411302056e-01
6.749828783876333782e-01
5.087378640776698546e-01
6.657859973579920432e-01
