1.281823350306014575e+00
1.210185705729859507e+00
9.825274091923901221e-01
5.636907310060192966e-01
9.258481378749918722e-01
5.344992678579144618e-01
7.251355391810828666e-01
5.864594077481714018e-01
1.287555414821590860e+00
9.160954640399965321e-01
6.547929579063578309e-01
2.262476668546084646e+00
8.008332130093910317e-01
7.252550760489951953e-01
4.183542961618443856e-01
4.661815000298697997e-01
6.387470138944338904e-01
8.039692794201780401e-01
6.677860415730408894e-01
6.787743604385297891e-01
1.166455876191970553e+00
4.430788506467701060e-01
8.828887758925532125e-01
1.277450294082522309e+00
6.176934644300424715e-01
8.320050507246685711e-01
7.439866659897113044e-01
3.851351948443270667e-01
1.006066867329236114e+00
4.942729259879971582e-01
7.701733085975630555e-01
5.841551394745477799e-01
8.502048217872739677e-01
7.063154862189726657e-01
5.774949008014840235e-01
1.158386634985134833e+00
5.901106765580852453e-01
6.497434541062804270e-01
9.203809868013429485e-01
7.071314836507862633e-01
6.069334615066074301e-01
8.567796833192435901e-01
7.381994706287868802e-01
5.716741645499849866e-01
6.609030092227726749e-01
6.646763633937953220e-01
8.609263853419186763e-01
8.091834496809695576e-01
6.338392992166157480e-01
6.526283105990324795e-01
6.471669886391336890e-01
8.143115364475799201e-01
5.804301351647259688e-01
5.193737928868082943e-01
4.022869731983951813e-01
8.159061866750646486e-01
8.133381965024362170e-01
5.865385804666369829e-01
6.333577695796682727e-01
3.910303419438397876e-01
8.104287265794156703e-01
5.004218899622340233e-01
5.082485565501053681e-01
5.122369245567190976e-01
5.766165975894211870e-01
8.383020690430598165e-01
5.205148544158428869e-01
7.445399486294190794e-01
4.829763408528968682e-01
7.634821261218194266e-01
6.792357129267559968e-01
4.246637363126689046e-01
5.838204441768765074e-01
5.241328789086519002e-01
8.361849528982261415e-01
6.707360071160932691e-01
6.469024705326676949e-01
6.694019872005001481e-01
6.515786352907936285e-01
6.831970221185154069e-01
5.417116578567803264e-01
5.666066651562101653e-01
6.305176001365325744e-01
6.745849066737492628e-01
6.490151499191242346e-01
4.346911515183516928e-01
8.153253400227058467e-01
7.895052760231603406e-01
7.262779465007085378e-01
6.725977324145181457e-01
4.854642415014199242e-01
7.801239792591584399e-01
4.614740431316518565e-01
2.823852682308551909e-01
6.347113397593272532e-01
8.729653200418850956e-01
7.192969224070562273e-01
7.271862092211189843e-01
4.020087233293208606e-01
3.972010305822436527e-01
7.395223445279498486e-01
7.803636947225872644e-01
7.387574614089881253e-01
3.757192996151006437e-01
5.164014158820278144e-01
6.426755539793790328e-01
4.726887956885799658e-01
6.557006753355046902e-01
4.743332010884265260e-01
4.809276736827515775e-01
7.097590872992718403e-01
4.596057612395562098e-01
6.934260264684865005e-01
6.756988530918716096e-01
7.998745891570361310e-01
6.194684244398622752e-01
6.874769383764720576e-01
3.228059239727864016e-01
6.202066634899975339e-01
6.669407641055168368e-01
3.446618362039493566e-01
5.007263987186761911e-01
3.741349615885359858e-01
8.082105796637299999e-01
5.392854793574252126e-01
7.122486536409520230e-01
6.609277517523346468e-01
7.701453416908154992e-01
6.552023170264006380e-01
5.896912289488325243e-01
8.452809585988029228e-01
9.380089314994384253e-01
6.444241438899276364e-01
7.628649075537141666e-01
5.058268189618048138e-01
7.079087577188996061e-01
7.404082873774070483e-01
7.302638566347245952e-01
6.624928993955743195e-01
7.216064879240585705e-01
6.984340275453594371e-01
8.131704637371718336e-01
6.624215046591740430e-01
1.252204123474687014e+00
1.159770712108406654e+00
8.757787025811035742e-01
7.371091516761414386e-01
5.793994561142679078e-01
7.902948216865731679e-01
4.586936053397593360e-01
7.464324007788114557e-01
5.343877892769667293e-01
1.039427685184455274e+00
7.880449378746707811e-01
7.194284676511465415e-01
9.522994590823720129e-01
7.494625647847269478e-01
9.362052512284380068e-01
6.934164396484053805e-01
1.168750255182542386e+00
9.606079307208715834e-01
1.248532275112431256e+00
8.136338016580937360e-01
7.239151068231615138e-01
1.329554529211717240e+00
3.963811132757943945e-01
5.249793943777685268e-01
1.014355390381943556e+00
6.892256484750630685e-01
1.242109680999741617e+00
1.399540248713958102e+00
6.008133705227012289e-01
7.463502985149161884e-01
8.744986997018364683e-01
7.380130113555780635e-01
1.058097802556343447e+00
8.218252358167950078e-01
9.250827804566935653e-01
6.695910287651615223e-01
7.868550542514179957e-01
6.389824210412051730e-01
6.185962758173761955e-01
9.233476895642204196e-01
7.952160863364672316e-01
6.578574312440906846e-01
5.234881743334668380e-01
8.327995186397494365e-01
4.755570305686491195e-01
5.027869040608253792e-01
8.964131143167789473e-01
4.960606412040279856e-01
4.669609827023408766e-01
8.298128424841999529e-01
6.430681135416783656e-01
9.560055725759476486e-01
7.002823528039163747e-01
8.129754753847882043e-01
4.394977975189400254e-01
7.362498905210146383e-01
7.374778973781753733e-01
6.021971976690337902e-01
9.795431630635498266e-01
6.154646464012044627e-01
8.079679237032511008e-01
7.131530357292872324e-01
8.152035176722651766e-01
8.875447917408668674e-01
5.790069404487666604e-01
7.023056017033076914e-01
7.983495628933452437e-01
6.621857521578560224e-01
4.071474465605737780e-01
7.668247788222793959e-01
7.733035923306872395e-01
7.311058461079823489e-01
6.394958855116597007e-01
5.551067739178622285e-01
7.322403131788548514e-01
5.739385481937724354e-01
5.691320741872641920e-01
8.103415867728110955e-01
6.105635410711074407e-01
1.305975545538637039e+00
8.615626091437588174e-01
8.610701301817420550e-01
7.434423830619798501e-01
5.480812933463432568e-01
8.519024321226419394e-01
7.323579477677376603e-01
7.092989959839679504e-01
6.178707636641137535e-01
3.975871343563354143e-01
8.117491820279985060e-01
8.015549509632626801e-01
7.057599525388408290e-01
5.973722663217901907e-01
7.218085757766695698e-01
7.236130442445806166e-01
7.521991976265522961e-01
5.970764769427530094e-01
4.281903057040269966e-01
6.315730318272650967e-01
7.302457354835060199e-01
5.032929788009383731e-01
4.374186495296752408e-01
8.677235564284414560e-01
7.041572920022175497e-01
6.905397482521515862e-01
7.874960030007968070e-01
6.455416803326456954e-01
5.357474566123937576e-01
5.852811511197018035e-01
6.119001963964414426e-01
4.123764303065082237e-01
5.134051684096720969e-01
3.372130009659363159e-01
7.828079138432858519e-01
5.260784321171672051e-01
6.746934672798153843e-01
6.306945513669550696e-01
5.355673704066234997e-01
7.068273584141409049e-01
5.786839109679481341e-01
4.802955731859827049e-01
6.791554461967979073e-01
5.527692605307441553e-01
6.810958384839437274e-01
6.354996772697789620e-01
6.070841682503326231e-01
5.293946707487744430e-01
1.242575287424436681e+00
8.541918763940864467e-01
8.026429307771837385e-01
5.910763865231491998e-01
7.653356349264408554e-01
4.871115730970223545e-01
5.337912922795439163e-01
7.270039445794492794e-01
6.129664272528836388e-01
7.101490571896712511e-01
5.216863546563518250e-01
5.944284542656397274e-01
4.408804068926602815e-01
5.446498691162448003e-01
6.791649130168578852e-01
4.144363858054966876e-01
6.011268707333311534e-01
6.180506830923199191e-01
6.815479859663247098e-01
7.536591202167201020e-01
7.475720594080020875e-01
7.524042491622771056e-01
8.594707042754465842e-01
4.816569283815175795e-01
7.309894944864330224e-01
6.970697895036810365e-01
9.441512874186773763e-01
7.796922557069847493e-01
4.303338631197261011e-01
6.946656027185971194e-01
7.798779903615612463e-01
1.226332745376586653e+00
7.668084137661306254e-01
9.486937999796849486e-01
1.135781769031331212e+00
2.101028319364513841e+00
8.157959122181063227e-01
6.718543889796663171e-01
6.573100409808566580e-01
8.642005442704601137e-01
8.081791260055272152e-01
5.207113586824291263e-01
8.292283437550961311e-01
6.438824621782731628e-01
7.312466839596817314e-01
8.309438459106304187e-01
7.208347983439784556e-01
7.633928942760358494e-01
4.116185116542515066e-01
3.406442706446430879e-01
7.973596727219695035e-01
7.950927195349358767e-01
4.046566869876642714e-01
8.432182535760820441e-01
8.880365408025088225e-01
8.644351643361390947e-01
8.475385612496905141e-01
9.354864070329627079e-01
5.345023469945140437e-01
6.995536792568759488e-01
7.477258459465544460e-01
9.339769177972945258e-01
8.669822776879158033e-01
6.384346768566967478e-01
7.071199374452801223e-01
6.556033218653194439e-01
5.599326199366075896e-01
7.769017249048134621e-01
6.341821995861387506e-01
7.055171352361008230e-01
7.127940324350235946e-01
8.546844584621042795e-01
4.905682503482768353e-01
5.858931247234757667e-01
7.512589985100707191e-01
6.515610684386402562e-01
9.911518212399448302e-01
5.953341722202964981e-01
8.418840552258934906e-01
7.232142833292113382e-01
5.195992376741178642e-01
5.020843403043823150e-01
5.565420424574105684e-01
8.178591033184876569e-01
1.020827015471851729e+00
4.256534490844096075e-01
7.241679106895557716e-01
8.029820390321388279e-01
7.968852785743691935e-01
7.850244293820479724e-01
9.232967439320750591e-01
8.310360185510126119e-01
7.362923173981605895e-01
7.993829740920143090e-01
7.140692108119013337e-01
7.606868256251924088e-01
7.817528844735909255e-01
9.149603275137028202e-01
9.149540907782343080e-01
6.906502492487527345e-01
7.328231210987751210e-01
3.881007915222114968e-01
1.058904549763042491e+00
8.811633607890267950e-01
1.215047932949731013e+00
8.759394457090997621e-01
8.727851211899260164e-01
9.150662422764983539e-01
9.542528710911484247e-01
4.825968966385684733e-01
9.537564900602563123e-01
6.880404884563933177e-01
1.528724389115478921e+00
5.875574307752708947e-01
1.086678069302711380e+00
5.680310791220696265e-01
3.288648149844421997e-01
9.173710190751369620e-01
8.020182679514471502e-01
3.450996706679141934e-01
6.885733382389840340e-01
6.335622011808246246e-01
5.278941083327453043e-01
6.942904743659341626e-01
7.343848608740402018e-01
6.585021081055725256e-01
3.133553879334748382e-01
3.940175974847097140e-01
6.797029032098064194e-01
7.249021484308110219e-01
5.869251216364831381e-01
3.013422714622567833e-01
6.167945168801953759e-01
6.892148951733200191e-01
4.465255811446273704e-01
6.518256551924844766e-01
6.934747167355572728e-01
4.462319513395132664e-01
7.206266543255747115e-01
2.083582379654239924e-01
6.773018382757292066e-01
1.135520049082650473e+00
2.693239407869597590e-01
8.577437792255075966e-01
1.227230536555015350e+00
5.461387072663902442e-01
6.757998843220095475e-01
4.024366889928622237e-01
4.675741178523780128e-01
5.272433562688993991e-01
4.485473348746078504e-01
4.829207080862314982e-01
4.522965106568234694e-01
8.694273131176487590e-01
6.182522051054887280e-01
4.767169056357069556e-01
3.130405029623931079e-01
1.010916530996650575e+00
8.315316630410614085e-01
8.141321912765231428e-01
6.105147069255176806e-01
7.419345984070856437e-01
7.324927553790421264e-01
4.629410375704104963e-01
7.832934528041866074e-01
7.772335692827441189e-01
5.553720154194295988e-01
5.480024038259194707e-01
8.378676538428795340e-01
6.163566072355507464e-01
5.526285142358642322e-01
7.790667662607358990e-01
4.449220296552515719e-01
8.436410448084945557e-01
6.297896196276786540e-01
5.132236975491883957e-01
8.905497247689984075e-01
6.115047985976502787e-01
9.380565490429096931e-01
7.019207417007673477e-01
5.268564521641214693e-01
5.851100745286806903e-01
7.913866587077468262e-01
8.125187277464351876e-01
5.162048194785378019e-01
7.593443311550046593e-01
8.489166889840522590e-01
6.930441344600591913e-01
7.257617786579569907e-01
5.758093401275604650e-01
7.153573777950323898e-01
5.510040504097160063e-01
8.296944686971746696e-01
9.137728189574549909e-01
6.873209343285872075e-01
4.471643656256852339e-01
6.547693677016052094e-01
4.003179912229939963e-01
4.452109078859549096e-01
6.060164769123865813e-01
7.820878271218006939e-01
6.939992155470553481e-01
5.256662618121834551e-01
8.629107661839678922e-01
8.813505164677073456e-01
7.345577891441781304e-01
4.970491189214066852e-01
6.717534651508603183e-01
6.574832184052222805e-01
7.847959078211700357e-01
9.215183343085355805e-01
7.435777578647975172e-01
7.888804932093558264e-01
8.100061619874181496e-01
1.141633936237540503e+00
7.196928744377543152e-01
8.017437777974651958e-01
7.305147275752019720e-01
4.262019555424845230e-01
5.385864692466034720e-01
1.058805582724069883e+00
7.578049099390087306e-01
3.602252716984439829e-01
5.867197374925281483e-01
9.698483747964836699e-01
7.626051600072447645e-01
4.811160090824573299e-01
7.480957394484801792e-01
3.743490223054201094e-01
5.312360944735697865e-01
5.917977711065331992e-01
5.280751626385512543e-01
8.952964829639042943e-01
4.763209889233366856e-01
7.032922024319987475e-01
9.525072437381842949e-01
5.121517767704554247e-01
6.279929946964410981e-01
7.419628824527018107e-01
7.652507005993514078e-01
6.160128438437746379e-01
8.538997486217146937e-01
6.476054720382259378e-01
7.320238603996224169e-01
5.511633779297803182e-01
3.259565472250013363e-01
1.207504757371916648e+00
8.246658955491699139e-01
8.013979785618656759e-01
7.989604092303232985e-01
8.696017032933205382e-01
6.424449375930174622e-01
7.943933011968599134e-01
8.302953295948886092e-01
8.117515034103179872e-01
6.113134461256456431e-01
5.929039370960028643e-01
5.128027918444264532e-01
7.606760195342868736e-01
4.602504676642503179e-01
4.547659562391067611e-01
5.579016456819854142e-01
8.256850179884082097e-01
8.024842713159932028e-01
5.409560356319627061e-01
5.105215675684644516e-01
6.637469281664309939e-01
6.480932417415964375e-01
7.914289335091087008e-01
6.040924693387490496e-01
8.323511765818433217e-01
7.232704631685193952e-01
6.869842824523185731e-01
6.778080276359107481e-01
6.150933094720151262e-01
7.293004603136649111e-01
6.891780409840450039e-01
7.325430290464448602e-01
4.987366016197143925e-01
5.701519740706880723e-01
8.114401499318210087e-01
7.000416205424065952e-01
5.759982270638731583e-01
1.037534059070899906e+00
7.858353523335683821e-01
7.017997809478119242e-01
8.158335207664506594e-01
7.439455591934590606e-01
1.002846669490724318e+00
7.173284302791558265e-01
6.119072489663502923e-01
6.471013914296632752e-01
7.598074360864139898e-01
8.408825242557037560e-01
7.139641036604802427e-01
1.101133300221800004e+00
5.914539440873572973e-01
5.023748431061357822e-01
8.015908799001564278e-01
7.414422326115808204e-01
6.110738682995300319e-01
6.730436919295005316e-01
7.607392329540368925e-01
6.149081466693913089e-01
8.529301611362709590e-01
6.411480125166579835e-01
9.604670248134371535e-01
6.956009159629232830e-01
7.117908355485284000e-01
4.681424852861292285e-01
7.179333176850050124e-01
4.813596367010254951e-01
5.082622566021661736e-01
7.924663796706310492e-01
7.569726147492685797e-01
6.397926377148733801e-01
9.675219815513438348e-01
5.495735405702962817e-01
7.783567075716710804e-01
8.672299106909281408e-01
9.007753788719266019e-01
6.152886347566186576e-01
5.504839678317342555e-01
8.406428276767147212e-01
9.112312915927442969e-01
9.698945580991884530e-01
5.488644181996163995e-01
8.466438513953987721e-01
6.415378529925154227e-01
7.058836048239537364e-01
6.596872653002620046e-01
7.865420649655022745e-01
6.405142090436539704e-01
7.140214554203081487e-01
6.801523747895663607e-01
7.617715418651809234e-01
1.226023378625880733e+00
5.767926057806571638e-01
8.391355976372812941e-01
5.872734468341165304e-01
8.387414203771796917e-01
7.478410965231524488e-01
9.870669241852855214e-01
7.372184280472222628e-01
7.680095329838174667e-01
6.481609388410392025e-01
7.203230562412729077e-01
1.335849408308698472e+00
7.757835180488228399e-01
5.926540863166412931e-01
7.354471581808210701e-01
6.784018071082114076e-01
7.253410421196211377e-01
7.213343448470838082e-01
8.100762632777714911e-01
1.416815650936847693e+00
8.066189345879136718e-01
8.385448033097260279e-01
9.373038247203169249e-01
8.365384889062552620e-01
9.370879375369021158e-01
1.181294771912033914e+00
1.247723456625666971e+00
8.666456316024796491e-01
5.563719536676065003e-01
7.124847826099397485e-01
6.288380431578026730e-01
7.147855932545563729e-01
7.441195781830149958e-01
5.674326230224494561e-01
6.655948491880508966e-01
5.270269990832269213e-01
5.631140489001795757e-01
6.931770914405520623e-01
7.211544723466930540e-01
6.570511832389891449e-01
6.583850486837055094e-01
6.419981807576528032e-01
6.466379933906140076e-01
7.984780561529978282e-01
9.121583203457214184e-01
5.646875983402804833e-01
5.918452329109007426e-01
4.677509355117445145e-01
5.013682516609897499e-01
8.070071673800546241e-01
7.917102464916182525e-01
4.564362483349327926e-01
6.097102104179878967e-01
3.632560553393301972e-01
8.054181046861710325e-01
6.409790503599526179e-01
7.351626234577555152e-01
7.604086310314436270e-01
7.646351716552604039e-01
6.600203939239305262e-01
5.722290674693907286e-01
4.657065741902292610e-01
6.464780610638719560e-01
7.222255351212938379e-01
4.816577953600419404e-01
6.683472354432313800e-01
9.403825803668250938e-01
6.684826182745303713e-01
7.317347670599584353e-01
6.556348354621557295e-01
6.086362862111469596e-01
5.534984943106148192e-01
5.431022806716768736e-01
9.240090008636130392e-01
6.366699687537996644e-01
5.775228408464135876e-01
3.821021226711418528e-01
6.712126200513722774e-01
8.365477919609571877e-01
7.202608332172969474e-01
5.435356720361153027e-01
6.815188782614168828e-01
6.353106436751736474e-01
7.119215869058053148e-01
7.059375780566888858e-01
4.645746789267627408e-01
7.732345647678418032e-01
5.171753752696081063e-01
6.599054815845297739e-01
4.310790792674565330e-01
8.044072192392905940e-01
7.865442323252884727e-01
7.263243017273759428e-01
7.724484843922384547e-01
4.622489054638233008e-01
7.474744291360326809e-01
6.699386190204963398e-01
4.800616761352846651e-01
5.911978665495448704e-01
7.218693304250306531e-01
5.867975933360237706e-01
7.218241620650243107e-01
6.181275158145298487e-01
7.568834394726028370e-01
6.801072931102448704e-01
6.633787609871303337e-01
7.249185816657429671e-01
8.199000798078704966e-01
4.649205437174938615e-01
7.379530445250906956e-01
7.971619687022042378e-01
6.307622622667035106e-01
5.883997665360239937e-01
4.937786249311666986e-01
7.385996241012211527e-01
5.625738581679835537e-01
7.244084326974858934e-01
7.526833427845074365e-01
5.111155357528529564e-01
4.788683016109587243e-01
7.478690826099335665e-01
7.499320369390592989e-01
7.154108707486267482e-01
5.873541025022708251e-01
6.500111368645580256e-01
6.576968099445773541e-01
6.355377220643771974e-01
7.420371277652152431e-01
7.663395844953693192e-01
6.293919661112978847e-01
7.363160767191019307e-01
8.936153113153212368e-01
6.092366748441793156e-01
6.187433210001923589e-01
4.771279820151516082e-01
8.382781199124578198e-01
8.574141426961654489e-01
6.849810918892280664e-01
8.330997963637741810e-01
7.050398016201826490e-01
8.766708074429852005e-01
7.845691601924611458e-01
6.245165857995736980e-01
7.675902823511135953e-01
5.754250741858846219e-01
6.272638248474169398e-01
8.968791684045316348e-01
5.643921292042561877e-01
5.120296007424599560e-01
7.239445979713626800e-01
4.423430821668338231e-01
5.641079496111781610e-01
8.681162160968308728e-01
7.756502620529893699e-01
6.238112574616300199e-01
8.322598243644614424e-01
7.838060474064378891e-01
7.788068175249324154e-01
8.555793011686251281e-01
9.271113746753094631e-01
6.579769758804825397e-01
4.884659856887859086e-01
7.419706738470459584e-01
6.225145339847082404e-01
5.943378228880134007e-01
6.308520118978786506e-01
7.279074061981397614e-01
7.117620728889495485e-01
7.184420857815837502e-01
7.348405097106798234e-01
6.541839155198704292e-01
5.145202986686431279e-01
5.794727728772505193e-01
4.317223989438142562e-01
6.333848289194004000e-01
7.176016863871206297e-01
7.003869418699922855e-01
7.745082548423066759e-01
7.240069224170330164e-01
6.633992580773262482e-01
3.459976180661622491e-01
7.177482080914117102e-01
9.027048924825883391e-01
6.959803404517248548e-01
6.818961827360444650e-01
8.436365517100429257e-01
4.667396353791339325e-01
5.599209952387937950e-01
6.434977964693939789e-01
4.776494409536663488e-01
2.694547141767364429e-01
6.271577038203686172e-01
4.498242782435501463e-01
7.221754617718811886e-01
6.764618990705463242e-01
7.412789395700619677e-01
6.236574985146755568e-01
7.379332110372510689e-01
7.007540500889000157e-01
7.378167900293184367e-01
6.548921970585850350e-01
3.990499514144604243e-01
6.972673456472787690e-01
5.447849404882506574e-01
1.011335848377913127e+00
7.771051082318255476e-01
7.652067627377510117e-01
5.272271956582633701e-01
8.363284094058979212e-01
5.985439278452898693e-01
5.576677567239012312e-01
7.566266890636901277e-01
6.117128137711227431e-01
7.518222257503018868e-01
8.316590389310583031e-01
6.361317429890002151e-01
6.986073909766296053e-01
7.343877093670051481e-01
7.959181336359305581e-01
7.844824259686543622e-01
8.580744140855686153e-01
7.462861190056694349e-01
5.823263571566688057e-01
5.558379934819954737e-01
4.176179593192571038e-01
5.969451433257250139e-01
7.367657597685480786e-01
8.088288001358259205e-01
9.538174037366794478e-01
6.939483201722015382e-01
7.117035983773210006e-01
7.789238066490367096e-01
6.440179388826574591e-01
7.629232439648863107e-01
7.593322244014206746e-01
9.806459189822311906e-01
8.332919577143601542e-01
6.215597683398580431e-01
8.210227275874076858e-01
5.690169164610583419e-01
7.095544798249078244e-01
6.892233620010216333e-01
6.703730460608426922e-01
7.650530143450277043e-01
7.466428160650555590e-01
5.437953661199947941e-01
5.559086900601276637e-01
6.725491637713243431e-01
6.239009348185029502e-01
4.835007253071597066e-01
5.090100908584722639e-01
7.390008214257843822e-01
6.485528661290492769e-01
7.119336602582816420e-01
7.121204769760267617e-01
4.625258528886321829e-01
7.248894928828544248e-01
4.965021588805281216e-01
7.236194134769311503e-01
4.784569951880427996e-01
5.631784441228592231e-01
8.795135087277391461e-01
7.505230542849640196e-01
6.500711162936537724e-01
4.928432101627179818e-01
8.005055638143058205e-01
8.131461429348844083e-01
7.501779636704236642e-01
6.002245915075842264e-01
5.420728262867309244e-01
7.371806543753435248e-01
7.095383910488926027e-01
5.588963704841903857e-01
5.446164317464847748e-01
6.270130615291261700e-01
7.367607876652444432e-01
6.164097673532079602e-01
6.775074702383324654e-01
8.627172183685783979e-01
6.061040254796024040e-01
3.356661076120937004e-01
7.348329114497617054e-01
7.939759658928138286e-01
7.160346482327247797e-01
