5.111807305500691845e-01
1.217696201956911528e+00
1.142663851619786897e+00
1.809705101137369709e+00
8.491134872528319777e-01
1.011970759835637557e+00
1.304633476355876232e+00
7.357034211900382870e-01
1.041002065881177607e+00
3.018315966310245013e+00
1.928023337646711521e+00
9.059751640218846047e-01
1.578394515198982884e+00
6.082998478966604727e-01
8.748552748076006136e-01
6.799904651637947994e-01
7.295421008422438014e-01
7.471906286181297929e-01
5.324320642920383762e-01
3.679561397534563683e-01
5.450157778837203537e-01
4.342686553610751177e-01
4.260709664237553596e-01
