-6.504566797379160903e+01
-6.730225500376289460e+01
-6.263074889919975874e+01
-1.323484011366222717e+02
-8.007681475256589465e+01
-1.831126548064247288e+02
-1.214938087790724239e+02
-6.934390223754627414e+01
-7.892953342903120983e+01
-6.256594288476281207e+01
-8.781614030344738353e+01
-1.754444678632514751e+02
-5.625222258305637979e+01
-1.294844324029653819e+02
-2.566208235619076277e+02
-1.389899196552536296e+02
-5.865951539397921977e+01
-7.456206991717715482e+01
-1.858091042721617896e+02
-1.112172988451836488e+02
-1.018192085833091483e+02
-9.758350584777684844e+01
-7.144392837985296296e+01
-7.002673710250360273e+01
-5.863724723329077193e+01
-8.661093800302214163e+01
-6.089762586345766948e+01
-1.937758590627956607e+02
-9.341666325975072027e+01
-1.097196657117683003e+02
-5.600083895434328696e+01
-9.653772926831149448e+01
-5.894127123848895877e+01
-8.482130506848574214e+01
-9.465378955637345371e+01
-6.231371091247171279e+01
-5.153296205903636462e+01
-8.287608217024450141e+01
-5.565390282006422495e+01
-5.788617974974743419e+01
-8.195000871135781040e+01
-5.411743396662539141e+01
-5.954430228431088779e+01
-9.128423799628458823e+01
-1.055995973923843962e+02
-6.398445340490600586e+01
-6.301472010883435360e+01
-8.069635109518398508e+01
-2.223084759590819033e+02
-7.753935060756049324e+01
-7.905556126556774643e+01
-5.894535510132167389e+01
-1.113050129815523803e+02
-1.048077753370023117e+02
-1.123409827062943975e+02
-7.885726073399175107e+01
-5.498981387523078013e+01
-7.912223413897231694e+01
-6.641789395810928909e+01
-1.087511056845132771e+02
-6.306108774778416404e+01
-8.437721392593195446e+01
-7.600230373881487367e+01
-1.121398546646281886e+02
-8.188932669334812431e+01
-5.759433524759452183e+01
-7.222246936743499646e+01
-7.980804652625332096e+01
-1.839997990974732716e+02
-8.982381553756087555e+01
-9.373564360264342099e+01
-9.715877481752235667e+01
-6.931007982259552591e+01
-7.504983061820891521e+01
-6.391005433255408263e+01
-7.115954103554284416e+01
-6.370466417723617525e+01
-1.103463432477677202e+02
-7.035296380453482357e+01
-8.938946696969966865e+01
-1.045338670524641032e+02
-7.992762160544788230e+01
-9.621967627360365327e+01
-8.635779484554890928e+01
-6.997121862945769522e+01
-9.926659261393385236e+01
-6.891359464712013505e+01
-6.382099168698964320e+01
-5.391954186445554598e+01
-9.720750066240233878e+01
-1.741804504079240132e+02
-6.185271609078699129e+01
-7.825118821670625380e+01
-1.120542139761195415e+02
-6.702743225611283151e+01
-6.414595126833431493e+01
-5.970006338901134768e+01
-7.151230313405915240e+01
-2.291357483736468055e+02
-9.471989786992870108e+01
-5.954883650312552845e+01
-5.171759034014984024e+01
-5.776593359180023413e+01
-1.351032582110157421e+02
-1.177124633398271669e+02
-6.335388414834596205e+01
-1.095692085656803556e+02
-6.364971954688225253e+01
-1.112736832822113513e+02
-1.413264192959750289e+02
-6.006895508547295037e+01
-8.240975983043924202e+01
-6.654063966272494213e+01
-5.950489949197118733e+01
-9.885205649698318098e+01
-6.783329548395246889e+01
-5.386260259542132189e+01
-8.047951702362826154e+01
-8.206984699387260207e+01
-6.976146125238068407e+01
-1.751593147951364244e+02
-8.531353344770266744e+01
-1.030495249017187689e+02
-5.969921261591353812e+01
-9.297321616681648493e+01
-8.810690772133557402e+01
-5.520412670493655583e+01
-1.536373799637322293e+02
-1.505059126354200316e+02
-9.004231807701418688e+01
-6.244088756236553905e+01
-5.977313996075256597e+01
-9.747548471847164819e+01
-8.152971665492486864e+01
-1.465656782136960885e+02
-8.355986129948772145e+01
-5.503737098689779828e+01
-9.895110273605772022e+01
-7.970187106976973723e+01
-8.073377785601397250e+01
-9.604506295253111148e+01
-6.570922808554254857e+01
-9.725907183052572691e+01
-1.477686735152862241e+02
-8.178317995250597505e+01
-6.216893354717808506e+01
-7.120525469125644236e+01
-1.117407466892449577e+02
-6.938833473928272610e+01
-1.562711557607150326e+02
-5.748865131855754385e+01
-1.509890488147705128e+02
-7.426233638826289507e+01
-1.183711574997388993e+02
-5.907903488825846949e+01
-8.679562608334481411e+01
-8.222281232827026543e+01
-7.550811752365530083e+01
-7.879185832345677909e+01
-9.592999007337246553e+01
-1.182645349032341926e+02
-5.721160543570649537e+01
-8.117032259000112049e+01
-8.389236168066568666e+01
-1.199845364845145923e+02
-1.480756906754520230e+02
-1.597714783942157624e+02
-5.773667312001778384e+01
-6.378070345485183879e+01
-1.043073155933392115e+02
-9.963920879205082315e+01
-7.802401646691876635e+01
-6.036705946230426889e+01
-5.741995400605006949e+01
-7.551949191445123688e+01
-1.403789846450292487e+02
-5.516698471503626422e+01
-8.124282080741153322e+01
-7.854546255574382485e+01
-7.562049084315273717e+01
-1.324459470132016747e+02
-6.366161248688690222e+01
-8.325394320358122968e+01
-1.124306820365895021e+02
-1.165185507095611115e+02
-1.055994845188609759e+02
-6.292288423407646292e+01
-1.323994456119928884e+02
-6.571339390731623098e+01
-8.636684249651545997e+01
-8.611607622316500965e+01
-1.515648516970967137e+02
-7.634284856362702953e+01
-1.280616031352983839e+02
-5.920770631134229944e+01
-1.535897439419914292e+02
-1.083954559728601339e+02
-1.240876988931145775e+02
-6.959358184557885352e+01
-8.216613740356504536e+01
-8.029887320566345466e+01
-1.139805078922328789e+02
-1.075422642739839034e+02
-1.076633925011280439e+02
-9.220929613519143686e+01
-9.033644626722949056e+01
-8.194528947762358939e+01
-1.245018130318539136e+02
-8.707424450122658754e+01
-7.446003853491993141e+01
-8.639788669623507644e+01
-1.872488276510011076e+02
-8.802380413212165422e+01
-6.803961552359064058e+01
-6.008100144441152679e+01
-7.502641678680305404e+01
-7.267927254663015901e+01
-6.557864070606834161e+01
-6.970111116183340982e+01
-8.367260092259394355e+01
-9.984543063538777119e+01
-1.339004344135171323e+02
-9.575753849288003039e+01
-7.777097969321854976e+01
-8.345100545123878533e+01
-1.076054062788452654e+02
-8.381103727186319929e+01
-9.588056536607282965e+01
-1.040017957459666320e+02
-1.273707317206131222e+02
-8.290775836930328069e+01
-1.057287333721654932e+02
-5.953172937115211738e+01
-8.290189953041792137e+01
-7.639896460158357172e+01
-8.301113786961798269e+01
-6.919182651965661535e+01
-1.062306710829182919e+02
-9.010657570457843235e+01
-1.294222197685913329e+02
-1.128811314203669554e+02
-6.764314071459122601e+01
-8.211372447753657866e+01
-1.542350562481381928e+02
-1.837344393349818574e+02
-9.333020031197577282e+01
-5.490077181075597679e+01
-5.810339271164400543e+01
-1.306148503390746498e+02
-1.168985914933535923e+02
-1.410891314442606301e+02
-1.133058592628256633e+02
-1.942143074063390316e+02
-7.032710091048892309e+01
-2.249250764561072060e+02
-1.617806941903405402e+02
-8.018585926772158246e+01
-1.083547389109245387e+02
-7.905634817030292538e+01
-8.597335570184444009e+01
-1.007769098962026533e+02
-1.119817255614777309e+02
-9.216756559054462628e+01
-1.021278123626828176e+02
-6.354359555445974905e+01
-9.240711555441188807e+01
-5.080117605837018857e+01
-1.048475520514935795e+02
-9.766585276768336144e+01
-1.598275042754667368e+02
-6.469497595998828388e+01
-8.743449931492733640e+01
-8.484523418240331694e+01
-6.705778938125492061e+01
-6.066782433405808206e+01
-1.074707648974498113e+02
-7.251016408917141121e+01
-8.169310073368873759e+01
-9.027792636533098403e+01
-5.953160309936195915e+01
-8.594941030522539904e+01
-6.227433034105076359e+01
-1.084562354105289614e+02
-5.843878571916170728e+01
-5.785249972797141993e+01
-1.233205195049503402e+02
-5.225538157206208467e+01
-6.212986079695238573e+01
-1.139516915971947242e+02
-1.261224353050958484e+02
-5.492793813615723764e+01
-9.415812092368369690e+01
-5.800555738173181197e+01
-6.642552832009681651e+01
-7.559038401502164106e+01
-5.999813554054323106e+01
-8.237747927956249328e+01
-7.104837379287258159e+01
-7.627797826245202373e+01
-6.086668800927376566e+01
-5.620389362169042613e+01
-6.977317312766220425e+01
-9.105027974153401260e+01
-5.615270786096125022e+01
-4.551543908776558567e+01
-1.079537785028029759e+02
-5.321578781932762325e+01
-6.078149818327042908e+01
-8.297026431076994868e+01
-1.669824821957631968e+02
-6.382958404026853572e+01
-7.160144450267230809e+01
-5.712238806517488854e+01
-8.989095288450383237e+01
-7.753051877697365057e+01
-7.841267402439098078e+01
-6.709281942864710402e+01
-6.855723688975237451e+01
-2.090240272141840592e+02
-2.461694315423951878e+02
-2.355509184273572600e+02
-7.217689036808994274e+01
-8.526353633543078558e+01
-8.867554507509416339e+01
-1.042644159904662899e+02
-8.588704624096709495e+01
-5.985905184359676667e+01
-6.107901815031965498e+01
-1.055697320090531548e+02
-7.799091255095504494e+01
-1.066956553952057902e+02
-7.474553325534961346e+01
-6.843959675747140636e+01
-6.945915834310181936e+01
-1.343626108688872023e+02
-6.909025684949807555e+01
-1.314782887221203111e+02
-5.625361464667354738e+01
-6.154823814509057911e+01
-6.119718678335573969e+01
-1.551176479600597702e+02
-1.043081683647482123e+02
-1.108500017905977018e+02
-1.338523079206453019e+02
-7.660625184656498732e+01
-1.220005544073573844e+02
-1.271551097296351998e+02
-1.466912047006569821e+02
-1.373061219601008816e+02
-1.517295290044159231e+02
-1.245176500106105664e+02
-9.768362164137062109e+01
-1.011423629559143933e+02
-1.351384320241647004e+02
-9.899286612238523730e+01
-1.614456898998820975e+02
-8.388049770617632817e+01
-1.083701438944063966e+02
-1.043048106138484172e+02
-1.052825236234471049e+02
-1.278430184659093243e+02
-1.129626713110478136e+02
-8.604219130410731964e+01
-6.335664447186564274e+01
-9.846076063961353952e+01
-7.458328363339310840e+01
-7.331517385687797628e+01
-7.473755911306761845e+01
-6.943971767024189035e+01
-9.309103919793756177e+01
-5.463172516926460531e+01
-7.074517118717156450e+01
-1.359960169472587665e+02
-5.553628295171566265e+01
-1.987519352268284649e+02
-5.995687810665306472e+01
-5.363384348791451117e+01
-6.735565259706450547e+01
-5.559549733960410123e+01
-1.423668579220010599e+02
-5.703422383136402374e+01
-7.092883919156957973e+01
-9.063892616245311729e+01
-9.643385495718621314e+01
-7.691957668313497720e+01
-1.671508829494559052e+02
-1.427041677859697018e+02
-6.744264660371987929e+01
-6.255099718104131057e+01
-1.192198976966876103e+02
-1.051652133716105766e+02
-1.284821495629787194e+02
-1.063443221610641274e+02
-7.102726769719865274e+01
-1.034222350329807796e+02
-6.510380335391036510e+01
-1.268200582428464998e+02
-1.058876785735193664e+02
-7.403600526063385701e+01
-8.821104720179016567e+01
-7.849852321829777679e+01
-2.480218105063666201e+02
-7.318599051500251562e+01
-5.404486040429270588e+01
-1.204129702009469156e+02
-7.189730110367244720e+01
-8.000352324870183907e+01
-1.270552914622255116e+02
-5.652466545696736944e+01
-1.528698401637074369e+02
-1.219564384958915184e+02
-5.429508532573118629e+01
-2.443590541748851308e+02
-1.574920286490585397e+02
-8.151332500714590878e+01
-8.564482896378140708e+01
-5.590966146811626913e+01
-1.367052695827116224e+02
-9.462954049720653416e+01
-7.548510093025603851e+01
-1.057898391483935825e+02
-1.564891425565998873e+02
-9.915771632294814708e+01
-1.524784244373838362e+02
-6.123737074956014936e+01
-1.550016246831594628e+02
-1.939295112967571981e+02
-5.459598141306736352e+01
-7.352678309188539174e+01
-6.313503649714382249e+01
-1.032945196076511536e+02
-6.039360575270864473e+01
-9.185917174988941269e+01
-1.402024111979445706e+02
-8.160933039315165161e+01
-6.358583131347499062e+01
-1.034059389800642066e+02
-2.107816649310102832e+02
-5.685579270557847309e+01
-5.854028059610043044e+01
-1.203467646969438647e+02
-1.247318393626035515e+02
-1.347723088022905245e+02
-6.744179072360677196e+01
-8.591515005507477554e+01
-1.246157910236690611e+02
-6.494209323239294918e+01
-7.878733160373681699e+01
-7.036177362635939403e+01
-1.017315062167103576e+02
-8.400374894781035096e+01
-5.548716186220407565e+01
-7.391608247011762955e+01
-5.751179855645470695e+01
-1.075091763473953392e+02
-5.601826156543895507e+01
-5.692274402837194458e+01
-7.701552482362356500e+01
-7.563548522327135970e+01
-9.814627286319702648e+01
-6.296583635967007098e+01
-5.791722853547803851e+01
-7.168189113981941318e+01
-7.948435353894242894e+01
-5.974874459199705257e+01
-5.782682550422724432e+01
-7.740295918527090180e+01
-7.017748115646656970e+01
-8.941393157333422437e+01
-5.913969487897526989e+01
-5.618379329507215658e+01
-9.187627749353083573e+01
-8.351671281740547670e+01
-5.032733340494598906e+01
-1.037661088531253313e+02
-6.041482049238545926e+01
-6.260234870498008064e+01
-1.249066609754650017e+02
-8.926415438362928967e+01
-7.234262678441928074e+01
-8.021485723810073409e+01
-8.767204004680780827e+01
-5.905412548521953653e+01
-5.780444762228194833e+01
-7.654054445795785000e+01
-8.220259239580724397e+01
-9.303839381586826107e+01
-1.042364151679933570e+02
-2.545820091256677813e+02
-6.711256412459992760e+01
-1.646931615567874019e+02
-6.020294154804540909e+01
-1.161665905258824125e+02
-1.738227781022760894e+02
-5.567525482829593386e+01
-8.312849770933513582e+01
-2.736024264769372962e+02
-5.784796643752417822e+01
-1.687725410584426129e+02
-1.256545575714450251e+02
-5.297661022571227818e+01
-1.024702780586897006e+02
-1.349259190101901424e+02
-1.566110571520006545e+02
-9.201085933002309503e+01
-8.652469853237718667e+01
-1.482102677004216957e+02
-6.724850054817210321e+01
-9.342039295316610037e+01
-6.073873893513578537e+01
-1.292122150311430744e+02
-9.430990578492850318e+01
-5.434141005576225325e+01
-5.825163495939618485e+01
-6.627862748356045586e+01
-1.470472930323798835e+02
-5.435351136058691424e+01
-4.852503943902562611e+01
-1.041492475532322715e+02
-5.724272867703810874e+01
-8.116087573285011558e+01
-6.952339486648693878e+01
-5.346499551340384926e+01
-6.488114760048561891e+01
-7.206764270808034212e+01
-5.632966150505417602e+01
-5.133084089739236333e+01
-6.461119268098821067e+01
-5.538372290312125301e+01
-6.646280396228280551e+01
-1.264004809348235199e+02
-6.443947188705766393e+01
-6.832845255816630470e+01
-6.489975250559352560e+01
-1.357000068304591309e+02
-6.663011513722511836e+01
-5.432225189350720740e+01
-5.672871983511662108e+01
-9.861255536804787880e+01
-1.004616794212901141e+02
-6.631205869563376609e+01
-7.922725969321734851e+01
-6.290147004021303445e+01
-7.856080988894620987e+01
-6.196818197532643069e+01
-6.385760693443671698e+01
-5.629068370521230236e+01
-8.255826292827904922e+01
-1.358861213713659311e+02
-1.291275329432246792e+02
-7.394578419182147400e+01
-7.930198598808794941e+01
-1.242211092223252251e+02
-8.698946904824759940e+01
-8.328045921248326522e+01
-6.653641234570730489e+01
-5.882719204533377422e+01
-5.798795274993752713e+01
-8.773800306956181316e+01
-5.634319071490436670e+01
-5.143946048420607298e+01
-6.725984377684886795e+01
-7.742275440951974019e+01
-7.054252656817106981e+01
-6.327930048592143919e+01
-6.858585522346959351e+01
-6.010173445274082127e+01
-8.826321661890301584e+01
-6.273323097392157877e+01
-7.766343264141309533e+01
-6.061974990311299649e+01
-5.953664976216870031e+01
-7.197219773844716428e+01
-6.865458598263904832e+01
-5.812622883117171568e+01
-5.576426054078287109e+01
-6.541862359012991135e+01
-7.187904318282693339e+01
-9.995881284950854706e+01
-1.011437487962667774e+02
-6.572226982143165230e+01
-6.924072114547263368e+01
-5.592186420898745070e+01
-6.932660185083952342e+01
-5.595983864182286283e+01
-7.517861641062864919e+01
-5.725143627341729768e+01
-1.212686853743543622e+02
-6.538981537777118547e+01
-9.035959464456337287e+01
-5.136833569704926816e+01
-5.155159810072518667e+01
-7.898699975523953754e+01
-5.923130043162291258e+01
-7.846375523400735119e+01
-1.068565403678113626e+02
-5.562148392657586982e+01
-6.137401574986670738e+01
-6.839791482857953042e+01
-6.687415998808899076e+01
-5.669574607350558182e+01
-5.838701567690334571e+01
-4.918680442800997810e+01
-4.969140207290864453e+01
-6.242138786721503152e+01
-6.873827397772268455e+01
-7.722702001467445143e+01
-7.398556178407079642e+01
-7.885493959883254433e+01
-6.740091038760806441e+01
-6.675082691124188727e+01
-5.982435878294761977e+01
-5.217264068103943231e+01
-7.403035436131040115e+01
-5.539672679600450067e+01
-6.585774650490641591e+01
-5.906327982369491281e+01
-5.438054411133623489e+01
-7.263040536567797290e+01
-8.912190715369155214e+01
-8.911019292372310474e+01
-1.344160829088895071e+02
-7.493900104654551342e+01
-5.720500370748803931e+01
-7.816704178005397807e+01
-4.475030411902899914e+02
-6.125015027647390298e+01
-5.619206120319841347e+01
-5.423216954308606574e+01
-5.789323117443574063e+01
-3.904635873100600207e+01
-1.082107088760874660e+02
-6.344592371678348997e+01
-5.834824833801049238e+01
-5.991696048137060870e+01
-7.018441888134114492e+01
-6.899806027828128663e+01
-7.651040687431765264e+01
-6.654838038041903303e+01
-6.304638267262927798e+01
-5.815775904074848768e+01
-8.766458652942017693e+01
-8.362841809552159589e+01
-6.323763881943893495e+01
-6.025879466986062027e+01
-8.068710915441508291e+01
-8.500246858651578918e+01
-8.151859831448248883e+01
-6.170812656804376672e+01
-6.258160549003502382e+01
-9.733134309284989172e+01
-6.113820971358705947e+01
-9.036627103827410679e+01
-1.166632299462956155e+02
-6.909419453853129767e+01
-5.957442362677912939e+01
-5.856443226732000795e+01
-5.153422214846587934e+01
-5.411892220468261883e+01
-1.055303794260481993e+02
-9.057738254252137722e+01
-5.266041660984133443e+01
-5.683733899274062651e+01
-5.966661974004954772e+01
-5.984781009726584955e+01
-5.740275600765534847e+01
-7.130709370235877032e+01
-5.575875431468254817e+01
-8.549149900555909198e+01
-5.714766635372122039e+01
-6.862301581609690970e+01
-7.781628162689153783e+01
-6.427381362157294120e+01
-5.625902483695290357e+01
-7.133534096608175901e+01
-6.896553504756772668e+01
-7.287412956378565809e+01
-6.146581451258333573e+01
-5.623600509899014810e+01
-8.231574906903216515e+01
-1.023019616860924828e+02
-6.728798765354281386e+01
-1.248649013750187464e+02
-8.512847840638366392e+01
-6.359856771241628337e+01
-5.452045679763164543e+01
-5.423968084822374891e+01
-7.256211226019362925e+01
-5.785678608474634643e+01
-5.659800481713839559e+01
-6.572123324379458609e+01
-5.661048752719440813e+01
-6.613014430126139587e+01
-8.034477896698390964e+01
-5.693819711644412251e+01
-6.053379574685217079e+01
-5.641616712624530550e+01
-6.313083609670072605e+01
-5.554561046301068217e+01
-7.204186142340128640e+01
-6.069109126118745223e+01
-7.603105713009608735e+01
-7.138849910438301549e+01
-7.483603005495857019e+01
-6.224172068633076549e+01
-6.042957050821343756e+01
-6.094012693271984205e+01
-7.574849098326285457e+01
-6.751489931464516303e+01
-6.666694865160454242e+01
-5.858700964373156950e+01
-6.193822046060540742e+01
-6.561006412158647549e+01
-6.828669935303480543e+01
-8.267332059809265843e+01
-5.791056589988588854e+01
-7.038669298403374341e+01
-6.810035796024726551e+01
-6.892529259474343917e+01
-8.239653560044183678e+01
-8.398527947859540177e+01
-6.071590108698249821e+01
-6.270853204518829926e+01
-6.272540877660241421e+01
-8.065372297691939707e+01
-6.188872280273154303e+01
-6.223533973065770653e+01
-6.539603202582904373e+01
-5.451648891302516375e+01
-6.462636785880199852e+01
-8.190659013901844787e+01
-5.383458511778385258e+01
-5.328722602436993583e+01
-6.868753884179585611e+01
-7.669078370061984629e+01
-9.638225484612851801e+01
-6.640903189710240895e+01
-6.113879636941958040e+01
-5.739493478142806282e+01
-9.672115249615453081e+01
-9.724760824317584706e+01
-5.930946628459622616e+01
-6.244269617712762255e+01
-6.372549207216170686e+01
-5.429836126256279982e+01
-7.896510322319218744e+01
-7.545819251801870564e+01
-5.802529585804398948e+01
-6.989908113525069666e+01
-5.486978528167241365e+01
-6.519738158531899330e+01
-8.215893787212829125e+01
-6.997379237582308065e+01
-1.036158853560119439e+02
-5.998020452164743688e+01
-6.821388757267379788e+01
-6.224694159040222985e+01
-6.269648543356186110e+01
-1.118592964575613280e+02
-6.178817403934727537e+01
-5.756968907448789707e+01
-5.779650098916613388e+01
-6.057194891581838903e+01
-5.959165373907939056e+01
-5.622254498539555101e+01
-6.808998109338762106e+01
-6.970542492419255609e+01
-7.726907385505589332e+01
-5.762754172310079070e+01
-1.110542787180752100e+02
-6.274813706497980803e+01
-9.685293875261407948e+01
-5.376475582394886743e+01
-5.487700186541586334e+01
-8.825112181104532283e+01
-6.200060996910498545e+01
-6.914521346330803908e+01
-7.990891981591971671e+01
-5.090405477730414674e+01
-8.601153758629203594e+01
-6.489655427553269362e+01
-5.783759296185687759e+01
-5.629456322115038347e+01
-7.953664675662545847e+01
-6.049946419186714053e+01
-5.630526928106833395e+01
-1.214552295406516862e+02
-5.450412399926632645e+01
-8.897609046946362810e+01
-6.691505839380658927e+01
-6.399434957859305229e+01
-6.728391447752011345e+01
-8.906401235056767973e+01
-7.282441400721023683e+01
-6.084067875192791774e+01
-9.553325350849860342e+01
-1.015305339373288120e+02
-1.094000107217010509e+02
-9.575635154683209294e+01
-6.322460430570022538e+01
-5.370189830390098962e+01
-5.991416912689709307e+01
-1.215794935294947265e+02
-5.752786871117508127e+01
-5.790904586539242160e+01
-7.137625402332764679e+01
-6.855436385212516370e+01
-1.087251056278599037e+02
-6.376621702331561892e+01
-7.749082084053767971e+01
-8.484059918853137106e+01
-7.435920917444204292e+01
-5.622257528633304702e+01
-5.553516492890531708e+01
-6.197265378033152672e+01
-6.264818247496322101e+01
-5.776652018236010377e+01
-8.618349159325094888e+01
-5.564353416089418403e+01
-5.363795810340009496e+01
-6.980523996366679285e+01
-7.898580661671181247e+01
-6.674732387379981446e+01
-7.928962546662765476e+01
-6.940356810290492717e+01
-9.187684654694623987e+01
-6.388198380009079358e+01
-8.883435430228399809e+01
-6.687208856880894814e+01
-5.589368308286717735e+01
-7.212723212741636303e+01
-9.206871824454208308e+01
-5.456481643588685415e+01
-5.228272394122119238e+01
-9.614308037068144586e+01
-9.700781758846383696e+01
-6.592973540534615040e+01
-5.918864599061446086e+01
-6.403121164836335311e+01
-6.174192798343041488e+01
-5.886502697793171279e+01
-7.677964944910991107e+01
-6.557133730791710491e+01
-6.218593496092213968e+01
-9.749012416234467082e+01
-5.348985827337826038e+01
-6.521463370836569595e+01
-9.256285462716505208e+01
-6.175722529397265248e+01
-5.302067223172548438e+01
-5.865819453126042760e+01
-8.073116556781641862e+01
-6.600563881238869612e+01
-7.491069244653564851e+01
-6.816182698782859006e+01
-8.155767412097154079e+01
-5.809082421066983670e+01
-7.578662706040651642e+01
-9.263858422362957867e+01
-6.163052046882201296e+01
-1.092316447514506592e+02
-6.653892667778336545e+01
-6.036591957480122517e+01
-6.499554319433453031e+01
-5.963228457550372497e+01
-8.067561368012337653e+01
-6.353351971850928948e+01
-9.611243067879121327e+01
-8.399684229761794541e+01
-6.002256629329340143e+01
-9.306385832015607207e+01
-6.926699268224953698e+01
-5.413498687797660835e+01
-6.370529525152789319e+01
-9.960663342807058029e+01
-5.638008465006705450e+01
-5.604369519649642939e+01
-6.913860733441597972e+01
-7.984190204358785081e+01
-7.944679901986174286e+01
-5.558335306363285611e+01
-5.862271659315399575e+01
-5.341709411313262024e+01
-6.969560676207260030e+01
-7.178473612069890919e+01
-5.626108079870665080e+01
-1.046395314968351613e+02
-6.610598951901474152e+01
-6.137749531526280578e+01
-6.401208595407584312e+01
