5.187678686710319731e-01
6.671784186862594890e-01
1.475461050085659531e+00
3.118497927817177828e+00
1.415227851684121907e+00
3.895392593465615061e+00
2.272908851756224369e+00
6.270906963242569354e+00
7.520580810060684129e-01
1.028689281072385331e+00
4.875100725221593656e+00
5.743691163455004745e-01
1.843937575030011766e+00
3.400167371519943860e+00
7.831726895211972739e+00
5.017052947233413107e+00
2.619211346594657375e+00
2.223719676549865465e+00
5.684164106229786739e+00
2.873805668939411362e+00
1.259509972965493940e+00
1.178713283649783250e+01
1.283968445723887131e+00
5.600497822028622785e-01
3.452852986889443976e+00
1.898498692199105609e+00
1.769834152369918367e+00
5.701111659993713943e+00
1.951996613517708701e+00
5.603406326034062523e+00
3.630238290879212126e+00
3.434517741759591569e+00
1.145299100823725436e+00
2.618096831900281973e+00
9.287828450619144860e+00
3.984173878900990617e-01
5.143128232301525493e+00
2.620531357059463939e+00
7.566325615853960462e-01
3.069816430935900176e+00
3.426255848784725000e+00
9.661051118733743337e-01
1.687489098919725761e+00
3.514288891461853304e+00
4.222526766595289693e+00
4.232804232804234346e+00
2.499735216240070113e+00
1.537513443260111856e+00
3.733749854113983968e+00
3.796651021184828334e+00
4.086341027930108893e+00
1.444893230667375184e+00
3.726563708953608334e+00
7.598784194528873215e+00
1.280000000000000071e+01
2.695970695970695719e+00
1.323741007194244812e+00
5.391014975041597879e+00
4.501864677677145821e+00
1.622649223221586112e+01
1.509170640035435218e+00
5.444390619586060964e+00
5.055092098399224021e+00
2.880540193531978765e+00
1.029829594499181233e+01
1.203010600263816787e+00
9.075472376804908592e+00
2.927398883059740164e+00
6.163078810180926403e+00
2.131194283033168713e+00
1.996729845808270509e+00
1.715246636771300359e+01
3.812359788202490218e+00
4.292403912432897428e+00
1.413346111774302027e+00
2.720863519768403460e+00
3.141977513652769893e+00
5.196988196988197473e+00
4.314590601272315418e+00
4.953208292201383145e+00
5.186170817695894719e+00
3.796450360510260857e+00
2.790870227530520165e+00
2.763344574950576060e+00
4.657025734456842869e+00
1.727552275522755210e+01
1.466773954652028422e+00
2.452423407359377805e+00
2.626420454545455918e+00
3.277979618963224873e+00
8.781811344406142084e+00
2.100872938894276842e+00
1.573617021276596262e+01
9.910009267840590041e+01
3.669975875861616110e+00
1.115043302793193192e+00
2.988297872340424988e+00
2.115007125501960683e+00
7.224924137524673995e+00
2.126730135481508555e+01
5.529865804092786163e+00
2.326127469250838686e+00
3.742268041237112541e+00
8.163283012319967114e+00
8.191379714218784969e+00
4.584331498866945687e+00
7.459920409323480328e+00
5.494388861864853091e+00
1.061070465922218098e+01
5.486392287727103856e+00
2.202843509421526846e+00
5.950338713210355124e+00
3.177886423467469079e+00
5.741807789580446020e+00
3.272861963947649944e+00
4.453373015873015817e+00
5.464362863050861385e+00
7.527214400731236815e-07
5.217095952448344676e+00
3.187685113016368366e+00
1.193274619695756655e+01
8.276849642004773244e+00
7.353887300530913329e+00
2.057121933357743959e+00
1.029516539440277079e+01
3.276602754167489362e+00
7.063089207092166255e+00
7.023685266961060769e+00
6.824073094154585739e+00
5.596899224806199058e+00
2.555260159513862206e+00
1.286788511749346720e+00
3.917102966841185641e+00
3.945450693782439178e+00
4.740356002813395087e+00
2.498814908025047465e+00
1.978494623655913776e+00
2.202616102745325044e+00
1.933726021641404724e+00
2.399313018704943179e+00
3.099949131984603756e+00
2.820986607899643506e+00
2.671553626076434984e+00
1.858025110281642078e+00
8.604130698893790452e-01
2.327935222672064430e+00
4.111111111111110716e+00
4.010965851088354128e+00
4.707790670139710976e+00
5.264826409523420736e+00
1.649042991099422428e+00
3.527017670613105782e+00
7.770159607847474392e-01
2.631425861523869258e+00
1.764881695383212712e+00
1.356837451989274523e+00
3.216126626336288652e+00
1.307611590927435730e+00
2.244970449191530104e+00
1.403518236957836729e+00
2.655780546069614001e+00
2.344943497806869226e-01
2.192372217872720963e+00
2.781074578989574775e+00
1.753938258804642825e+00
9.670377801011616370e+00
8.606628038439794182e+00
1.223712067748764953e+00
2.866620082750523490e+00
1.236746115989578731e+00
4.947575865576061549e-01
3.643330619839515894e+00
1.797474850984422279e+00
9.234318738896546419e-01
3.198678463433755059e+00
2.780272275209912269e+00
1.283966424811494811e+00
2.265954341098849856e+00
4.056084126189283268e+00
2.674246731097214003e+00
4.101192987192683326e+00
3.881803036720758104e+00
2.798278644432491191e+00
3.468975010588733809e+00
4.117925732603329614e+00
5.306514272844998104e+00
1.759100903982408592e+00
6.497281665702719700e+00
4.212006439347058873e+00
2.417272952239544193e+00
6.088376020264565369e+00
7.812997293913326757e+00
2.528000675732747116e+00
3.582549258819794247e+00
8.351739370513524552e-01
2.248366822821624034e+00
2.451478928172369010e+00
8.183588853533894536e+00
3.603288062902072486e+00
7.185509554140127264e+00
5.906562054208274404e+00
2.731402141264488659e+00
2.894323568279481673e+00
2.198265683371078083e+00
6.786154403769481647e+00
4.095437546746449442e+00
3.317292076245833332e+00
2.472115201025473663e+00
3.385992665564104165e+00
6.668689000263780642e+00
5.730249480249478111e+00
6.081462289487819639e+00
2.534321372854914323e+00
1.948544545721846655e+00
3.232815964523282126e+00
8.860995362009489895e+00
4.422108184287827370e+00
2.202647253474521172e+00
3.672207265637026818e+00
5.847852028639615618e+00
2.036144578313253017e+00
4.411860592852461238e+00
1.054466230936819349e+00
2.886667280936146884e+00
2.393187457703588095e+00
5.511002444987774140e+00
3.839868038091613478e+00
3.309679888989904395e+00
7.224916045540173748e+00
5.020403967723698457e+00
1.443648595172141036e+01
1.025593667546174004e+01
2.563017685247369393e+00
3.175447037126132521e+00
2.406249985977234385e+00
5.774143543636645504e+00
2.865936283696122189e+00
4.810030246853351343e+00
4.854088965705447123e+00
4.507929917794569086e+00
9.642673521850895213e+00
5.296425457715783658e+00
2.843342036553523577e+00
4.098064010696704784e+00
7.003330544725585582e+00
2.166705541301523485e+00
2.631578947368420796e+00
3.563045756199790137e+00
7.339326754089494642e+00
4.299976426214049852e+00
3.617623475049271065e+00
5.005560630734400718e+00
4.235816388719596759e+00
2.571927554980593555e+01
8.883639002352499148e+00
9.619076680775664911e+00
4.482645710543549988e+00
5.989711096901704224e+00
6.738409187579751602e+00
4.540642529321775811e+00
7.128960327046363510e+00
4.924557795146031758e+00
5.556601922699627494e+00
7.988927680798004083e+00
3.100775193798449791e+00
4.873950416767979910e+00
2.540017590149517002e+00
4.107593030759304042e+00
2.893758942110431054e+00
3.843135302827618283e+00
5.852796258664364482e-01
2.824271079590229938e+00
3.695882453442679516e+00
4.708004590382123489e+00
3.463079564968516877e+00
5.373704360750745757e+00
1.258850574712643500e+01
2.054321786067394129e+00
6.032554929253421960e+00
2.242519999013712351e+00
4.494231774582127414e+00
3.400419212118918733e+00
1.261922930179321156e+01
7.852963818321785361e+00
2.634815125486528409e+00
8.820919602043558072e+00
4.546777546777547307e+00
3.343936381709741390e+00
7.098888506932509834e+00
4.770117774602079308e+00
1.980440097799510024e+00
2.802439339740551372e+00
2.048804980919864072e+00
1.237249070631969516e+01
5.715257118572034223e+00
2.967938931297710692e+00
1.636053784785947096e+00
1.845971502582955726e+00
2.186748971193416224e+01
5.037394023715162206e+00
1.982054733064155361e+00
9.279801613635569879e-01
3.130207491242253059e+00
1.231756214915798120e+00
7.235829364023950439e-02
1.588444840268294078e-01
1.603773584905660021e+00
4.720300854981703154e+00
6.106471816283923104e+00
1.468198273254725628e+00
2.105724459052313868e+00
5.653425006366184391e+00
2.570663811563170142e+00
3.157255015993021274e+00
4.129027908858028617e+00
3.582001117942984258e+00
2.755102040816327147e+00
2.615425673872431300e+00
8.002800893449556696e+00
1.232329225843406562e+01
4.401425387377046583e+00
2.269078523428150973e+00
1.074780526735834485e+01
2.784503631961259273e+00
3.340651894016399392e+00
3.282792415311411638e+00
1.157166513384035200e+00
1.049917056250942338e+00
6.702572231428779226e+00
2.431702191534073521e+00
3.943851188425766985e+00
1.865719819238217836e+00
2.399904784575101591e+00
4.537037037037038090e+00
2.953940802965334456e+00
2.399635662474171927e+00
5.424230619400076669e+00
2.708767627222563590e+00
3.352915041644396243e+00
5.191375465469954875e+00
4.483657016153343555e+00
3.325104546067718214e+00
7.135473966995010464e+00
7.094526034712949958e+00
2.394874228761271873e+00
3.048911200054270854e+00
2.547579884641533621e+00
4.832792317120805592e+00
5.195571955719557877e+00
3.253774164408310021e+00
6.587170624744490333e+00
4.883995895807278664e+00
5.449835526315790268e+00
4.973070257299026409e+00
3.190253935606359725e+00
1.129995170970634888e+01
3.529770992366412674e+00
2.024833593557399336e+00
3.135880420076026631e+00
2.193490738599331191e+00
2.624416069760200365e+00
3.408318460464033972e+00
5.342733709348376436e+00
1.563288687350898210e+00
2.991909632117233819e+00
2.157138489758483324e+00
1.975528287469911826e+00
1.488601565158216511e+00
9.161774699245717191e-01
3.237066907200086163e+00
2.002967359050444873e+00
1.585220125786162981e+01
1.067262979773037745e+00
1.292424459401402936e+00
8.391920380375839095e-01
2.021490467937608226e+00
1.839368165249089193e+00
1.522211867039453104e+00
1.961811722912967237e+00
7.930304320068101376e+00
9.248539796007327896e-01
3.531763947113833790e+00
6.973533447441756516e-01
3.746763447267212221e+00
1.472044932346183277e+00
6.973297637062040977e+00
1.561642935377875041e+01
1.990384615384615641e+00
2.882604970008569634e+00
1.332406172604305361e+01
5.685082197641018631e+00
7.242489270386267108e+00
7.479028697571744821e+00
4.416129032258064413e+00
2.883539055874870805e+00
7.424630762970442888e+00
3.256131196421920038e+01
9.907529722589169197e+00
3.556543484301192937e+00
2.356347815165086956e+00
1.010374923649229295e+01
1.375568152290798096e+01
6.775397973950797237e+00
4.707423836908027681e+00
1.260541455160745095e+01
3.257228157266964352e+00
2.367819822158759191e+00
7.368402436628020524e+00
2.259931338891612906e+00
3.369870250231703608e+02
5.986508248935334287e+00
3.589364844903988883e-01
1.568159450771855212e+01
5.187330440932747422e+00
7.664058757783810405e-01
5.126066350710901887e+00
2.623626346405222520e+00
8.799437141533971385e+00
6.418772927502260472e+00
6.200092208390962867e+00
7.584386617100371097e+00
4.185394345214827005e+00
8.791187270501831463e+00
1.369509764824151210e+00
3.472456247355366621e+00
4.216487800395313457e+00
1.561939401050068632e+01
4.744610440852430888e-01
2.498891352549888811e+00
1.593664961358441490e+00
4.412031782065835017e+00
3.085172682420150636e+00
3.209781707654048244e+00
4.664798375148870413e+00
2.756408378497144263e+00
3.011292346298619638e+00
3.905323616498144634e+00
4.522566880026260172e+00
1.580016792611250498e+00
6.666666666666667851e+00
2.572058983457603532e+00
2.131487639894159347e+00
7.230946741968787173e+00
2.518990739498052633e+00
2.757868124296029233e+00
9.623846068290511369e+00
1.828163356393661898e+00
5.642014439161825656e+00
1.607628851441866624e+00
9.654776155135262883e+00
5.077004753513508106e+00
6.814814814814815769e+00
1.691404694571141620e+00
1.859799453053783580e+00
4.277211999359713523e+00
2.474678111587983675e+00
1.974018126888216429e+00
2.509673918781307300e+00
3.030927835051546282e+00
2.987999546290007302e+00
3.315238095238093763e+00
8.901907356948228767e+00
2.034680573663624426e+00
1.309249539908663440e+00
3.893277893277894197e+00
1.287399463806971056e+01
2.886667280936146440e+00
1.583198707592891452e+01
6.503339781260498498e+00
6.187434443572132459e+00
2.770954866441509346e+00
2.462524023062139467e+00
4.650733998825604232e+00
1.291025935276566061e+00
1.864350703060380310e+00
4.339285714285717077e+00
6.460674157303370357e+00
4.071193442199703583e+00
5.275167073300097265e+00
3.338400900900902357e+00
2.253443696337019020e+00
3.670875610672679201e+00
1.975452427880308282e+00
1.606051250385921447e+00
6.600938666324940307e-01
3.317292076245833332e+00
3.490457692957269487e+00
2.380060252306532842e+00
5.429315817690232748e+00
5.868055555555553582e+00
2.854974929066081746e+00
1.968150930782444963e+00
1.264577928557173969e+01
2.497826494016739396e+00
8.762122076440387319e-01
2.427086341322552965e+00
5.343437311794429156e+00
1.758999726064948588e+00
9.233764211182062809e+00
3.493030835781211429e+00
8.687263556116013419e+00
5.412655800575263854e+00
2.212804403214709392e+00
4.090979013183927648e+00
2.282670798348641394e+00
1.023002989091395420e+00
5.673377375622280283e+00
3.978082191780821564e+00
3.227014290836448751e+00
2.956989247311827995e+00
2.945578293140870496e+00
1.638496808414996453e+00
2.851118226758513785e+00
1.691920885278792364e+00
7.974327284398428972e+00
1.588811188811188657e+01
2.601399682944747771e-01
1.124972104440972842e+00
1.844685996992406096e+00
2.147584973166367650e+00
2.564232247622900918e+00
4.330429100413853760e+00
1.849244944970565019e+00
1.400218830939059300e+00
4.019213819848403979e+00
6.563944115173910632e+00
6.700440528634359794e+00
6.821264894592117933e+00
2.433441081398765693e+00
6.569857433808556024e+00
3.970253956658555961e+00
8.955223880597014130e+00
2.173974849644614071e+00
1.578127725979899809e+00
7.030550300703053423e+00
4.128306471701690405e+00
6.818151530311994613e+00
6.794580797907033620e+00
2.885535517114465431e+00
2.857920932765285471e+00
1.171492950746818362e+00
2.478914730504785169e+00
3.023856858846918794e+00
4.764866920152091900e+00
3.792264708912091109e+00
1.896588539267450191e+00
3.336414048059147763e+00
2.396124507853918839e+00
4.829378680856704520e+00
4.316791312365536371e+00
2.980195685488623791e+00
2.695970695970695719e+00
3.622696335589055128e+00
1.701796554805707018e+00
3.055913978494623873e+00
2.607843137254902022e+00
1.439036885245901898e+00
1.724183738476898542e+00
8.575367405052365388e-01
4.666227022536856062e+00
7.403321470937123117e+00
3.513207547169811207e+00
3.407700770077007224e+00
1.459492204058325582e+00
2.153239859199967299e+00
5.484886853564826525e-01
1.376960784313725839e+01
9.938573206911479829e+00
1.769041769041769241e+00
2.381699249238088179e+00
4.553852050594096035e+00
4.856412394619833428e+00
2.409970909820444263e+00
7.443665218928387617e+00
1.903402854006586598e+00
3.419928825622777779e+00
1.339384140515911037e+00
2.166783972472296593e+00
3.107425685756914913e+00
5.663265070216902508e+00
4.346043353355966588e+00
1.035000000000000142e+01
1.288046647230320652e+01
2.210744658784484340e+00
2.289119170984456719e+00
5.513445378151261345e+00
1.101547087529852087e+00
4.733902854339230082e+00
1.407225292669875172e+00
2.436960568624133128e+00
6.292421490205526435e-01
3.952347053570888225e+00
8.966474535688096381e+00
1.118053697966295612e+00
1.356101267374526964e+00
1.650327916348407920e+00
9.684210526315787604e+00
1.935576777323025022e+00
4.680161943319838258e+00
3.599999999999999645e+00
4.483316591021246467e+00
1.796677740863787065e+00
2.443324597009977062e+00
1.574578019164280640e+00
4.078014184397162900e+00
3.089533417402269944e+00
9.490103073976102754e-01
5.635214446952597989e+00
2.124858723454881027e+00
3.780967857545519450e+00
2.608367228355607192e+00
3.605905006418485659e+00
4.621643768257183704e-01
1.881588877699082563e+00
1.335395181317173829e+00
4.958837772397092891e+00
1.997280468826284183e+00
9.722332642616139664e-02
1.574289651738205453e+00
3.349783963049842939e+00
9.325626204238920636e+00
4.168238790541414218e+00
2.214052178710308905e+00
2.172012518422024918e+00
2.445182724252492168e+00
2.028893393191220529e+00
1.738827936847738842e+00
1.383565843936838347e+00
1.054962229747330005e+00
1.677523379554981986e+00
4.594467885607129987e-02
1.437574511819116330e+00
7.089041095890411537e-01
1.811912225705329060e+00
5.173627404974189048e+00
2.885219274499188469e+00
7.795019088222982617e+00
2.439688599111165423e+00
3.555210275533458475e+00
1.583058823529412074e+01
4.867332833325495933e+00
4.890331290892097726e+00
1.439853111712408484e+01
4.073727325921590037e+00
5.328858125426076064e+00
5.062120988019523260e+00
3.989293361884368228e+00
8.857988220968865178e+00
2.498900211733762422e+00
3.462686567164179330e+00
1.928968965191962592e+00
4.452837007589445228e+00
3.927612375948628110e+00
8.113628104179284151e+00
1.775685903500473728e+01
3.784757981462409049e+00
2.575247524752475314e+00
7.020247469066362989e+00
3.701222493887531328e+00
1.407712082262210629e+01
2.315737872073414305e+00
3.545548121461657320e+00
3.328263176512201937e+00
1.822518791225648194e+00
3.031241726237754452e+00
5.165818185256679129e+00
6.784082424169556091e+00
2.356675749318800683e+01
8.199999999999999289e+00
2.288846520495710468e+00
3.667002012072440920e+01
3.044781856621179728e+00
1.621323529411765163e+00
2.329291739240657577e+00
3.178177597214161487e+00
4.331091683479039389e+00
5.350628571428574176e+00
1.892626728110598933e+01
5.701384311140409444e+00
1.650532500918104883e+00
3.525697503671071598e+00
3.946941517719229076e+00
8.625000000000000000e+00
4.301236570038518003e+00
2.505219206680584509e+00
4.921274485302962631e+00
7.668693009118537240e+00
3.983204568357407549e+00
9.290047393364929462e+00
3.077854105332024304e+00
2.493029748771931509e+00
2.228395061728398474e+01
2.006430492224950068e+00
9.360471323118128240e+00
5.152796147203907218e+00
7.527213839118901215e-07
2.259931338891613795e+00
2.744186046511627008e+00
5.580685488944668649e+00
3.399646851088877320e+00
4.929839391377854874e+00
3.226166555034605476e+00
9.500669545064946320e+00
8.401794616151546435e+00
4.405666344876530083e+00
1.808103965070763097e+00
5.301651048639000052e+00
3.897265948632972599e+00
3.822845166897381741e+00
2.292631578947368354e+00
2.670274351875157937e+00
4.521989906272533055e+00
4.474063800277392922e+00
2.816326530612244472e+00
7.857204393710964574e+00
1.778806911098403276e+00
4.888260254596890952e+00
2.927192720430344064e+00
3.707907680665909922e+00
8.156348847718026818e+00
2.814316087880935680e+00
4.644617859056537235e+00
7.166194961601450863e+00
1.886875416389073967e+00
5.392311328186544017e+00
4.600995443013757402e+00
2.431006925945658814e+00
3.078817733990148131e+00
2.741779162339909703e+00
3.528645252534115428e+00
4.047597914124043683e+00
4.268141170809386153e+00
4.746461154313530884e+00
3.307824002739256919e+00
2.938498643352426942e+00
1.050749185667752528e+01
3.233830845771143991e+00
2.080658302102004420e+00
5.935016579537292003e+00
5.186158960411002106e+00
6.853203568532037160e+00
1.584198145841980931e+00
1.087386512413428097e+00
3.519061583577713481e+00
1.390869183494293670e+00
3.319703347364202806e+00
3.530700088618812238e+00
1.572551390568319274e+00
6.281516587677725916e+00
2.518656716417911223e+00
4.215613382899630501e+00
6.431263084438239019e+00
1.935402318891116913e+00
3.836262014650465346e+00
1.073515092502433355e+01
3.311999999999999833e+00
2.412307692307697948e+01
7.278481012658227556e+00
2.932977741768505009e+00
2.898305084745761206e+00
8.992509363295882352e+00
1.702720747788348810e+00
2.575971731448763791e+00
2.072217194570136201e+00
1.147124719940254334e+00
1.590220820189274686e+00
8.065064204969687012e+00
4.057095234697746911e+00
2.765486725663716783e+00
3.916639403258522556e+00
6.310962307466813748e+00
6.193381216474226569e+00
3.898168999350636099e+00
4.293361600276055512e+00
2.588038374126524488e+00
3.010471204188481575e+00
3.577649811049124828e+00
5.630832166147487605e+00
1.038225255972695038e+01
1.112727272727272521e+01
4.595337716676628048e+00
2.837684449489216387e+00
2.747512437810946118e+00
3.124848371745824416e+00
2.397780020181634608e+00
6.712850163788533386e+00
1.281880108991825296e+01
2.741779162339909703e+00
1.886850934654097811e+00
3.646464646464647075e+00
3.559070687098369934e+00
3.174534053300817948e+00
6.056265078228410204e+00
3.890031476357545870e+00
5.455993520136865449e+00
9.481189320388351049e+00
7.527214805163624036e-07
4.104341427520235008e+00
6.505922988548713981e+00
5.034127266263772604e+00
3.021556886227545924e+00
1.872423425763249050e+00
5.082829449120354504e+00
2.703828828828828801e+00
2.730748225013653663e+00
2.954224883566201942e+00
2.740720048678872534e+00
1.610534004220094317e+01
6.630810865260647446e+00
4.681406169206428380e+00
1.925912540657751970e+00
2.573767315702799596e+00
1.614331199094842573e+00
1.839999999999999503e+01
2.860696517412935069e+00
8.578756614062218233e+00
6.285340314136126594e+00
3.382234579644397776e+00
3.418142214622688080e+00
2.665068240501659247e+00
2.904201680672267916e+00
8.352052036209354213e+00
3.414141414141414366e+00
3.235964827519567155e+00
2.439980638915778766e+00
7.344726692379303756e+00
1.277949449330480824e+00
2.660732984293193493e+00
7.399115406469075396e+00
4.012127772322584995e+00
1.496174863387977361e+01
4.865088152627546236e+00
3.679052484904782983e+00
2.484848484848483974e+00
3.266968325791854699e+00
4.845464098073554382e+00
2.735656748314976294e+00
2.152899824253075245e+00
4.631762100601076959e+00
2.730252100840335316e+00
2.872012745618693241e+00
1.979397015286085582e+00
3.638393864200315964e+00
1.691258278145694049e+01
4.424864999068960358e+00
8.366515837104074649e+00
3.562836624775585381e+00
4.740145270545987444e+00
2.452427150872033668e+00
2.002270147559591429e+00
2.070856919773571558e+00
8.361594917690116091e+00
6.330838300828815157e+00
2.489767113620324768e+00
3.246345409376869995e+00
8.754048582995958228e+00
1.212626262626262807e+01
2.110986891670902921e+00
3.997851195272629443e+00
2.811769796624837614e+00
6.439071103662917572e+00
9.671782762691853108e+00
2.755973092090001852e+00
1.163086232980332291e+01
3.142058165548097914e+00
9.010881392818276936e+00
5.386225290549038647e+00
2.770491803278688714e+00
3.455150867384690461e+00
7.681834250764404182e+00
8.574629125037843025e+00
4.738878143133462117e+00
1.995518059583442971e+00
2.852433882713683921e+00
4.600803830013594720e+00
1.421259842519686245e+01
2.373992477162816694e+00
3.548277708370515260e+00
7.945071113290827824e+00
6.143344709897610834e+00
6.334907350924988911e+00
2.733573821180110386e+00
4.852819807427787069e+00
2.681517498858037030e+00
1.717916137229986706e+00
3.353936331719942210e+00
1.762363788767811457e+01
1.945769012260401221e+00
2.710464869454467962e+00
3.068865979381442344e+00
