1.065880351661722125e+00
5.575528170137468154e-01
2.333187371071416827e-01
1.025560880287533561e+00
6.258974304783657683e-01
6.472678043108949231e-01
8.976258386275068890e-01
5.398485282850751243e-01
1.820029900961943392e+00
7.550158402950228886e-01
3.442286502469514842e-01
3.916902426778343105e-01
6.398600191562462403e-01
8.064407728506547413e-01
6.923816830930206168e-01
3.975562217460362202e-01
6.709747019348217822e-01
9.619285267213584234e-01
8.772723935995868638e-01
7.095293242067109984e-01
1.355757353469937865e+00
4.089671791534043588e-01
5.528596085792292225e-01
5.671201753000513213e-01
9.076672480544367705e-01
5.646730535781981919e-01
7.156760006790112705e-01
6.547029211646732128e-01
6.502647899232830708e-01
7.467451962718080205e-01
4.008624421461444709e-01
6.920749873603703195e-01
7.936588553654686518e-01
5.372848622398456175e-01
8.124661501189028856e-01
5.256250340128340026e-01
4.935552164245602391e-01
6.578816090441220732e-01
4.247865350893410552e-01
5.860044263533972231e-01
6.812357495973360155e-01
6.117896745251550916e-01
4.102462958463684028e-01
6.052441232986989217e-01
5.306839358476399537e-01
4.790337100943641846e-01
7.403853127978139437e-01
7.637720258762596970e-01
6.863581883150619012e-01
3.337046819893988991e-01
4.049716892723965178e-01
4.787692449044752552e-01
4.493733619859465178e-01
5.195650903808843868e-01
5.249778598243762806e-01
2.736782346109838393e-01
7.751204209365085696e-01
9.186295081027432419e-01
6.480881431881436727e-01
5.447722687083258464e-01
3.960083959023995015e-01
4.037525206755384621e-01
5.551969040499201702e-01
7.472021285114223144e-01
3.914072128755348157e-01
5.584894102842901109e-01
5.421725477779651969e-01
3.703983221106539325e-01
6.340013928715559910e-01
7.765810899487907148e-01
8.875295704956699394e-01
5.445702889879187047e-01
5.197336176659383966e-01
7.865307974867047358e-01
5.524952416377708619e-01
5.777683406935582022e-01
5.335597719955874618e-01
7.886463148703124482e-01
6.223805274839164792e-01
4.356653603806714403e-01
3.977740570577009138e-01
4.426575297928474484e-01
8.005061345143433815e-01
6.664277724620070176e-01
3.484586858531562581e-01
4.125072820545092056e-01
5.661195152793031538e-01
6.474050591383714304e-01
6.961181672860352609e-01
4.510585012899158697e-01
6.950250888768375601e-01
4.451748438979740152e-01
5.841739626043316314e-01
5.200816548437708908e-01
7.458379216801339640e-01
8.414347208232676456e-01
3.481094198467271084e-01
5.616297549052378102e-01
5.499656277418367711e-01
6.210498045601606787e-01
6.008275349360562290e-01
3.541477094113564261e-01
4.431368610448816470e-01
4.638445722786853631e-01
5.737652316285617449e-01
7.707227023748797201e-01
4.741849679872259804e-01
6.816847183565589718e-01
5.646626769944129709e-01
3.412635558242612666e-01
7.628447017981326850e-01
6.792288471666741989e-01
5.085009408305256606e-01
3.073012550813615795e-01
3.656979255607217816e-01
5.013890002951482128e-01
7.686784299630256001e-01
6.166383283480071364e-01
4.918523104314316829e-01
6.811599333330224937e-01
4.341638780514341378e-01
6.158991670923729123e-01
5.395957147855143798e-01
4.922053214991756742e-01
5.054744830142277046e-01
3.986595705372076304e-01
6.601725482701321646e-01
5.204883764118001244e-01
9.929230344761482696e-01
1.312653261292784146e+00
1.099468680732505366e+00
8.643412777425821814e-01
8.416664548974726046e-01
1.234464582144369826e+00
9.199040590759200997e-01
6.678286607462966540e-01
6.957882835527614551e-01
7.459204520627485957e-01
3.536322835041441626e-01
6.378693244004693952e-01
6.418222878985809787e-01
6.787584579900701742e-01
9.052587981802688866e-01
7.137715193304344785e-01
7.900479517085403636e-01
6.520721395698485523e-01
8.163704121225600074e-01
6.225325690923608768e-01
1.254001878458101293e+00
5.916037810296249644e-01
1.243512344270148562e+00
9.131510326772680486e-01
1.958623091664053684e+00
7.053449233002095919e-01
4.206533025083785682e-01
7.746557769662419934e-01
4.125033671102283916e-01
2.266347264961813823e-01
3.717457140980837127e-01
4.980364038713618879e-01
6.303044498979274435e-01
1.117205922258969419e+00
6.508154429030139632e-01
9.917585362683631889e-01
6.555235039261451124e-01
5.560761485358978184e-01
4.692418936694296439e-01
5.398151277426080918e-01
7.289435646006855452e-01
3.850361355740567482e-01
5.616478887511328066e-01
6.255680946372185192e-01
6.451715304532751327e-01
6.410288503042744779e-01
6.996022334349685234e-01
5.220816041895494086e-01
2.729765964869017569e-01
5.503715609392477726e-01
3.511235219920998407e-01
5.732134836129879618e-01
4.103327013307786486e-01
5.440280395206501529e-01
5.839459420137926848e-01
5.197183373389623329e-01
5.614681857132183262e-01
3.441917774762541238e-01
6.470087701276517889e-01
8.304757889611489308e-01
4.811424857968937263e-01
4.944204348312892239e-01
3.193497371908667892e-01
3.695406704992239000e-01
4.700282595131953234e-01
4.281110604552806342e-01
3.774011956652433275e-01
4.483608968625868441e-01
5.671295771085129722e-01
2.351040783473838935e-01
7.513767883318741569e-01
6.572468207323515221e-01
4.162878949470104062e-01
5.592075141445340680e-01
3.476112969622190407e-01
3.971461703537721433e-01
2.933760368067170887e-01
3.815894925883447919e-01
3.764965658373997659e-01
3.521898532856777009e-01
4.166563449278300468e-01
3.125628422258469596e-01
4.473622999538277578e-01
3.936686100193034221e-01
6.619785947536889203e-01
5.120535574834073067e-01
3.592675162501501318e-01
4.011398990586559909e-01
3.446083060202095871e-01
3.835254744798549664e-01
5.030060717384057245e-01
7.511247484920638984e-01
6.540062650100137986e-01
3.706952117204587727e-01
5.837150137008232376e-01
4.139986854130410232e-01
4.668057427236207424e-01
5.415200636178637561e-01
5.043397773534333828e-01
3.622176274859300049e-01
2.843804565349669633e-01
1.639477301247755037e+00
5.131128962476199096e-01
4.348406339638323792e-01
2.699185458089988776e-01
4.572765221243992873e-01
3.976315282362119508e-01
3.219864179978925711e-01
4.280022701849125477e-01
3.621693603600991129e-01
6.586499056971776289e-01
3.025021219727304644e-01
5.810410636456743161e-01
3.887043510022099024e-01
3.744835880750734813e-01
5.923443777352435102e-01
5.148456537527160704e-01
3.603460538699077564e-01
3.476880911853952316e-01
2.991474588221297859e-01
2.897698155937389886e-01
4.719915944210489878e-01
4.519099965504536076e-01
3.053526615835285840e-01
1.754367056136218461e-01
9.572353139066254180e-01
9.114627642956649733e-01
6.797498732214855011e-01
5.245879921067380103e-01
4.102687849602046355e-01
2.922894461852960091e-01
3.993876081077694651e-01
3.533631443160404895e-01
3.274859962394559565e-01
3.187257637319261261e-01
3.309925736756191839e-01
3.390299322496491685e-01
5.694990532683106288e-01
3.514435637149882496e-01
3.566176084929913448e-01
6.555806295171942022e-01
6.382379431909555034e-01
3.086275295625205972e-01
3.904966511708999333e-01
2.752242779339186263e-01
5.650559624589940322e-01
3.922912624098946477e-01
6.622353605662759657e-01
5.643507556785505308e-01
6.739130763828531379e-01
5.337185586673739435e-01
5.110829005704083938e-01
5.172484096243947782e-01
5.097994923305416703e-01
8.145547637399831453e-01
1.278770862963527488e+00
9.863733450934681901e-01
4.356386704374091701e-01
3.566170970810948471e-01
5.819749102533224860e-01
3.918575551528601375e-01
7.093214200751506437e-01
4.475849911249486501e-01
2.818187357392822334e-01
4.601560064392020144e-01
4.321107903668912620e-01
7.209708947365963683e-01
7.590940965332864110e-01
3.237599774478273629e-01
7.583091489349923497e-01
4.468876312957186236e-01
6.407322477734055388e-01
3.778657758848367187e-01
6.956248507988542773e-01
5.617828327329154048e-01
3.474239170428787826e-01
4.816471553586046395e-01
8.176285138895629245e-01
5.004887098295477399e-01
7.440035844176520197e-01
8.355678470336289632e-01
7.427597850433700355e-01
7.711802571933595862e-01
3.904642544615528066e-01
4.848215084670958186e-01
4.990280701508576500e-01
5.373845558378981258e-01
9.658236957706434200e-01
8.008728881634669117e-01
7.634900829117178267e-01
7.550161288976391383e-01
6.079839903884002306e-01
1.048387468304817327e+00
1.204693773689565095e+00
7.245461828026446005e-01
2.122333623621068366e+00
5.317360553916288257e-01
6.463100332513140867e-01
5.759471316774473770e-01
5.169627311979425599e-01
1.170500595944476085e+00
6.194183712070090442e-01
8.045439760121370076e-01
5.438220808785578786e-01
6.225780174432681280e-01
4.495474531955435671e-01
5.557084520935617888e-01
3.917630910966422020e-01
4.946060149050806043e-01
4.069431124178083392e-01
2.674749371940578491e-01
1.937981218349937862e-01
4.906944574608118614e-01
4.917981848832012615e-01
3.257464575035379228e-01
5.587399288368063432e-01
3.010723470617928110e-01
4.006412707246006510e-01
6.251265914074461971e-01
3.067266816531806217e-01
4.033352152870033347e-01
4.252950661948843858e-01
5.176195278481816597e-01
4.273291828737513787e-01
4.315622728889683124e-01
3.705366631226212903e-01
4.869100986382543517e-01
5.532747732759891734e-01
4.249999647028735450e-01
3.020804269130058506e-01
6.271199617808682625e-01
6.563277099543566306e-01
6.765274853333528293e-01
7.343549257412729236e-01
6.164874218781107862e-01
4.953796064092896301e-01
3.422188023646272614e-01
4.145683314938955477e-01
3.446276719318375203e-01
4.092370049143060906e-01
4.447359332261832110e-01
3.025635169521246892e-01
4.327332267603213878e-01
3.217223546556389757e-01
3.468010362109101297e-01
3.141589724372925718e-01
3.513312767692050587e-01
3.125278927609331792e-01
3.742719074690598613e-01
3.405704744013862140e-01
3.614574200267595683e-01
3.383776003396162246e-01
6.623526419083314298e-01
5.816300287012008408e-01
5.293131326803852676e-01
6.751767581888058478e-01
2.988939252008503966e-01
3.279914744059587162e-01
3.919722738432561138e-01
5.091876453815366022e-01
3.620824476555055682e-01
5.497928895720873843e-01
7.572076079416316663e-01
6.912043347111114233e-01
6.670088310247839214e-01
3.418307864096536419e-01
5.032576029469323364e-01
5.668821841412323703e-01
9.056436002964314280e-01
5.196262339055746082e-01
6.458292636298754719e-01
6.445099853357806330e-01
6.459972185817146606e-01
7.127678222859260559e-01
6.485759005405922206e-01
4.744241406526107374e-01
6.843710710587306290e-01
5.620063950913849471e-01
7.287198348373341572e-01
7.964654243977576931e-01
7.459172389604394882e-01
8.424110183738652280e-01
6.505247762692938363e-01
6.948870900960764097e-01
7.735668170706262448e-01
1.357183391421614260e+00
5.057190660817558747e-01
1.098189508972142070e+00
2.438725408097420777e-01
4.594806228661892367e-01
1.063885220313275370e+00
6.771714784524605069e-01
4.517367566000505819e-01
7.940801871345218865e-01
4.120666869435402058e-01
4.114950700476721623e-01
3.073715849198376260e-01
4.000490749910110000e-01
2.935176969943331104e-01
6.266369156279800734e-01
5.610887299926796690e-01
3.413912694674133830e-01
4.248805110575562538e-01
5.501035611377385059e-01
4.945294555504982648e-01
4.871856571969601091e-01
1.304133695979829421e-01
4.927394029172180168e-01
5.882588603838246888e-01
2.790825427334806541e-01
5.965767115931662756e-01
7.587071156036134800e-01
5.234562961961517491e-01
4.811374638553249650e-01
6.849930317975627680e-01
2.064088418086818533e-01
3.300033086045758846e-01
1.145312194428478536e+00
1.910760751490973575e-01
3.923552957373571681e-01
1.002678770815484510e+00
6.016040072458318511e-01
5.570623586553622442e-01
7.054577526346271776e-01
4.397310783872751538e-01
3.247215728374492905e-01
7.032035033207740815e-01
5.959437098370712338e-01
2.809019517454336423e-01
8.098326854160234900e-01
4.899527535282340307e-01
3.703558690748991467e-01
6.769884361251827798e-01
4.421572021435380417e-01
6.207698651488586794e-01
6.011172681146552677e-01
3.780158528889302483e-01
1.065326383505357688e+00
4.605228493614612617e-01
3.179891990305084848e-01
2.521419596542642250e-01
9.789117159092787235e-01
4.424457161687346263e-01
6.850539205902438367e-01
4.446717664338274423e-01
5.729528742546006193e-01
4.469004589592581733e-01
8.299527789461574878e-01
4.951067539215487923e-01
6.108663958428526275e-01
5.698516181051436202e-01
4.604660789727419434e-01
7.161663359581451616e-01
3.511188290401804357e-01
5.854050987532414263e-01
5.179681022300087756e-01
5.165200169302621713e-01
4.242496431222982922e-01
6.227830465684673911e-01
7.083686392225733153e-01
6.509549859719276910e-01
5.496891187313758254e-01
5.711825599571002110e-01
7.847049546640387785e-01
5.429004034437997506e-01
8.835933890896868759e-01
5.515378010045289825e-01
6.361995409126121048e-01
7.736779936488035192e-01
3.973706825691968869e-01
3.749620636622106318e-01
7.994923313771796769e-01
9.055453004952169760e-01
5.613931531263370855e-01
7.458170072836771691e-01
4.992245447006680159e-01
6.280378293013921809e-01
6.581359315782407959e-01
6.837937533857997296e-01
3.990525522487907706e-01
7.485281751694279340e-01
6.837781497027134447e-01
4.431594093577211346e-01
7.051843298643251101e-01
4.971387706189271949e-01
6.351806143754765710e-01
3.779187142438122371e-01
7.232238033915022735e-01
6.144480649410911655e-01
5.631171966492223291e-01
6.452808287016820188e-01
5.940453424758311840e-01
7.758579061919337327e-01
6.239428476046315897e-01
8.087930477019473763e-01
6.976846591304097789e-01
5.196590343845586268e-01
6.555327768170668978e-01
4.076027793251186249e-01
6.767779990436270099e-01
7.304228891379112021e-01
6.881970857409446252e-01
6.889612494224198747e-01
7.458995413324327473e-01
4.897795050757389745e-01
6.611895434316309439e-01
6.954378704755116436e-01
6.574978788673869756e-01
6.858059544020621567e-01
5.509804226367570612e-01
6.044955621634134912e-01
4.895698374087537608e-01
6.845445382829816738e-01
1.118020966480888889e+00
6.552594716560800059e-01
5.120971303573693678e-01
4.513880070702189773e-01
7.109360364673567023e-01
7.155771185589827610e-01
5.140929752638669914e-01
6.606540308069969170e-01
3.839333828368845514e-01
4.087204984632588078e-01
5.275260149953564515e-01
5.172712484617054685e-01
5.946979712335677126e-01
4.491791011144318224e-01
5.220432014398469489e-01
5.371271036007220223e-01
4.852738268041139613e-01
6.066559390042047806e-01
3.941615899259552358e-01
6.012716159597201182e-01
8.246299893734824193e-01
4.476243840860144041e-01
3.304957522284835969e-01
5.547849562638235144e-01
8.420310544277026521e-01
6.207837949311433290e-01
4.906731986201524620e-01
4.672412680205965674e-01
6.541288438797432381e-01
4.798635477827115636e-01
6.225125631062601306e-01
7.183968146198206339e-01
5.883363305396235310e-01
4.775479148876791147e-01
7.056762817375209496e-01
3.482470933192459706e-01
4.436153034009936436e-01
4.558414147525552407e-01
6.146916308871369639e-01
6.328726395007764349e-01
6.990641963395933800e-01
7.098355840682530893e-01
9.856856467901453644e-01
5.949242418941247390e-01
8.124873389234467114e-01
6.028422293540143251e-01
5.708959293041728777e-01
6.148050172843084749e-01
6.447077355326021886e-01
8.805048366861520925e-01
2.965099892859188735e-01
4.210264523208392951e-01
6.262608340285443775e-01
6.303543285273242036e-01
4.088024627469928340e-01
6.723857624561209168e-01
5.127154303161762794e-01
4.948051171177180740e-01
5.877329906638107948e-01
6.215217363409785145e-01
6.810891862377095318e-01
6.859945725077151168e-01
4.542409789345895343e-01
7.300972223835492381e-01
4.316026787412391430e-01
1.425293262208929601e+00
7.091955248501466968e-01
5.734830890159116068e-01
7.625508836774843591e-01
6.030989162819930804e-01
7.051186493944161526e-01
6.314101262501899958e-01
4.971757131533200424e-01
9.709469561054929754e-01
8.279999697497422151e-01
6.473738812157365796e-01
6.931371140582716084e-01
7.233058558368467006e-01
1.074318450392919733e+00
6.657133130580241698e-01
7.110101751756171540e-01
4.122853835085855123e-01
4.242125353422432910e-01
6.742551254780988490e-01
1.005347373327420746e+00
4.136745643112582083e-01
5.918041302303316264e-01
7.711895492078491010e-01
1.010388393853820066e+00
4.448520545809643290e-01
5.500556814448929188e-01
7.021253864683343338e-01
8.203542056090893375e-01
5.384455523143706346e-01
7.618963009287487154e-01
6.279803685775839917e-01
1.127138382304497588e+00
6.323267798264305961e-01
6.901482635773711349e-01
7.067866458566474108e-01
4.474368080508341894e-01
7.167386970130024126e-01
4.092880706858076922e-01
4.628642226082135824e-01
9.135739687567487888e-01
8.411766885436952057e-01
5.894135738269042912e-01
5.606918805537989270e-01
5.573687014606214518e-01
1.113403906259917697e+00
6.024921065432294887e-01
7.008571425338776528e-01
3.749896994431895503e-01
7.766276158432184884e-01
5.101190295694572052e-01
4.235870791837874627e-01
3.892452294543308766e-01
5.012856170894081087e-01
5.470011456071329770e-01
6.509002548936360100e-01
3.564791358952179023e-01
8.534177318192960326e-01
4.103970858427093416e-01
4.403714719386014331e-01
7.638528744411389182e-01
6.369000451797381945e-01
1.037776029895962626e+00
4.472766500636912168e-01
5.435619641533339097e-01
1.177294106149977093e+00
1.070430343319683786e+00
5.863750384863464227e-01
5.393718643685615488e-01
5.063500061631734939e-01
5.891775574737485588e-01
7.320290434352116904e-01
5.188140178283261461e-01
5.240957498439493545e-01
6.223485123110649164e-01
5.273832328121633717e-01
6.176967076575532456e-01
7.125618127006013713e-01
4.720543124991054551e-01
5.601757934013266160e-01
6.314343015409832338e-01
5.329207486847794550e-01
3.026519663874280286e-01
6.330528895505703746e-01
3.019515697434517199e-01
5.118129336774411842e-01
5.747022789482012506e-01
5.135382576586468018e-01
5.012726563620252263e-01
5.883338451620051535e-01
5.366611467323756379e-01
4.441916916838890006e-01
4.265857865320992759e-01
6.699582512603382556e-01
5.876866947152704634e-01
5.651639738932388024e-01
6.363943527533720834e-01
7.087440650131078268e-01
4.804138012570997596e-01
5.491491233903246227e-01
6.421361110107031145e-01
3.562134601986332583e-01
4.781781597263725092e-01
5.168483064881906897e-01
6.388495144899564160e-01
3.625977181405310446e-01
3.380753879464367673e-01
7.061484143288681015e-01
5.475090653989758138e-01
4.412625419972472374e-01
3.302662319773695399e-01
5.969029713020528316e-01
5.368395872237985422e-01
3.428373298995124885e-01
3.792939211743589500e-01
3.488832294287644298e-01
6.749070346528135422e-01
4.656625740257635537e-01
4.111821624719411150e-01
6.690872246268418921e-01
5.338910171403976612e-01
6.179604552873653178e-01
5.212093553081662556e-01
6.328549236426684876e-01
5.608476227062400010e-01
3.918306977356565413e-01
4.974803406567383512e-01
3.195847228311671784e-01
5.551608426341889668e-01
6.047639490720554400e-01
6.661856254899604091e-01
5.386870731751823849e-01
5.744891920347915404e-01
3.868696812537893437e-01
6.595217844330407697e-01
5.914143375283827941e-01
5.290387354016767851e-01
6.107392094189409981e-01
5.540730739297203833e-01
6.078063256452860275e-01
4.129264489617814338e-01
2.812302542745018230e-01
7.681133429722122319e-01
6.974074734540992582e-01
5.322524861118042017e-01
4.471532239486463167e-01
6.072564943844618313e-01
7.331366177162017550e-01
6.258486445847135649e-01
5.555721144915773957e-01
3.750483560821508133e-01
5.335451223331483250e-01
6.346614942319960262e-01
6.063491876489695009e-01
5.804459275775282201e-01
4.359776643545948405e-01
4.984249806407249350e-01
7.488103996972783616e-01
4.301634541866447559e-01
5.712715413586993973e-01
5.617674263050834726e-01
6.633551686377069379e-01
6.720361681498484563e-01
3.954481476693974540e-01
4.718813058317746778e-01
3.600003031708448042e-01
6.257731618480856239e-01
5.376175125311504210e-01
3.298285780669113487e-01
4.247787550886267249e-01
7.276277421179091487e-01
4.714737910062254400e-01
3.154323312961055392e-01
4.588964003091855481e-01
5.831022919082717859e-01
5.030268578642608235e-01
5.210016979343278232e-01
4.800715047961987558e-01
4.504348827450592729e-01
7.011211111752230218e-01
5.141669181412634737e-01
4.023690899585882774e-01
6.144792732190014206e-01
6.025731699045688838e-01
5.468781129057468382e-01
4.211921115446606856e-01
4.079498465275884223e-01
5.481192471355755824e-01
6.070829696307488144e-01
5.844281799210507833e-01
5.224033631194060501e-01
4.887741445868706291e-01
3.653741742970290640e-01
5.273116354814010309e-01
4.520230043559679278e-01
3.737522631215988711e-01
4.182960875083530095e-01
5.116593635401341933e-01
5.085910200785377366e-01
6.331272288199856213e-01
5.915902771539280902e-01
5.201977270295177203e-01
4.177837158506666482e-01
4.620840800666148884e-01
5.407605197511344830e-01
4.378419783150354627e-01
5.494691804941908009e-01
6.605579483715402489e-01
3.335137962839027637e-01
5.089746861727280081e-01
4.045986821211788875e-01
7.934967283929724724e-01
5.013077742914855417e-01
6.417636684259823143e-01
5.763759119123180730e-01
5.827913427683770742e-01
7.106142106441498685e-01
5.936281281345258121e-01
7.296389329089316700e-01
5.405998133253062665e-01
5.879712192912281976e-01
5.710259798499576211e-01
3.368312160100664365e-01
5.999199698847907936e-01
7.116738012378225342e-01
5.935232303390579611e-01
7.398645624379579511e-01
4.717314997903798157e-01
5.500229301348426025e-01
4.347680584811028925e-01
5.742615935216677236e-01
6.453604728962094583e-01
5.294331412150097282e-01
5.554479716743949691e-01
6.409005182763695130e-01
6.210995497408269284e-01
7.362300231370269010e-01
5.061753751407653823e-01
3.292040071838687743e-01
6.772495505906875879e-01
6.855822088593060970e-01
7.649986832509765300e-01
5.656603565884731344e-01
6.380729890862454345e-01
4.416388712867623800e-01
6.866440001641209712e-01
6.239513764286562791e-01
5.253824201233877611e-01
6.593683951823002820e-01
6.672237106233808168e-01
3.991164292925782342e-01
3.893392654746012371e-01
6.510828977182082644e-01
6.107290775231544178e-01
5.491470303840009226e-01
5.549444208334243234e-01
4.874111219413867491e-01
4.956209110833472709e-01
4.818679144655706459e-01
4.811355251598273264e-01
4.472792934170853330e-01
4.176331555986868560e-01
6.317454643198684439e-01
5.254399881308968734e-01
5.457471483282869684e-01
4.701085406594426863e-01
4.604254978793194675e-01
4.637192382436554072e-01
6.953206209171658436e-01
5.230424365802333053e-01
4.478504010588950091e-01
4.163156484114251543e-01
6.345376424302016094e-01
3.576770955301975530e-01
3.301161604005503070e-01
3.797949480963628277e-01
4.221442274786906257e-01
5.972216670031081920e-01
4.346593725295287425e-01
4.396026510793679121e-01
6.768643249283232688e-01
5.451954899682396327e-01
4.184848764666338483e-01
4.221739960040124529e-01
5.106291223053114336e-01
4.470674236959437109e-01
3.314573105725731050e-01
2.860925366684243798e-01
4.174924038671266602e-01
6.010120837662102922e-01
6.986911377057382078e-01
6.056901663508164058e-01
6.834474497684530636e-01
4.847394135051557029e-01
6.626338160747126116e-01
5.959318685683611116e-01
7.363005636444704960e-01
6.298266421261932146e-01
4.777057016675132495e-01
3.580545973797247816e-01
4.335586288102685204e-01
5.541239199588949838e-01
7.390407907853931979e-01
5.031138549769996748e-01
5.515779014874903075e-01
6.818156255819122213e-01
3.864330391794213448e-01
5.104222567993859094e-01
6.283562777597463400e-01
4.810554570579582689e-01
4.934081805956307965e-01
6.457342902497597015e-01
4.550639479404221532e-01
5.861121820779550129e-01
5.849904047425984466e-01
6.537791427728466553e-01
6.404073437519782752e-01
6.682006321653672920e-01
3.428810038952609940e-01
3.687280705752483123e-01
4.037878508119693288e-01
3.578305246013802621e-01
3.069762776900779033e-01
7.231044957166262721e-01
6.052704179816554841e-01
3.923791807409181542e-01
6.900966700588747615e-01
3.550976306758689138e-01
5.030789343062627150e-01
6.018437020824844996e-01
7.003936462193872670e-01
4.855494055163530054e-01
4.151108114159788309e-01
4.940415074584177946e-01
2.270198608219229086e-01
6.870076119781802770e-01
4.915797161406745275e-01
5.896661340127532513e-01
6.719816060960248638e-01
8.157647608404607897e-01
6.046104245347572181e-01
6.070677922614652333e-01
6.185879482426658305e-01
5.544956317746381202e-01
7.304296162448116192e-01
3.582421397967518462e-01
5.766693998549149436e-01
4.154007692084408232e-01
6.456972083784220384e-01
5.397242842873832824e-01
4.974554995241239341e-01
3.936765936271781063e-01
5.450934064765760034e-01
5.157852276884586917e-01
6.640441380073371924e-01
6.540491267662479347e-01
5.647835790089922314e-01
6.072195107356486155e-01
5.399921293686611445e-01
6.137472265142802641e-01
4.423223958283555302e-01
5.329505232849578444e-01
4.423483796341738383e-01
3.416942022046843830e-01
4.755045305270291234e-01
6.172064577442546440e-01
5.263824613737189129e-01
5.831856242142129387e-01
5.077394563835956331e-01
6.884773791531558773e-01
6.393550819558995180e-01
4.478976904977052254e-01
6.296977492224673512e-01
3.614856444301366434e-01
3.203969200142091633e-01
5.940723700655294870e-01
6.547911872581564374e-01
3.237570229739253347e-01
7.238658277626117687e-01
6.798493454208085485e-01
4.379252097570603963e-01
3.261088650309059145e-01
4.690584821289902062e-01
6.082175024849223455e-01
6.666572889803203950e-01
6.076543407650983886e-01
3.175740791591081247e-01
5.483135164202709300e-01
3.278009598521784418e-01
5.135018084897396973e-01
5.037111452908346054e-01
3.948211463478505379e-01
6.741811405849629235e-01
4.583346923005292006e-01
7.325877924094049698e-01
7.413418124468250658e-01
3.832642197734004719e-01
5.585286448986290786e-01
4.271848334453244300e-01
4.623614968657678292e-01
2.319982021587111698e-01
7.341936166745524073e-01
6.609590083987656461e-01
7.285525443078511021e-01
4.989314841658226141e-01
5.278559388468668789e-01
3.870564435919479074e-01
5.876012036668499805e-01
4.794886505134441368e-01
3.964143742178918295e-01
4.345066538940038359e-01
6.301088247930762831e-01
4.982319664608085286e-01
5.144718448767015007e-01
4.456660297315550023e-01
3.437489670626025506e-01
2.752294203458897637e-01
7.877399274214058611e-01
5.604958673258987334e-01
6.461949007758170938e-01
5.494337322736619900e-01
5.909839461056751730e-01
6.968649885504497599e-01
8.297112251562193119e-01
8.125007352899817903e-01
5.428502462897882852e-01
7.544371782940964000e-01
2.918555481652581052e-01
4.455422790313118275e-01
6.122375870540726073e-01
5.436682957191126819e-01
7.190882352644559772e-01
5.657741057431672216e-01
3.393646304612264464e-01
6.023333043820120469e-01
7.392520208127141279e-01
7.369764065483188631e-01
5.487785029631070399e-01
5.729546115021432184e-01
3.286309074420322163e-01
5.327884888309655231e-01
3.069910554759542887e-01
5.870021256259442266e-01
5.028684455798213548e-01
3.831275767801188836e-01
4.339102427841879939e-01
4.264399954112844116e-01
5.356081855362959665e-01
4.330682592868413949e-01
6.074260814260306063e-01
2.793988451517587235e-01
4.059135625678645387e-01
4.598024575959628324e-01
5.283902739257873016e-01
3.251392327425032258e-01
3.862305225051985147e-01
5.707161952128135818e-01
5.657851468470276313e-01
4.284703205045742869e-01
5.352968049455297805e-01
5.679011729544490850e-01
6.047077755694802992e-01
6.111022213615038279e-01
5.829934551132237575e-01
5.635579696099691782e-01
3.506689901725363323e-01
5.969159707878124443e-01
5.515231157891098412e-01
5.067494987898033543e-01
5.309014867005497074e-01
4.973638478786867601e-01
6.379305433035806772e-01
5.745950637984424958e-01
6.454723794101923096e-01
5.826219769535152526e-01
5.659498452604332375e-01
5.780937936489692897e-01
4.667102058399299480e-01
7.471869138200942784e-01
5.659888875633405370e-01
4.882181619735717071e-01
6.004224028252840295e-01
4.202444279468792732e-01
5.263403334296048453e-01
3.756951177625245664e-01
6.417019016199587700e-01
5.076623627164879027e-01
5.773750620183168980e-01
4.866873930088662648e-01
5.092103057955564838e-01
4.689576599515053457e-01
6.243493093260007454e-01
5.479323245452315527e-01
3.411202374083631139e-01
4.300966467370818114e-01
6.356531016510186261e-01
6.958056909964022152e-01
4.567601693787461947e-01
5.518793916820966539e-01
4.480188276046164209e-01
5.533082101771824579e-01
4.011233395151316827e-01
4.781991025721586963e-01
3.336585042396306711e-01
5.880153741067629669e-01
5.971929300542694330e-01
5.218201942249484082e-01
3.899766536906580372e-01
6.117414177723047297e-01
3.905399543184907007e-01
3.576137792113840974e-01
5.742165013116810046e-01
5.965203997842810635e-01
7.268395065681154676e-01
4.545740492557119317e-01
3.802297875744022893e-01
6.228857764396364960e-01
6.174513054122366951e-01
4.403745487940506909e-01
4.735405914097746694e-01
5.838434171291122521e-01
5.238022762716992853e-01
2.936732103402477367e-01
7.050720707373677731e-01
5.074093035258322448e-01
2.962145354023942301e-01
4.309135299578368827e-01
5.106399390155842433e-01
5.182338025541666227e-01
4.844910432536900236e-01
6.064042347579107206e-01
7.234551102500005326e-01
4.939689535290764932e-01
4.805280593098357200e-01
3.617195373701984629e-01
6.105520375340155459e-01
3.556119834619866360e-01
5.637996036675262390e-01
4.372835464331362720e-01
6.568856735756047893e-01
5.440530598721731170e-01
7.010015322522461512e-01
6.010309762524739252e-01
5.650055692644249117e-01
5.171505133257738862e-01
5.592696432696893094e-01
6.122260724012621447e-01
4.780018705460377104e-01
6.244588711625229660e-01
3.303503634871459149e-01
5.552696327406796417e-01
4.820189548874254659e-01
3.690353256274264693e-01
6.355645623265675503e-01
3.824971680344098068e-01
4.026169580154555505e-01
4.224345396588615742e-01
3.041290682629209097e-01
5.064251885886056348e-01
4.994219049070729444e-01
4.802365919976261388e-01
2.922917282579098885e-01
5.247227507094710530e-01
5.213914471086738001e-01
6.070590698993901801e-01
5.838308180159554883e-01
5.183390231720591546e-01
5.349498583361136372e-01
3.495399103136347940e-01
6.908452194826210091e-01
7.921174349260079461e-01
6.819493903734061835e-01
6.432845307470135277e-01
4.388269817931372274e-01
5.975079927423003756e-01
3.714279897123549667e-01
5.445872223363054099e-01
6.309661776902767416e-01
5.513045758175628697e-01
5.566923083668092742e-01
4.775730745984776426e-01
4.124164643005704955e-01
5.144309061818124196e-01
6.465355979020424027e-01
6.036334143868273827e-01
3.053500156275412714e-01
6.351092987908927290e-01
6.165358409373303816e-01
6.983784883977950386e-01
6.858606305861774111e-01
7.347860260677130384e-01
7.160406624538695475e-01
6.068287334181229342e-01
4.204976027485258228e-01
5.662688690772292865e-01
4.407007222712739924e-01
4.420541214622334403e-01
6.110031123472108305e-01
3.474270950613192466e-01
4.122215072375626232e-01
6.997365429377118140e-01
5.855283103912188869e-01
7.426338216496068956e-01
6.062708328275981939e-01
4.563269111208688722e-01
7.468197303614362292e-01
7.944202859485436363e-01
6.469352402070518426e-01
5.962465965956265102e-01
5.767871805504577454e-01
7.690171387516200330e-01
6.618239514131933898e-01
