1.415529048779748278e+00
2.799507006509703633e+00
3.708522810204851528e+00
2.098247779209528652e+00
2.028891593256578307e+00
1.715555044346655844e+00
2.214281336310636839e+00
2.394259431909324221e+00
1.323182821362718364e+00
2.570326834339608180e+00
4.295812112379411296e+00
3.188874175257514931e+00
1.365965795474932465e+00
1.429578706347556682e+00
1.537755168270963368e+00
3.627968298907322531e+00
1.933782788385423057e+00
1.944544437389930325e+00
2.233911914416105038e+00
1.977216510301602170e+00
1.298869112634600809e+00
2.365467566723774340e+00
3.430787707992843494e+00
2.028930760984236414e+00
1.318575653886754129e+00
2.258623524775624336e+00
1.445280035829851206e+00
1.826970445983165714e+00
1.859584238702572945e+00
1.652228790874689768e+00
2.231527714847711508e+00
1.538864077012658704e+00
1.255188126766003887e+00
1.930239892658199619e+00
1.894851835271636142e+00
1.537951902911992352e+00
1.658957308163010236e+00
1.708691882635109405e+00
3.540616509371527165e+00
1.925871562332785336e+00
1.584178465916669998e+00
1.471385181089289507e+00
2.825527148385423182e+00
2.625133367509706606e+00
2.741815006907563301e+00
1.866404521484254841e+00
1.278778172431064508e+00
1.408603994615924559e+00
1.524795432830249320e+00
2.542543781438125983e+00
2.245134176423776218e+00
2.568744569018655000e+00
2.530577334007630519e+00
1.776408027596113381e+00
1.684353206458735430e+00
3.683067052286257859e+00
1.871779445285203902e+00
1.131113260235434126e+00
1.535282308628448167e+00
2.458421691338851467e+00
2.440551967209219963e+00
1.895075720100761307e+00
1.768821765177573280e+00
1.442685038291268596e+00
2.637537091075013773e+00
1.825127072412416229e+00
1.969057403021399866e+00
2.723186119695157004e+00
1.475735184464366689e+00
1.783020126129913452e+00
1.706104837482007364e+00
1.888792778816269724e+00
2.753273837390905143e+00
1.999091169816051838e+00
1.458192536736408362e+00
2.426106905093308619e+00
3.451262774661846500e+00
1.312646781585705691e+00
1.973433025088247028e+00
2.693373816687816724e+00
1.988150779668654389e+00
1.509244530024348219e+00
1.396088565014380833e+00
1.973371268723033811e+00
3.997730856128543397e+00
2.381703849390773176e+00
1.495311032738084744e+00
1.389034142864866483e+00
1.608777410104718975e+00
3.395887529590351228e+00
2.589286714094515940e+00
2.485261084131583864e+00
1.599375571851821443e+00
2.566503671445921952e+00
1.363089763193344739e+00
1.573591362287558137e+00
2.918852468117655974e+00
1.769123076546516238e+00
1.854987792884919884e+00
2.235791491624357530e+00
1.991282046606472900e+00
2.225334429063749564e+00
2.191562137951038824e+00
2.109986350226881413e+00
3.406212658999349330e+00
2.189031842543017081e+00
2.541688377225765905e+00
1.579241851031838673e+00
1.980608045868560652e+00
2.356643524507823440e+00
1.692629182676621991e+00
1.582139704373837663e+00
1.691864872132313957e+00
3.477590976703223369e+00
3.042476402559084026e+00
1.860338845889867532e+00
1.406992679892109743e+00
1.612005307271012544e+00
1.999012144642449584e+00
1.661487392466965085e+00
3.319559770865805781e+00
2.117188342654346744e+00
2.272439749839476164e+00
1.802288471857799390e+00
2.208400598361864198e+00
2.572516981845564210e+00
1.715699485929376156e+00
2.335402437223497163e+00
1.666456257176376132e+00
2.206714631425714668e+00
2.251292095151499417e+00
1.226839418516204372e+00
1.702151819235397712e+00
1.324590531900015522e+00
1.306749121515537126e+00
1.472407088612355919e+00
2.324022481852113575e+00
1.864004622036187442e+00
3.248920713934817961e+00
1.600172545806177293e+00
1.395984610502436052e+00
3.220446356092945273e+00
1.331600901518910529e+00
2.206118107143264950e+00
1.861593662325101262e+00
1.733102024720930334e+00
1.885506496411824662e+00
2.347162245002022640e+00
1.268855864494843111e+00
1.579285255392600451e+00
1.726166535205723385e+00
1.432294669303186829e+00
2.091540286592351361e+00
2.012118110200305399e+00
2.399495292247112666e+00
1.192274464429408320e+00
3.670010305453502486e+00
3.830933129517386515e+00
3.976810907203993661e+00
2.268352023920582550e+00
1.408220114269859602e+00
1.342279045234228363e+00
1.617247107660435113e+00
2.936244572270524600e+00
1.300301856582427140e+00
1.990829166165853259e+00
2.599097682147422539e+00
1.534495890253459782e+00
2.094600412857721583e+00
2.519628108481202666e+00
1.738290044088596664e+00
1.875202195977267561e+00
1.620090818802257804e+00
3.141611772182928419e+00
1.363908538361433109e+00
1.899602362593381111e+00
2.663557076557623748e+00
2.484088851099950812e+00
2.733518670168542553e+00
1.937342755555901075e+00
3.424171871701611636e+00
1.934975704889227766e+00
1.388691500530298661e+00
1.662061287316507041e+00
2.708783942060374095e+00
3.167408475108604460e+00
3.524176503138434224e+00
1.674609057904494991e+00
2.776213874262630554e+00
2.087338567406221479e+00
3.372620609688124826e+00
2.336922753844510314e+00
1.876620898272137516e+00
2.629156026267589041e+00
2.602024720106783651e+00
3.967147808364004824e+00
2.493029053997839473e+00
3.446184473604740450e+00
1.534377364617405481e+00
2.277524699450816925e+00
3.532937059522161416e+00
3.119152728685568032e+00
3.228006165420263862e+00
2.360869042321881217e+00
2.748542040831471134e+00
2.681118736362150479e+00
3.363754932533577158e+00
3.000488860612017916e+00
2.997247909956350043e+00
2.740781250743929309e+00
2.731171296128573900e+00
2.959128796184106402e+00
1.915569541232279072e+00
3.588491446194516321e+00
2.503221418180233915e+00
2.495643057059160341e+00
3.047155763952386742e+00
4.259071416792026277e+00
2.505537309866191720e+00
2.073451365336571595e+00
1.668293322037920579e+00
2.760932230235245921e+00
1.736123652509510951e+00
2.425645790250981815e+00
2.271689946468649079e+00
2.586700340262452436e+00
2.701325813222023253e+00
3.243736985473603340e+00
3.628925363847667729e+00
1.980587380217077476e+00
2.399100044667690224e+00
2.551815097815644418e+00
3.232649447065087500e+00
2.665644883743906401e+00
3.083765771053022853e+00
2.891205604603118484e+00
3.415938902832837964e+00
2.599021494633565244e+00
2.663511598025224192e+00
2.218801705189361595e+00
2.251242127623359846e+00
2.516319119166063878e+00
2.839051829223901979e+00
2.354233698874331093e+00
1.917135693498038584e+00
3.067012698266932791e+00
2.856213183149056256e+00
3.679300268349922742e+00
3.141600867684496201e+00
2.121931408234153160e+00
2.297312588533552358e+00
3.440199892957422456e+00
4.147665837465591032e+00
8.968007009283472941e-01
3.010658307678878653e+00
1.487930921547317986e+00
2.072791096399398292e+00
3.678486318018809431e+00
3.334970001468614331e+00
3.549083794251243429e+00
2.960266221605707848e+00
4.050359116147925320e+00
2.206300951222148754e+00
4.423186518789441912e+00
3.880598555864777310e+00
2.910460074795229168e+00
2.927204472648720746e+00
2.650201505108935596e+00
1.462244864261709187e+00
1.311476285099126615e+00
2.723305167759865864e+00
2.920698724772501809e+00
3.165040247437819421e+00
2.756611419304704214e+00
2.818109692869037453e+00
1.552204897108443671e+00
2.328913861171440836e+00
1.681936685750576865e+00
1.806108256856789440e+00
2.775003446850449862e+00
2.022583694736842741e+00
2.716433914843085162e+00
3.535697938974273313e+00
1.445093004545835447e+00
2.049596700005378747e+00
2.491978588125401295e+00
1.984829002762907857e+00
1.757160755216505832e+00
2.972680033350843409e+00
1.330588697352857563e+00
2.317898636118627564e+00
2.702168239261149019e+00
2.797012241443119773e+00
1.761174952607849065e+00
2.062268879650096309e+00
1.568386919425326376e+00
3.205675932574031606e+00
1.599891803403038271e+00
1.839411476605273155e+00
1.787550733929861746e+00
3.195191919322357244e+00
1.896533133884786393e+00
2.140172370095626775e+00
2.889815914638049321e+00
3.315074197273266243e+00
1.674074330782610476e+00
2.850822439460813040e+00
1.822974744162489946e+00
1.599625216445099474e+00
1.645571759342494556e+00
2.206721109802396441e+00
2.299623202263786137e+00
2.142294635018093807e+00
2.793500543713463014e+00
1.725046240754999793e+00
1.466477617354493335e+00
2.458618165234739195e+00
2.035475751335673600e+00
2.358000027706814716e+00
1.890513390117861681e+00
2.024757505049233242e+00
2.061849741399941927e+00
1.281566891307477807e+00
1.607141135680372201e+00
1.543803165164880031e+00
1.275699606751313331e+00
1.511591633941185453e+00
2.032406290056121279e+00
2.496738513489001665e+00
1.721002705443352543e+00
1.457852522764435887e+00
2.008028973793717586e+00
2.081551521278100392e+00
2.672079199445846598e+00
2.462695468418150124e+00
2.568258958845249129e+00
2.136984047417875399e+00
2.384002576378171145e+00
4.322887056191497379e+00
4.901491982760519228e+00
1.492728751859714542e+00
2.025054263372016106e+00
4.991096987952942321e+00
2.402415615569676088e+00
2.583342040410992357e+00
2.772829332704591643e+00
1.924507324661696606e+00
2.896892369602734885e+00
2.798113121863690544e+00
2.401303951997757924e+00
2.429377078188351469e+00
3.035722182841036343e+00
2.584152993931785769e+00
3.356640972799804334e+00
2.720058064977689316e+00
2.657782010136283013e+00
2.194925138210706894e+00
3.506625933140808726e+00
2.341783373094967757e+00
3.595435392216513204e+00
1.978138927795090485e+00
1.668034400695192598e+00
1.742014394676601352e+00
2.274377234411417259e+00
3.958655129832282515e+00
3.239935674180093095e+00
3.297287537431517812e+00
3.455858780058645330e+00
2.155638617190728912e+00
3.308232470691510496e+00
3.520749099947265925e+00
3.766739197835184960e+00
3.825106542324708148e+00
3.797862727691158735e+00
3.453042729092485885e+00
2.824051398933092649e+00
2.781255306481419165e+00
3.454930615451494713e+00
3.117269121476193838e+00
3.836907541146847844e+00
2.677325461245788851e+00
1.524795432830249098e+00
1.603419107163468249e+00
1.471533044645647825e+00
3.092307811420730967e+00
3.067348127683257708e+00
2.839500595478763767e+00
3.561239660215442360e+00
3.301057376738217197e+00
2.633571822516147520e+00
1.357548076881426091e+00
1.718056293203226836e+00
1.279580613109330356e+00
3.033241916115371861e+00
2.473376917776534345e+00
2.107567518363524517e+00
2.452220512753749304e+00
1.944113350683892349e+00
1.715431460186449764e+00
2.356037520541225394e+00
1.773142118445800719e+00
1.321400547034305539e+00
1.752898065246603521e+00
3.867468628087830762e+00
1.702973476271026465e+00
4.357846538942241388e+00
1.418663081023645356e+00
1.912961779762635040e+00
1.531807800399247466e+00
1.523650349817415650e+00
2.689765544880084569e+00
1.715911722684552831e+00
2.114232616702218515e+00
1.319638018091763065e+00
2.351069732881900798e+00
2.037830117989993362e+00
3.699665015244383071e+00
3.480378631727673699e+00
1.627534775550214752e+00
2.088975485041803193e+00
2.786311090804310275e+00
1.472345188680927119e+00
2.671516672678015070e+00
2.893929773549951179e+00
2.789547896480245814e+00
1.904869576456549529e+00
2.691211582108958833e+00
1.514555598431441386e+00
1.391235339088165990e+00
3.018114091837608370e+00
2.917875491005825772e+00
1.832395403520956645e+00
2.425726113616641477e+00
2.264758895782165382e+00
4.645240689418018043e+00
2.289232594196607629e+00
1.763647500063818763e+00
2.790594437853304743e+00
1.373755190248450386e+00
1.878323128424080668e+00
1.884875365616156984e+00
2.972062481021333191e+00
1.749275789944938708e+00
3.491270973473705297e+00
3.189670857705294793e+00
1.501404232563618768e+00
4.564325766644118154e+00
3.945130993969444333e+00
2.252099084482005242e+00
2.391199559565766020e+00
1.493199311000804386e+00
1.407049305596735689e+00
1.783632319733743365e+00
3.311693033473359193e+00
1.359044665757667136e+00
1.826767001441642835e+00
2.586609296230252930e+00
2.173690266380280622e+00
1.609228854871648462e+00
2.940534777324338656e+00
1.534505281423927947e+00
3.595179527903587413e+00
1.410973716315513826e+00
1.406530912964673696e+00
2.721467020362134281e+00
2.937233920458752756e+00
2.156268815321292553e+00
3.509107935406023504e+00
4.213825432202024324e+00
1.644342386818134605e+00
2.295090175395758880e+00
2.216196323731802309e+00
2.954525320426765411e+00
1.582314637801135015e+00
1.943009068837932452e+00
1.264376277084555689e+00
2.705355579007066247e+00
3.448880925433770006e+00
2.496566178293758931e+00
2.153352276122250331e+00
2.795784542193421984e+00
4.479164512494910433e+00
2.303083397776434893e+00
2.166032544239512969e+00
2.065817164642764769e+00
3.224392172860582217e+00
3.905839209008787005e+00
2.966544444099809219e+00
1.675792271051286253e+00
1.362861816321435215e+00
2.117945627382695317e+00
1.684990124726851501e+00
2.755869674723077090e+00
1.596358180696344053e+00
1.860233036914025639e+00
1.621680207654262240e+00
1.270077202513694825e+00
2.648649318902726257e+00
2.246862857643165068e+00
1.333661266509948540e+00
1.748745509890389238e+00
1.397155419175560631e+00
1.372149996705374075e+00
2.528491589895478509e+00
1.572233407909398917e+00
1.720112951359911824e+00
1.896580734804800272e+00
2.020039543992431241e+00
1.590867744162146602e+00
1.576562865577825656e+00
1.933676979409580943e+00
1.683463452375295155e+00
1.452531091221472392e+00
1.754427939748861354e+00
1.883126138690117468e+00
1.336824037717335489e+00
1.757403367485686596e+00
1.806482746032385567e+00
1.438129508061508410e+00
1.539035398179942726e+00
1.727537283781636734e+00
1.626603908113354979e+00
1.546769524154841369e+00
2.154944187260623423e+00
1.576082603079722144e+00
1.354594632317203340e+00
2.658622604027649050e+00
1.474283633388103310e+00
1.779751743712210565e+00
1.584736338462934491e+00
1.701764537463943849e+00
1.510499346459581727e+00
1.545928641156072647e+00
1.479716220887770550e+00
1.325690524788529334e+00
1.688649503159223908e+00
1.517133954863253198e+00
1.773477325472720079e+00
2.558683099246955805e+00
4.012531820799108750e+00
1.499678932727014580e+00
2.471053219180864957e+00
1.668679873416901271e+00
2.406627854814609613e+00
3.418398738510510348e+00
1.300498591223456568e+00
1.720131446930579511e+00
4.075678346611734781e+00
1.648447509874665373e+00
3.207932763625241268e+00
2.923632356684390476e+00
2.325277362237975431e+00
2.591549256584432914e+00
2.616736047828046363e+00
2.081845312223054023e+00
3.036722135332050598e+00
1.672326337423534648e+00
2.143625251301021439e+00
1.421938381344426405e+00
2.659408044456680109e+00
2.081774471304319807e+00
1.331210425693371002e+00
1.923323799328359618e+00
2.830720724465464411e+00
2.025101279992790992e+00
1.283027234597395649e+00
1.565514192786803926e+00
1.619294973603466747e+00
1.974847802936558594e+00
1.631134024869369537e+00
2.121377023289823693e+00
1.355849448752437070e+00
1.329333880917623389e+00
1.909714953489648259e+00
1.646279131995632250e+00
1.855622040120119332e+00
2.995542103295046221e+00
1.626487454553402934e+00
3.046201252522370506e+00
1.995373875211690740e+00
1.372843016147784700e+00
2.145647821920245946e+00
2.189131668334738823e+00
2.019532937939369610e+00
1.819593016062374113e+00
1.370240603148232594e+00
1.416815275211387615e+00
2.095219922327329343e+00
1.464717723904224389e+00
1.356274442451920859e+00
1.699010250685321299e+00
2.948456493885136975e+00
2.729068651465662132e+00
1.755977229883169066e+00
2.015321694224722293e+00
2.739847823236897018e+00
1.653057174825451447e+00
2.153030610652067356e+00
1.968582087058075691e+00
1.610216244520769502e+00
1.562248283636491264e+00
2.758277420579089423e+00
1.327170814828282142e+00
2.009563093847102078e+00
1.767400589615313322e+00
2.464147019494414170e+00
2.343406428084266135e+00
1.458788851603176395e+00
2.169283030043362537e+00
1.307208415175583616e+00
1.886620905855698860e+00
1.982646302110275593e+00
1.689861227420241141e+00
1.759784989276468758e+00
1.246118502083505941e+00
1.606291234845176774e+00
1.430043036395028277e+00
1.316483878899309845e+00
1.468480204626187335e+00
1.789603059440230792e+00
2.245181192644158052e+00
1.775193092266370565e+00
2.631608345458666065e+00
1.733260629228001504e+00
1.927680763712347867e+00
1.333502662002877148e+00
1.989793504388874590e+00
1.373636065655582161e+00
1.639049897664422550e+00
1.660515046261842764e+00
2.313210258096837002e+00
2.093571834375562712e+00
1.308712979696458945e+00
1.373855220313837666e+00
1.398076385489880114e+00
1.434879621214472989e+00
1.386883773589058677e+00
2.219619362950863817e+00
1.388266506830814651e+00
1.488282642865808914e+00
1.612675877551001058e+00
1.723660201870178099e+00
1.406053123733960186e+00
1.543446390343088837e+00
1.621854834464611317e+00
1.389401161079480307e+00
1.587731945520554522e+00
2.023492089866719912e+00
1.624114624976274124e+00
1.471133776606454946e+00
1.509168820938126432e+00
1.415703040979948035e+00
1.635008311089834354e+00
2.085348653688906762e+00
1.228222151757960567e+00
2.439712671349830053e+00
2.736888858597807950e+00
2.618572251008787433e+00
3.335379930223468126e+00
2.080192686380293310e+00
1.633719407117140809e+00
2.346123985299576997e+00
1.258077715535977470e+00
1.546924823018847261e+00
6.377622261866041420e+00
1.469602982042814032e+00
1.372213852499623021e+00
1.162455942103636675e+00
1.872548623997000394e+00
1.536307229454712653e+00
1.607835072512757923e+00
8.939157078127757394e-01
1.797429107999830800e+00
1.712595506775878906e+00
1.550490569099781224e+00
1.410558425973043262e+00
1.172508200460925076e+00
1.969559154546690838e+00
1.867329412245132936e+00
1.438273447171308339e+00
1.904128723523167643e+00
2.503303574890921368e+00
1.641088659207254441e+00
2.302864182476148880e+00
1.591348329083853930e+00
1.421938381344426405e+00
1.546363026026024379e+00
2.051073234218903529e+00
1.734949231576373707e+00
2.625544080134900593e+00
2.274899150298749451e+00
1.548530016561924239e+00
1.620890463789530056e+00
1.659885504566953607e+00
2.245318947137578292e+00
1.261981339676746749e+00
1.614287067616738236e+00
1.748123979315401755e+00
1.453921054552852032e+00
1.333070948165840708e+00
1.944013320618505070e+00
1.397625978316650475e+00
1.493325066726482131e+00
1.506933600378648652e+00
2.027018259549556056e+00
1.347582264748204972e+00
2.295426821207666723e+00
1.599060311574737492e+00
1.555913765428980300e+00
1.431313875133539915e+00
2.266982423017947390e+00
2.466989711950673847e+00
1.690795539788715329e+00
1.496637140275215438e+00
2.287172011593364029e+00
3.152745471946118094e+00
2.038029293250553486e+00
2.074034116235802472e+00
1.553240246698877058e+00
2.815859765536532944e+00
2.251446804412811087e+00
1.453040691639879700e+00
1.732545189768365468e+00
1.917982137493879913e+00
2.132173692641196272e+00
1.591590101524861467e+00
2.669655741388321513e+00
1.736816671951921354e+00
1.446522135604872750e+00
1.474345221132986827e+00
1.487286461003033855e+00
1.587099464683049854e+00
2.537907109294839092e+00
1.851518751379629180e+00
1.871731830108007921e+00
1.499553177001336612e+00
1.931016489526234947e+00
1.379487327908469618e+00
1.881050984962765238e+00
1.509844769337674419e+00
1.387121423817981425e+00
2.137945542786376496e+00
1.638055352352161487e+00
1.511205082562204982e+00
1.763875759122273346e+00
1.643606465487882806e+00
2.232732511294853062e+00
1.750872619320797519e+00
1.771790909621469234e+00
1.872087475873056794e+00
2.410985285748290075e+00
1.380938878984732776e+00
1.177472702086892031e+00
1.697106503901407049e+00
1.404251794506668372e+00
1.769900737042150007e+00
1.526194188375282978e+00
1.977474305045886949e+00
1.698299420405211757e+00
1.600678221778026433e+00
1.716161252856811981e+00
1.499182647925633383e+00
1.620631829217071385e+00
1.668451926544991748e+00
2.534536281146329895e+00
2.228830154207444014e+00
1.858231485443768038e+00
1.534895757249467030e+00
2.399305507086004319e+00
1.858356804324823308e+00
2.455325600620206661e+00
1.326536369827556516e+00
2.346136629823353026e+00
2.980543597424121671e+00
2.556076637142768337e+00
1.402777823413179137e+00
1.940823894917911074e+00
2.215667455032082067e+00
2.041077681181827419e+00
1.728901833639270524e+00
1.622389249399950106e+00
1.978569482491647102e+00
2.520812265899613713e+00
1.717188028146974244e+00
1.584368282654621707e+00
1.923133784824881953e+00
2.344599474028865149e+00
1.481983241489057468e+00
1.447127841642109169e+00
2.035556943560110188e+00
1.729505066409116942e+00
1.500518146633232686e+00
1.569532002438159823e+00
1.780360325056027593e+00
1.445422618033645357e+00
1.424114164093979840e+00
1.648036552178510750e+00
2.222798348237134292e+00
1.839502402270460912e+00
1.569934576120418201e+00
1.809195614750194414e+00
2.225190997748899058e+00
1.825127072412416007e+00
1.465456308788241291e+00
1.404339107911842577e+00
1.644462013883923657e+00
2.170824055605645064e+00
2.361954734324010374e+00
1.415703040979947813e+00
1.889649253781831906e+00
2.307104987549605024e+00
1.886986086357431480e+00
1.431007407070109982e+00
2.453735584637204425e+00
1.550749203672239673e+00
2.399920278467445822e+00
1.322847136070310459e+00
2.192782204242547106e+00
1.718511662416715158e+00
1.629772146044651926e+00
2.127721300354362022e+00
1.445338610271536428e+00
1.651602298259444046e+00
1.361220448507220571e+00
1.760200878575754135e+00
1.572807302758941095e+00
2.011242903981819818e+00
2.377810011951525304e+00
2.092618948112765054e+00
1.676869278752642023e+00
1.742988156522151222e+00
1.691783337637594364e+00
1.907513757266348531e+00
1.602716696550589459e+00
2.260192437426614021e+00
2.069953049747012219e+00
1.513774646780363220e+00
1.308765775227688666e+00
1.596506769659857161e+00
1.261594788297765835e+00
1.547717872526645388e+00
1.548732549960087912e+00
1.673706274974297026e+00
2.535941470058646008e+00
1.369396394659719851e+00
1.303389813432646482e+00
1.264392299387832930e+00
2.083983851866435089e+00
1.657606386108948282e+00
1.650681331945124564e+00
1.729338509516565203e+00
1.591976652903842160e+00
1.533899575386691971e+00
1.606172709209122473e+00
1.553397813612248601e+00
2.406265040067778749e+00
2.795871405974914570e+00
1.395598059123455359e+00
1.400414697193063995e+00
1.708380650296947856e+00
1.392318834356115698e+00
1.377679600967229190e+00
1.508197209027536179e+00
2.415560781388455869e+00
1.821544464200031577e+00
2.206934476161491965e+00
1.995756486364110405e+00
1.474173899965703249e+00
1.991300761108380390e+00
1.973505673096149993e+00
2.360736237120697467e+00
1.661087525470957837e+00
1.697712209938643024e+00
1.615604106407004359e+00
1.401984773905381676e+00
2.895953955975936189e+00
1.611830230277500053e+00
1.361716733308601990e+00
1.739179798172036717e+00
2.489448517861556631e+00
2.734754543122110970e+00
1.540118893447892656e+00
1.501020750380877677e+00
1.483234133477732364e+00
2.836704864075902499e+00
1.305752939652761846e+00
1.369702862723149561e+00
2.169351431181103074e+00
2.259377094369218852e+00
1.592832201299882566e+00
2.289692392540305654e+00
2.830475291453119713e+00
2.816789903198384071e+00
1.691545687408672061e+00
1.408706695714227353e+00
1.270711647514420894e+00
1.850828205204608334e+00
1.276883132084649874e+00
2.031748585209995461e+00
1.439103269907058058e+00
1.553546714762306769e+00
1.920692048408503716e+00
2.571793349172835086e+00
1.533106525878894510e+00
2.611797079117695652e+00
2.676455746573054295e+00
1.587053066865768525e+00
1.236720588277167021e+00
1.822273657913580314e+00
1.419284809364158795e+00
1.465376225472690530e+00
2.033439973012302282e+00
1.642713385914698510e+00
1.369105948899567382e+00
1.637003069315090986e+00
2.170636310943796055e+00
1.615557906355249429e+00
1.675308995249984001e+00
1.379222295622062777e+00
1.517783065261250730e+00
1.329640348981053544e+00
1.534386156831059278e+00
1.407742325039145870e+00
2.269429740278077645e+00
2.575821276779935332e+00
2.406610417385890877e+00
2.848327682756710111e+00
1.957762997689478146e+00
1.346924362136553643e+00
1.831469038321755782e+00
1.948206791562612672e+00
1.344442111323569833e+00
2.364527792652242333e+00
2.161388215939012536e+00
1.504976972287350501e+00
1.937448198145886868e+00
2.273057489782803309e+00
1.735027440581349056e+00
1.377994861244312919e+00
3.296486550111346059e+00
1.559866062888894511e+00
1.866364754799782588e+00
1.596100271531040171e+00
1.531620288308356059e+00
1.390533527432101568e+00
1.740759578241367844e+00
1.472297355189955415e+00
1.430043036395028055e+00
1.413842518507478330e+00
1.280851451847841993e+00
2.089740298059031165e+00
1.450645754232070761e+00
1.662451763142046124e+00
1.780054455949412251e+00
1.436449697926790225e+00
1.716157328410253591e+00
1.942808504023507687e+00
1.697405741875213092e+00
1.403961348746515680e+00
1.377688393180882986e+00
2.001248987495258369e+00
2.001400361912706316e+00
2.081620493075361900e+00
2.194954281476782842e+00
1.762854450556021302e+00
3.061250737204253891e+00
1.679931911981761949e+00
2.249774462127778651e+00
2.797732776423051071e+00
1.788240957681278775e+00
1.456403305365835621e+00
1.927876023915054748e+00
2.079423562382793911e+00
1.474564375791242110e+00
1.871507495496111506e+00
1.357076883130186706e+00
2.434357947352392415e+00
1.432883951845857151e+00
1.958375933816337344e+00
2.248180930915833375e+00
1.513639499884216866e+00
1.290816629370913571e+00
1.741913453467855089e+00
1.275684219058184743e+00
1.448881738569717470e+00
1.474345221132986827e+00
2.598775153863985832e+00
1.450952222295500693e+00
1.392625302419545852e+00
1.639791788191504507e+00
1.520093994906950741e+00
2.065379023946583903e+00
1.340270659205400339e+00
2.387777867015651534e+00
1.871025781818839828e+00
2.241970681601496818e+00
1.905790854957414515e+00
1.430836085902825738e+00
1.488975662308219761e+00
1.401207746700861234e+00
1.402076011757114493e+00
2.386426776341259437e+00
1.991552800201364271e+00
2.017817561191121989e+00
1.344126851046486326e+00
3.111174770167375314e+00
1.303236170965833329e+00
1.317782604378956668e+00
1.347095683303837443e+00
1.708171198995705797e+00
3.104298450607361648e+00
1.817940587985140244e+00
1.720396801640589945e+00
1.458363857903691940e+00
1.614193356497615417e+00
1.918806399232557247e+00
1.495211002672697909e+00
2.021460917320216488e+00
1.420854886076476697e+00
1.969563078993249228e+00
2.346929984038544248e+00
2.621332520971530133e+00
1.663779342006201922e+00
1.333863997673638391e+00
1.323405008616575174e+00
1.467639321627418614e+00
2.189366110252393138e+00
1.459228198513386809e+00
1.173161739989132535e+00
1.153773235185976187e+00
1.800804438385998685e+00
1.697773797683526542e+00
2.896797930687451395e+00
1.712982058154859599e+00
2.358803715290584080e+00
1.564296149579522233e+00
1.382337634529766435e+00
2.915109164664870356e+00
2.822724739709996378e+00
1.850676830787160165e+00
1.558480024004073039e+00
1.317005577174436670e+00
1.686629019273676366e+00
1.560387162207206746e+00
3.176562526175463752e+00
1.547717872526645388e+00
2.235162416759770121e+00
1.301582086491406498e+00
1.868308953001137640e+00
2.067680250235270467e+00
1.859745856512843742e+00
1.809870138621938018e+00
2.214434117386976819e+00
1.413049468999680425e+00
1.706969178091702011e+00
3.055486218191776349e+00
1.819149526792223082e+00
2.398092837347327588e+00
1.453824948934023364e+00
2.529842680569870605e+00
2.457742153976224309e+00
1.428038574812758643e+00
1.330895165416287274e+00
1.990052138961333039e+00
1.806136995820279090e+00
1.609251274888874095e+00
1.301275618427976788e+00
1.608913594594564733e+00
1.433967447113807081e+00
1.462197030770737705e+00
1.958375933816337788e+00
1.966133014929241529e+00
1.756354390091681816e+00
1.686834858314904873e+00
1.512375891235329339e+00
1.716157328410253591e+00
1.271169489995298552e+00
1.391235339088165768e+00
1.424691983390080186e+00
1.570233814094224689e+00
1.492847277495768399e+00
1.580425376365175660e+00
2.699374773139687989e+00
1.746486535947745722e+00
1.474950927170223247e+00
1.486509433798513413e+00
2.124474084540242114e+00
1.483524579237884833e+00
1.564901855616758430e+00
2.494311339231905400e+00
1.497096339662099318e+00
2.347452386054780682e+00
2.060333112483974993e+00
2.245272275915671134e+00
2.121920542625362227e+00
2.652454048963312161e+00
1.443562095561175651e+00
1.965432542462972831e+00
2.437565284322471104e+00
1.740044138781731364e+00
1.749977066480223664e+00
1.281728509117748382e+00
1.530633067279564719e+00
1.574070911407828621e+00
1.937729306934881768e+00
1.416180830210662211e+00
2.180796230647382483e+00
1.791696970339811790e+00
2.669454934846118288e+00
1.502494721474366690e+00
1.929275091646633911e+00
1.478388756444633856e+00
2.840506514014753403e+00
1.461897792796931439e+00
2.885523717532518351e+00
2.251964884858327576e+00
1.624603474470007081e+00
2.352536420172196774e+00
1.478704016721717807e+00
1.997065125333824520e+00
2.029879912586519008e+00
1.975784701701509771e+00
1.986920892171370800e+00
2.616116538358438603e+00
2.245841898826346661e+00
1.450040048194834563e+00
1.855593498922156082e+00
2.997721482991098974e+00
1.511283603753725835e+00
1.762957786264473414e+00
2.547930164997637359e+00
2.912574274796880580e+00
1.435656648418992765e+00
1.783020617173846967e+00
1.803357980300879015e+00
1.385946784971461510e+00
1.233939099490377167e+00
2.037442280549511597e+00
2.189837988736600849e+00
2.682014137103832851e+00
1.400124251432911526e+00
2.062544427442019490e+00
1.589737014360039780e+00
2.668153013455653699e+00
1.397155419175560409e+00
1.444474269661841337e+00
1.534196142327582058e+00
1.431613113107345958e+00
1.892378239076081048e+00
2.190971433374396149e+00
1.548442703156749811e+00
2.091076669136840316e+00
2.107642134955165503e+00
1.874266564265675949e+00
3.000631696794026748e+00
1.689904319594457416e+00
2.176523542249796161e+00
3.089965810795795242e+00
1.667606081505964788e+00
1.962121793278208681e+00
1.936606866873508359e+00
1.855084497460562698e+00
1.636955834780934094e+00
1.470914621948199663e+00
1.832845176084037409e+00
2.219078742077182476e+00
2.964959650681271874e+00
2.590352584254399293e+00
1.571443065087851920e+00
1.335553198978824296e+00
1.482756344247019076e+00
1.403602684108669951e+00
1.838257289192240629e+00
2.700039934683085008e+00
1.493434487962337354e+00
2.358399057985946179e+00
1.512092273525609265e+00
1.725449433240751063e+00
1.715196283224916574e+00
2.082319795810701812e+00
3.038839272705829320e+00
1.509116613217825975e+00
1.624746056673801009e+00
1.945465906177170634e+00
1.821883182088040787e+00
1.458144703245436657e+00
2.266124480122201135e+00
1.392318834356115698e+00
1.619790946218302219e+00
1.397761125212796607e+00
2.638632592753928474e+00
2.073889139532302472e+00
2.075372722820940208e+00
1.672929247769777028e+00
1.403084291476608847e+00
1.589516822108084426e+00
1.357725993528184683e+00
1.546219086916224672e+00
2.481365379163972040e+00
1.851817989353435445e+00
1.768699315094960589e+00
2.042327988871264211e+00
1.768449784922701218e+00
2.653660918975786043e+00
2.367698940695551535e+00
1.333548737396554884e+00
1.651992774084983351e+00
1.535117618593973221e+00
1.605866241145692985e+00
1.661109633301638189e+00
1.264376277084555689e+00
1.180748002407673081e+00
1.960436748990538769e+00
1.447379246124943730e+00
1.467810642794702636e+00
1.340083315734838854e+00
1.426397206998543998e+00
