-7.548184611113241260e+01
-9.243793613921633323e+01
-9.698331050978663370e+01
-9.141864102849683604e+01
-7.780212527703722003e+01
-7.222731835400814759e+01
-9.267741600209882336e+01
-8.392865118283830839e+01
-7.651946068899930253e+01
-9.430434970087821966e+01
-1.221810442981806659e+02
-9.648082746755561345e+01
-5.924620686904159328e+01
-6.988815887056733800e+01
-6.834827337669953806e+01
-1.072260771283747687e+02
-7.684581289110184343e+01
-8.700978906193785178e+01
-8.987209871752337165e+01
-7.897167729626657717e+01
-7.526419601859025477e+01
-7.549344583100494788e+01
-1.108740464029490056e+02
-7.648378366057572464e+01
-6.854505192212702980e+01
-8.286509704817918021e+01
-6.647288109842031645e+01
-7.364452557563694768e+01
-7.441905932400824497e+01
-7.080327776734765166e+01
-7.055106808217958303e+01
-6.793893917519227443e+01
-6.383046662206534450e+01
-7.353101150787577467e+01
-8.164617602198811142e+01
-6.043682151370394706e+01
-5.988065097485166177e+01
-7.089197755061353234e+01
-1.076344085526315979e+02
-7.243698236772024757e+01
-6.780894269013590758e+01
-6.010656294151377921e+01
-8.760091900910849461e+01
-9.091997869101379592e+01
-8.813399100432533828e+01
-7.003169603021139267e+01
-6.342264841392744046e+01
-6.733472531532778760e+01
-6.622322298052407064e+01
-7.680351533714170387e+01
-7.129092131498605056e+01
-8.507292220066122468e+01
-8.160776247549551954e+01
-6.681752906579735907e+01
-6.247656223592885283e+01
-9.937755439024877546e+01
-8.127515503047992240e+01
-6.418570383261976531e+01
-6.626533303732792035e+01
-8.384239099557643726e+01
-7.673850357435134129e+01
-6.374601228334017833e+01
-6.860740549316562920e+01
-7.427801641735251792e+01
-8.139628023470432083e+01
-6.848279608599294477e+01
-7.221126414118528203e+01
-8.360035864617326240e+01
-6.380150294996001747e+01
-7.699357942039128488e+01
-7.817967326756036073e+01
-6.960859464789419349e+01
-9.041515895924027291e+01
-8.357641736482183603e+01
-5.835851583924300456e+01
-8.684315855555155395e+01
-1.115929088032858374e+02
-6.593587010535645732e+01
-7.485455711579355409e+01
-8.605593179541766347e+01
-4.168330354273402008e+03
-5.591318955675136237e+01
-6.843496908835147963e+01
-7.749831179200845099e+01
-1.142980614267623594e+02
-7.668414920816859137e+01
-6.041746299020386601e+01
-6.162919126232696954e+01
-6.851030446361932036e+01
-1.043955792066978177e+02
-9.140291971293767403e+01
-8.040056843520756047e+01
-6.212568717393814666e+01
-8.616649372196637557e+01
-6.580200133015425479e+01
-7.367940829521418777e+01
-8.669263002805182339e+01
-7.025453675536667220e+01
-6.716264048285049171e+01
-8.502595988741956035e+01
-7.554558055101411185e+01
-5.257138278601497404e+03
-7.258247293315156412e+01
-7.324457919680580176e+01
-1.106613122982848409e+02
-8.402307013464340457e+01
-8.490650413899315652e+01
-6.795965166053163387e+01
-7.648172135203263622e+01
-7.217348741523177580e+01
-7.291791882226229404e+01
-6.880441280591844588e+01
-6.490494068736359168e+01
-9.560175217149219407e+01
-9.212967986646461327e+01
-6.833464981530798354e+01
-6.908618907205450910e+01
-6.755356062151069807e+01
-7.139769752481716125e+01
-6.956507983213249702e+01
-1.022097639098860640e+02
-7.920628208815332982e+01
-7.960355028814012712e+01
-6.816999572546613706e+01
-7.663399561942605942e+01
-8.060582613577868472e+01
-7.009003960887930873e+01
-7.973714189194738822e+01
-7.992462746071876722e+01
-1.016478933793985817e+02
-9.721711028377787045e+01
-6.510528293118092336e+01
-7.718247615573648091e+01
-7.450809004757020659e+01
-6.896182441672262087e+01
-6.644225724598732086e+01
-8.934017340110801797e+01
-7.816308910392270093e+01
-9.558782528878215601e+01
-6.576696585558748609e+01
-6.415584655097799782e+01
-1.092963063438310058e+02
-6.903650738738872406e+01
-8.494328075337460859e+01
-7.766148707851974109e+01
-7.140887245597562583e+01
-8.385203329984356913e+01
-8.397568930178178448e+01
-7.247066387420728972e+01
-6.351717745231982093e+01
-8.890242203600573134e+01
-7.230681028901334173e+01
-1.046223774308404444e+02
-7.901519655024353028e+01
-7.656810978684852387e+01
-6.139734802606015052e+01
-1.099552317957735283e+02
-9.815913269276079234e+01
-1.136609868922636792e+02
-7.753187927441848615e+01
-6.037066541059433433e+01
-7.385401981344990929e+01
-6.814115681840962679e+01
-1.130260124700419482e+02
-6.099720462502502727e+01
-7.583884896544682874e+01
-8.392691079835422840e+01
-6.163618644334940200e+01
-8.281081203134510815e+01
-8.080725094488418847e+01
-6.855825034384312744e+01
-7.299011611411189904e+01
-6.799804682658884758e+01
-1.077444864278985648e+02
-6.377104692469243474e+01
-7.079415537043158224e+01
-7.382163182282111791e+01
-8.750792879294345994e+01
-8.213677000997931543e+01
-7.048736541543323142e+01
-1.037596540866324091e+02
-7.310194817067944939e+01
-5.990949099133437983e+01
-6.607270182980607842e+01
-9.304851548858943033e+01
-9.312594346482474350e+01
-1.169705792688348254e+02
-7.438618407923638642e+01
-9.114201997224894569e+01
-7.436936590456041074e+01
-9.661599366384396603e+01
-7.354663973275621913e+01
-6.547034869482634178e+01
-8.300350219510869465e+01
-7.902324772842321465e+01
-1.207106342994363217e+02
-8.483014369105293895e+01
-9.053698528030322734e+01
-6.775458141525702160e+01
-8.267786664650036244e+01
-1.070377441362596471e+02
-1.007577194063651120e+02
-9.424099543258255096e+01
-7.425323692794384556e+01
-7.700415467440700468e+01
-8.319924752778258892e+01
-9.928079813896466987e+01
-8.788397010504168350e+01
-9.380931611181354413e+01
-7.844091012025884879e+01
-8.803506237488358011e+01
-9.065057449364142883e+01
-7.558571096938695177e+01
-1.131945321507412103e+02
-7.630644642444414671e+01
-7.866479864489687657e+01
-8.961067139379800039e+01
-1.249046476045683249e+02
-8.408580382308514345e+01
-8.352064933614546760e+01
-6.893478548170132569e+01
-8.376874990430664525e+01
-6.713761922785792535e+01
-7.726342399155554119e+01
-7.625089007786839090e+01
-8.645801433729688767e+01
-8.849991580335037611e+01
-9.697984870683907843e+01
-9.925710186210119446e+01
-1.008888020549004239e+02
-8.368999779945158934e+01
-8.207563991874005183e+01
-8.807758766970624720e+01
-8.617005812006102872e+01
-9.354877767419935708e+01
-8.326634355377227337e+01
-1.042664113503640237e+02
-7.664225810592063681e+03
-9.606805011139466899e+01
-5.172246908373559563e+03
-7.777680632702698915e+01
-7.791245850473080736e+01
-8.468065726327283471e+01
-8.120621608081397369e+01
-6.672166563096237724e+01
-9.092039093913911074e+01
-8.373705157920657882e+01
-1.019171139693664259e+02
-8.762113836728099159e+01
-7.350972591229924546e+01
-7.640159326925112282e+01
-9.628146357515869624e+01
-1.015943101689552037e+02
-5.765328409482691541e+01
-1.112797148615097029e+02
-6.629416897113543428e+01
-7.382292408765694347e+01
-1.106218246772629357e+02
-9.324537832868780640e+01
-1.062880859561715141e+02
-8.525593075197703286e+01
-1.135395475015857301e+02
-5.108191446557986637e+03
-1.243611658345730149e+02
-1.119489002742434565e+02
-9.902611900851387361e+01
-8.780473514747059482e+01
-7.979667797454851552e+01
-6.391504098460831784e+01
-6.115364715209363311e+01
-8.622181702702820985e+03
-8.897321843237088501e+01
-8.662808746517785607e+01
-9.056973561162185149e+01
-8.601483798856536112e+01
-6.686954748451751129e+01
-8.107925318976543849e+01
-6.893201811324132677e+01
-6.506101791760038111e+01
-9.352418305527810105e+01
-7.290043935437388711e+01
-9.088383116026761854e+01
-1.243902706346523104e+02
-7.952412212784518886e+01
-8.931726519661980035e+01
-8.220758463072236566e+01
-6.254592184545042244e+01
-6.867873827226441108e+01
-8.848916658084408482e+01
-6.251859265473895277e+01
-7.563148451101952219e+01
-7.368649138333550752e+01
-8.649163827567330998e+01
-6.284059185073419229e+01
-8.196942232884839541e+01
-7.016741965793492852e+01
-9.203015960239397941e+01
-7.120565211006460515e+01
-6.503445183030574128e+01
-6.977603317488876655e+01
-9.702930595522741442e+01
-7.851469593546856629e+01
-7.472829877162948264e+01
-8.572780124348597042e+01
-1.044845957228759659e+02
-7.504926756533114940e+01
-9.347114808849042333e+01
-7.509645861672571243e+01
-7.416903015545727840e+01
-7.162139958170627096e+01
-8.642390766138984759e+01
-7.343990475533639994e+01
-7.304569130990839199e+01
-9.037442555300521008e+01
-6.581637302330892680e+01
-7.435058487335606969e+01
-9.475943910570634898e+01
-8.052337123187777479e+01
-9.001620382601485915e+01
-7.396515316231558756e+01
-8.989595823554877541e+01
-9.566878703703812903e+01
-6.332477367571404869e+01
-8.593639252957409269e+01
-6.338873002712438876e+01
-5.898687146519123559e+01
-6.243659599382551306e+01
-7.302209592424104301e+01
-1.050906618446658172e+02
-6.936442715504529133e+01
-7.107455976751687388e+01
-7.354176030032350297e+01
-7.896814934908626071e+01
-8.519990735954633010e+01
-8.558582201483669394e+01
-7.886596677591511195e+01
-7.443732560181179281e+01
-7.634723298998881091e+01
-1.155499897329055443e+02
-1.229858958017782555e+02
-5.994332728199298543e+01
-7.231257543103583885e+01
-1.381713642961337314e+02
-7.808935318725599473e+01
-7.275355350019940204e+01
-8.441496727190970262e+01
-7.382086368662437792e+01
-8.155152202592873323e+01
-8.740449910820086643e+01
-7.950697741204115232e+01
-8.370136739346973798e+01
-9.355397567984364571e+01
-8.400815203335004355e+01
-9.690086575273655001e+01
-9.070239778119945129e+01
-8.901188805546686922e+01
-7.240246624927348762e+01
-9.924095236402125408e+01
-8.657619649558915853e+01
-1.207395520568729523e+02
-7.756011411540274025e+01
-7.099803626139203061e+01
-6.897790241300387493e+01
-7.730833221285965351e+01
-1.128956500873634212e+02
-9.960856806604441260e+01
-9.653651446266810865e+01
-1.033069569549694506e+02
-7.054236550425278551e+01
-9.337076087347197983e+01
-1.064306691948907115e+02
-1.063847952245654085e+02
-1.102474353875637405e+02
-1.054885342013633647e+02
-1.011795835431876469e+02
-8.185280799184432965e+01
-8.479974729312853299e+01
-9.958199439607483328e+01
-9.193317840792606432e+01
-1.093735357325061699e+02
-9.561856291789300144e+01
-6.491024195036160904e+01
-6.177533799434779382e+01
-6.454315791667650615e+01
-8.758107823530403380e+01
-8.902984882920409859e+01
-8.592008043245242277e+01
-1.128886085227469209e+02
-9.675945054372142806e+01
-8.947846622630473234e+01
-6.521185592303488932e+01
-7.277148308448656167e+01
-6.118405648541705943e+01
-9.041170524884542203e+01
-8.131814261699562962e+01
-7.773783659147174774e+01
-9.932019396464794170e+01
-7.132702485107660095e+01
-6.909603447307183899e+01
-8.428396229042903087e+01
-7.150916942627561923e+01
-6.233261559604365232e+01
-7.124828022742781286e+01
-1.186245098476308044e+02
-7.061135050050002349e+01
-1.345215958079141387e+02
-6.816743887865722229e+01
-8.154780846699802055e+01
-6.833285071149910550e+01
-7.198053794968045338e+01
-9.541344254944220893e+01
-7.442639725695947561e+01
-8.333712227759534130e+01
-7.414359702727136892e+01
-8.095713922540272733e+01
-9.267233770904114465e+01
-9.898167354358777459e+01
-1.082790774387040500e+02
-8.080050278073484549e+01
-8.087010362936256058e+01
-8.632736407813402479e+01
-6.966856159160036555e+01
-8.496727915376355611e+01
-8.957741025095322129e+01
-8.083679887555010168e+01
-6.436248267820185731e+01
-7.621600488895059300e+01
-6.397320927545342784e+01
-5.660373887603233101e+01
-8.871753156830808962e+01
-9.141036973025856582e+01
-7.111495234435177792e+01
-8.184951574904658855e+01
-7.631441321530965638e+01
-1.056385175101157046e+02
-7.813776447739152786e+01
-6.796275302937362994e+01
-7.744595415318477194e+01
-5.917073955828008991e+01
-7.696865183352726092e+01
-6.962568266818949780e+01
-9.531275676426044186e+01
-7.258198485245976883e+01
-8.702491817853409373e+01
-9.132810204895343986e+01
-7.957480060713866976e+01
-1.138980066460270422e+02
-1.160500047011244646e+02
-9.574015104248937291e+01
-8.125460464656470094e+01
-5.837211712957094534e+01
-6.424945993967867253e+01
-6.460316397350426598e+01
-9.453616311813389927e+01
-6.391931438620026285e+01
-6.922069829282942521e+01
-7.389226248744543568e+01
-8.633409919051489112e+01
-5.930386911552272267e+01
-8.773591779909988020e+01
-6.487489926518738059e+01
-1.086510074771065604e+02
-6.113651682078857874e+01
-5.998638795561794979e+01
-8.381774714584594221e+01
-1.127867158420945941e+02
-7.499775044035686733e+01
-1.003201197057819485e+02
-1.118368479910825783e+02
-7.882060878149620464e+01
-7.385921972965708449e+01
-8.343095970399778594e+01
-9.667667304173004084e+01
-6.346474528018057981e+01
-6.705182427008254820e+01
-6.601263177460653253e+01
-9.218943689357519133e+01
-1.138093754124484036e+02
-8.866573157957328988e+01
-7.405083212246755409e+01
-1.012323119600146981e+02
-1.298028280087467010e+02
-8.382885256486035530e+01
-7.527516641974615652e+01
-7.524081040446506563e+01
-9.989917537036834005e+01
-1.270257805460095994e+02
-1.054477541191010062e+02
-6.767614456757165442e+01
-5.782797056931728008e+01
-8.034232322957164740e+01
-7.414743149030735481e+01
-9.035215114448422469e+01
-7.562876273889185086e+01
-7.048116794642861294e+01
-6.612676572028566113e+01
-6.335633889715413147e+01
-8.318982984703347938e+01
-6.954693557699837925e+01
-6.604812073999016775e+01
-7.985210719939351520e+01
-5.844531945846348719e+01
-6.486424237464089515e+01
-8.683557581914864443e+01
-6.797310460288022682e+01
-7.077598924287055127e+01
-7.393152097728047067e+01
-6.835193100800337618e+01
-7.068095539898430957e+01
-6.853658251736246143e+01
-6.775627558694027641e+01
-7.111784377594756279e+01
-5.778774789620249663e+01
-7.020885405307217297e+01
-6.461917995862270914e+01
-6.324658602384100448e+01
-6.903599081719202957e+01
-6.822922851411452427e+01
-6.276639984965574115e+01
-6.094473213454853777e+01
-7.700660641368465065e+01
-6.825244945411166952e+01
-7.111404139960900750e+01
-8.267147970651356559e+01
-6.220349392622156159e+01
-6.156909342724984668e+01
-8.322534834040729379e+01
-6.826048603274585957e+01
-7.420216492273453923e+01
-6.945956684006611681e+01
-7.071907772450511231e+01
-6.845828747554816118e+01
-5.726238802017086016e+01
-6.408306506387658885e+01
-6.264279771088985171e+01
-6.908053557521400023e+01
-6.782334807573609226e+01
-6.887413850538013094e+01
-8.750843514684301283e+01
-1.238972465702386785e+02
-6.674033646908252138e+01
-1.031959793340992348e+02
-6.976444327934250111e+01
-8.442116796940905488e+01
-1.058771758015729887e+02
-6.148546155632522670e+01
-7.199311281019333819e+01
-1.271003291845121481e+02
-6.981032675735445991e+01
-9.707051229126892622e+01
-8.979168135775020687e+01
-8.049444688308103935e+01
-8.691727290345112067e+01
-9.167507470622966537e+01
-6.995962343310488052e+01
-1.015536589461006116e+02
-6.404429803977239999e+01
-7.496728848171045456e+01
-6.128198588677783221e+01
-8.394314980289672690e+01
-7.819744981784863569e+01
-6.748065608672004601e+01
-6.750698218583177379e+01
-8.365161298823826996e+01
-7.400766353643992090e+01
-6.585714339043163079e+01
-6.512059532209005397e+01
-6.255866563024751770e+01
-6.784626256523606003e+01
-6.975937455217527372e+01
-7.267768340991639775e+01
-6.028465079113771452e+01
-6.257118713129327858e+01
-7.208758880325520124e+01
-5.978634691887172892e+01
-7.444258448140550399e+01
-8.881652537317927454e+01
-6.034928530979541250e+01
-9.487041035651094489e+01
-7.449087733312690318e+01
-5.971813783996378788e+01
-8.266585409466411249e+01
-8.447243951396924899e+01
-9.257403947137680689e+01
-6.995996440832331587e+01
-6.816301918944827776e+01
-6.231091208093823042e+01
-7.325387051531666316e+01
-6.331926954462359447e+01
-6.210094951490287940e+01
-7.784406627643038235e+01
-8.242810563496119869e+01
-8.569991765011630491e+01
-7.246685887998957298e+01
-7.946097919723541736e+01
-8.722282213268275086e+01
-6.860377064764227839e+01
-7.739008594295138721e+01
-7.090187845854755722e+01
-6.471718485167679091e+01
-6.597695565188335820e+01
-1.017453874124764184e+02
-6.259640029094835967e+01
-6.978977039771321245e+01
-7.494733920632354796e+01
-8.020202006639695469e+01
-1.078268247183104052e+02
-6.683672525041620816e+01
-7.813593510122439056e+01
-6.378352993689837547e+01
-7.381780432463918373e+01
-7.681810046641489009e+01
-6.968309880546665624e+01
-6.668197545873933052e+01
-6.835816996001027235e+01
-7.313975378830555485e+01
-6.262906672096561778e+01
-6.201555626861492954e+01
-6.738008011815252019e+01
-8.548501994598984766e+01
-8.678178975026337127e+01
-7.473549298173522004e+01
-8.283092620124880057e+01
-6.031807172766511371e+01
-7.669149780162462093e+01
-7.148636477377635856e+01
-6.634728760198345299e+01
-5.818943051122473520e+01
-7.324327447511943490e+01
-8.153662049269209433e+01
-7.724067641985250532e+01
-7.525551483893481475e+01
-6.396539907737719943e+01
-6.797591886310416953e+01
-5.761246300794265096e+01
-6.780939881636025746e+01
-6.121681759707445991e+01
-9.807999487628589463e+01
-6.347933894638638463e+01
-6.573667682638794929e+01
-6.961530564047859571e+01
-6.154896724625771043e+01
-6.374059254162557409e+01
-2.648490645273814607e+03
-5.914424348565754741e+01
-7.080852245032529879e+01
-7.382094189153461627e+01
-7.712973841998066860e+01
-6.366757562696489714e+01
-6.015559067689378026e+01
-7.903806720125419361e+01
-6.098556893570603421e+01
-6.991735226456091823e+01
-6.833394176767690453e+01
-6.264804310904681728e+01
-8.383296673538889365e+01
-8.323213798352807657e+01
-8.118388803344036830e+01
-1.055266156472238492e+02
-7.509629988118101096e+01
-6.821298963307113183e+01
-6.991803017657552743e+01
-6.627967993461474805e+01
-5.645382368809983120e+01
-1.834006861484002684e+02
-6.990087883990941009e+01
-6.134869515496152559e+01
-6.699803816443339599e+01
-6.581751696912176897e+01
-6.227959564299255391e+01
-8.247973009287497348e+01
-5.771338803753341296e+01
-6.718309029272937494e+01
-6.456746963975582787e+01
-6.028337160694175623e+01
-5.865913396225030851e+01
-5.981066840597335244e+01
-7.110003319519081799e+01
-6.564102299692002873e+01
-6.044596673569456868e+01
-6.501428735782222645e+01
-8.391146418221990189e+01
-7.023201639273676733e+01
-7.638856495039657091e+01
-6.446853314705005289e+01
-6.183090236533958972e+01
-6.028624815786155722e+01
-4.361445960169306090e+03
-6.803546669987863993e+01
-7.462098513345647177e+01
-7.918487681777419596e+01
-6.240796517700916013e+01
-6.187795401844223875e+01
-6.217587448891136148e+01
-8.166996354993804630e+01
-5.664558425164053546e+01
-5.970184365601156884e+01
-6.288527040801683654e+01
-6.479576825919177452e+01
-5.526409731733302522e+01
-7.373537103799357340e+01
-6.028210712137271088e+01
-6.777518316375717689e+01
-5.834737790533290536e+01
-7.437013381285198932e+01
-6.191424464290778928e+01
-7.027900640109542962e+01
-6.120118740028318882e+01
-6.054835157470365914e+01
-6.256534549215065510e+01
-7.138896020550758692e+01
-7.281912324247956292e+01
-7.195357147862668512e+01
-6.063056048981528079e+01
-7.474607793749781592e+01
-9.192860600646952207e+01
-7.364734437175241055e+01
-7.092646206033282397e+01
-2.606640345719118613e+03
-8.676595544382573166e+01
-6.779384046145399623e+01
-6.369215316776727320e+01
-6.326391232261311615e+01
-6.496187409372670629e+01
-8.004562059444482713e+01
-6.214806182083395214e+01
-8.751707672169993657e+01
-6.192720466250001721e+01
-6.231132935315842758e+01
-5.841556405507497374e+01
-2.476954120151214283e+03
-5.865985909522828479e+01
-7.471827554614888811e+01
-6.998425585016764217e+01
-7.250374997181380365e+01
-6.582095882629852213e+01
-7.295798441228767217e+01
-5.898603228328467907e+01
-6.348087239278472538e+01
-6.640494794684897784e+01
-5.993971633652797237e+01
-7.501470010538960764e+01
-6.378549911423696273e+01
-6.094635334194585141e+01
-6.914147757740722966e+01
-5.794554304823644486e+01
-5.215092411685735897e+03
-7.416688122261766125e+01
-7.361352334622708327e+01
-6.875387955247549598e+01
-7.868930401316598022e+01
-5.820519893474163808e+01
-5.977639842590262731e+01
-6.873858495403851521e+01
-5.776377443106797926e+01
-6.003606607163349196e+01
-6.063674472179508967e+01
-7.444834345206820103e+01
-6.495089991603333601e+01
-6.409195351147290864e+01
-6.196662106983551155e+01
-6.015122455094174114e+01
-7.061002293613610448e+01
-6.148307094062452904e+01
-8.765898185020503774e+01
-7.931017095475635870e+01
-7.485894606741689472e+01
-6.491045722411956831e+01
-7.565344673708264622e+01
-6.651151667503643239e+01
-7.483602472462212063e+01
-5.900918573261659361e+01
-8.242355404301481769e+01
-8.451340627990555276e+01
-8.207804853661221500e+01
-6.476250772828763047e+01
-6.669288988488220582e+01
-6.547079510694668159e+01
-7.063210807924399148e+01
-6.712318459597631204e+01
-5.920065977063067919e+01
-7.135708092410494885e+01
-8.026620828161196641e+01
-6.136403166148632238e+01
-6.710753313715578372e+01
-7.035425152804502602e+01
-7.532719859877281010e+01
-6.357315499028941019e+01
-6.249202168230573307e+01
-7.019621691701760824e+01
-5.964705683447006379e+01
-5.722790279396662783e+01
-6.334106640919353026e+01
-7.256185325816601051e+01
-6.127037755362631088e+01
-5.567662664519804139e+01
-6.307446348666529445e+01
-6.826529877565728555e+01
-6.806735747539404713e+01
-5.691831636491035340e+01
-6.000665246828025090e+01
-7.430584454038256581e+01
-6.914848769669605133e+01
-5.700709169060193915e+01
-6.149900140755905653e+01
-6.535563970745009499e+01
-7.584703247914154645e+01
-7.516121222467688767e+01
-5.401562052602299957e+01
-7.092773103021004033e+01
-7.706631167747170252e+01
-7.272007071094911623e+01
-6.239386633537272786e+01
-7.530638295912844171e+01
-6.227234151405858142e+01
-7.415244270801572668e+01
-6.536475848462998783e+01
-7.791335706668608907e+01
-6.728071828748632299e+01
-6.456405066682744120e+01
-7.854616170133954256e+01
-6.642924864181044597e+01
-6.618322528813835959e+01
-6.397635936329528050e+01
-6.820820662552992530e+01
-6.417106276760064532e+01
-7.111322337498081936e+01
-7.264522308606979095e+01
-7.450570848541755709e+01
-7.138301097386874972e+01
-6.492745127720850462e+01
-7.274415002433467237e+01
-6.748126433586985229e+01
-6.248681629046834729e+01
-7.533142471909550864e+01
-7.240647576329047297e+01
-6.469531329884149784e+01
-5.445252311633296927e+01
-6.313555082810558616e+01
-5.831696044013090585e+01
-6.359758766557339982e+01
-6.845526723606118935e+01
-6.340490884004825745e+01
-7.376624610870324261e+01
-6.258884029274232574e+01
-6.190137744151419952e+01
-6.281416669095607119e+01
-7.660064912978280915e+01
-6.799965192751361087e+01
-6.023896393457503251e+01
-7.147100325519323860e+01
-6.510744457253439066e+01
-6.089928805821965341e+01
-6.763727289671321330e+01
-6.630094736496278074e+01
-7.557938766707820832e+01
-8.714081203808468956e+01
-6.258919747431770730e+01
-6.250535410941601100e+01
-6.492349858925078365e+01
-5.795550180868534085e+01
-5.467795742702954698e+01
-5.930385065146575840e+01
-8.182323123456112057e+01
-6.493885397634332435e+01
-7.292611040705557457e+01
-6.948063255639522140e+01
-6.325962974204021094e+01
-7.419529595481965600e+01
-6.997138190862897034e+01
-8.021911575741673062e+01
-6.055763752332847361e+01
-6.308277753115108055e+01
-6.903076774378897085e+01
-5.747453448717171653e+01
-9.243314704222673583e+01
-5.803439266203510272e+01
-6.126295802949532998e+01
-3.185222430271989197e+03
-7.342385686902071029e+01
-8.371140306446679347e+01
-2.648264404842015210e+03
-6.130781960756467441e+01
-2.460551577092339357e+03
-9.056897979905906482e+01
-6.129232923510696196e+01
-5.582279186675183524e+01
-7.136031807516846470e+01
-7.572493450746506483e+01
-6.012102130089339624e+01
-7.569613207439429914e+01
-8.441189734856217797e+01
-7.928224029135236606e+01
-5.863382889859069280e+01
-6.145275489450696682e+01
-6.094732647565647454e+01
-7.004631638091316859e+01
-6.014299329415212725e+01
-7.225723258147642980e+01
-6.322506184230344672e+01
-6.243547106773554844e+01
-7.705632216264100975e+01
-9.174083529576034834e+01
-5.693389708994685350e+01
-7.752520444486307838e+01
-8.610437153751017547e+01
-6.412335376789741304e+01
-6.188784441952665816e+01
-6.642300967246755761e+01
-5.709440562523396778e+01
-6.416194185322054011e+01
-6.695522669377504599e+01
-6.329189617245414468e+01
-6.087280238673537269e+01
-6.147563097383346076e+01
-7.502798654399533973e+01
-6.653245660230220437e+01
-3.076691306766816979e+03
-5.603559256500896879e+01
-6.261765506942649750e+01
-6.023649715031353225e+01
-6.451918314737787341e+01
-6.464559109655166935e+01
-6.890854535571516237e+01
-7.918170611842747064e+01
-7.776298792378076996e+01
-8.510840949156568058e+01
-3.955691194297417042e+03
-6.339560808425245853e+01
-7.067133905775267522e+01
-6.374614337203412617e+01
-6.052820409985456962e+01
-7.266462705209305284e+01
-7.487664223504897620e+01
-6.273496330448193703e+01
-7.641037862376987277e+01
-7.557841034036695760e+01
-6.034452997146559028e+01
-5.435874557875136759e+01
-8.578459804276563716e+01
-6.750018808106878510e+01
-6.772279433726343711e+01
-6.246035007755853741e+01
-6.681773081234719314e+01
-6.749648179357379263e+01
-6.609837776516683050e+01
-6.210653731871794747e+01
-5.915282932783522085e+01
-6.001841102903997438e+01
-6.298429453314057014e+01
-6.472479554829651249e+01
-6.175549219062296658e+01
-5.876292266110662865e+01
-6.907371426347204135e+01
-5.894817344225246813e+01
-6.489974107833275241e+01
-6.363084757364124755e+01
-6.622158098859499376e+01
-5.738985630917769498e+01
-5.969760858603640941e+01
-7.582433717506422965e+01
-7.196039870036709374e+01
-7.526355604153656031e+01
-7.596444248092136320e+01
-6.665620762156721923e+01
-9.619700104835879984e+01
-6.161212175031515415e+01
-7.476370754706753985e+01
-8.464103993968755901e+01
-6.516043564852296299e+01
-6.068032008294547808e+01
-6.629073532125495660e+01
-7.848115629469324972e+01
-5.847246495590374593e+01
-7.382751183599337708e+01
-6.085634312680302571e+01
-8.019308496870715430e+01
-6.181776903393574685e+01
-3.997862774413961233e+03
-6.725185419012363752e+01
-6.197017024469109714e+01
-5.953416631532497405e+01
-5.686422838758453224e+01
-6.343383650846922706e+01
-6.634342554768312539e+01
-2.439002380128317327e+03
-7.735011303766681579e+01
-2.416890481252732570e+03
-6.018275930475954283e+01
-6.777641339918262986e+01
-6.201457954965533048e+01
-6.335353260150479571e+01
-5.550233117407018568e+01
-6.909224055322913216e+01
-6.527566395240546626e+01
-7.799915156974351760e+01
-6.435218285440051034e+01
-6.378715462789298130e+01
-5.904558574508135393e+01
-6.486562143176040252e+01
-6.498196323939204433e+01
-7.563106442746797597e+01
-7.384414965711694379e+01
-6.797996475721458864e+01
-5.241355236023245823e+01
-8.194123676344348439e+01
-6.296820964623114492e+01
-6.019615875398697113e+01
-6.351826269369495748e+01
-6.397539046886499392e+01
-1.017339749176356349e+02
-6.051409954196746810e+01
-6.786116774336142043e+01
-5.601717428758922779e+01
-2.820438176341345297e+03
-6.529848986800561761e+01
-6.320540862731722598e+01
-6.719132492125616807e+01
-5.773563147218286673e+01
-6.609290699043019401e+01
-7.022593986864411875e+01
-7.410508834933514777e+01
-7.337792664172653190e+01
-5.606292933426407643e+01
-5.987806343072702475e+01
-6.159785042121257703e+01
-7.762061054365247514e+01
-6.600570368564419255e+01
-6.296280345569523007e+01
-6.216365345711473367e+01
-6.678718697136721971e+01
-7.461281116490069110e+01
-8.025724795880050522e+01
-6.225397693657948395e+01
-8.269867592566944836e+01
-6.108876082391288520e+01
-6.455785805714674552e+01
-9.666188684528088970e+01
-8.502979737501405566e+01
-7.014593059069459002e+01
-6.897924269283396370e+01
-6.261310709716789091e+01
-6.568766738052660514e+01
-6.093013799337401792e+01
-8.960769976229485678e+01
-6.008186641279473150e+01
-6.666526260935050630e+01
-5.670930594810575798e+01
-6.965435854891536849e+01
-6.598545218721260142e+01
-6.510098041599802343e+01
-6.087442036651547994e+01
-7.577547658104097650e+01
-5.350034282142995323e+01
-6.872515060621229566e+01
-8.282775148211520388e+01
-6.116575726727235462e+01
-7.813813249607470368e+01
-5.940002021120084663e+01
-7.517859372670687890e+01
-7.779804813762930848e+01
-5.808593298907676683e+01
-5.631242844807735537e+01
-6.700472132657512248e+01
-6.503727332396728400e+01
-6.425061412897727564e+01
-5.636762481830369609e+01
-6.348158021470284496e+01
-5.820196471379563974e+01
-5.997256011301855949e+01
-6.271279516336063864e+01
-7.412017350869220422e+01
-6.509654457286380591e+01
-6.463596527140855130e+01
-6.017991836150466867e+01
-6.578449671926961173e+01
-5.851924034241103811e+01
-5.766451029157096286e+01
-6.292731408618386979e+01
-6.016075511530264919e+01
-6.167546137280271523e+01
-6.358028277220304858e+01
-8.841226338983413768e+01
-7.282734065861171757e+01
-5.809289998484904061e+01
-2.523807839404069910e+03
-7.722212457276171449e+01
-5.475604868934395597e+01
-6.019976909121878350e+01
-7.430538808066064860e+01
-6.369610959625322266e+01
-8.044557094224460059e+01
-7.383932120601059523e+01
-7.602411457802477912e+01
-7.486768533618530341e+01
-8.666806973079519594e+01
-6.254895243312381581e+01
-7.260775849868942089e+01
-7.580915454258412467e+01
-6.162991155434227863e+01
-6.693350276571074176e+01
-6.056114292905117225e+01
-2.610218448709569657e+03
-6.185609075140262547e+01
-6.792101237544530079e+01
-5.753234954957867586e+01
-6.899317894312906674e+01
-6.560778523059713052e+01
-7.670598424323786446e+01
-6.377024806347276353e+01
-7.114612668782133653e+01
-5.885984104107340897e+01
-8.510726617682514927e+01
-6.123719501711159552e+01
-8.801111274780522820e+01
-7.120487437461731872e+01
-6.428004199382039019e+01
-8.400232882711640059e+01
-6.705308713308697577e+01
-6.810928212314853170e+01
-6.684662215537423435e+01
-7.648334596774485306e+01
-7.524084561227726908e+01
-8.407739446197551558e+01
-7.739741426704381411e+01
-6.090525516993756838e+01
-6.558509514006792074e+01
-8.459905000683288279e+01
-6.689906872091899004e+01
-6.282065714917766286e+01
-7.138524757677275545e+01
-9.109171433543825458e+01
-5.721269861695824943e+01
-6.838585170360676102e+01
-6.572476478338549555e+01
-6.069030368911379725e+01
-6.024458003689989027e+01
-7.128519139335425336e+01
-7.445240272711821206e+01
-8.074169739395718182e+01
-5.816336195778637830e+01
-6.411715808753221779e+01
-6.280070237452526527e+01
-8.219580904014786427e+01
-6.360822575393172684e+01
-6.234258235699830664e+01
-6.845310789025791109e+01
-5.940195278665004963e+01
-6.949952240591690611e+01
-7.743076238176412573e+01
-6.170171762581883712e+01
-7.690550087897727849e+01
-7.259622302486371836e+01
-7.306521219957097912e+01
-8.660109896870969237e+01
-6.607258636874801994e+01
-7.438137022101832940e+01
-9.146456452113339708e+01
-6.777166703703471740e+01
-6.497243341391174454e+01
-6.752054568721753469e+01
-3.655102989052468729e+03
-2.821662350171243361e+03
-5.907531985029437749e+01
-6.773907760189082694e+01
-7.674665135139659355e+01
-8.341452464685158930e+01
-8.702824912732866380e+01
-6.063987475338435473e+01
-5.741333992869692793e+01
-6.048327153117359245e+01
-5.946254263867884760e+01
-6.888447744801196393e+01
-8.053408015792571462e+01
-6.498689712159382736e+01
-9.000197864611503462e+01
-6.669240165236362827e+01
-7.053838399380664725e+01
-6.209092027270965986e+01
-7.658835420594022025e+01
-9.112488638452063583e+01
-6.029716103640990355e+01
-6.726088287882944883e+01
-6.762504628693983477e+01
-6.721284984554309005e+01
-2.438191450981135858e+03
-7.398438598748755624e+01
-2.271447110478828108e+03
-6.684040872848225945e+01
-5.980051736480110236e+01
-7.482443199358466757e+01
-7.865718052673814498e+01
-7.633821613475689105e+01
-7.033472689160250013e+01
-6.256913542431572495e+01
-6.934972708359497062e+01
-6.365108554234013383e+01
-6.525594047259193076e+01
-8.039394631964250948e+01
-6.821564934980581540e+01
-6.246933268388966098e+01
-7.080674442640037114e+01
-6.929185075069857191e+01
-7.903429998516988064e+01
-7.572521418316347308e+01
-6.181504987165733667e+01
-6.623023608291187259e+01
-6.703791474229171854e+01
-6.566327980110305873e+01
-6.067961105305879954e+01
-6.291051247006234348e+01
-6.257926038045093264e+01
-7.907165765451489392e+01
-5.994219714561248935e+01
-5.892833801452622566e+01
-6.508553974020615840e+01
-6.269790708231737852e+01
