1.423003019489431420e+00
6.447228078878828761e+00
2.930461793331951270e+01
1.781837454301598234e+00
4.078143964149005818e+00
2.487001460484496995e+00
1.394870648712074779e+00
4.941796617614761189e+00
2.785891262280086877e-01
3.539340335360237066e+00
9.157836844824615241e+00
8.781255791923229026e+00
1.207103825136611519e+01
1.326454637690169580e+00
2.556864670266731476e+00
1.011748359706677292e+01
3.749389747762409186e+00
1.427433354735915927e+00
3.938369406328098066e+00
3.516442138733159695e+00
5.790157736161161139e-01
1.217197452229299515e+01
4.781241943316925536e+00
3.831657336843093287e+00
1.741484098939929392e+00
3.716239638561371628e+00
2.494432506348896794e+00
3.395672333848531288e+00
3.873150373087137943e+00
4.071890145395800076e+00
3.097058823529412308e+01
3.038735177865612425e+00
2.263319672131146820e+00
4.313240412242231869e+00
1.671503803393797227e+00
8.756929637526651433e+00
5.444250871080134857e+01
3.271206690561529573e+00
6.475965772797253273e+00
6.928999144568009250e+00
4.149949341438702533e+00
1.326714801444043168e+01
9.863573815608409845e+00
5.963389162561576917e+00
1.415275994865212006e+01
4.949143913823315977e+00
1.877470355731224894e+00
1.799718111346018556e+00
4.887331256394121581e+00
1.481874647092038266e+01
2.384006734006734618e+01
6.383567328229180049e+00
9.531187472814266926e+00
7.047619047619048338e+00
1.835401069518717065e+01
2.371544291701956553e+01
1.683960060143862902e+00
1.006468161034905329e+00
3.501945525291827011e+00
7.305634314794620998e+00
1.543270083348110866e+01
2.213578138343296331e+01
5.387931034482758896e+00
9.665799982837400828e-01
1.377297297297297440e+01
6.674866310160425975e+00
7.177593360995850880e+00
1.033429018789144571e+01
3.734567901234567167e+00
2.590349075975358684e+00
1.757737710694778688e+00
5.861829282826806597e+00
7.610306223246628754e+00
1.895842450765864884e+00
1.323086900129702492e+01
3.966269218700971599e+00
4.029733536573600006e+00
1.362609460510796344e+00
5.440192785161383604e+00
8.163441312578878950e+00
7.527214239771673901e-07
6.844516129032258789e+01
1.493783303730017886e+00
3.392130257801900584e+00
1.011076824411304109e+01
1.133551769331586101e+01
1.057156048014773653e+01
3.884661117717000955e+00
4.658823529411763253e+00
8.470190041618613108e+00
6.170669824086601807e+00
9.645669291338581530e+00
1.448170128585560157e+01
7.128327645051194317e+00
1.702424242424242173e+00
1.991548213599693140e+00
1.305717457674160542e+01
3.964829965989369320e+00
1.364981569246972271e+01
2.811878772326523279e+00
4.794193946880788815e+00
7.527214506668454270e-07
1.276620825147348448e+01
7.103268432343797123e+00
5.864435735102000002e+00
6.262349483265382766e+00
6.067856401743099148e+00
3.217596229379418471e+00
3.737606339477979489e+00
2.030211043654235326e+01
2.853754940711462851e+00
2.954545454545454586e+00
5.985333333333334060e+00
2.559828213919622542e+01
8.690562209003818595e+00
7.178336980306347037e+00
1.455282252679575228e+00
3.431102083480630061e+00
7.077669902912621325e+00
3.804347826086958761e+00
7.054024269288698079e+00
4.799113737075332509e+00
6.500000000000000888e+00
5.124317575244084821e+00
8.352244480187160036e+00
1.196922285126093399e+01
5.040587823652904476e+00
7.961364354142539845e+00
1.094388414791828135e+00
8.258426966292136129e-01
1.320641560681608873e+00
1.890073831009024374e+00
1.473018288437237810e+00
4.408209058706367700e-01
1.380203908241291799e+00
2.295459048460106288e+00
2.334011715527491315e+00
2.197463317582690756e+00
1.108954661136770525e+01
6.118108568968444239e+00
2.287333615505787066e+00
4.545352162886980629e+00
1.601281419418433716e+00
2.971229109371694488e+00
2.787302610377054624e+00
3.058326059555227072e+00
1.289475110600365904e+00
6.041666666666665186e+00
5.276803973122989877e-01
9.523809523809520172e+00
4.830057559535276823e-01
1.152207392197125424e+00
4.043219269045958408e-01
4.687500000000000000e+00
1.338022561380225639e+01
2.478559176672384012e+00
7.652482269503545709e+00
4.220623977564852680e+01
1.450973820092399613e+01
9.306982111944606118e+00
8.369769427839456100e+00
8.470107969936286896e-01
3.567567567567566655e+00
1.921772826350206520e+00
2.578947368421052655e+00
3.886613197597533098e+00
9.616146458583434864e+00
5.640287769784174010e+00
3.052828958095547662e+00
7.678776987281703548e+00
4.220279966805081884e+00
4.288385269121814503e+00
3.529983792544570953e+00
3.305229166101327110e+00
2.457480125271019666e+00
5.117830440707455963e+00
7.196079514080632578e+01
3.817436222480359742e+00
1.395153798965910319e+01
8.387454684439349606e+00
7.120742501643820610e+00
4.477549645788404753e+00
4.049209138840070388e+00
5.060094970306781015e+00
4.123199488666196011e+00
1.127985744832502135e+01
3.248048360622922903e+00
3.756860857005297039e+00
5.790859057190714587e+00
5.722183590995111757e+00
1.239361171186158828e+01
1.405487305487305605e+01
2.119460343417825499e+01
1.138772544661937225e+01
2.006361829025843946e+01
5.328995342392853551e+00
7.705915652420039841e+00
3.434854232707997568e+01
5.942120679005282291e+00
6.230677865444980590e+00
7.099580670766417967e+00
7.161249203314211442e+00
1.250904161659073388e+01
1.647830018083182679e+01
4.326351907768324168e+01
8.963447042194699677e+00
1.072556283841550417e+01
1.653247217096256350e+01
6.847775477312390890e+00
3.197716150081565445e+01
6.836158871387921998e+00
9.526756094042983847e+00
4.192438196800775785e+00
5.016048135003644326e+00
1.835294117647058698e+01
1.326641550053820673e+01
1.197767717764595474e+01
6.139670721191303748e+00
7.033066391113407256e+00
2.554645927138763817e+00
5.129015131404300654e+00
1.323574144486692106e+01
7.767152013107116559e+00
1.308532842234498617e+01
9.633495145631068013e+00
7.501946416304098086e+00
7.852970747354814485e+00
8.480009409493654005e+00
2.022492601118053202e+01
8.451549804393619914e-01
4.624871531346352427e+00
8.858870967741934166e+00
2.739063392347230419e+01
8.370983226972384728e+00
8.639645553002955225e+00
2.246131568059577788e+01
6.478217344555262436e+00
7.527214877195561039e-07
2.889337539432175639e+00
7.527214507604013807e-07
9.842995540519757114e+00
1.630001601794009503e+01
1.825239791723760518e+01
7.299811269884064480e+00
2.040960451977403878e+01
1.198454680534918282e+01
1.983533980582523881e+01
1.692325792411915941e+01
2.220452449744882273e+01
8.226552767398841226e+00
9.928997613365154962e+00
1.720874083129584875e+01
4.902497104806021611e+01
3.825195977889512822e-01
3.481555458460769525e+00
2.689048760991207043e+00
7.775176918889492583e+00
6.661858947450899571e+00
1.659404484744516495e+01
7.631489937426011672e+00
2.821556819449089559e+01
1.270253586653221944e+01
7.527214490208319234e-07
1.016231286539826684e+01
8.465308806091943694e+00
3.817405957816916828e+00
1.009278121282751961e+01
1.543563897578496658e+01
4.518023544107589551e+00
2.579125835792416499e+00
7.527215003858534396e-07
1.105921052631578938e+01
2.953462233749901600e+01
1.014386192717632440e+01
1.321651376146788692e+01
3.160434510131607144e+00
8.410500931711059280e+00
5.998739883262910411e+00
2.136925960637301003e+01
4.033614971065923704e+00
7.020467836257309635e+00
5.068577396147598613e+00
1.969375114699944973e+00
7.435673154019973863e-01
2.050364791715697077e+00
6.915616976582198205e+00
2.862149532710287190e+02
4.509894610605448939e+00
1.632270720941637876e+01
3.296137339055793980e+00
1.451861252115059209e+01
5.197647058823537236e+02
1.659357541899706945e+01
1.253196930946292120e+01
2.569251873989515378e+00
3.163398692810457380e+00
1.459513496656155240e+01
2.658291457286430681e+00
1.142389210019268830e+01
6.239710469399281756e+00
7.890332454304996190e+00
2.240810924622511191e+00
9.405610510774661037e+00
1.353222249448664627e+01
6.053382604334072603e+00
2.215242203648781771e+00
5.977501046462954548e+00
5.121883656509695015e+00
1.934298834334158057e+00
3.427015250544662273e+00
3.241712646214963467e+00
1.351826821541710544e+01
1.040143135979180578e+01
7.806402018370325990e+00
8.551483420195152618e+00
2.038557619202780113e+00
2.735635218848379235e+00
6.049389002036661189e+00
3.070691121098019227e+00
3.677344475394615397e+00
1.596583442838370726e+00
1.445870750922814141e+00
1.678786424105869202e+00
2.231745065405856265e-01
3.814196692286716761e+00
4.064944917777773448e+00
4.640677966101694807e+00
6.787396121883655375e+00
1.625832674720559812e+00
4.179607843137254086e+00
1.362158501205094296e+00
6.263383297644540271e+00
4.313432835820895761e+00
9.711393566140340994e+00
5.532053661381834964e+00
1.916129576514256883e+01
8.521126760563378255e+00
1.278807294233612879e+01
1.904546577711885291e+01
3.192471246915439309e+01
5.582278481012660443e+00
7.048192771084337949e+00
1.131163360003515628e+01
1.922091974752027710e+01
1.374089219330855940e+02
1.602470930232558288e+01
5.601103863522327586e+00
3.316371411117896884e+01
8.265043478260871268e+00
6.884857712008995101e+00
5.653396901072706093e+00
8.613289909411863121e+00
6.934496901390202694e+00
1.490541368743615891e+01
4.817851738182405086e+00
6.389847337718753018e+00
1.145022026431718132e+01
1.180649313284573765e+01
3.109383753501400616e+00
2.474275647339752027e+00
3.646628757108041796e+00
4.187399030694668234e+00
5.486973947895793735e+00
1.012362686558792824e+01
1.055875481867033550e+01
6.863360725417967600e+00
1.048543689320388594e+01
9.752298888377289643e+00
2.027474402730375402e+01
1.588573893750770516e+01
8.777560339204175222e+00
1.297766383094433351e+01
9.361692655766894688e+00
1.520136588734126626e+01
8.858578890312406529e+00
1.804176245210728169e+01
1.092162607581029121e+01
1.227234511749706947e+01
1.297547169811320877e+01
1.075089734386216733e+01
3.557929127921588108e+00
3.524105254402887244e+00
8.910891089108909924e+00
4.808497381365580026e+00
1.729959428842405345e+01
1.426053898411841381e+01
1.377176278563656453e+01
4.445580076655173407e+00
1.216411398867539262e+01
5.677335771985977608e+00
2.019417475728155331e+00
2.457980893189414928e+00
2.275673699988653986e+00
9.343415158775181695e+00
1.067050220453812059e+01
4.303527768075445792e+00
1.322606963454749263e+00
6.053811659192822603e+00
6.537372042620050117e+00
5.490091463414633388e+00
4.271183503725524133e+00
3.309497616428309641e+00
3.771628498727736201e+00
5.512703608565638902e+00
3.797047970479705103e+00
4.312252938402393987e+00
1.870644023325659377e+00
1.847685111947697578e+00
4.205689277899343104e+00
2.203730976926852936e+00
3.490909090909091628e+00
2.078291663354594476e+00
3.873280423280423435e+00
3.430543123610429457e-01
6.037235262634759181e+00
2.282582180574148634e+00
1.846393585669833115e+01
5.652588854760860926e+00
1.153374233128834359e+00
3.176125007570711034e+00
1.402710866117949173e+01
1.844529750479847019e+00
7.722829094645688564e+00
9.771366083445492734e+00
1.732685442284807209e+01
1.645139318885449242e+01
4.133451536643027424e+01
4.887661642463790201e+00
2.167669172932331634e+01
1.328460865158704429e+01
7.514361895527813751e+00
4.360576255314905225e+00
7.933542101600556506e+00
1.138055937060776301e+01
1.454521908781429715e+02
7.222222222222222321e+00
6.985864372536148004e+00
4.582780748663100212e+01
6.275568181818179880e+00
4.170220543438527550e+00
6.937820442423040745e+00
7.123916104646853320e+00
2.853871707097283661e+00
1.019016697588126306e+02
1.823673835125448051e+01
5.158569774604927494e-01
3.614149995432538987e+01
7.928095118268745800e+00
1.561078656373878770e+00
1.235538774613094226e+01
2.656626506024094425e+01
3.787358296118171541e+00
8.306993283287237517e+00
1.514259302056852796e+01
2.285682276495631271e+00
8.511905551861838504e+00
3.265690866510536949e+01
3.166283421254339814e+00
2.384246575342466556e+01
1.464359943316013002e+01
7.168730819127874021e+00
8.172130881732980967e+00
5.373121010110239126e+00
7.020467836257309635e+00
1.002810838186883124e+01
1.681502904340579807e+00
6.387083543654852313e+00
1.073703587973970031e+01
2.044343266402353620e+01
1.558364938895911544e+00
1.584381139489195434e+01
3.753843610514134621e+00
4.244263829313859482e+00
6.909788867562376424e+00
1.141021730842546944e+01
1.159326849524642489e+00
3.728573162532589524e+00
3.921645590629947886e+00
3.502364334926205913e+00
7.224328095833042696e+00
2.306091338205376928e+00
5.686514141325694993e+00
3.715967628023746805e+00
9.315777639640291596e+00
5.026889359494040477e+00
6.400346151765915259e+00
3.170698281128742746e+00
2.437662154823917682e+00
6.890876376063738817e+00
6.434343434343433366e+00
3.407937864503212566e+00
2.369563073281387933e+00
7.570339120558172930e+00
1.495300927366652433e+00
5.295157571099154303e+00
6.252563713883901642e+00
2.233569261880687051e+00
8.837853966105601700e+00
3.835812672176306393e+01
1.682949168065944079e+00
1.290125298329355408e+00
8.926805143422345878e+00
2.506024096385541799e+00
4.436547184326187221e+00
2.633506509598996903e+00
3.914829836007758246e+00
5.882352941176471894e+00
9.673305670816045421e+00
2.261124694376527966e+00
2.667254367687129424e+00
8.742316784869972324e+00
3.413837283792440225e+00
1.075850713501646716e+01
4.692120227457351689e+00
9.380705009276436357e+00
2.744000000000001105e+00
7.041603459105427731e+00
6.602088485847759536e+00
4.506461432870299433e+00
1.973570324574959045e+01
1.677124545619771423e+00
3.153426738872297630e+00
2.580452224653536408e+00
3.057328990228013410e+00
6.157894736842105310e+00
3.710144927536231929e+00
1.021761243914844108e+01
1.898742212405538421e+00
3.346650276582668670e+00
2.527371227288682132e+00
4.137277426766227784e+00
2.717621699299443527e+00
9.069465648854951212e+01
5.109830435211769384e+00
2.469453376205787531e+00
4.603652968036531234e+00
2.286849064309671942e+00
4.500732083258609961e+00
9.424609923833468628e+00
4.343865718981923862e+00
2.645136778115501297e+00
1.552178197127587200e+00
3.168286852589642599e+00
4.572310450969994555e+00
6.252093736655426781e+00
3.469444956608856767e+00
4.243938280675973118e+00
3.751192368839427527e+00
2.932092190963359712e+00
7.949032258064516299e+00
9.117106433442041080e+00
7.433267326732675429e+00
6.245098039215685404e+00
4.190544412607449587e+00
1.418776077885953057e+01
3.169914063369675628e+00
6.473406261788003491e+00
6.437304075235108947e+00
5.611645694819906716e+00
7.986512088700385092e+00
3.932339537593623202e+00
1.327959200699364128e+00
7.694355697550584239e+00
1.384439359267734204e+01
7.154652213188798626e+00
1.945641808125120109e+00
4.117923500369721879e+00
6.852670349907918457e+00
1.560693641618496663e+01
2.629362015497091143e+00
1.008722466960352016e+01
4.445368247735602019e+00
3.490909090909090295e+00
5.501141352063210199e+00
5.752471482889738752e+01
5.163547462485246875e+00
1.194835031957159543e+01
1.022727272727272485e+01
9.736345447487080307e+00
6.044052863436122358e+00
7.403609515996717683e+00
3.490840360569932965e+00
2.888888888888889284e+00
9.268804583330222391e-01
5.369127516778522846e+00
1.297245768264563281e+00
3.400512620494756000e+00
1.315690866510537838e+01
3.757731958762887903e+00
2.773681873441694812e+00
1.753583208395801840e+00
3.033610167358752108e+01
9.662133645955446326e+00
2.735617857606021275e+00
2.917247379115308181e+00
7.224395606795269487e+00
5.009073925807313366e+00
4.771533926349056820e+00
7.404024912984882967e+00
6.585851353908351413e+00
3.540205708302079923e+00
1.870403807092280379e+00
2.348288939503369921e+00
9.667396061269144525e+00
2.343994555971419924e+00
8.457917261055637681e+00
6.432448694806109923e-01
2.179825284325037416e+00
6.765282371677077577e+00
2.658660638598473902e+00
3.849244378916326870e+00
5.973715651135006688e+00
3.283924843423799533e+00
4.913063820667902704e+00
8.208882381649583726e-01
2.602409638554215920e+00
5.039589010529118340e+00
3.142247510668561894e+00
2.420689655172413968e+00
9.849216805738543190e-01
2.406001284993371403e+00
2.648596693579393424e+00
1.016751888880409638e+01
3.562698412698414074e+01
3.349646497107704679e+00
9.349496050122583224e-01
2.082262210796914914e+01
1.061226993865031254e+01
2.129910540645663986e+00
8.186186715581732498e-01
8.219726678550205889e+00
6.656395348837207848e+00
1.949162111946981302e+00
1.643160468408184416e+00
9.399999999999998579e+00
1.858563535911602171e+00
4.354239673536491217e+00
8.162427020161753255e-01
2.438802887503440875e+00
3.192131305817042186e+00
3.290305109225491798e+00
2.068663594470046974e+01
5.402752051623916252e+00
7.527213709882831289e-07
2.815308151093439903e+01
1.976643715404347912e+00
1.871137640449437756e+00
3.543802447679026191e+00
8.704735376044565598e+00
8.000000000000000000e+00
6.740956011398161474e-01
5.689033818153701461e+00
3.306249999999997691e+00
1.081108381108380634e+01
2.156549520766773309e+00
5.210418574583847828e+00
1.755592422134218111e+01
1.282828384499244834e+01
5.936970101568833869e+00
6.858881528269912486e+00
3.629712707649298764e+00
7.714722536806337416e+01
1.100529100529100468e+00
2.494335511982568576e+01
4.626549543989312951e+00
1.517979771437718339e+00
3.927510050501783034e+00
8.460482043534987007e-01
1.077441077441077510e+01
5.785681921159943286e+00
7.518481263272180914e-01
4.290153427850068590e-01
1.414441087613293391e+01
1.029566648381788063e+01
1.108127208480565074e+01
1.287140902872777204e+01
2.301297790249034136e+00
7.850941588370254465e+00
2.691692627206647259e+01
7.431428571428571495e+00
1.147695473251028062e+02
1.371158620309208054e+01
4.201130680582734200e+00
1.031746031746031633e+01
3.963507341035747977e+00
5.395914925104502657e+00
1.161481481481481026e+01
7.527214332298246454e-07
7.848791731562171137e+00
5.243263021954373215e+01
6.483135208272932104e+00
8.029751062537945572e+00
1.204207119741100485e+01
1.421057268722466738e+01
4.347826086956521507e+00
3.168008714317801289e+00
1.261231884057971264e+01
8.983018867924522866e+00
3.049395161290322065e+00
1.009200000000001580e+02
4.513385203745219343e+00
7.598101265822785777e+00
2.268431001890358178e+00
1.117021276595744617e+01
5.191165691630207135e+00
2.807779502969888430e+00
3.559259259259258101e+01
7.822471910112359872e+00
9.286545454545453993e+00
4.419265219110315002e+00
1.686751152073732740e+01
4.892346089850253321e+01
2.572401377531559952e+00
6.917824773413895123e+00
1.397881633544441726e+01
1.192223857693150535e+01
9.089032555246976841e+00
1.437016574585635631e+01
7.527213737175591278e-07
8.808223211105154604e+00
7.089216944801029285e+01
5.097306748941498711e+00
1.091855730075625353e+01
1.705198019801981246e+01
5.238805970149254421e+00
7.633962264150943255e+00
1.315129151291512599e+01
7.679032258064522409e+01
5.559828368338077809e+00
2.044123314065511110e+01
7.527213635249453875e-07
3.314536340852134089e+01
2.782608695652174191e+01
5.761782347900599177e+00
5.363306744017402927e+00
3.036101083032492376e+00
4.565415931789864601e+00
4.582987551867216069e+00
1.552487562189055659e+01
2.967604433077578818e+00
4.243093922651934413e+00
8.676760563380279123e+00
1.757939914163090123e+01
8.302585604472403347e+00
6.215776162815830119e+00
5.454545454545456096e+01
7.527214523289790264e-07
4.278098696154482461e+00
3.571584104518235492e+00
1.037697646714510213e+01
9.721157157616804767e+00
1.207103825136612407e+01
2.694455852156057318e+00
4.549638989169675796e+00
8.926805143422345878e+00
2.659776536312847028e+01
8.220108695652175612e+00
7.729119687106113190e+00
1.636355710549258546e+01
7.081429575360308704e+00
1.268028673835124742e+01
5.551383399209486313e+00
3.864448051948051077e+00
7.691860465116278966e+00
5.539978292329958087e+00
6.390593047034765384e+00
3.762876579203110694e+00
6.796766752089366648e+00
1.503857791225416207e+01
1.109302325581395188e+01
2.130739299610894477e+01
4.832935560859187518e+00
5.070153381946190585e+00
3.053689626944216329e+01
8.984520365882259441e+00
2.922996878251820085e+00
1.954866100587852884e+01
1.254399999999946522e+04
9.527687296416939233e+00
7.039056988852632202e+00
6.792452830188656776e+01
7.025995125913891748e+00
1.623333839380598320e+01
1.908198489751887905e+01
6.150095465060090305e+00
6.539611360239161897e+00
9.930334785732718217e+00
4.207232267037552376e+00
3.856243441762854829e+00
2.158202247191010770e+01
7.047410358565738875e+01
6.267469879518075437e+00
5.665549204198296884e+00
2.881973450878659193e+00
5.097172929026771548e+00
3.906926406926402251e+01
6.022761760242790530e+00
5.445586708203530435e+01
8.704652199725050110e+00
4.107000000000646651e+03
9.425454545454553568e+01
8.320455172570236257e+00
4.675115902623304898e+00
1.984126984126985960e+01
4.824888339676494553e+00
7.373857403661119747e+00
7.966867469879516328e+00
1.576811594202898803e+01
5.038095238095238670e+01
5.641713293459384104e+00
7.302058209286077073e+00
4.088075107002966391e+00
5.450699155103620797e+00
1.254143248306673009e+01
4.456790123456791264e+00
2.891285243500549385e+01
2.130221130221130466e+00
5.708342118586790193e+00
1.100000000000000000e+01
6.768359211078474935e+00
4.496885813148789879e+00
2.251906645653329431e+00
5.683552174747435792e+00
3.279009964641594888e+00
4.575214698769316968e+00
5.742075064295971032e+00
1.640202553940996211e+01
1.866353240152477966e+01
1.082483796935778741e+01
3.080346820809247710e+00
2.097333333333332916e+01
3.142798070296346502e+00
1.200000000000000355e+01
8.678719620628339015e+00
8.107807033174301736e+00
1.634668721109398959e+01
5.769938371365326724e+00
1.391717171717172441e+01
7.324162081040521244e+00
4.460408710191146042e+00
7.796129839076169965e+00
3.980942828485455554e+00
9.027777777777778567e+00
5.010388970950273801e+01
3.457142857142856407e+00
2.422010641276953979e+00
2.844086021505376483e+00
5.258218632692527983e+00
5.364269141531324614e+00
1.526639757820385057e+01
3.681325685149775762e+00
5.646680321074800446e+00
8.154202514890796394e+00
3.651685393258426782e+00
4.633872976338729188e+00
1.744290657439447045e+01
8.008899264377793870e+00
3.513951085084396908e+00
3.066678216479641339e+00
8.582075903063556055e+00
9.950450450450446738e+00
1.985213032581453874e+01
5.852083333333330195e+00
6.145665773011618427e+00
1.799376947040498820e+01
1.523895809739524587e+01
5.926891464278075006e+00
4.608607171320899809e+00
4.541051963445777773e+00
1.124037184594953942e+01
6.281485142867406779e+00
1.715148188803512852e+01
7.992660550458713153e+00
3.534645669291339942e+00
7.696864111498257444e+00
6.766856759476686634e+00
2.304109589041097195e+01
3.358600583090379565e+00
7.527213963445065254e-07
3.644164037854890381e+01
1.089189189189189300e+01
7.527213696492329889e-07
1.014602903501281084e+01
7.527212961661472820e-07
6.507272114884103509e+00
2.795244385733157699e+00
1.892523364485982995e+01
1.327561837455830585e+01
6.995309199396625210e+00
1.914545454545454817e+01
1.111348487438045218e+01
1.105365573898005671e+01
3.005257952859732384e+01
1.697789473684213704e+02
3.869969040247677849e+00
2.838050877821568729e+00
8.368972300335551395e+00
3.618815309365703392e+00
6.524775259193712706e+00
3.863823933975239822e+00
8.852631578947365298e+00
4.857009719078683396e+00
3.450970920683992471e+00
5.753266331658270616e+01
2.939922761284092800e+01
7.242551655419136480e+00
4.184622879661264783e+00
2.039917589492660888e+00
1.038353765323993017e+01
2.021052631578949388e+01
4.804390684594389782e+00
1.774297188755019761e+01
7.151351351351352470e+00
4.046655038920700775e+00
1.001257445400397117e+01
7.555813953488372370e+00
5.609058734510830035e+00
7.527213856472300257e-07
1.322499999999993179e+02
6.213349428568452737e+00
4.874084925946021940e+00
5.603559429337280129e+00
2.317619994375441639e+00
4.210526315789470431e+01
1.241718269339508574e+01
8.902270193837889423e+00
1.384905018043167146e+01
7.527214230109671775e-07
2.876724390959787936e+00
5.737205787087024333e+00
4.948630136986303540e+01
9.950450450450446738e+00
1.872367049009384843e+01
9.464884590179027057e+00
6.743852393169564863e+00
4.268642890226957753e+00
1.316417910447760953e+01
2.200490196078431637e+01
4.147120418848160028e+01
4.811485207690006405e+01
3.876209377325723349e+00
8.963114754098363335e+00
1.254584404455870050e+01
2.875013903826939554e+00
2.660548477650615862e+00
1.237231503579952552e+01
4.509255612445843830e+00
1.984126984126983473e+01
3.673070617540572069e+00
2.021043000914912291e+00
2.031884816753929215e+02
3.719010191270131216e+00
2.892734225621421373e+01
9.117948583196705314e+00
6.849056603773584939e+00
6.555710792874609893e+00
5.109302325581396786e+01
5.723883692030859116e+00
7.363333333333330621e+00
1.387951807228914447e+01
7.204610951008646680e+00
8.332730560578662349e+00
9.741108185982357170e+00
1.050648548464717535e+01
1.573563218390803442e+01
6.933821579387583256e+00
3.611111111111110006e+01
8.870275946830828318e+00
9.450721752803872278e+00
1.053583617747440115e+01
1.223529411764706154e+01
4.350588235294119954e+01
3.579945110291425703e+00
8.728187919463090694e+00
5.449683321604504194e+00
4.488867716316069512e+00
7.967422096317279490e+00
5.984025650663529206e+00
7.527214212233308238e-07
8.714125200642052960e+01
6.571200000000001040e+00
3.895952432293564804e+00
1.666116504854375648e+02
1.692637654762565225e+00
2.225109833670516846e+00
7.527212942658368058e-07
1.802497318829477280e+01
7.527212901150288219e-07
5.821073616060139067e+00
5.593916997167509564e+00
9.739130434782605761e+00
1.203333333333332575e+02
1.724145785876995163e+01
2.098314285714268408e+03
2.691692627206645483e+01
6.188342149915160739e+00
1.500225861095426083e+01
4.486819836248114868e+00
4.437055625261396408e+00
3.135044642857142350e+00
3.934173669467787793e+00
1.191183723797780125e+01
5.241170676797521466e+00
1.545249668581529257e+01
1.037647058823531125e+02
4.953036680697534422e+01
2.779488758854326669e+00
4.989103617746902586e+00
3.457142857142856407e+00
9.341363403382882069e+00
4.808633456142667129e+00
1.005471698113204297e+02
4.700367119335463251e+00
1.984297520661156256e+01
7.527213794287349965e-07
1.870489604292421149e+01
5.893269861046952940e+00
2.855395683453237510e+01
1.056880733944955075e+01
3.086600985221676297e+01
5.462790697674427065e+01
3.851866151866153132e+01
2.897990726429675590e+00
1.272100840336134908e+01
4.315816648525077071e+00
3.749091428206888565e+00
7.249777890595253460e+00
2.745431090088152448e+00
1.575691267157350417e+00
1.228933268387725652e+00
9.124802527646130201e+00
2.048995487786560599e+00
4.326688102893891852e+01
1.222460262612301207e+01
5.909218662169757330e+00
1.121713316369805291e+01
2.600000000000000089e+00
6.442964096921569350e+00
9.794619002914474848e+00
8.364755963499307612e+00
3.893536121673003780e+00
4.127059092149611530e+00
6.312629419655211294e+00
1.292766373411535241e+01
2.590635914332785106e+01
1.357575757575756903e+01
5.756421514818871543e+01
9.227330779054918608e+00
4.906331885993980180e+00
4.752020202020201367e+01
1.248050632911392199e+01
5.329000000000572072e+03
1.268347776276673855e+01
9.100000000000002842e+01
4.124943987050030181e+00
4.985217391304347245e+01
5.583720930232571789e+01
1.298520862534530629e+01
6.163746223564957383e+00
2.153407155025552910e+01
1.045368458044956839e+01
1.633333333333333570e+01
1.169860896445132070e+01
1.910262390670554211e+01
1.788313725490196404e+01
5.996879875195008758e+00
1.381453154875716649e+01
1.456060606060606055e+01
2.506649616368287070e+01
8.507618283881317467e+00
4.200581395348837077e+01
4.643891038981923458e+00
1.464406779661017133e+01
5.986125211505921584e+00
8.730538922155695047e+00
4.839315353682520637e+00
3.956207059215498756e+00
1.299411764705882533e+01
3.924528301886792914e+00
6.116363636363659140e+01
5.133802816901411603e+00
6.907957813526214075e+00
6.127023050514958769e+00
5.712398609501737390e+00
3.411254019292610451e+01
7.527212937553016728e-07
5.190995885291608047e+00
7.481679389312965611e+01
1.657653061224490543e+01
4.081927710843370960e+01
5.485263011868108052e+00
7.160426823659277851e+00
8.596583237929246835e+00
9.367801857585138947e+00
6.123848045627212855e+00
7.369898989898987729e+00
3.787913335052442765e+00
7.500594757556820369e+00
9.842008878457276566e+00
1.942857142857143415e+01
1.772682526661198210e+01
3.897337228964669276e+00
7.527213014594036590e-07
9.841121495327103119e+00
9.682626981559364410e+00
1.287150837988827234e+01
4.128571428571428470e+01
7.982507288629738795e+00
4.850429799426931510e+01
4.175765645805592285e+00
1.028343684894661791e+01
1.021077959576515504e+01
1.794401424121050681e+01
8.487297921478058171e+00
1.142110614070760022e+01
1.402079207920791326e+01
7.151351351351348917e+00
5.194197386983989695e+00
2.807999999999999829e+00
1.812419700214132234e+01
1.386008719778042142e+01
3.955662012027314489e+00
5.017763845350053487e+00
8.475525824917992779e+00
6.175370767053452781e+00
6.803269329259111764e+00
2.227400881057267412e+01
2.081321749922432573e+01
4.210823669342849129e+00
2.724864864864865766e+01
2.534653465346539747e+02
8.124440465532677180e+00
1.201660280970626182e+01
4.529026670014190792e+00
9.550084889643466468e+00
4.199968004146981571e+00
4.246576188637622984e+00
9.820040899795500877e+00
9.516853932542714389e+00
1.793222891566264465e+01
2.281188118811882504e+01
2.872519685039369506e+02
9.207161125319693440e+00
2.062413394919167331e+01
2.700953931688654830e+00
3.630622803431914569e+00
2.472701376800126027e+00
1.308900523560209628e+01
7.913472070098576339e+00
6.178528214717850631e+00
9.584070796460176567e+00
5.931602596105840952e+00
1.085990106083153606e+01
4.049759229534512173e+00
1.901495844875346819e+01
6.537766581403553268e+00
1.016800537586760811e+01
1.385714285714285232e+01
4.508527504203699188e+00
1.671077610273590253e+01
5.895117936418124316e+00
7.527214077077402335e-07
7.527213856951702906e-07
5.275862068965517793e+00
6.585359337429868454e+00
6.646183773887175406e+00
2.307976366322008843e+01
6.722955145118733711e+00
1.030787217459079841e+01
1.114064697609000376e+01
9.426174496644300405e+00
3.634763453177155768e+00
7.163369049547658740e+00
1.825854383358097621e+01
5.484024783612841958e+00
4.367389783065081410e+00
2.761559041798956837e+00
3.987964792527394220e+00
1.103493449781659308e+01
7.529727968724553300e+00
1.077503159668585653e+01
9.884745762711867556e+00
4.401384970505255900e+00
3.438968166849616637e+01
1.040000000000000036e+01
7.527212901157315416e-07
9.760645161290325333e+00
7.527212066209557908e-07
4.970431883600482159e+00
7.221028396009214312e+00
6.167125984251971005e+01
4.642435388636144467e+00
6.414005602240894000e+00
3.827250608272506405e+00
4.261117242858205145e+00
3.945652173913042127e+00
3.392130257801901472e+00
3.708625327816229778e+00
8.027462793899719173e+00
1.044745222929936368e+01
1.686259541984732380e+01
7.480820695229037476e+00
5.506196377502384998e+00
1.986357536901744680e+01
1.500319744204636763e+01
3.899656081184698753e+00
5.006896551724136835e+00
6.327101529910314603e+00
5.670086576576744086e+00
1.622533748701972556e+01
1.794770699315209939e+00
1.221810890020052165e+00
2.542017856560670808e+00
1.004247104247104083e+01
1.857968476357266852e+01
2.601000000000000423e+00
4.609507360430140643e+00
