7.955885564533741183e-01
7.312052235422146218e-01
5.827199227706046925e-01
8.610143604835255315e-01
6.634252090430473592e-01
7.020248812546194817e-01
8.970477670292215100e-01
7.001383976626170957e-01
9.867881339295860865e-01
8.098791225190269394e-01
8.934708256308513397e-01
7.409402322352258707e-01
2.304785894206549668e-01
7.811814539544219560e-01
6.528148702061745690e-01
7.956150586501258282e-01
6.632487857528331920e-01
8.684455091799013760e-01
7.383795828836043906e-01
6.915687749551531205e-01
9.293400680794993152e-01
4.631268436578170888e-01
8.778032157048498707e-01
6.744339700935876314e-01
7.102700532075092443e-01
7.325721192331325904e-01
6.353481444706465808e-01
6.568527918781725816e-01
6.347435177008911023e-01
5.728829245719574415e-01
2.251655629139072690e-01
6.108160309029454504e-01
6.149968494013863252e-01
6.175963460028688345e-01
8.264822516684399156e-01
3.277428371767994175e-01
8.114221091320333867e-02
6.350531107738998093e-01
8.495811559730138685e-01
4.997862334330909762e-01
5.426058273776801499e-01
2.333614153327716878e-01
6.359544943117890758e-01
7.150102848770041319e-01
5.330140266849127118e-01
5.597190985056604839e-01
6.605744125326371563e-01
7.071663510415627796e-01
4.845148256113961382e-01
4.567964921330925909e-01
2.774404483886033779e-01
6.811311662296022362e-01
5.718620964131138074e-01
4.468085106382978511e-01
2.153881594102740604e-01
6.289113184096589704e-01
8.247967918543361865e-01
7.840342747223922881e-01
5.685840707964602281e-01
6.253125426194480196e-01
4.236982493049816778e-01
2.185924957998880147e-01
5.170876671619613063e-01
8.600256020249242850e-01
5.040871934604904681e-01
4.765545361875637709e-01
4.991714995857498005e-01
5.969777223866645777e-01
5.311475409836066142e-01
7.209474463360473484e-01
7.910336817653891295e-01
5.253504059702864826e-01
6.848573683617092955e-01
8.222382151853183663e-01
2.269649690903737527e-01
7.551238004975714402e-01
8.971575959008448731e-01
7.460629518482204681e-01
5.770754319426886214e-01
6.498974709501025293e-01
6.178442924075524873e-10
5.471231909636427998e-02
7.491683300066532825e-01
6.939736346516006682e-01
8.487352531663044930e-01
4.862970044614403076e-01
2.802069857697283561e-01
4.949970570924074331e-01
5.214723926380369079e-01
7.886973028553350140e-01
7.042287075640262239e-01
5.567462250365319276e-01
2.432042338224679745e-01
6.563620071684588275e-01
7.054296707994870408e-01
7.355185080531222441e-01
5.882448979591836657e-01
5.969583312213545545e-01
3.120788824979457421e-01
7.860968697911856484e-01
6.124687901944465551e-01
6.176792992955149484e-10
4.071999999999998954e-01
5.343315062431572837e-01
8.510219789617720076e-01
6.121655348540252506e-01
6.843226356148821576e-01
6.047505938242280221e-01
6.749564917251441587e-01
3.342351918059716098e-01
6.719787516600264077e-01
6.285714285714285587e-01
4.626773596545342149e-01
5.611400916357576207e-01
7.088459541613673087e-01
4.646670055922724196e-01
7.549391693522760072e-01
5.931510848237214750e-01
5.066760365425158064e-01
5.859872611464966852e-01
8.053865346495596711e-01
6.463007159904534671e-01
6.060606060606060774e-01
5.335222647428392584e-01
5.239408565080824198e-01
5.228459178730961998e-01
5.286718460969292988e-01
5.705447774641120295e-01
8.660694288913775019e-01
9.555880917520741535e-01
9.140157109333235663e-01
6.614215952251762953e-01
8.176841777863700367e-01
9.422489873974034813e-01
7.605815831987076114e-01
6.589086805988392248e-01
8.350092639122634885e-01
7.669273316803356666e-01
7.040748606318024683e-01
4.433081341113445095e-01
6.360344661219420326e-01
8.637200221138303657e-01
7.324909747292417395e-01
7.742833742833742372e-01
7.196196660482374607e-01
6.570984085716271572e-01
8.780696910932098698e-01
6.486486486486486847e-01
9.253227005474082834e-01
3.264248704663212930e-01
9.628287372463718574e-01
8.172855045101741212e-01
9.897790533151270553e-01
6.327683615819209573e-01
4.494482552937667519e-01
5.687804878048779988e-01
8.443113772455089761e-01
5.227536497465029575e-01
7.927468581687612259e-01
5.121158392434987938e-01
3.126835781041387707e-01
8.712315107196276776e-01
5.873015873015873245e-01
9.324751580849141019e-01
5.757575757575758013e-01
6.585980376352420507e-01
5.887966071744124008e-01
4.330218068535824916e-01
7.491144497373886102e-01
6.114140659694652369e-01
5.700071757735089006e-01
6.094613259668507643e-01
5.898661567877628853e-01
8.903788537740408016e-01
6.125129113176921436e-01
5.624297062071461628e-01
1.617397517192102618e-01
7.723978708191681086e-01
5.238007803534542317e-01
4.509374119233327538e-01
8.192244901341686480e-01
6.111364869693899360e-01
4.769488683989941413e-01
4.998134827560007931e-01
7.985671837687076113e-01
6.820082054871764443e-01
9.240187918470018635e-01
6.103438142815162948e-01
7.450525940452844553e-01
5.847242864542046004e-01
7.055164319248825588e-01
4.175786593707250249e-01
2.261046404141245914e-01
5.521261031667373809e-01
4.001591089896580633e-01
9.149743493013228202e-01
6.222261359633672884e-01
4.765359946509497568e-01
4.490277310443392400e-01
6.258694844156533765e-01
8.360066760954226739e-01
7.735414954806902887e-01
6.728790927726477911e-01
3.865781195386228664e-01
2.608664518438953972e-01
6.194829284160734417e-01
7.356394129979034746e-01
5.507688272515653960e-01
7.541902772687414380e-01
3.226315789473684359e-01
6.991229790691808610e-01
6.748102005061319408e-01
6.305012224938876253e-01
8.879015664063640845e-01
3.953488372093023617e-01
4.765324442164658447e-01
6.401518936744279298e-01
9.246535117759399069e-01
6.434507978723403854e-01
7.810934669082383319e-01
5.103644492616176143e-01
5.454814814814814561e-01
4.169787580673499638e-01
4.618656081655799772e-01
5.015216068167984709e-01
6.498511904761905544e-01
6.648311423751471771e-01
7.569436209644169189e-01
6.535568450462067025e-01
9.556952013919846056e-01
7.138664710198091568e-01
5.947242206235012763e-01
4.798574952041654851e-01
6.388498033697730394e-01
7.225515769504387009e-01
4.438119720896070985e-01
8.323098287301342602e-01
6.173137257950703501e-10
8.506869901245170951e-01
6.176922399836524447e-10
4.971332466936779215e-01
4.294558712251496102e-01
4.850458593646151395e-01
6.002589415763068814e-01
2.426319396847153032e-01
6.457493763193244973e-01
4.670778160711046567e-01
7.044974376198576138e-01
5.100492271031260572e-01
5.012936033433718075e-01
4.998508798091261252e-01
6.475361171581238695e-01
5.635733224556394028e-01
8.932077981208390582e-01
8.806618293755498206e-01
6.239401496259351365e-01
5.059212338198844083e-01
8.629906731647001283e-01
6.304364619544226001e-01
8.272243984331281164e-01
4.067589022454072833e-01
8.236951162167268636e-01
6.177019454570348936e-10
8.953674846440133894e-01
8.562979740958289732e-01
8.422691268714802559e-01
6.511487033246938783e-01
4.762982175376633820e-01
4.821832954105829128e-01
5.771959906836710008e-01
6.171681433766817858e-10
6.311418685121107375e-01
4.439133317051044969e-01
6.214653172388285851e-01
5.620488140254383813e-01
5.994990607388853698e-01
5.588361408882083214e-01
4.756505907154895962e-01
2.136991788503905254e-01
8.145947005669457175e-01
5.177895533686601715e-01
7.602999558888398068e-01
9.581396371149428770e-01
9.126530069185736505e-01
8.319953005678480951e-01
6.385579075614864486e-01
2.297616491303408962e-02
5.567268725669280993e-01
5.487082884822390705e-01
5.283446712018140534e-01
4.097053726169844201e-01
2.707006369426747522e-02
5.026325026263678275e-01
3.005380476556493985e-01
7.741703015361275364e-01
6.161073825503355916e-01
6.310322961537621067e-01
6.662946428571430157e-01
3.414473684210524440e-01
4.903333138863912866e-01
7.626218088446321541e-01
7.681253176840256991e-01
4.770134187338279097e-01
5.718890134529147629e-01
8.301057908824405196e-01
7.316062857518574880e-01
7.546395009081575678e-01
5.636221701795472994e-01
7.463749011336672234e-01
6.161073825503355916e-01
7.627689303390459141e-01
4.185450366834615465e-01
4.474526928675399140e-01
6.867639494274032641e-01
3.863789615929711374e-01
7.210431513822538330e-01
8.376575871514367888e-01
5.808932268559597878e-01
7.993203883495145767e-01
6.505587435819992770e-01
8.667425968109339074e-01
8.960359381942044621e-01
6.854802348316509919e-01
9.950397293682637923e-01
5.312937355711851994e-01
4.505643425377015565e-01
4.791553871142392729e-01
5.287440497986085619e-01
9.190619487392341913e-01
5.732913669064748641e-01
7.867703661529245052e-01
5.449241540256709593e-01
6.633663366336634004e-01
6.039251374985161736e-01
6.918956598305021632e-01
4.034992171012322104e-01
4.982456140350877694e-01
4.562626489768382698e-01
8.017036450079239041e-01
8.099302858630973434e-01
4.197662061636555642e-01
5.155279503105589800e-01
9.314302991334221238e-01
3.688061190555371738e-01
8.526148969889060791e-02
5.020065669463699143e-01
5.568594579491478180e-01
3.508358336905273434e-01
6.698508853681266473e-01
6.139104766334086971e-01
6.769404550588994374e-01
7.146992665036674408e-01
6.607581080499699278e-01
6.634589319598807045e-01
7.705056170434070317e-01
7.028701038122655564e-01
4.337027130301872035e-01
7.420362484128679714e-01
7.866035033601410653e-01
9.464746956461148608e-01
6.794848206071757435e-01
5.694572217111315560e-01
5.091836734693876432e-01
4.921545876618601545e-01
8.375122009389754929e-01
7.959312553565789372e-01
7.253521126760562598e-01
7.725023119683743777e-01
2.925611582626060914e-01
6.348200312989045191e-01
8.026178010471204383e-01
7.740626033616982982e-01
8.358045394076241141e-01
7.502043723542886067e-01
7.864062621095869732e-01
4.805744798379671945e-01
5.983346115919798702e-01
7.256588488273241211e-01
6.393244873341374923e-01
8.170087976539589514e-01
8.226173247880917971e-01
5.603352825794225556e-01
3.412162162162162282e-01
4.725580488926166556e-01
5.602326061929921996e-01
6.029296080292960713e-01
5.568853204059990292e-01
8.971283226829536162e-01
6.959751921958782228e-01
7.233737596471885301e-01
6.645161290322580960e-01
7.069865760885742922e-01
6.032382048493499793e-01
6.877695148832486671e-01
5.317056435473727083e-01
6.648862052949372492e-01
9.248689384113578660e-01
5.334928229665072408e-01
4.619708685726189312e-01
6.731657260133402376e-01
5.857099360600831472e-01
5.247258033480853845e-01
6.109599689078896168e-01
9.042121285558299970e-01
5.982339955849890201e-01
9.533056894813444204e-01
7.044816476623604329e-01
8.182114430574115582e-01
5.313953488372092915e-01
7.004814305364511773e-01
8.263772954924875069e-01
7.447885826002320631e-01
7.061460863067439142e-01
9.606934812760055120e-01
6.415992151091488571e-01
8.235539113604625205e-01
6.880812932606800159e-01
8.606901760845960814e-01
8.624338624338624415e-01
7.349655018918317406e-01
5.416581455274244172e-01
7.211072664359861051e-01
6.558946723570925341e-01
6.548419081194226665e-01
4.812905689194349468e-01
2.759268751067828207e-01
2.581629539212693669e-01
4.735750190509053215e-01
1.416400425985090139e-01
6.085676637976954462e-01
7.182277158774372783e-01
5.919340005222435419e-01
5.941699400454827362e-01
4.591339914797015753e-01
4.168236397281531169e-01
5.806451612903226200e-01
4.511115508065552393e-01
2.578599007170436219e-01
3.655244029075805368e-01
6.304832142582776910e-01
4.822832943387768689e-01
7.435388769493580519e-01
6.796018514498034513e-01
2.418124719605203865e-01
5.736609437647783860e-01
9.375982426522729840e-01
7.280768847061953597e-01
8.732386628944982521e-01
8.950095700480836802e-01
4.788857476724147633e-01
1.319554848966614513e-01
5.160432547420670257e-01
4.016822726551341205e-01
6.477544910179640070e-01
6.295669346875439887e-01
4.204533580261839987e-01
2.823140495867769162e-01
7.629777426124049189e-01
1.599123767798465989e-01
5.667246687190470311e-01
3.888867981689151931e-01
8.253352246875251819e-01
4.181208988692404205e-01
3.493360572012257359e-01
6.041921664626682675e-01
9.406570605187319911e-01
5.655863572250290350e-01
7.610239761789063806e-01
7.708460673935760843e-01
8.093451568894953763e-01
3.814162607718245557e-01
7.278305859704006231e-01
8.401894718269677931e-01
4.004611837048425160e-01
3.683471422553011854e-01
7.736072364527855072e-01
8.208257094389457276e-01
9.016717024021874138e-01
7.920059506649895775e-01
5.414913042115270247e-01
8.959472356438999974e-01
9.426684747361594452e-01
7.439582863098944676e-01
4.849912728718248633e-01
6.153889613515127754e-01
8.052349636339880545e-01
9.484902587232975080e-01
9.048901668880920957e-01
4.373842042559982213e-01
3.523131672597865083e-01
7.212986777129803961e-01
7.155762580280895513e-01
6.869914167874261457e-01
7.994725580932476872e-01
5.466386554621849303e-01
4.436930283577602552e-01
6.181250000000000355e-01
6.171575307301904179e-01
1.913547706905641133e-01
7.058506626441116705e-01
8.472134462277265410e-01
2.904337833955761283e-01
6.148148148148148140e-01
7.546135350205589454e-01
6.497590760463439752e-01
5.941330539549503076e-01
5.406360424028268108e-01
4.264480358617435130e-01
6.981905087060430448e-01
6.503700615031794419e-01
4.307535641547862726e-01
6.219123505976095201e-01
2.614060258249640833e-01
5.547543938711131384e-01
3.946405037340752764e-01
5.787037037037036091e-01
4.514335374185938776e-01
4.745077585082800864e-01
4.734032694118995854e-01
1.804741980474199592e-01
8.039852557828156554e-01
6.192003653453550527e-01
6.646950450887230133e-01
7.565303104977821880e-01
4.222222222222222210e-01
4.987951807228915846e-01
5.853357717007613426e-01
7.059676859631122126e-01
6.547283702213277934e-01
6.679398150126171219e-01
5.774461028192370282e-01
6.351397604107243966e-01
4.418212478920747338e-02
4.573217214595456381e-01
5.992292870905587820e-01
5.426164519326064362e-01
6.726229170453258410e-01
5.601140824195668388e-01
5.929839947379961229e-01
9.335620816634758734e-01
6.317810849735957524e-01
9.186942806199422940e-01
6.312242229151996398e-01
7.223563860840978013e-01
8.389839802879307529e-01
4.999655074700964374e-01
5.793954874414644074e-01
9.462203836028582060e-01
6.454965400281214016e-01
7.631708517971442784e-01
6.766298896690069453e-01
5.863910822108684417e-01
6.915254237288135375e-01
7.816349384098544295e-01
3.538385826771653364e-01
8.847169798122329620e-01
4.376754168730394579e-01
5.701519213583556844e-01
4.103813137806687217e-01
6.393497948178465951e-01
6.818563975370522945e-01
7.587067837227605693e-01
4.593933463796477934e-01
5.500314663310258423e-01
5.168549817910169653e-01
6.662854238149700237e-01
5.301223644729592399e-01
4.064371257485029920e-01
3.072824156305506982e-01
6.680226486249152273e-01
4.493269992082344899e-01
4.496951892159572473e-01
5.140186915887851038e-01
5.530737107895504767e-01
7.598959838197047456e-02
5.658811182139109608e-01
6.286924413553433011e-01
3.109540636042403272e-01
6.928392609604204777e-01
5.550122249388753648e-01
3.304418541610192328e-01
7.296838531720772902e-01
7.758620689655172376e-01
9.314411413124743522e-01
5.340501792114695778e-01
7.719504352472221775e-01
5.334299059400964271e-01
3.826164874551972739e-01
5.250338294993233124e-01
5.742843682760073731e-01
7.894986032858293257e-01
3.836720899917925309e-01
6.177578215527231853e-01
6.890149766491442396e-01
7.373740298964618356e-01
6.894705440906067073e-01
5.126556300451498016e-01
6.491918548921148391e-01
4.873898692737108629e-01
4.227431525409099944e-01
5.700290658197938454e-01
9.175134585571710355e-01
6.103499007871669990e-01
4.279026217228464879e-01
7.314584370333497843e-01
5.834373699542237945e-01
9.742988468470715757e-01
6.698686099149828710e-01
5.719190079170461960e-01
5.838970466919650715e-01
6.388038615493291106e-01
5.628782784129118255e-01
6.261437908496731986e-01
5.294254522925028184e-01
8.446001648804616346e-01
6.803278688524591056e-01
4.445614262589603904e-01
5.350076103500762681e-01
6.502242152466367608e-01
9.005932762030323113e-01
8.166592761279183321e-01
7.067934782608694677e-01
5.799583941928914133e-01
1.263791374122366640e-01
6.868260074415083460e-01
8.434814576536003861e-01
2.495189223861449812e-01
2.520878441076398468e-01
7.277101613359749921e-01
9.031085121561269746e-01
5.516947485740510970e-01
5.528768884603021405e-01
6.595437209783578947e-01
7.256513213185170619e-01
2.777777777777777901e-01
7.059282371294851588e-01
4.649022860287634340e-01
9.493158366713110308e-01
6.171010754552196387e-01
5.808215337165287817e-01
6.121118355619405982e-01
1.994485294117646634e-01
4.297095056620566789e-01
6.180739883212564961e-10
1.398387545176535685e-01
7.018857197005590187e-01
7.500658414537793028e-01
6.916650929442915707e-01
3.557978196233895218e-01
3.333333333333333148e-01
9.151368621017182958e-01
4.045338499896084516e-01
6.161745827984597135e-01
4.145071856965034662e-01
6.161417322834645827e-01
6.965739802619236309e-01
4.701353595330347579e-01
5.169901649581100100e-01
8.363710327114358689e-01
5.419554145445436566e-01
5.886546801863837830e-01
1.151388707784587739e-01
7.842323651452282052e-01
1.416229558778155928e-01
9.929196401907578462e-01
7.598231191074514834e-01
4.874796682845885520e-01
8.346037022178920406e-01
3.635250917992655650e-01
4.289601554907678249e-01
9.173611823121877729e-01
8.939236111111110716e-01
2.938043671223148912e-01
3.385329619312906768e-01
2.799208704253214886e-01
2.247156470949892293e-01
5.751462578172282791e-01
4.741768565279821379e-01
1.870266071081762849e-01
3.455083909180651780e-01
5.299890948745913238e-02
4.830673432354707919e-01
5.599659077072933755e-01
4.921875000000000555e-01
5.371091469800920448e-01
4.223918972664049143e-01
2.705410821643287611e-01
6.178151760831316509e-10
4.180422919554150907e-01
2.038255681319644241e-01
6.057607868391778894e-01
3.551865430235066623e-01
2.803992740471868972e-01
2.558034708136128210e-01
6.969696969696970168e-01
5.002961080071141042e-01
2.646212847555128866e-01
3.714085494043448676e-01
5.811364967779730772e-01
3.209242618741972586e-02
6.118776728798515085e-01
3.315844700944385881e-01
6.704689480354880660e-01
2.655367231638418035e-01
5.957255811099870790e-01
5.691505633792461882e-01
2.113502935420744078e-01
3.671617161716171363e-01
3.188036169719452584e-01
4.759605088964115049e-01
3.555919705038918521e-01
1.892913385826770489e-01
6.905394309924397511e-01
3.729997746224927302e-01
4.104149861073765893e-01
6.656035686740459090e-01
4.611407280371864204e-01
3.531707317073169983e-01
6.180804587287471464e-10
6.575760720197605380e-01
1.130788213093336658e-01
4.511736215488661439e-01
3.255065328536262403e-01
2.724207687120700494e-01
6.320754716981131782e-01
3.748231966053748310e-01
5.366336633663366662e-01
6.465067778936386955e-02
4.220997182042615647e-01
1.623396934626211707e-01
6.180998695160659500e-10
1.177338447919739212e-01
3.066666666666666430e-01
5.226153157187639620e-01
5.522627152583100552e-01
5.950590762620836527e-01
6.060870069890549328e-01
4.409881061299178451e-01
2.813156053184043270e-01
6.046391752577319201e-01
4.652956298200514040e-01
4.959832343695425028e-01
2.187793427230046994e-01
3.355216881594371148e-01
4.835304669219188667e-01
7.801418439716308051e-02
6.176857696780967089e-10
5.914104441190823902e-01
6.356401384083045780e-01
3.795711714807322168e-01
5.351723290532653943e-01
2.304785894206548280e-01
5.362255009909712156e-01
5.455440669620875704e-01
2.904337833955761283e-01
1.663568773234201659e-01
3.397968605724838165e-01
4.900978253327571421e-01
2.435761308133362057e-01
4.007397478680115310e-01
2.874510611992582843e-01
4.234309623430962399e-01
5.786754344762800040e-01
3.865168539325842811e-01
7.084454696911444138e-01
6.007371007371007376e-01
6.427232979387881295e-01
4.019011246386564040e-01
4.190174326465926913e-01
3.553719008264462631e-01
3.482384823848239108e-01
4.173306772908367268e-01
6.829812811265670858e-01
3.915830929156935980e-01
5.920388798889146820e-01
5.824242424242425109e-01
2.539392934151598613e-01
6.863417982155405744e-04
4.404591104734576490e-01
4.393862075024334568e-01
6.362545018007220721e-02
5.045081967213115304e-01
4.365431771489164392e-01
2.114025085518814184e-01
4.464173681317392672e-01
5.072024260803639217e-01
5.083251853139399978e-01
5.013947001394699621e-01
5.115405260332795967e-01
2.588714368819081124e-01
6.767322728498245676e-02
3.849721706864562831e-01
4.449807465983839361e-01
6.811534548563686897e-01
4.376757287561774401e-01
8.552388004442806890e-02
4.458728010825440125e-01
1.392222061587393700e-01
4.127985332417741238e-01
1.038421599169099411e-03
5.549949545913213794e-02
5.227294531309882863e-01
5.611230767379917772e-01
1.623711340206184239e-01
4.448481821175447881e-01
4.046794022732443930e-01
5.261489698890650102e-01
3.988439306358381176e-01
6.562499999999998890e-02
5.382698099491121102e-01
5.780725844393579393e-01
6.212334762755417072e-01
4.246484225168842830e-01
4.749811759874049688e-01
4.959183673469387266e-01
2.720932549566603131e-01
6.480891719745222046e-01
6.196237527329195860e-01
3.333333333333333148e-01
4.191732629727352166e-01
6.610247026532478642e-01
6.582639067596015581e-01
4.722262459888866837e-01
5.422694788216837480e-01
5.530361136513330944e-01
4.465674982514560298e-01
3.115653724790778956e-01
3.583462344048811143e-01
4.323153425847897635e-01
6.457633445315417164e-01
2.077562326869806242e-01
6.488686164028263370e-01
3.499999999999999223e-01
3.490585557624662494e-01
5.392914513212325733e-01
3.264587525150905445e-01
4.368870506093520678e-01
1.865812287975875672e-01
3.885325558794946454e-01
4.213218486930816464e-01
3.661683057661690999e-01
5.490088105726872447e-01
3.564356435643564192e-01
1.967070217917674668e-01
5.241264559068219420e-01
5.962598096510268730e-01
5.543964232488822752e-01
6.112926778388151350e-01
4.936998854524626834e-01
2.365719742181903174e-01
6.136096988658584772e-01
4.583659991668404543e-01
3.436433932226519161e-01
5.779220779220779480e-01
5.031328320802005427e-01
3.850766155896068188e-01
6.733341183450185508e-01
5.250497377464278248e-01
5.597519092015992292e-01
3.804139850408767010e-01
2.665066026410564670e-01
1.470696645779579481e-01
4.106073567151412584e-01
6.517181129877693824e-01
2.452253628724216372e-01
3.693015474696779155e-01
5.404761253658882936e-01
4.771581294184933930e-01
6.220476410154677227e-01
3.863519753719855676e-01
6.320875863265442707e-01
2.189377553472722504e-01
3.884533143264434218e-01
5.931807566557683042e-01
3.195991091314031030e-01
7.365950086483815662e-01
1.622222222222221566e-01
5.236641221374045418e-01
6.179931096376741624e-10
2.429118773946359333e-01
5.873015873015873245e-01
6.180739882902577992e-10
2.923845193508115003e-01
6.388238651308549313e-10
7.315264867286370709e-01
5.586715867158671411e-01
1.546242774566472800e-01
3.903448275862068662e-01
5.744113745335043264e-01
1.903114186851210810e-01
4.687925646983414074e-01
6.047802009732391459e-01
3.533694449298154239e-01
2.796585222254926312e-02
4.984567901234567833e-01
5.467189030362390456e-01
4.320310705703089837e-01
4.846128478985578525e-01
5.360072075314447071e-01
5.134180790960451990e-01
3.350970017636685228e-01
6.019876572894125033e-01
8.081667707682698154e-01
6.675612210667583590e-02
3.134599379586896495e-01
6.723512465113018477e-01
5.253787580912838706e-01
6.265935129901564205e-01
3.632315521628498578e-01
1.544715447154470511e-01
4.695120285423605155e-01
2.895348837209302806e-01
4.039301310043667548e-01
4.774952745708936908e-01
3.208749203652580539e-01
5.371642723297939126e-01
4.702069769938077570e-01
6.180092852419192464e-10
2.605863192182423377e-02
4.099335364103146584e-01
4.222697141386639319e-01
4.468906765447451246e-01
6.382214074192618103e-01
1.798107255520505487e-01
5.122021187100684880e-01
5.533998536942623669e-01
5.560519441184266221e-01
6.178766440981514335e-10
5.696371844173215848e-01
5.221558236554290078e-01
1.167066346922461528e-01
2.665066026410564670e-01
3.550536838208070978e-01
4.788566517090112051e-01
3.884719202993681675e-01
6.336953331376576903e-01
4.240506329113924444e-01
1.897674418604650970e-01
7.624750499002008741e-02
3.571453982710165453e-01
5.536327427551162028e-01
4.100840336134453090e-01
2.705773243681891538e-01
6.187271897514274865e-01
6.160702407875481290e-01
3.092250922509224287e-01
4.771659462507047977e-01
1.623711340206185905e-01
5.055718254303470660e-01
6.414319248826292341e-01
3.594955768868807883e-02
5.173157672683288411e-01
1.405536146197256253e-01
3.945050594535303157e-01
3.573033707865168052e-01
4.456031128404668307e-01
1.128608923884514142e-01
4.793441075130098761e-01
3.293084522502744971e-01
2.101265822784811887e-01
5.163690476190475609e-01
4.698385726423109365e-01
4.572985563515685747e-01
4.637534322176201096e-01
2.656488549618322148e-01
7.638094644498808483e-01
1.216216216216216561e-01
5.140273877075957065e-01
6.327996276542710019e-01
3.492252681764004829e-01
2.463768115942028825e-01
1.319875776397514966e-01
7.016121462114596197e-01
3.100936524453693499e-01
5.539961013645223753e-01
4.504730584075521960e-01
5.915374947633013081e-01
3.995257976284719015e-01
6.178701737139445733e-10
9.324951354587637797e-02
3.938248267170761929e-01
4.660411742254416678e-01
2.935309204901670119e-02
6.823067386944583479e-01
6.598925605386471993e-01
6.388272296629849272e-10
4.225963094852703827e-01
6.388305941389068630e-10
3.908956359671914571e-01
4.801441899762604049e-01
3.066666666666666985e-01
5.725190839694659778e-02
1.625323954091075773e-01
4.942804688603345646e-03
1.870266071081763681e-01
6.074698356878676098e-01
2.947245797969712533e-01
4.789709629959456039e-01
4.716906687709607748e-01
5.652996845425868333e-01
5.089094796863862236e-01
4.730242053076699760e-01
5.861443298969073457e-01
3.176140350877192930e-01
3.019538188277082549e-02
3.083055246570263197e-01
5.679552212698968372e-01
4.141320763256687854e-01
5.241264559068219420e-01
3.572605749862662328e-01
8.350653905897680307e-01
5.289421157684646296e-02
5.388216795841512807e-01
1.596306068601583694e-01
6.180481071513082657e-10
2.556146065489456332e-01
4.213353256232589827e-01
2.029197080291970656e-01
2.589073634204274166e-01
1.807014420509167885e-01
1.552346570397109826e-01
2.567746199603436197e-01
6.656378600823045222e-01
2.082604130206509863e-01
4.490446831670630856e-01
5.055501440535450364e-01
5.590718796565670168e-01
6.128607194623797438e-01
6.847840893611224500e-01
7.313858211613821769e-01
3.904996915484268416e-01
7.476871452802038576e-01
2.920187793427229117e-01
2.950050968399592355e-01
6.536836303509094837e-01
2.828016310865914540e-01
6.060606060606060774e-01
7.559899459322615423e-01
6.311127898957510363e-01
4.323578748497847735e-01
5.583864118895965900e-01
4.743531521339134915e-01
4.513216588110034455e-01
2.549215051083976724e-01
4.820980398386122689e-01
2.408759124087592185e-01
1.327021121631465905e-01
2.616104243234212423e-01
5.584370623570390491e-01
1.357093899931459957e-01
3.260690110615816484e-01
1.052631578947255423e-03
4.214111229667094061e-01
3.703703703703702804e-02
5.724356637766356837e-01
2.963917525773195893e-01
9.194583036350656435e-02
4.595475968889462526e-01
3.865919177762204284e-01
3.622338784325825900e-01
5.254711696439914315e-01
1.874999999999999722e-01
2.224132004125128070e-01
2.670923532160099367e-01
2.451451643914631384e-01
4.429854872149273648e-01
1.913648005854372836e-01
2.467289719626168110e-01
1.318718381112984339e-01
3.177070063694266699e-01
1.346906812842599832e-01
6.130052798606390185e-01
2.744186046511627453e-01
4.607827849680337096e-01
3.223938223938222492e-01
5.221908804336173882e-01
4.529942614819275071e-01
2.176696542893725717e-01
5.047619047619047450e-01
6.798516687268207903e-02
4.472440944881888591e-01
4.006200580193071681e-01
7.166959578207381387e-01
5.138740026199833943e-01
1.040481766477081016e-01
6.388137713384169347e-10
6.250261070320221046e-01
4.842883548983370479e-02
2.091782283884738025e-01
2.249322493224933661e-01
4.413689489648516817e-01
5.997793103448275653e-01
4.797543258948636091e-01
5.024891101431238072e-01
5.769107320743375178e-01
6.659491457016010196e-01
5.158742419890961495e-01
4.884158995295294070e-01
5.316631428834025508e-01
2.121212121212120716e-01
2.418170997817892798e-01
4.707800255234516063e-01
6.388003132144707430e-10
3.137829912023460399e-01
4.073000395308999932e-01
2.229140722291406973e-01
1.707317073170731836e-01
4.162621359223300788e-01
2.258899676375405452e-01
5.077755240027045369e-01
4.015647688820818129e-01
2.795264998654830024e-01
4.904186127722728883e-01
3.224125093075205228e-01
6.148268533566696448e-01
3.949941337504889738e-01
4.039301310043668658e-01
6.830198164983870557e-01
6.157635467980295818e-01
2.808177991581479738e-01
3.416384563303994648e-01
6.570012723498293017e-01
6.003764115432872472e-01
6.222533520112066840e-01
6.040728096209548870e-01
3.681100636964058648e-01
2.154108939077624407e-01
4.890743550834597553e-01
5.208301068607712470e-01
1.669675090252707161e-01
4.630903255387427975e-02
7.008993934323363151e-01
2.369137670196670986e-01
5.579866718030034312e-01
3.765984654731456827e-01
4.706792630167708769e-01
4.414871863695570275e-01
4.342806394316163221e-01
4.828209765037730361e-01
4.477410654079569396e-01
1.393103448275861411e-01
2.493618692322796190e-02
3.339026473099914183e-01
4.134638338505611244e-01
5.920924369713534974e-01
5.252378956539823784e-01
6.603615842825791837e-01
2.271105826397145921e-01
4.524281466798810714e-01
5.960138989051334546e-01
3.138888888888888840e-01
5.856725146198831222e-01
4.277622997920010328e-01
6.229999999999998872e-01
5.145381984036487832e-01
4.451395297005602547e-01
4.631828036651555180e-01
6.176470588235295489e-01
5.388996763754045904e-01
2.847829543647638628e-01
5.251717472862690306e-01
6.179219361369929517e-10
6.180481072980045080e-10
4.264705882352941013e-01
4.783386581469648569e-01
5.824058647117626997e-01
4.545149378986236832e-01
6.755793226381461292e-01
3.002574303767845398e-01
2.350413223140497554e-01
3.019250253292805053e-01
5.034090882047675963e-01
4.624439944165195659e-01
4.471760797342193561e-01
4.476751305337942077e-01
7.356499356499356379e-01
6.237435785683268508e-01
5.896621120643998903e-01
3.167358229598893349e-01
5.234035297126778952e-01
6.641484797612385860e-01
2.958876629889668486e-01
5.337440109514032249e-01
1.652457826954470965e-01
3.658536585365853577e-01
6.388272295616480643e-10
4.922197523023181254e-01
6.613028981821797955e-10
5.000000000000000000e-01
3.406535947712416856e-01
1.808472766108934759e-01
6.446801872074882089e-01
5.620277078085643696e-01
5.896700143472022315e-01
4.798407743726150754e-01
5.626911314984710533e-01
5.313626532083631782e-01
5.533159085251756482e-01
5.996868858724396789e-01
3.735871505056513331e-01
2.433436532507740613e-01
5.006305215628632510e-01
5.149729995090819301e-01
4.140890288324998170e-01
4.125989445910289710e-01
4.849007853791506006e-01
5.034722222222223209e-01
4.292596104286904302e-01
4.621737509801313593e-01
2.285782103014479538e-01
6.658836534475612856e-01
7.369557803796749074e-01
7.525122323385602385e-01
2.809110629067245180e-01
1.757463835026162602e-01
6.013229104028862126e-01
4.656902819453182518e-01
