5.538461538461538325e+00
1.753846153846154010e+01
4.092307692307691980e+01
1.103846153846153832e+01
8.038461538461538325e+00
5.846153846153845812e+00
1.215384615384615330e+01
1.153846153846153832e+01
2.080769230769230660e+01
1.507692307692307665e+01
7.680769230769230660e+01
2.511538461538461675e+01
3.615384615384615419e+00
4.730769230769230838e+00
4.807692307692307487e+00
3.938461538461538680e+01
7.384615384615385025e+00
9.423076923076923350e+00
1.111538461538461497e+01
7.884615384615385025e+00
7.615384615384614975e+00
1.050000000000000000e+01
3.434615384615384670e+01
7.884615384615385025e+00
4.269230769230769162e+00
1.023076923076922995e+01
4.346153846153845812e+00
6.500000000000000000e+00
6.730769230769230838e+00
5.461538461538461675e+00
9.000000000000000000e+00
4.769230769230769162e+00
3.615384615384615419e+00
7.000000000000000000e+00
7.961538461538461675e+00
4.269230769230769162e+00
4.807692307692307487e+00
5.692307692307692513e+00
3.657692307692308020e+01
6.923076923076923350e+00
4.923076923076923350e+00
4.038461538461538325e+00
1.723076923076922995e+01
1.496153846153846168e+01
1.615384615384615330e+01
6.346153846153845812e+00
3.653846153846153744e+00
4.346153846153845812e+00
4.576923076923076650e+00
1.246153846153846168e+01
9.153846153846153300e+00
1.350000000000000000e+01
1.273076923076922995e+01
5.692307692307692513e+00
5.038461538461538325e+00
4.019230769230769340e+01
7.807692307692307487e+00
3.653846153846153744e+00
4.615384615384614975e+00
1.219230769230769162e+01
1.134615384615384670e+01
6.192307692307692513e+00
5.769230769230769162e+00
5.615384615384614975e+00
1.400000000000000000e+01
6.076923076923076650e+00
7.153846153846154188e+00
1.530769230769230838e+01
4.230769230769230838e+00
6.692307692307692513e+00
6.653846153846154188e+00
6.500000000000000000e+00
1.653846153846154010e+01
8.769230769230770051e+00
3.884615384615384581e+00
1.223076923076922995e+01
3.515384615384615330e+01
4.000000000000000000e+00
7.423076923076923350e+00
1.515384615384615330e+01
6.807692307692307487e+00
3.961538461538461675e+00
4.461538461538461675e+00
7.692307692307692513e+00
5.673076923076923350e+01
1.073076923076922995e+01
4.115384615384614975e+00
3.807692307692307487e+00
5.076923076923076650e+00
3.161538461538461675e+01
1.469230769230769162e+01
1.211538461538461497e+01
4.653846153846154188e+00
1.361538461538461497e+01
4.076923076923076650e+00
5.538461538461538325e+00
1.865384615384615330e+01
5.884615384615385025e+00
6.192307692307692513e+00
1.038461538461538503e+01
7.576923076923076650e+00
8.769230769230770051e+00
8.769230769230770051e+00
8.153846153846153300e+00
3.350000000000000000e+01
9.884615384615385025e+00
1.315384615384615330e+01
4.923076923076923350e+00
7.576923076923076650e+00
1.019230769230769162e+01
5.846153846153845812e+00
5.000000000000000000e+00
5.153846153846154188e+00
3.273076923076923350e+01
2.146153846153845990e+01
6.230769230769230838e+00
4.576923076923076650e+00
5.000000000000000000e+00
7.269230769230769162e+00
5.384615384615385025e+00
2.919230769230769340e+01
8.769230769230770051e+00
1.000000000000000000e+01
5.884615384615385025e+00
9.192307692307691624e+00
1.311538461538461497e+01
5.653846153846154188e+00
1.057692307692307665e+01
7.076923076923076650e+00
1.776923076923077005e+01
1.403846153846153832e+01
3.692307692307692513e+00
6.500000000000000000e+00
7.192307692307692513e+00
4.384615384615385025e+00
4.423076923076923350e+00
1.184615384615384670e+01
7.230769230769230838e+00
2.638461538461538325e+01
4.846153846153845812e+00
4.000000000000000000e+00
2.880769230769230660e+01
4.384615384615385025e+00
1.019230769230769162e+01
7.153846153846154188e+00
5.846153846153845812e+00
8.423076923076923350e+00
1.115384615384615330e+01
6.538461538461538325e+00
4.615384615384614975e+00
1.196153846153846168e+01
5.153846153846154188e+00
3.915384615384615330e+01
8.076923076923076650e+00
1.092307692307692335e+01
3.269230769230769162e+00
4.150000000000000000e+01
4.623076923076923350e+01
5.550000000000000000e+01
9.769230769230770051e+00
3.807692307692307487e+00
5.730769230769230838e+00
5.076923076923076650e+00
2.653846153846154010e+01
3.500000000000000000e+00
7.576923076923076650e+00
1.376923076923077005e+01
4.307692307692307487e+00
9.115384615384614975e+00
1.246153846153846168e+01
5.615384615384614975e+00
6.692307692307692513e+00
5.076923076923076650e+00
2.684615384615384670e+01
3.884615384615384581e+00
6.615384615384614975e+00
1.388461538461538503e+01
1.288461538461538503e+01
1.534615384615384670e+01
6.884615384615385025e+00
3.226923076923076650e+01
7.000000000000000000e+00
3.692307692307692513e+00
5.076923076923076650e+00
1.634615384615384670e+01
2.419230769230769340e+01
3.950000000000000000e+01
5.884615384615385025e+00
1.692307692307692335e+01
8.076923076923076650e+00
2.969230769230769340e+01
1.007692307692307665e+01
6.192307692307692513e+00
1.403846153846153832e+01
1.338461538461538503e+01
5.734615384615384670e+01
1.269230769230769162e+01
3.126923076923077005e+01
4.730769230769230838e+00
1.042307692307692335e+01
3.619230769230769340e+01
2.446153846153845990e+01
2.573076923076922995e+01
1.038461538461538503e+01
1.526923076923077005e+01
1.469230769230769162e+01
2.984615384615384670e+01
2.026923076923077005e+01
2.084615384615384670e+01
1.523076923076922995e+01
1.588461538461538503e+01
1.976923076923077005e+01
7.153846153846154188e+00
3.973076923076923350e+01
1.200000000000000000e+01
1.207692307692307665e+01
2.130769230769230660e+01
7.534615384615383959e+01
1.269230769230769162e+01
9.115384615384614975e+00
5.346153846153845812e+00
1.588461538461538503e+01
5.538461538461538325e+00
1.123076923076922995e+01
9.692307692307691624e+00
1.392307692307692335e+01
1.557692307692307665e+01
2.642307692307692335e+01
3.815384615384615330e+01
1.823076923076922995e+01
1.153846153846153832e+01
1.300000000000000000e+01
2.526923076923077005e+01
1.480769230769230838e+01
2.250000000000000000e+01
1.792307692307692335e+01
3.215384615384615330e+01
1.311538461538461497e+01
1.646153846153845990e+01
8.615384615384614975e+00
9.730769230769229949e+00
1.226923076923077005e+01
1.719230769230769340e+01
1.096153846153846168e+01
6.538461538461538325e+00
2.184615384615384670e+01
1.738461538461538325e+01
4.034615384615384670e+01
2.311538461538461675e+01
8.269230769230770051e+00
9.923076923076923350e+00
3.161538461538461675e+01
6.330769230769230660e+01
3.230769230769230838e+00
2.569230769230769340e+01
4.461538461538461675e+00
7.961538461538461675e+00
4.196153846153845990e+01
2.830769230769230660e+01
3.653846153846154010e+01
1.934615384615384670e+01
5.934615384615384670e+01
8.500000000000000000e+00
8.696153846153846700e+01
5.046153846153845990e+01
2.038461538461538325e+01
1.888461538461538325e+01
1.403846153846153832e+01
4.192307692307692513e+00
3.538461538461538325e+00
1.484615384615384670e+01
1.892307692307692335e+01
2.357692307692307665e+01
1.665384615384615330e+01
1.696153846153845990e+01
4.730769230769230838e+00
1.065384615384615330e+01
5.423076923076923350e+00
5.807692307692307487e+00
1.726923076923077005e+01
7.538461538461538325e+00
1.607692307692307665e+01
4.507692307692308020e+01
7.769230769230769162e+00
1.015384615384615330e+01
1.230769230769230838e+01
6.730769230769230838e+00
5.730769230769230838e+00
1.984615384615384670e+01
3.692307692307692513e+00
1.007692307692307665e+01
1.446153846153846168e+01
1.676923076923077005e+01
5.384615384615385025e+00
8.807692307692308376e+00
5.076923076923076650e+00
2.496153846153845990e+01
5.307692307692307487e+00
5.923076923076923350e+00
6.000000000000000000e+00
2.530769230769230660e+01
7.423076923076923350e+00
8.576923076923076650e+00
1.807692307692307665e+01
2.957692307692307665e+01
6.038461538461538325e+00
1.838461538461538325e+01
6.615384615384614975e+00
5.692307692307692513e+00
5.500000000000000000e+00
1.042307692307692335e+01
9.730769230769229949e+00
8.423076923076923350e+00
1.711538461538461675e+01
5.384615384615385025e+00
5.269230769230769162e+00
1.411538461538461497e+01
8.384615384615385025e+00
1.223076923076922995e+01
6.846153846153845812e+00
1.038461538461538503e+01
1.246153846153846168e+01
3.653846153846153744e+00
4.476923076923076650e+01
4.423076923076923350e+00
3.307692307692307487e+00
4.269230769230769162e+00
7.615384615384614975e+00
1.846153846153845990e+01
5.615384615384614975e+00
4.961538461538461675e+00
7.500000000000000000e+00
8.500000000000000000e+00
1.480769230769230838e+01
1.242307692307692335e+01
1.296153846153846168e+01
8.461538461538461675e+00
1.073076923076922995e+01
7.700000000000000000e+01
1.360384615384615472e+02
4.038461538461538325e+00
7.500000000000000000e+00
1.536538461538461604e+02
1.123076923076922995e+01
1.280769230769230838e+01
1.615384615384615330e+01
7.038461538461538325e+00
1.792307692307692335e+01
1.676923076923077005e+01
1.111538461538461497e+01
1.184615384615384670e+01
2.157692307692307665e+01
1.353846153846153832e+01
2.938461538461538325e+01
1.607692307692307665e+01
1.511538461538461497e+01
8.769230769230770051e+00
3.396153846153845990e+01
1.146153846153846168e+01
4.361538461538461320e+01
7.730769230769230838e+00
5.538461538461538325e+00
5.692307692307692513e+00
9.807692307692308376e+00
5.442307692307691980e+01
2.676923076923077005e+01
2.769230769230769340e+01
3.311538461538461320e+01
8.384615384615385025e+00
2.761538461538461675e+01
3.569230769230769340e+01
4.446153846153845990e+01
4.765384615384615330e+01
4.565384615384615330e+01
3.261538461538461320e+01
1.669230769230769340e+01
1.626923076923077005e+01
3.246153846153845990e+01
2.300000000000000000e+01
4.800000000000000000e+01
1.650000000000000000e+01
4.461538461538461675e+00
4.615384615384614975e+00
4.269230769230769162e+00
2.203846153846154010e+01
2.165384615384615330e+01
1.730769230769230660e+01
3.876923076923076650e+01
2.784615384615384670e+01
1.484615384615384670e+01
4.000000000000000000e+00
5.923076923076923350e+00
3.461538461538461675e+00
2.107692307692307665e+01
1.211538461538461497e+01
8.538461538461538325e+00
1.584615384615384670e+01
6.923076923076923350e+00
5.576923076923076650e+00
1.130769230769230838e+01
6.038461538461538325e+00
3.653846153846153744e+00
5.923076923076923350e+00
5.203846153846154010e+01
5.653846153846154188e+00
8.803846153846153300e+01
4.461538461538461675e+00
8.000000000000000000e+00
4.769230769230769162e+00
5.153846153846154188e+00
1.661538461538461675e+01
6.115384615384614975e+00
9.307692307692308376e+00
8.384615384615385025e+00
1.080769230769230838e+01
1.065384615384615330e+01
4.073076923076923350e+01
3.492307692307691980e+01
7.230769230769230838e+00
8.807692307692308376e+00
1.657692307692307665e+01
4.769230769230769162e+00
1.473076923076922995e+01
1.853846153846154010e+01
1.607692307692307665e+01
6.269230769230769162e+00
1.438461538461538503e+01
4.384615384615385025e+00
3.576923076923077094e+00
2.065384615384615330e+01
1.915384615384615330e+01
6.269230769230769162e+00
1.161538461538461497e+01
9.653846153846153300e+00
1.039615384615384670e+02
1.000000000000000000e+01
5.730769230769230838e+00
1.592307692307692335e+01
3.615384615384615419e+00
7.115384615384614975e+00
6.461538461538461675e+00
2.065384615384615330e+01
6.038461538461538325e+00
3.250000000000000000e+01
2.453846153846154010e+01
7.769230769230769162e+00
9.676923076923077360e+01
5.461538461538461320e+01
1.330769230769230838e+01
1.134615384615384670e+01
4.038461538461538325e+00
4.038461538461538325e+00
5.576923076923076650e+00
2.784615384615384670e+01
3.884615384615384581e+00
6.153846153846154188e+00
1.284615384615384670e+01
1.019230769230769162e+01
4.538461538461538325e+00
1.915384615384615330e+01
4.538461538461538325e+00
3.861538461538461320e+01
3.846153846153846256e+00
3.769230769230769162e+00
1.530769230769230838e+01
2.665384615384615330e+01
8.615384615384614975e+00
3.419230769230769340e+01
6.876923076923077360e+01
6.615384615384614975e+00
9.769230769230770051e+00
1.003846153846153832e+01
2.046153846153845990e+01
4.615384615384614975e+00
6.653846153846154188e+00
3.961538461538461675e+00
1.607692307692307665e+01
3.596153846153845990e+01
1.319230769230769162e+01
8.538461538461538325e+00
1.946153846153845990e+01
9.350000000000000000e+01
1.073076923076922995e+01
8.769230769230770051e+00
8.000000000000000000e+00
2.646153846153845990e+01
5.838461538461538680e+01
2.319230769230769340e+01
5.307692307692307487e+00
3.500000000000000000e+00
8.884615384615385025e+00
5.961538461538461675e+00
1.661538461538461675e+01
5.961538461538461675e+00
6.384615384615385025e+00
4.961538461538461675e+00
3.615384615384615419e+00
1.426923076923077005e+01
9.076923076923076650e+00
4.038461538461538325e+00
7.153846153846154188e+00
3.653846153846153744e+00
4.000000000000000000e+00
1.323076923076922995e+01
4.884615384615385025e+00
5.730769230769230838e+00
6.923076923076923350e+00
7.192307692307692513e+00
5.230769230769230838e+00
4.961538461538461675e+00
6.615384615384614975e+00
5.615384615384614975e+00
3.807692307692307487e+00
5.846153846153845812e+00
6.115384615384614975e+00
3.769230769230769162e+00
5.769230769230769162e+00
5.961538461538461675e+00
4.038461538461538325e+00
4.346153846153845812e+00
6.538461538461538325e+00
5.115384615384614975e+00
5.115384615384614975e+00
9.500000000000000000e+00
4.500000000000000000e+00
3.692307692307692513e+00
1.442307692307692335e+01
4.615384615384614975e+00
6.346153846153845812e+00
5.076923076923076650e+00
5.653846153846154188e+00
4.730769230769230838e+00
4.192307692307692513e+00
4.269230769230769162e+00
3.692307692307692513e+00
5.461538461538461675e+00
4.692307692307692513e+00
5.807692307692307487e+00
1.373076923076922995e+01
6.103846153846154010e+01
4.538461538461538325e+00
1.753846153846154010e+01
5.423076923076923350e+00
1.169230769230769162e+01
3.257692307692308020e+01
3.538461538461538325e+00
5.846153846153845812e+00
6.600000000000000000e+01
5.346153846153845812e+00
2.561538461538461675e+01
1.907692307692307665e+01
1.053846153846153832e+01
1.400000000000000000e+01
1.500000000000000000e+01
7.769230769230769162e+00
2.296153846153845990e+01
5.038461538461538325e+00
8.538461538461538325e+00
3.884615384615384581e+00
1.446153846153846168e+01
8.423076923076923350e+00
4.230769230769230838e+00
6.538461538461538325e+00
1.692307692307692335e+01
7.653846153846154188e+00
3.884615384615384581e+00
4.653846153846154188e+00
4.692307692307692513e+00
6.923076923076923350e+00
5.269230769230769162e+00
8.230769230769229949e+00
3.615384615384615419e+00
3.692307692307692513e+00
6.807692307692307487e+00
4.730769230769230838e+00
6.730769230769230838e+00
2.023076923076922995e+01
4.615384615384614975e+00
2.196153846153845990e+01
7.538461538461538325e+00
3.653846153846153744e+00
9.423076923076923350e+00
1.000000000000000000e+01
1.188461538461538503e+01
6.153846153846154188e+00
4.384615384615385025e+00
3.923076923076922906e+00
8.153846153846153300e+00
4.153846153846154188e+00
3.730769230769230838e+00
6.576923076923076650e+00
1.888461538461538325e+01
1.561538461538461497e+01
6.038461538461538325e+00
8.153846153846153300e+00
1.588461538461538503e+01
5.269230769230769162e+00
8.807692307692308376e+00
7.038461538461538325e+00
4.807692307692307487e+00
4.692307692307692513e+00
1.911538461538461675e+01
3.692307692307692513e+00
7.230769230769230838e+00
6.384615384615385025e+00
1.184615384615384670e+01
2.438461538461538325e+01
4.423076923076923350e+00
9.038461538461538325e+00
3.730769230769230838e+00
6.807692307692307487e+00
7.692307692307692513e+00
5.500000000000000000e+00
5.576923076923076650e+00
4.461538461538461675e+00
5.538461538461538325e+00
4.000000000000000000e+00
3.615384615384615419e+00
4.500000000000000000e+00
8.923076923076923350e+00
1.076923076923077005e+01
6.384615384615385025e+00
1.403846153846153832e+01
5.153846153846154188e+00
7.346153846153845812e+00
5.038461538461538325e+00
6.923076923076923350e+00
3.576923076923077094e+00
5.692307692307692513e+00
7.653846153846154188e+00
1.011538461538461497e+01
8.230769230769229949e+00
3.769230769230769162e+00
4.346153846153845812e+00
3.615384615384615419e+00
4.461538461538461675e+00
3.769230769230769162e+00
1.488461538461538503e+01
3.923076923076922906e+00
4.423076923076923350e+00
5.192307692307692513e+00
5.153846153846154188e+00
4.000000000000000000e+00
4.076923076923076650e+00
4.576923076923076650e+00
4.653846153846154188e+00
5.615384615384614975e+00
7.923076923076923350e+00
4.807692307692307487e+00
4.000000000000000000e+00
7.269230769230769162e+00
3.846153846153846256e+00
5.307692307692307487e+00
7.653846153846154188e+00
3.461538461538461675e+00
1.196153846153846168e+01
1.557692307692307665e+01
1.373076923076922995e+01
3.034615384615384670e+01
8.115384615384614975e+00
5.153846153846154188e+00
1.003846153846153832e+01
4.000000000000000000e+00
4.115384615384614975e+00
6.488076923076922640e+02
4.807692307692307487e+00
3.730769230769230838e+00
4.269230769230769162e+00
6.153846153846154188e+00
4.346153846153845812e+00
8.346153846153846700e+00
3.615384615384615419e+00
5.884615384615385025e+00
5.269230769230769162e+00
4.307692307692307487e+00
3.730769230769230838e+00
3.115384615384615419e+00
7.076923076923076650e+00
6.192307692307692513e+00
3.923076923076922906e+00
6.423076923076923350e+00
1.280769230769230838e+01
5.346153846153845812e+00
1.000000000000000000e+01
4.692307692307692513e+00
3.923076923076922906e+00
4.307692307692307487e+00
7.153846153846154188e+00
5.615384615384614975e+00
1.342307692307692335e+01
9.961538461538461675e+00
4.423076923076923350e+00
4.692307692307692513e+00
4.884615384615385025e+00
1.000000000000000000e+01
3.115384615384615419e+00
4.538461538461538325e+00
5.307692307692307487e+00
4.230769230769230838e+00
3.346153846153846256e+00
7.115384615384614975e+00
3.769230769230769162e+00
4.615384615384614975e+00
4.038461538461538325e+00
7.692307692307692513e+00
3.692307692307692513e+00
9.538461538461538325e+00
4.538461538461538325e+00
4.346153846153845812e+00
4.000000000000000000e+00
9.307692307692308376e+00
1.142307692307692335e+01
5.730769230769230838e+00
4.115384615384614975e+00
9.730769230769229949e+00
2.373076923076922995e+01
7.769230769230769162e+00
7.846153846153845812e+00
4.000000000000000000e+00
1.696153846153845990e+01
9.038461538461538325e+00
4.153846153846154188e+00
5.269230769230769162e+00
6.384615384615385025e+00
9.000000000000000000e+00
4.576923076923076650e+00
1.523076923076922995e+01
5.307692307692307487e+00
4.038461538461538325e+00
3.961538461538461675e+00
3.769230769230769162e+00
4.423076923076923350e+00
1.230769230769230838e+01
6.307692307692307487e+00
6.615384615384614975e+00
4.461538461538461675e+00
6.961538461538461675e+00
3.615384615384615419e+00
6.076923076923076650e+00
4.538461538461538325e+00
3.692307692307692513e+00
8.538461538461538325e+00
4.923076923076923350e+00
4.192307692307692513e+00
5.807692307692307487e+00
4.615384615384614975e+00
8.692307692307691624e+00
6.192307692307692513e+00
6.230769230769230838e+00
6.346153846153845812e+00
1.119230769230769162e+01
3.615384615384615419e+00
3.115384615384615419e+00
5.461538461538461675e+00
3.653846153846153744e+00
5.307692307692307487e+00
4.230769230769230838e+00
7.423076923076923350e+00
5.269230769230769162e+00
4.730769230769230838e+00
5.115384615384614975e+00
4.076923076923076650e+00
5.307692307692307487e+00
4.846153846153845812e+00
1.346153846153846168e+01
9.615384615384614975e+00
6.769230769230769162e+00
4.538461538461538325e+00
1.084615384615384670e+01
6.115384615384614975e+00
1.138461538461538503e+01
3.461538461538461675e+00
1.092307692307692335e+01
1.965384615384615330e+01
1.303846153846153832e+01
4.076923076923076650e+00
6.653846153846154188e+00
8.615384615384614975e+00
7.500000000000000000e+00
5.500000000000000000e+00
4.615384615384614975e+00
7.153846153846154188e+00
1.257692307692307665e+01
5.115384615384614975e+00
4.884615384615385025e+00
6.730769230769230838e+00
1.026923076923077005e+01
4.230769230769230838e+00
4.038461538461538325e+00
7.538461538461538325e+00
5.115384615384614975e+00
3.923076923076922906e+00
4.538461538461538325e+00
6.153846153846154188e+00
3.961538461538461675e+00
3.653846153846153744e+00
4.846153846153845812e+00
8.807692307692308376e+00
6.115384615384614975e+00
4.269230769230769162e+00
5.538461538461538325e+00
9.115384615384614975e+00
6.076923076923076650e+00
3.846153846153846256e+00
3.846153846153846256e+00
5.000000000000000000e+00
8.846153846153846700e+00
1.046153846153846168e+01
3.538461538461538325e+00
6.576923076923076650e+00
1.003846153846153832e+01
6.692307692307692513e+00
4.000000000000000000e+00
1.134615384615384670e+01
4.384615384615385025e+00
1.080769230769230838e+01
3.923076923076922906e+00
9.153846153846153300e+00
5.500000000000000000e+00
4.884615384615385025e+00
8.769230769230770051e+00
4.346153846153845812e+00
5.076923076923076650e+00
3.884615384615384581e+00
5.692307692307692513e+00
4.615384615384614975e+00
7.423076923076923350e+00
1.042307692307692335e+01
8.230769230769229949e+00
5.615384615384614975e+00
5.500000000000000000e+00
5.807692307692307487e+00
6.461538461538461675e+00
4.653846153846154188e+00
9.500000000000000000e+00
7.923076923076923350e+00
4.423076923076923350e+00
3.192307692307692513e+00
4.653846153846154188e+00
3.230769230769230838e+00
4.500000000000000000e+00
4.846153846153845812e+00
5.000000000000000000e+00
1.226923076923077005e+01
3.807692307692307487e+00
3.576923076923077094e+00
3.538461538461538325e+00
8.269230769230770051e+00
5.230769230769230838e+00
4.730769230769230838e+00
5.846153846153845812e+00
4.769230769230769162e+00
4.269230769230769162e+00
5.000000000000000000e+00
4.692307692307692513e+00
1.092307692307692335e+01
1.669230769230769340e+01
3.884615384615384581e+00
3.884615384615384581e+00
5.269230769230769162e+00
3.615384615384615419e+00
3.423076923076922906e+00
4.076923076923076650e+00
1.150000000000000000e+01
5.846153846153845812e+00
8.923076923076923350e+00
7.076923076923076650e+00
4.192307692307692513e+00
7.423076923076923350e+00
7.076923076923076650e+00
1.080769230769230838e+01
4.807692307692307487e+00
5.076923076923076650e+00
5.153846153846154188e+00
3.615384615384615419e+00
1.892307692307692335e+01
4.461538461538461675e+00
3.692307692307692513e+00
5.038461538461538325e+00
1.169230769230769162e+01
1.550000000000000000e+01
4.076923076923076650e+00
4.192307692307692513e+00
3.769230769230769162e+00
1.773076923076922995e+01
3.538461538461538325e+00
3.461538461538461675e+00
8.500000000000000000e+00
9.500000000000000000e+00
4.500000000000000000e+00
9.807692307692308376e+00
1.696153846153845990e+01
1.642307692307692335e+01
4.884615384615385025e+00
3.846153846153846256e+00
3.423076923076922906e+00
6.346153846153845812e+00
3.384615384615384581e+00
7.538461538461538325e+00
4.076923076923076650e+00
4.461538461538461675e+00
7.346153846153845812e+00
1.453846153846153832e+01
4.115384615384614975e+00
1.342307692307692335e+01
1.492307692307692335e+01
4.653846153846154188e+00
3.423076923076922906e+00
5.923076923076923350e+00
3.692307692307692513e+00
4.230769230769230838e+00
7.230769230769230838e+00
4.846153846153845812e+00
3.692307692307692513e+00
4.730769230769230838e+00
8.769230769230770051e+00
4.961538461538461675e+00
4.846153846153845812e+00
3.538461538461538325e+00
4.307692307692307487e+00
3.538461538461538325e+00
4.500000000000000000e+00
4.076923076923076650e+00
9.230769230769229949e+00
1.303846153846153832e+01
1.103846153846153832e+01
1.734615384615384670e+01
6.423076923076923350e+00
3.807692307692307487e+00
6.269230769230769162e+00
6.538461538461538325e+00
3.615384615384615419e+00
1.030769230769230838e+01
8.692307692307691624e+00
4.269230769230769162e+00
7.384615384615385025e+00
9.692307692307691624e+00
5.153846153846154188e+00
3.423076923076922906e+00
2.673076923076922995e+01
4.807692307692307487e+00
6.230769230769230838e+00
4.653846153846154188e+00
4.653846153846154188e+00
4.269230769230769162e+00
5.538461538461538325e+00
4.115384615384614975e+00
3.846153846153846256e+00
3.769230769230769162e+00
3.615384615384615419e+00
7.576923076923076650e+00
4.000000000000000000e+00
4.730769230769230838e+00
5.923076923076923350e+00
3.807692307692307487e+00
5.269230769230769162e+00
6.500000000000000000e+00
5.269230769230769162e+00
3.615384615384615419e+00
3.692307692307692513e+00
7.692307692307692513e+00
7.384615384615385025e+00
8.192307692307691624e+00
9.076923076923076650e+00
5.692307692307692513e+00
2.242307692307692335e+01
5.000000000000000000e+00
9.384615384615385025e+00
1.646153846153845990e+01
5.653846153846154188e+00
4.000000000000000000e+00
6.615384615384614975e+00
8.423076923076923350e+00
3.923076923076922906e+00
6.769230769230769162e+00
3.653846153846153744e+00
1.153846153846153832e+01
3.961538461538461675e+00
6.500000000000000000e+00
8.961538461538461675e+00
4.269230769230769162e+00
3.384615384615384581e+00
5.038461538461538325e+00
3.653846153846153744e+00
4.346153846153845812e+00
3.730769230769230838e+00
1.319230769230769162e+01
3.692307692307692513e+00
3.730769230769230838e+00
5.153846153846154188e+00
4.307692307692307487e+00
7.307692307692307487e+00
3.346153846153846256e+00
1.042307692307692335e+01
6.192307692307692513e+00
9.576923076923076650e+00
6.269230769230769162e+00
4.076923076923076650e+00
3.961538461538461675e+00
4.076923076923076650e+00
4.076923076923076650e+00
1.069230769230769162e+01
7.423076923076923350e+00
7.192307692307692513e+00
3.230769230769230838e+00
2.207692307692307665e+01
3.653846153846153744e+00
3.500000000000000000e+00
3.807692307692307487e+00
5.192307692307692513e+00
2.434615384615384670e+01
5.615384615384614975e+00
5.500000000000000000e+00
3.769230769230769162e+00
4.384615384615385025e+00
6.423076923076923350e+00
4.269230769230769162e+00
7.269230769230769162e+00
3.692307692307692513e+00
6.807692307692307487e+00
1.003846153846153832e+01
1.330769230769230838e+01
5.769230769230769162e+00
3.346153846153846256e+00
3.500000000000000000e+00
4.038461538461538325e+00
9.192307692307691624e+00
4.346153846153845812e+00
3.423076923076922906e+00
3.346153846153846256e+00
5.846153846153845812e+00
6.076923076923076650e+00
1.784615384615384670e+01
5.115384615384614975e+00
1.115384615384615330e+01
4.423076923076923350e+00
4.000000000000000000e+00
1.996153846153845990e+01
1.688461538461538325e+01
6.346153846153845812e+00
4.923076923076923350e+00
3.653846153846153744e+00
5.192307692307692513e+00
4.423076923076923350e+00
2.411538461538461675e+01
4.307692307692307487e+00
8.807692307692308376e+00
3.269230769230769162e+00
6.346153846153845812e+00
7.461538461538461675e+00
6.038461538461538325e+00
5.615384615384614975e+00
9.230769230769229949e+00
3.500000000000000000e+00
5.500000000000000000e+00
2.100000000000000000e+01
5.653846153846154188e+00
1.103846153846153832e+01
3.884615384615384581e+00
1.223076923076922995e+01
1.157692307692307665e+01
3.769230769230769162e+00
3.346153846153846256e+00
6.961538461538461675e+00
5.807692307692307487e+00
4.769230769230769162e+00
3.269230769230769162e+00
4.769230769230769162e+00
3.807692307692307487e+00
3.961538461538461675e+00
6.538461538461538325e+00
7.307692307692307487e+00
5.538461538461538325e+00
5.115384615384614975e+00
4.153846153846154188e+00
5.307692307692307487e+00
3.269230769230769162e+00
3.615384615384615419e+00
4.000000000000000000e+00
4.461538461538461675e+00
4.153846153846154188e+00
4.615384615384614975e+00
1.550000000000000000e+01
6.038461538461538325e+00
3.961538461538461675e+00
3.884615384615384581e+00
8.653846153846153300e+00
3.807692307692307487e+00
4.384615384615385025e+00
1.184615384615384670e+01
4.307692307692307487e+00
1.073076923076922995e+01
7.923076923076923350e+00
9.461538461538461675e+00
8.384615384615385025e+00
1.469230769230769162e+01
4.038461538461538325e+00
7.153846153846154188e+00
1.119230769230769162e+01
5.230769230769230838e+00
5.653846153846154188e+00
3.423076923076922906e+00
4.038461538461538325e+00
4.500000000000000000e+00
6.653846153846154188e+00
3.692307692307692513e+00
8.500000000000000000e+00
5.692307692307692513e+00
1.415384615384615330e+01
4.307692307692307487e+00
6.884615384615385025e+00
3.961538461538461675e+00
1.726923076923077005e+01
4.038461538461538325e+00
1.823076923076922995e+01
9.153846153846153300e+00
4.846153846153845812e+00
1.119230769230769162e+01
4.500000000000000000e+00
7.076923076923076650e+00
7.192307692307692513e+00
7.576923076923076650e+00
7.538461538461538325e+00
1.396153846153846168e+01
9.538461538461538325e+00
3.961538461538461675e+00
6.115384615384614975e+00
1.992307692307692335e+01
4.576923076923076650e+00
5.461538461538461675e+00
1.230769230769230838e+01
1.903846153846154010e+01
3.730769230769230838e+00
5.807692307692307487e+00
5.769230769230769162e+00
3.730769230769230838e+00
3.269230769230769162e+00
7.538461538461538325e+00
8.884615384615385025e+00
1.453846153846153832e+01
3.692307692307692513e+00
7.346153846153845812e+00
4.615384615384614975e+00
1.453846153846153832e+01
3.961538461538461675e+00
4.000000000000000000e+00
4.807692307692307487e+00
3.846153846153846256e+00
6.538461538461538325e+00
9.115384615384614975e+00
4.384615384615385025e+00
8.384615384615385025e+00
8.115384615384614975e+00
6.692307692307692513e+00
2.015384615384615330e+01
5.230769230769230838e+00
8.769230769230770051e+00
2.238461538461538325e+01
5.269230769230769162e+00
6.653846153846154188e+00
6.576923076923076650e+00
5.884615384615385025e+00
4.384615384615385025e+00
3.923076923076922906e+00
6.038461538461538325e+00
9.269230769230770051e+00
1.923076923076922995e+01
1.400000000000000000e+01
4.423076923076923350e+00
3.423076923076922906e+00
4.076923076923076650e+00
3.692307692307692513e+00
6.153846153846154188e+00
1.476923076923077005e+01
4.384615384615385025e+00
1.215384615384615330e+01
4.576923076923076650e+00
5.730769230769230838e+00
5.115384615384614975e+00
8.269230769230770051e+00
2.130769230769230660e+01
4.153846153846154188e+00
5.038461538461538325e+00
6.807692307692307487e+00
6.000000000000000000e+00
3.730769230769230838e+00
9.461538461538461675e+00
3.461538461538461675e+00
5.000000000000000000e+00
3.730769230769230838e+00
1.361538461538461497e+01
8.423076923076923350e+00
8.230769230769229949e+00
5.500000000000000000e+00
3.923076923076922906e+00
5.076923076923076650e+00
3.846153846153846256e+00
4.576923076923076650e+00
1.203846153846153832e+01
6.230769230769230838e+00
5.423076923076923350e+00
7.500000000000000000e+00
5.846153846153845812e+00
1.403846153846153832e+01
1.053846153846153832e+01
3.653846153846153744e+00
5.076923076923076650e+00
4.692307692307692513e+00
4.846153846153845812e+00
4.807692307692307487e+00
3.576923076923077094e+00
3.423076923076922906e+00
7.807692307692307487e+00
3.923076923076922906e+00
3.961538461538461675e+00
3.923076923076922906e+00
4.000000000000000000e+00
