7.336937861883443546e-01
6.791358465030850056e-01
1.106369148613467468e+00
1.358228358661702107e+00
6.586820359141712933e-01
4.554872947035430442e-01
1.431506735157153543e+00
1.800888687402705912e+00
1.513105305790468424e+00
1.335607830849386390e+00
1.538585900337674506e+00
9.686526018940441185e-01
1.340461277429806586e+00
1.166907227835316085e+00
1.186927694979549530e+00
1.392202484724643474e+00
9.574723410212904184e-01
8.134723143540015800e-01
8.248259126046273426e-01
7.228602000713348907e-01
6.422583193607850349e-01
7.332604427436639760e-01
1.103422413189641071e+00
7.153200241338963927e-01
4.637641544969382523e-01
3.569016610387575339e-01
