2.689599999999999369e+01
3.959618939286222439e+00
1.498626109709942478e+00
3.931379556826304356e-01
4.201420598680873475e+00
3.366412213740459514e+00
1.178958554729011343e+00
3.061352106029023634e+00
1.710900473933649080e+00
1.128858402743753153e+00
6.126495726495726046e+00
1.332859823103725461e+01
4.441896179371391362e+00
2.959404600811907482e+00
1.760808534531162151e+00
3.020338983050847137e+00
1.020408163265305888e+02
1.422754491017964007e+01
6.604424091029977184e+00
6.722329233960584460e+00
1.335735207967193539e+01
1.015509601181683941e+01
3.862480306099481897e+00
5.337656175865887143e+00
7.729222520107238203e+00
3.569304556354916969e+01
7.052186177715091375e+00
6.765696784073508496e+00
3.004712812960235180e+00
2.456813819577735103e+01
1.309750566893423951e+00
1.005714285714285872e+01
4.677128205128204819e+00
2.617590822179733046e+00
8.376634243279994507e+00
2.615456238361266728e+00
8.242009132420090367e+00
3.223933871876759838e+00
5.236294092647684195e+00
1.103675891721674018e+00
2.024747937671860676e+00
3.267539267015706184e+00
3.859229591235716406e+00
2.056269323256612491e+00
4.267505646982897360e+00
7.971014492753622172e+00
1.354809976247030923e+00
5.932509505703421837e+00
2.977193037874720449e+00
2.743578051375589411e+00
1.130368875241207993e+00
1.620323750744409708e+00
5.213125565088382096e+00
1.628670380966722231e+00
1.837582841885767371e+00
1.016841436288528522e+00
1.750242265381822371e+00
2.453590455510216817e+00
2.383932053721856903e+00
4.575363182124646322e+00
1.256839622641509635e+01
4.078731742073388844e+00
9.488011283497883142e+00
1.857531227038942490e+01
3.883760159427773750e+00
3.104634495938843664e+00
6.790123456790123413e+00
3.973172828890799479e+00
4.059710727821177478e+00
5.012963971676795971e+00
9.218536372704707604e-01
3.804449648711942800e+00
1.544993498049413638e+01
9.571681415929209180e+00
7.527215017579509935e-07
4.388285873836436757e+00
5.859842519685039441e+00
4.090754299335945809e+00
1.223397806800021748e+00
7.967160292202775107e-01
3.856809565470982637e+00
1.406943994416889110e+00
1.259332355524039215e+00
7.996583772314265204e-01
1.126748971193415905e+01
8.042435562196489585e+00
9.639279634441354716e+00
5.523327712197864336e+00
9.149417418893401877e-01
1.365976190380562061e+00
1.402227487869418754e+00
2.654958434557509683e+00
5.844486011420023885e+00
1.762608468505352910e+00
2.326541377039656133e+00
3.876295278481587836e+00
2.139189475917673722e+00
1.980676268030999942e+00
2.297017068112936489e+00
2.709060966823344074e+00
3.256858006154256913e+00
2.461300540339109499e+00
2.841989250473819340e+00
4.735580640173185252e+00
2.186704965121050392e+00
5.184195468193649958e+00
2.331505317238381725e+00
6.543806646525680115e+00
1.397057813634228651e+00
9.594855974271716548e-01
2.028898582333697576e+00
3.445650862588972796e+00
7.097061039939712934e+00
5.878030859662014329e+00
3.067943456452348006e+00
6.152073236402798351e+00
9.144505770195687333e+00
2.785262218593533845e+00
3.479381443298969145e+00
6.094470046082953019e+01
2.102128565346955824e+01
3.450980392156862475e+00
1.069808072158348500e+00
4.335743969035166678e+00
3.614285714285715301e+01
3.140549273021001841e+00
1.075394841600474161e+00
1.671684839957791624e+01
5.886083336575496094e-01
1.510266970019871202e+00
6.357141906821023980e+00
2.857372654155495795e+00
3.259838786154575896e+00
9.596805699184189464e+00
1.088500111433028295e+01
7.659728506787330105e+01
2.360586674988297329e+00
6.601620266186587038e+00
8.859402460456941242e+00
8.555844793066229581e-01
4.868852459016393297e+00
2.165422109039078169e+00
5.750427350427348649e+00
2.951801242236024247e+00
2.130851229841401295e+00
5.324844368986983767e+00
2.484730136372366616e+00
2.538963865912059692e+00
2.462833434801235732e+00
4.495428096425604814e+00
3.726475730785332896e+00
3.905279349991126026e+00
1.668217799378702626e+00
4.743755036261078750e+00
4.520295202952029356e+00
4.181480884013550892e+00
2.791352143642360062e+00
3.466926070038910179e+00
2.376904948939512430e+00
2.257891202149092891e+00
3.714285714285713969e+00
1.009004092769440852e+01
1.914241960183767910e+00
1.015699742426100727e+00
3.202153261557948216e+00
1.254493307839388017e+01
2.909090909090909172e+00
3.901825152096007443e+00
1.026809748999636085e+01
2.603003284842797083e+00
8.428571428571430602e+00
2.283582089552238514e+00
1.449597628123675719e+01
3.904655075715087076e+00
9.011786394823549928e-01
5.388405797101448513e+00
4.673876871880199957e+00
1.192903225806452028e+00
4.781887381672683679e-01
2.900428197470322988e+00
4.673876871880200845e+00
1.160528844259627324e+00
4.870428679233222091e+00
1.402912621359223122e+00
3.955992509363296383e-01
6.831805248182106105e+00
3.567220802991785789e+00
4.970178926441354506e+00
7.697336561743341576e+00
6.025094102885820035e+00
7.527214615042020120e-07
3.658852073088464163e+00
3.957996768982228630e+00
1.430771671138575396e+00
2.796774193548387188e+00
7.482642399730365490e+00
