-5.642156893090606928e+01
-6.553981534915125451e+01
-9.515942668131835092e+01
-3.754972405582950046e+01
-5.787997549898523886e+01
-3.872703442368524662e+01
-4.472174546047880028e+01
-6.933425001242068220e+01
-4.027747212277350286e+01
-3.940868175504060389e+01
-6.477234055809290680e+01
-6.498663537048292937e+01
-4.374643858980960687e+01
-3.795250965784291708e+01
-4.333785266775919354e+01
-4.184150079628104635e+01
-4.367011555752171859e+01
-8.575456307303426229e+01
-4.842141842690811160e+01
-6.274415305264659537e+01
-5.389553894365619158e+01
-7.213634703395089787e+01
-4.882219436295667236e+01
-8.899926324590316540e+01
-4.160069516828143321e+01
-6.891758012846239012e+01
-4.307055476752150724e+01
-4.156284443498869052e+01
-4.248370106577105076e+01
-7.802531237204274817e+01
-3.558703688200426285e+01
-7.060841805502654722e+01
-5.237906064539304651e+01
-4.406235711026192803e+01
-7.297438481509230712e+01
-4.293448034847406802e+01
-4.203801387953010504e+01
-4.827108916831375041e+01
-6.320123547776484685e+01
-4.655549607221181674e+01
-4.003244894068404136e+01
-5.343009930667119534e+01
-5.684200298716313426e+01
-5.385767904079273194e+01
-4.555978873777490179e+01
-4.526326076313937108e+01
-5.913883512856121882e+01
-7.593730754376905168e+01
-7.339148219651148963e+01
-5.694651397026369466e+01
-5.856383419132063040e+01
-5.322158776862102059e+01
-6.550706994659482518e+01
-5.842452845284805818e+01
-6.795969940698545031e+01
-4.857239515038084221e+01
-9.061078574167862598e+01
-5.110657128084179135e+01
-4.741001094674739136e+01
-4.712787479877935226e+01
-5.295745129475316304e+01
-4.406128912313983648e+01
-6.438982360281583794e+01
-5.554348097738244405e+01
-7.860472174536414514e+01
-4.495884905841953838e+01
-6.438753553119639150e+01
-7.408089074454773026e+01
-7.598375336356616572e+01
-7.635204389098835520e+01
-4.773262887819449674e+01
-4.545333836952266182e+01
-4.546789752880050628e+01
-4.404392474606584784e+01
-5.664947430024231068e+01
-4.860825776491941497e+01
-5.841803745621181321e+01
-5.313276063406109273e+01
-4.842738289427928322e+01
-9.995613771748087117e+01
-4.505709850037002440e+01
-6.936249970681295451e+01
-5.629663705015261144e+01
-4.090424712186939615e+01
-5.291848662584958873e+01
-9.127419836460229874e+01
-1.059176753149860275e+02
-9.944659036845284561e+01
-4.620826313541810038e+01
-4.589880962400496145e+01
-5.519268029543780330e+01
-4.465149129570356479e+01
-6.280124636961210172e+01
-6.010554370121019474e+01
-4.844438032817070905e+01
-4.656396382817635526e+01
-4.948154451120895203e+01
-4.815544276123793566e+01
-6.347220650348059934e+01
-6.951560309772855817e+01
-6.544816998289836363e+01
-6.654730322591517222e+01
-6.507755358211923635e+01
-5.692883999062156875e+01
-4.981469376406395355e+01
-7.933987395097454964e+01
-4.820471104141245888e+01
-4.615749963815068924e+01
-6.132983028692830629e+01
-4.648361721085759513e+01
-4.586182355924770349e+01
-5.444400363440617951e+01
-6.348239622164236096e+01
-8.359355588291960260e+01
-4.525855102727492607e+01
-7.835189411448786245e+01
-5.039113557843270286e+01
-4.864630653734341337e+01
-4.023529411271584877e+01
-4.705162938737058909e+01
-1.122163103371861439e+02
-3.970997162486838050e+01
-4.389943536643602329e+01
-5.673731762028688053e+01
-7.011469774706463909e+01
-4.409514091113560852e+01
-5.837735780846161759e+01
-9.792900576875827312e+01
-4.118518093679146119e+01
-5.982470126003526190e+01
-5.579240373421083632e+01
-5.075907756582289920e+01
-6.986528484381719295e+01
-7.342463660438335182e+01
-6.500596417701849816e+01
-6.004293383290443131e+01
-4.636137026540562545e+01
-9.822136216711921008e+01
-5.169983194007890148e+01
-5.780673087761248752e+01
-4.218859879682712943e+01
-4.630602735415377680e+01
-4.624327588056056015e+01
-4.360890930538018750e+01
-3.796849522757019457e+01
-4.210993757623886324e+01
-5.880100038965267828e+01
-4.331461427580650536e+01
-1.066416834808742351e+02
-4.306354754936620566e+01
-8.097529029471148476e+01
-8.652007675696334843e+01
-7.447878042745389848e+01
-6.101340056789579336e+01
-4.356720283532827409e+01
-5.400173177891581844e+01
-6.851255650228469563e+01
-4.183321304816755770e+01
-6.490261371685122072e+01
-5.249523816700848755e+01
-4.308876502975035550e+01
-5.744736099154202691e+01
-4.132979790710859902e+01
-3.839169393332082336e+01
-5.320685891995082528e+01
-6.805950878767812640e+01
-3.941177331229484793e+01
-7.412956182019973994e+01
-7.384975327139740386e+01
-4.729501772554646521e+01
-4.681582742912917894e+01
-4.192977436111376477e+01
-5.963864376080497465e+01
-4.614514458836117683e+01
-4.061065404957937375e+01
-5.118810318906434276e+01
-4.388033978763800036e+01
-3.763662441324950692e+01
-4.198815424016221698e+01
-4.082579450293454926e+01
-4.380396845579086573e+01
-6.663542314937370747e+01
-2.247697060241126792e+02
-4.644454148153764805e+01
-3.854972290545209290e+01
-5.255182338661597186e+01
-4.479719691532029202e+01
-4.269483318808111960e+01
-5.936198361393847023e+01
-4.241111527166974327e+01
-4.509549799390117641e+01
-4.594396594513690957e+01
-5.056659965570236892e+01
-4.175791322826236041e+01
-4.233027987444277329e+01
-5.312063445518820259e+01
