-3.398221244484543746e+01
-6.073829581196545746e+01
-3.014265571284900602e+02
-1.207436975037863789e+02
-5.138058731381293853e+01
-4.394420474361993456e+01
-8.972238138088167148e+01
-8.257452305722208052e+01
-5.517837905703891721e+01
-6.306016402230045514e+01
-4.976711002844049148e+01
-4.394878000399429396e+01
-3.823344095596637970e+01
-4.342784642625372271e+01
-5.831255063336012512e+01
-4.411054884789169961e+01
-2.898850685507321501e+01
-4.928127154461075321e+01
-3.666322266319783552e+01
-5.116106343139573198e+01
-3.562791115942076914e+01
-4.690106861891811718e+01
-4.834304379710822275e+01
-7.812975000236997403e+01
-3.329255097695496346e+01
-3.612400981556925217e+01
-3.548980888357429819e+01
-3.517924085071536666e+01
-4.516520047898724499e+01
-4.196611740941790458e+01
-5.565512922852872890e+01
-4.714361299036378483e+01
-4.926865872418665759e+01
-5.214380984666578200e+01
-4.962737299077331699e+01
-5.116926061293342087e+01
-3.355916920590486541e+01
-5.069505966536311803e+01
-5.961533116084078898e+01
-7.904937236507468867e+01
-5.464132532823884247e+01
-5.270823784455608063e+01
-5.805440083084415193e+01
-7.358916461096434602e+01
-4.375874528901585592e+01
-3.600666988390632639e+01
-1.252447505438116480e+02
-6.187182779590189341e+01
-8.174742066204238711e+01
-7.652415231029407039e+01
-1.317179505834176609e+02
-8.102645763017581260e+01
-5.130040993621435064e+01
-8.988389269734867071e+01
-1.140899448510392915e+02
-1.035602948709865672e+02
-1.756461122692996639e+02
-6.401337090483542624e+01
-6.019359854501404783e+01
-4.055192349267154128e+01
-3.542789606135585956e+01
-4.102357157061628357e+01
-4.281424319712580484e+01
-3.440260564901315377e+01
-7.826235532639135783e+01
-5.019737869335643410e+01
-4.755938388310680409e+01
-6.874715645709923706e+01
-7.352193362479775374e+01
-6.052287465093403540e+01
-1.151814732384751920e+02
-4.350088135845451376e+01
-3.194453375427317354e+01
-3.424358770075567548e+01
-3.028859738105463251e+01
-4.244010295250404852e+01
-4.714052506224727068e+01
-5.216789301803590462e+01
-8.441329926426543295e+01
-7.807256479472093815e+02
-4.817186251075978021e+01
-1.670278129929340309e+02
-1.058769033748039732e+02
-8.568499274123016107e+01
-3.849813649064817866e+01
-6.413442661518561749e+01
-7.346367551564244991e+01
-8.796175207212171188e+01
-9.675307295376309469e+01
-7.740709760808107376e+01
-9.890131648995945568e+01
-4.776088424153454781e+01
-4.618930519089735043e+01
-9.716956606469486246e+01
-5.745548340171151125e+01
-4.571918367594041399e+01
-6.076409702002165858e+01
-6.284453662090805892e+01
-8.704563847696256573e+01
-8.539218033788007745e+01
-7.584927231520829594e+01
-8.269398503475615314e+01
-7.494577728676365780e+01
-4.858606465351264347e+01
-6.441579303906610221e+01
-6.256697228266585853e+01
-5.634005255287608094e+01
-3.681782441025860919e+01
-1.191639781945005865e+02
-1.041765126540268369e+02
-5.833974489142385522e+01
-6.251506224319764016e+01
-5.031755890659744779e+01
-7.796992170261840727e+01
-4.886180085649293403e+01
-6.359189229891032369e+01
-3.904814415607523159e+01
-5.195112669574196218e+01
-3.912903470348968682e+01
-2.989141818350549329e+01
-5.659325017657490520e+01
-3.902684002520247475e+01
-7.720595709360377157e+01
-4.924527571369348777e+01
-3.655602347171196698e+01
-4.392929099343717780e+01
-1.483028535938489370e+02
-5.298646171500021751e+01
-1.087108403760628761e+02
-1.107617760996579506e+02
-4.257258458229026843e+01
-5.812674614086671454e+01
-7.321551840862925076e+01
-5.124866060467163464e+01
-4.231672209681805441e+01
-3.279496177459532902e+01
-5.541863115844834198e+01
-7.761216564846216670e+01
-3.906541927730220465e+01
-1.872516315136770686e+02
-4.100824069363916635e+01
-5.634894629139472499e+01
-4.203144665950664915e+01
-5.119881176868062767e+01
-4.415915969392055729e+01
-3.929330552109187380e+01
-6.836811611589331505e+01
-5.065240442583376534e+01
-1.768332758579930442e+02
-4.316724550061316990e+01
-9.703683889652229766e+01
-1.007291015273442270e+02
-1.314831856357264996e+02
-5.399398213495503995e+01
-4.052072558574620587e+01
-5.139162719645625543e+01
-8.685738190860814711e+01
-4.476587489565277878e+01
-8.533171882180350565e+01
-7.066182542410057010e+01
-4.330024273915968536e+01
-3.857802771157500388e+01
-5.595013968538033566e+01
-6.661060195425633879e+01
-5.649846069131676529e+01
-4.338676348589475396e+01
-4.420796241844568186e+01
-7.086401278150233907e+01
-4.967654520397237405e+01
-6.062997994494138254e+01
-3.758312935812568867e+01
-5.241431302956535632e+01
-3.824563603465999506e+01
-4.473561038417155800e+01
-8.148011627592380535e+01
-4.614869322496887349e+01
-4.263089044769270686e+01
-5.671129692069878558e+01
-1.406669209243481760e+02
-4.300904257332985736e+01
-4.299861522781801426e+01
-1.565469419801977438e+02
-6.926084922643794926e+02
-8.007880290011698321e+01
-1.603342806859959069e+02
-4.074195117851217418e+01
-4.318009556260761173e+01
-3.877129697296491173e+01
-4.427124333664929878e+01
-3.665425257459250474e+01
-2.721177664425090015e+01
-4.503622087628434656e+01
-4.647470976460623859e+01
-5.747828526869888321e+01
-4.869911626713405184e+01
-3.930810394277089870e+01
