2.717330254163647041e+00
2.972164895705224019e+00
3.396759352822397382e+00
1.535774821284726421e+00
2.727757490187952882e+00
1.814620703680790204e+00
1.818946973028408243e+00
3.046792885854380462e+00
1.871147089296981925e+00
1.865760549478394870e+00
2.961716186095161518e+00
2.957223757582040591e+00
2.221459072727988815e+00
1.798938901999385109e+00
2.104550776774781085e+00
2.089320527745643474e+00
2.251612506284348836e+00
3.564148520915374263e+00
2.420108237032839060e+00
2.879801358486110185e+00
2.624664674833482536e+00
3.190929116054620707e+00
2.321784537510673818e+00
3.627566266658149186e+00
2.139799025308967373e+00
3.111260769303847429e+00
2.179913782837142211e+00
2.123955046120116652e+00
2.075176592794481412e+00
3.361498170849145595e+00
1.572471163642032321e+00
3.143529793174825393e+00
2.494212587229251099e+00
2.089291695422765383e+00
3.214678633090942039e+00
2.050196713920311442e+00
2.155419694710406286e+00
2.335376672878978876e+00
2.856852243066267949e+00
2.159017627388907012e+00
1.830642980143076137e+00
2.561369153825272083e+00
2.644697389774207430e+00
2.516737156441608558e+00
2.246660052053850887e+00
2.283092910728662162e+00
2.513826819688993464e+00
3.281932021539097022e+00
3.196446085097649270e+00
2.459867808647130172e+00
2.663839197454909158e+00
2.471981939982903942e+00
2.991218815275867637e+00
2.662475900255634187e+00
3.009160890799626120e+00
2.197767979394630533e+00
3.623357158815203594e+00
2.470850583922364230e+00
2.332329893316390734e+00
2.346284540430796373e+00
2.592726607130008798e+00
2.213395164618454647e+00
2.963070513099365755e+00
2.685523422726191267e+00
3.350888519061362647e+00
2.131685686364290344e+00
2.956367981088679375e+00
3.227296640651875936e+00
3.268944501534242431e+00
3.306679098516752457e+00
2.220031887807614179e+00
2.250128394414248945e+00
2.317708362105954656e+00
2.240912303480678602e+00
2.733732640932250657e+00
2.410529270441202687e+00
2.752139770535866781e+00
2.473760383878078173e+00
2.265778816104171867e+00
3.093856491049038482e+00
2.169795166727151337e+00
2.790732241048354823e+00
2.573578687806798992e+00
1.888303041311596209e+00
2.563113887161299065e+00
3.696254812015788094e+00
4.040235977153884050e+00
3.885161051091811757e+00
2.145182597810890268e+00
2.235235950346074141e+00
2.588325305209263849e+00
2.209822809713912317e+00
2.913838029318059242e+00
2.749648699249004569e+00
2.359049222607519702e+00
2.322888509402166513e+00
2.369083904708094934e+00
2.334877025094567848e+00
2.832511716074696206e+00
3.060716351664789947e+00
2.959355338579145567e+00
2.964390245926093126e+00
2.944373820254598595e+00
2.702056838044287534e+00
2.352030034976285933e+00
3.389209096028150903e+00
2.361324385338706477e+00
2.321885204077373643e+00
2.781999549179237530e+00
2.203954146075659093e+00
2.168932833970310003e+00
2.476673719423240883e+00
2.903159565887584836e+00
3.446329063057346431e+00
2.209216619915774782e+00
3.346870872531910290e+00
2.450920868329622415e+00
2.376589088948116935e+00
2.041740610487679408e+00
2.387629781915540761e+00
4.188512899464718053e+00
2.018405234409161864e+00
2.065543564214084693e+00
2.697041405570253847e+00
3.145309600908864134e+00
2.194878551351895801e+00
2.395637197931991480e+00
3.864071427195186370e+00
1.806202122196701509e+00
2.594579568293423399e+00
2.679768795706444440e+00
2.362711502767126603e+00
3.086681228906677621e+00
3.216178117159020466e+00
2.982774975241059501e+00
2.840148024134556248e+00
2.201570219248467630e+00
3.860449244239967381e+00
2.524496569895017917e+00
2.561972662972969772e+00
2.086090051184229743e+00
2.278605314493659328e+00
2.234602820801725898e+00
2.064822279879955147e+00
1.910156255652388557e+00
2.074584349065282218e+00
2.698135059869725794e+00
2.103136060667552432e+00
4.023746508918272013e+00
2.115646293348917073e+00
3.320377712873064713e+00
3.521459121318419427e+00
3.175941330335599666e+00
2.827542452652727079e+00
2.192759891547588325e+00
2.571349607031179207e+00
3.009406204295816067e+00
2.049023677117046471e+00
2.820384411363913379e+00
2.433551888781769978e+00
2.140972062112231900e+00
2.744842975740322988e+00
1.912101345313379941e+00
1.688734837399550548e+00
2.504693326812421184e+00
3.072419592661830734e+00
1.911697124590004515e+00
3.227953752639410645e+00
3.233818641400914018e+00
2.128798402815726298e+00
2.333449937351666836e+00
1.992894244085758437e+00
2.814804819834523020e+00
2.271006814092792592e+00
1.899913716107878514e+00
2.451232960555421059e+00
2.132551280904208646e+00
1.794325650323996602e+00
1.696859877789051341e+00
2.063745402934900941e+00
2.126463042167282769e+00
2.876617449548366068e+00
6.145074887647038686e+00
2.085051078836627880e+00
1.275296756534402665e+00
2.559496678007255888e+00
2.250356689602275750e+00
2.145429728894196142e+00
2.790230993190425224e+00
2.147213828711008077e+00
2.321613068655763445e+00
2.293822107023539392e+00
2.471807445198138442e+00
2.005550913803418212e+00
2.027549528673267876e+00
2.588986523227869707e+00
