1.532454015423094784e+00
2.235128365248171711e+00
1.688510488383466734e+00
1.805445966405525127e+00
2.187112069932844349e+00
1.566060944656493037e+00
4.526892204696305377e+00
1.914449888575783243e+00
2.079256734458994949e+00
2.245401472867619486e+00
1.452379170283893517e+00
1.666990712025621546e+00
2.471775223481802897e+00
3.227596537486418615e+00
1.732601448674603306e+00
1.117929059028716310e+00
1.131057008045454282e+00
1.798233282258784316e+00
2.282917191241463417e+00
1.261133517626428224e+00
2.624958520273513507e+00
2.523709044002441448e+00
3.380933904650963218e+00
2.436782845616246362e+00
1.735724100936503866e+00
2.302833050360049150e+00
2.676077370362460961e+00
1.577874015193928781e+00
2.634358001147928618e+00
1.619306335438238875e+00
1.483082146696872439e+00
1.631357807379655966e+00
1.939467209913147805e+00
1.652224911199145829e+00
2.855611251847444354e+00
2.243193376252209159e+00
5.489633401040130423e+00
1.504573475872182042e+00
1.691298557319931284e+00
2.109413624812846333e+00
1.596382589153292120e+00
1.487975423415495380e+00
1.683835787483754398e+00
2.597206428957875346e+00
1.465673089124871264e+00
2.357885336293380263e+00
2.217888815018068893e+00
1.510672207017760726e+00
2.012854715877320899e+00
1.726124874794347397e+00
2.342287613264331103e+00
1.248112374713445494e+00
2.007977615817617245e+00
1.282427288533271703e+00
2.458420018982677036e+00
2.038630279958996372e+00
1.962005667316947699e+00
2.041872335728106780e+00
1.749792397538305622e+00
2.268367587073637281e+00
9.588245369253491912e-01
1.447307008193940092e+00
1.719861235709869263e+00
1.447428681577586307e+00
1.375058674951509241e+00
5.530948388013708916e-01
1.898825139430195375e+00
1.507023724537122078e+00
1.795665409134174828e+00
1.645521190637174058e+00
2.240973315244924269e+00
1.775367551669458477e+00
2.224818353064964782e+00
1.887629577937381953e+00
1.991280441475172802e+00
1.849058832831033339e+00
1.656976724566145531e+00
1.967138328759169053e+00
2.099009360320047257e+00
