1.041176470588235325e+01
1.435294117647058876e+01
7.235294117647058876e+00
7.588235294117646745e+00
1.141176470588235325e+01
5.352941176470587870e+00
2.087058823529411882e+02
7.117647058823528994e+00
8.647058823529411242e+00
1.117647058823529349e+01
5.058823529411764497e+00
7.529411764705882248e+00
1.464705882352941124e+01
3.023529411764705799e+01
1.094117647058823550e+01
5.823529411764705621e+00
9.294117647058824261e+00
9.117647058823528994e+00
1.111764705882352899e+01
7.647058823529412130e+00
1.717647058823529349e+01
1.664705882352941302e+01
3.811764705882352899e+01
1.123529411764705799e+01
6.588235294117646745e+00
1.164705882352941124e+01
2.823529411764705799e+01
8.058823529411764497e+00
1.582352941176470651e+01
9.000000000000000000e+00
6.235294117647058876e+00
6.470588235294117752e+00
8.411764705882353255e+00
7.058823529411764497e+00
2.194117647058823550e+01
1.352941176470588225e+01
2.938823529411764639e+02
5.588235294117646745e+00
1.470588235294117574e+01
1.064705882352941124e+01
5.764705882352941124e+00
6.470588235294117752e+00
7.176470588235294379e+00
2.617647058823529349e+01
5.352941176470587870e+00
2.717647058823529349e+01
1.405882352941176450e+01
7.176470588235294379e+00
1.576470588235294201e+01
1.076470588235294201e+01
1.576470588235294201e+01
6.058823529411764497e+00
1.752941176470588402e+01
8.176470588235293491e+00
1.188235294117647101e+01
9.588235294117646745e+00
9.882352941176471006e+00
1.141176470588235325e+01
6.176470588235294379e+00
1.394117647058823550e+01
6.352941176470587870e+00
6.882352941176471006e+00
8.882352941176471006e+00
6.764705882352941124e+00
5.176470588235294379e+00
6.647058823529412130e+00
1.411764705882352899e+01
5.941176470588235503e+00
1.688235294117647101e+01
5.647058823529412130e+00
1.194117647058823550e+01
7.176470588235294379e+00
1.011764705882352899e+01
8.882352941176471006e+00
8.529411764705882248e+00
7.882352941176471006e+00
6.705882352941176627e+00
8.764705882352942012e+00
1.041176470588235325e+01
