4.038647467546699343e-01
2.483978638184245913e+00
1.583359497645211444e+00
2.069004102946660595e+00
1.599490012749681389e+00
1.662857707151979891e+00
1.272536637616439315e+00
4.086240580519118204e+00
2.841792492028183847e+00
2.379383074083838423e+00
1.436116504854368703e+00
1.396284302028294011e+00
2.803572236038886611e+00
4.857972933215652489e+00
4.812869694345920379e-01
4.724315099114650973e-01
2.473713740333098599e-01
8.822922185425787767e-01
3.720549942714300506e+00
3.029108115858905048e-01
3.226519337016573896e+00
1.432626714571603843e+00
2.623285103830871545e+00
1.675746440055121411e+01
2.475138121546960335e+00
1.922067050777410913e+00
1.253850256320950818e+00
6.757029196817511130e-01
3.154221699141276147e+00
9.260255548083389243e-01
9.217391304347826164e-01
1.654361498496035754e+00
1.627457222443295048e+00
1.233087857509847396e+00
1.487608603083960812e+00
1.087022690236224332e+00
2.880217419349925034e+00
1.330140014738393273e+00
5.272037115141289254e-01
1.568187257670766721e+00
1.423136162366837487e+00
7.040182467265430066e-01
9.972229253793526427e-01
1.045698655021095824e+00
1.896267460499198032e+00
8.205975979208635085e-01
1.176515416778233236e+00
6.278579262633930957e-01
7.805090087153074840e-01
8.311781787495965412e-01
1.852184228170612901e+00
6.813306788260226066e-01
9.976184056798780286e-01
5.507853701644858102e-01
5.987396686107216759e+00
1.573713202629863916e+00
1.684210526315789602e+00
1.554564229657166452e+00
2.663686880889103659e+00
1.080012691459177887e+00
1.800086529466972951e-01
8.959355978794425468e-01
8.378716054826735871e-01
5.711509393219608155e-01
1.395315315315315274e+00
8.144066229135973889e-02
7.865414026655013213e-01
1.003541564190851387e+00
5.950356505595006951e-01
2.796116504854369911e+00
1.772049021715759842e+00
1.613966601604857942e+00
3.387222349438974156e+00
1.169581944088228243e+00
4.189081490336722169e+00
1.387163263469786356e+00
1.177921032645879773e+00
1.678460724276102489e+00
1.974973208094307875e+00
