-1.951716059984553908e+02
-1.120664174542555287e+02
-8.022706764701126758e+01
-7.279398704804674480e+01
-9.723817154940311980e+01
-6.084405651895797007e+01
-1.718684879657845840e+03
-5.494527077056453379e+01
-6.549908272679904542e+01
-8.171033060661081038e+01
-6.297512166149501667e+01
-8.693763958848749951e+01
-9.448500901533078888e+01
-1.129338640542854506e+02
-1.754677209565474527e+02
-1.497080915700625212e+02
-2.559031182314612920e+02
-1.231481007821488305e+02
-7.107870385500683597e+01
-1.651226720945916497e+02
-9.888384934374469992e+01
-1.291765061687475793e+02
-1.878614683749156313e+02
-5.022041238598382051e+01
-6.354063118318467929e+01
-9.435524696378207921e+01
-2.625487740742086089e+02
-1.194375429892814822e+02
-8.874430635430344694e+01
-1.239317796786853023e+02
-8.697485377186613675e+01
-7.252561710801312245e+01
-7.968037762199168128e+01
-8.493529766703963446e+01
-1.623088218453163449e+02
-1.358004425179521206e+02
-9.257998156237111971e+02
-7.027169691712781230e+01
-2.482513725101875934e+02
-9.360935465762551644e+01
-6.647253461410598163e+01
-9.916286519191304194e+01
-8.821752627768131561e+01
-2.576635806522450594e+02
-6.438732221964659175e+01
-3.272521479940377276e+02
-1.394033106285674819e+02
-1.114992086757667096e+02
-2.066749603712368355e+02
-1.448405562033515253e+02
-1.304033965184351302e+02
-1.032738907381687170e+02
-2.118733154308064002e+02
-1.516870152661803672e+02
-6.002239588836480522e+01
-8.803383374869758882e+01
-9.515582257431010760e+01
-1.114022778691347639e+02
-5.686103325357363758e+01
-1.351251385703212406e+02
-1.843217636350645137e+02
-1.004536214940804228e+02
-1.174056204910715593e+02
-1.099485156226479745e+02
-6.965097100956481313e+01
-2.765136582525072413e+02
-1.877055755168899509e+02
-7.916402710892120353e+01
-2.628673356869483655e+02
-5.552040611294592765e+01
-9.661723736788418648e+01
-7.356603333079436879e+01
-6.812551068941645838e+01
-9.593643884501260288e+01
-6.427909343747107584e+01
-8.068563898745844654e+01
-8.455229968345990699e+01
-8.129705377850167736e+01
-8.734888045188706940e+01
