9.626591546499216889e-01
8.524683454260918447e-01
8.204533745492015306e-01
7.857561547479484654e-01
8.770687341583420782e-01
7.627675675520751986e-01
9.939396789263678089e-01
6.352836879432623984e-01
7.565784772909973643e-01
8.244756004782090031e-01
7.788868723532970106e-01
8.435657800143780971e-01
8.393426446030060051e-01
8.615696587560596198e-01
9.580185027546056498e-01
9.113691055862178647e-01
9.713513965281095341e-01
9.156935469515445902e-01
7.492586233806773910e-01
9.618978655908416719e-01
8.418604651162790997e-01
9.222013870744211195e-01
9.356105772602931747e-01
4.013643067846607848e-01
7.269076305220885104e-01
8.845296471127864768e-01
9.574809550110987555e-01
9.226400053145552560e-01
8.337937050228974023e-01
9.067073170731707599e-01
8.712121212121212155e-01
7.963850174216027256e-01
8.378901040277406675e-01
8.512902755503717334e-01
9.446126154388735374e-01
9.276900758470232322e-01
9.902945394500026755e-01
8.077380952380953660e-01
9.653908794788274017e-01
8.716204939919893757e-01
8.031838255578721553e-01
9.035334184165604299e-01
8.782267427258069192e-01
9.615865052605923058e-01
7.384173148461279368e-01
9.706898739373494012e-01
9.227772075873341695e-01
9.195500387897596051e-01
9.528256952929239354e-01
9.283212755172574049e-01
8.948631559514468314e-01
8.989146749797943814e-01
9.461533555834271692e-01
9.368890550718445009e-01
6.591416011698942867e-01
8.590108883687799235e-01
8.543897216274090045e-01
8.801076050603461320e-01
6.986833220796759836e-01
9.286772415940639513e-01
9.730669613840463583e-01
8.848158443363446368e-01
9.138012088650101505e-01
9.221425726802070511e-01
7.876809537326142641e-01
9.878961628126772254e-01
9.472268211920529257e-01
8.554957077933006415e-01
9.659539726180341734e-01
6.688311688311687764e-01
8.707781022991089026e-01
8.163951841359773365e-01
7.491851089380682227e-01
8.836460882966185038e-01
6.706306787814002579e-01
8.503106973613293595e-01
8.557709163921733975e-01
8.392766497461928710e-01
8.405574395930478504e-01
