9.000000000000000000e+00
6.500000000000000000e+00
8.062500000000000000e+00
1.331250000000000000e+01
8.625000000000000000e+00
9.750000000000000000e+00
2.193125000000000000e+02
7.937500000000000000e+00
8.062500000000000000e+00
7.437500000000000000e+00
9.250000000000000000e+00
1.168750000000000000e+01
2.818750000000000000e+01
7.750000000000000000e+00
8.187500000000000000e+00
1.031250000000000000e+01
7.250000000000000000e+00
1.237500000000000000e+01
8.437500000000000000e+00
1.162500000000000000e+01
2.618750000000000000e+01
8.937500000000000000e+00
8.687500000000000000e+00
6.937500000000000000e+00
4.762500000000000000e+01
5.437500000000000000e+00
9.687500000000000000e+00
6.500000000000000000e+00
1.718750000000000000e+01
1.475000000000000000e+01
6.812500000000000000e+00
2.402500000000000000e+02
4.375000000000000000e+00
1.089375000000000000e+02
7.375000000000000000e+00
1.993750000000000000e+01
9.687500000000000000e+00
2.787500000000000000e+01
1.081250000000000000e+01
7.687500000000000000e+00
1.012500000000000000e+01
7.437500000000000000e+00
1.287500000000000000e+01
7.562500000000000000e+00
6.687500000000000000e+00
1.856250000000000000e+01
6.500000000000000000e+00
3.068750000000000000e+01
7.687500000000000000e+00
7.125000000000000000e+00
1.100000000000000000e+01
6.625000000000000000e+00
6.937500000000000000e+00
7.437500000000000000e+00
6.500000000000000000e+00
8.125000000000000000e+00
8.687500000000000000e+00
