9.562245029868768897e-01
9.064748201438849184e-01
8.552086987022097242e-01
8.614577828367007140e-01
7.668327460917524485e-01
8.905263157894737214e-01
9.910600420151274292e-01
9.576196621710009182e-01
8.555269353252369369e-01
7.257669595275817453e-01
8.527363184079601588e-01
7.974957698815566820e-01
8.425519844646636169e-01
9.556667858419735095e-01
9.554790883408738056e-01
8.940719305102542425e-01
9.733761762680743779e-01
8.805009147535751701e-01
5.468848332284456104e-01
8.251468860164512531e-01
8.609099773854229642e-01
7.862379084800077411e-01
8.587956788233740424e-01
5.422473390570453633e-01
9.573342292025364131e-01
9.478067572483236392e-01
8.556718073243986256e-01
8.357467870152979206e-01
9.824925723485766760e-01
8.943492042197629388e-01
8.319036144578313419e-01
9.865481993694030782e-01
9.747887282297067468e-01
9.993880283036910006e-01
8.378564067330813714e-01
9.269764648204044111e-01
9.027375816399491049e-01
9.343707464223963699e-01
8.805609492988133447e-01
6.858422429805742793e-01
9.062881948075350858e-01
8.016460047921658560e-01
9.293830757909826712e-01
8.517043278437380627e-01
7.848976002010302766e-01
8.981459650626942848e-01
9.442060085836909700e-01
9.935482810247807661e-01
5.222141296431173085e-01
8.479493164388128834e-01
7.843031550511837535e-01
5.454503340805333389e-01
6.184747583243823676e-01
8.675424750626499204e-01
7.386934673366833959e-01
8.538915425681371518e-01
4.474060004559475834e-01
