-5.197137144767325623e+01
-4.740919062471619583e+01
-5.558053139517978991e+01
-7.225621125073352857e+01
-5.896998689185167564e+01
-5.979332630089426459e+01
-2.300197388296922441e+02
-4.886998081586074960e+01
-5.568563273074472164e+01
-5.512448026399514589e+01
-5.947653403788765303e+01
-6.865868635962992528e+01
-1.082897929279481133e+02
-4.814398071559109127e+01
-4.806931904839460401e+01
-6.133831992996704230e+01
-4.418177505267651384e+01
-6.939699407473931103e+01
-5.970309588635505094e+01
-6.773584070040901395e+01
-1.040114893927786426e+02
-5.945399384247041752e+01
-5.626163901909772846e+01
-5.389111251170764660e+01
-1.276128606757912820e+02
-3.717716714798768862e+01
-6.091479163654184958e+01
-4.910482175324828091e+01
-6.718366734807993623e+01
-7.600981593450499929e+01
-5.093190461842250727e+01
-2.529180806984559808e+02
-3.305652739364991533e+01
-4.949378633472759503e+01
-5.303810834671277519e+01
-8.638811782476102508e+01
-5.864061204326567633e+01
-9.964248523295633220e+01
-6.340328498482924857e+01
-5.592577797696910835e+01
-5.863788804486295447e+01
-5.360652948739562618e+01
-6.810523883455199723e+01
-5.357114322598382472e+01
-5.109397770468748234e+01
-8.336573559784029896e+01
-4.604739586711179555e+01
-7.156237614371509892e+01
-5.673302776157905924e+01
-5.161819575796231163e+01
-6.710195902933649847e+01
-5.252043632286392238e+01
-5.313092864187056819e+01
-5.222225280332140329e+01
-5.068628062717819915e+01
-5.582866745186215240e+01
-6.060971319472977115e+01
