-5.052671438533858606e+01
-4.633396770812981202e+01
-5.195576308874989735e+01
-5.872128152076566465e+01
-5.062810048689778597e+01
-5.516598581782894684e+01
-1.041452173997812451e+02
-4.790809263244344862e+01
-5.180002788146498460e+01
-4.879530220306838117e+01
-5.449225701987264614e+01
-5.585726344673032173e+01
-6.592336001226770748e+01
-4.618551922340736837e+01
-4.256138724524826245e+01
-5.571400007713544511e+01
-4.083064897333439802e+01
-5.713897097186747231e+01
-4.924873235997088017e+01
-5.739464816474342967e+01
-6.538153641616972322e+01
-5.165754379615944458e+01
-5.304946457880945587e+01
-4.400976172410650378e+01
-8.243817269121863944e+01
-3.974602859692863177e+01
-5.395389014981154219e+01
-4.868363486045095812e+01
-5.929188064203763986e+01
-5.977522260272629495e+01
-4.955020212239271160e+01
-9.994106422279620006e+01
-2.914135234229393134e+01
-2.028518980878545008e+01
-5.044500110575024365e+01
-6.510626010114314965e+01
-5.480911615467044129e+01
-7.378760183350858881e+01
-5.671229736490656137e+01
-4.794558704097861579e+01
-5.548459482195067949e+01
-5.072881635367222941e+01
-5.917960016563609571e+01
-5.112038455220370992e+01
-4.983171949550224866e+01
-6.765867121834098441e+01
-4.326723827546902612e+01
-6.134746353741691394e+01
-4.533126932418002042e+01
-5.126103482745465811e+01
-5.359762029887607326e+01
-4.366855952540385033e+01
-4.841540093303374448e+01
-5.076701554601230981e+01
-4.724556206666117220e+01
-5.203609528357103642e+01
-4.735083492796196225e+01
