-1.604220534038523169e+02
-1.054027606963168893e+02
-7.890709275837886594e+01
-9.115696910890505933e+01
-6.268849790197671012e+01
-9.998501639623111714e+01
-1.031962637395523643e+03
-1.491683285649279469e+02
-7.856151940287148250e+01
-5.715668309346452247e+01
-8.531354911313405864e+01
-7.445351742211404655e+01
-9.367292053107482275e+01
-1.491639343873120822e+02
-1.714554118416592132e+02
-1.029387994662111225e+02
-1.783748143140414868e+02
-9.127574990954119016e+01
-5.174266083586507392e+01
-8.309329887910880075e+01
-9.792357471235074229e+01
-6.948689572871509768e+01
-9.305698904162090912e+01
-4.523661175975485094e+01
-2.619479525177380310e+02
-1.619684679763961697e+02
-8.276242878442396034e+01
-7.672205175852437264e+01
-3.040054957246520075e+02
-1.002386933945742129e+02
-7.274582900864531609e+01
-5.820268308466958160e+02
-1.601760571401620155e+02
-4.837569802641886781e+03
-7.356478147291818459e+01
-1.371785084797323293e+02
-1.057932212565059586e+02
-1.846873458450187115e+02
-9.839799745736219450e+01
-5.470292493955801660e+01
-1.220702757301469603e+02
-7.006350582811720074e+01
-1.242981620039219735e+02
-7.836587761412225461e+01
-6.777305759105536254e+01
-1.325115108519892715e+02
-1.233770870247343225e+02
-7.493761728542209539e+02
-4.664908598327674127e+01
-8.655235301379931911e+01
-6.786036725205894982e+01
-4.499358200933682639e+01
-5.366552806788369168e+01
-8.339220169398153359e+01
-5.719704579580947978e+01
-7.870616620351523807e+01
-4.804220889053946308e+01
