1.505097441117749124e+00
1.264763858605332913e+00
1.836585049785296686e+00
2.373011789093797397e+00
2.064977313406417547e+00
1.897644122425639068e+00
4.997227656706652255e+00
1.363991275973681194e+00
1.859366959568242716e+00
1.917681871391703652e+00
1.925033448409145143e+00
2.310070128711345649e+00
3.241781989166750755e+00
1.282323069950911387e+00
1.084866958393188696e+00
2.051700525789922125e+00
1.061013421873569174e+00
2.339878871800653570e+00
2.069876682972046744e+00
2.223287838197234745e+00
3.158259256079825494e+00
2.077559220285071895e+00
1.897225110345348131e+00
1.966385415685355520e+00
3.360719010895811376e+00
9.190403428801242613e-01
2.081195592496492885e+00
1.661143760332436825e+00
1.906492485036865192e+00
2.500958473314376818e+00
1.681026453954500344e+00
5.352517206349016732e+00
5.814894196914701663e-01
4.664960377793078150e-01
1.785492836117310134e+00
2.722177160347498237e+00
1.931064496851284673e+00
2.823380396182126884e+00
2.053049611799341978e+00
1.998921203441192063e+00
1.953037308424762752e+00
1.800287067771529470e+00
2.197919737548132524e+00
1.758240606060399003e+00
1.663914748696190271e+00
2.456998086242821344e+00
1.184849692405045563e+00
1.869867026551945699e+00
2.055956247257734404e+00
1.521847863109409893e+00
2.305292156559280325e+00
1.921266878569984682e+00
1.845278603327695777e+00
1.743045088918497409e+00
1.787691438090674989e+00
1.849830581314828137e+00
2.152036086488362088e+00
