5.283018867924528017e+00
8.962264150943396457e-01
1.207547169811320709e+00
2.679245283018867774e+00
2.000000000000000000e+00
7.358490566037735325e-01
1.754716981132075526e+00
9.528301886792452935e-01
2.188679245283018826e+00
8.773584905660377631e-01
2.226415094339622591e+00
1.382075471698113134e+01
8.962264150943396457e-01
8.584905660377358805e-01
1.132075471698113178e+00
1.433962264150943300e+00
7.264150943396225912e-01
1.367924528301886822e+00
7.169811320754716499e-01
9.339622641509434109e-01
1.188679245283018826e+00
6.698113207547169434e-01
2.452830188679245182e+00
3.915094339622641417e+00
7.066037735849056922e+00
1.490566037735848948e+00
2.500000000000000000e+00
7.735849056603774088e-01
1.867924528301886822e+00
7.075471698113207086e-01
2.424528301886792470e+00
1.037735849056603765e+00
2.235849056603773644e+00
1.009433962264151052e+00
1.235849056603773644e+00
5.924528301886792470e+00
5.849056603773584717e-01
1.386792452830188704e+00
9.056603773584905870e-01
1.632075471698113178e+00
2.500000000000000000e+00
1.132075471698113178e+00
1.283018867924528239e+00
6.886792452830188260e-01
7.264150943396225912e-01
7.169811320754716499e-01
1.075471698113207530e+00
1.622641509433962348e+00
8.584905660377358805e-01
7.452830188679244738e-01
7.547169811320755262e-01
1.009433962264151052e+00
5.443396226415094574e+00
9.056603773584905870e-01
3.311320754716981174e+00
7.169811320754716499e-01
9.443396226415094574e+00
1.764150943396226356e+00
3.490566037735848948e+00
2.254716981132075304e+00
1.047169811320754818e+00
8.679245283018868218e-01
1.018867924528301883e+00
8.018867924528302327e-01
1.896226415094339535e+00
2.518867924528302105e+00
1.226415094339622591e+00
8.584905660377358805e-01
1.405660377358490587e+00
1.245283018867924474e+00
7.547169811320755262e-01
7.452830188679244738e-01
1.254716981132075526e+00
1.669811320754716943e+00
8.867924528301887044e-01
2.311320754716981174e+00
7.830188679245283501e-01
3.971698113207547287e+00
7.169811320754716499e-01
8.018867924528302327e-01
1.575471698113207530e+00
8.113207547169811740e-01
1.811320754716981174e+00
7.452830188679244738e-01
1.066037735849056700e+00
5.481132075471697895e+00
1.754716981132075526e+00
1.094339622641509413e+00
7.735849056603774088e-01
3.301886792452830122e+00
1.283018867924528239e+00
3.990566037735848948e+00
6.575471698113207530e+00
8.490566037735849392e-01
2.858490566037735992e+00
1.594339622641509413e+00
2.122641509433962348e+00
2.424528301886792470e+00
5.028301886792452713e+00
2.037735849056603765e+00
1.330188679245283057e+00
2.679245283018867774e+00
5.783018867924528017e+00
1.292452830188679291e+00
2.688679245283018826e+00
1.133018867924528372e+01
8.584905660377358805e-01
1.169811320754716943e+00
7.358490566037735325e-01
3.330188679245282835e+00
1.500000000000000000e+00
1.320754716981132004e+00
7.169811320754716499e-01
1.566037735849056700e+00
1.773584905660377409e+00
2.594339622641509635e+00
8.018867924528302327e-01
1.745283018867924474e+00
1.009433962264150964e+01
7.924528301886792914e-01
2.858490566037735992e+00
1.207547169811320709e+00
3.226415094339622591e+00
4.641509433962264453e+00
3.028301886792452713e+00
8.207547169811321153e-01
1.047169811320754818e+00
9.056603773584905870e-01
1.018867924528301883e+00
4.792452830188679513e+00
3.405660377358490365e+00
5.726415094339622591e+00
6.509433962264150608e-01
3.198113207547169878e+00
1.735849056603773644e+00
8.018867924528302327e-01
2.075471698113207530e+00
3.028301886792452713e+00
3.509433962264151052e+00
1.226415094339622591e+00
5.971698113207547287e+00
8.867924528301887044e-01
9.367924528301886156e+00
1.801886792452830122e+00
1.000000000000000000e+00
3.141509433962264008e+00
1.745283018867924474e+00
6.132075471698112956e+00
2.556603773584905870e+00
7.084905660377358139e+00
1.622641509433962348e+00
2.971698113207547287e+00
7.037735849056604209e+00
5.660377358490565669e+00
2.349056603773584939e+00
2.877358490566037652e+00
6.084905660377358139e+00
7.641509433962264675e-01
1.433962264150943300e+00
3.009433962264151052e+00
3.094339622641509635e+00
2.424528301886792470e+00
4.330188679245282835e+00
1.443396226415094352e+00
1.320754716981132004e+00
1.405660377358490587e+00
1.113207547169811296e+00
4.084905660377358139e+00
5.716981132075471983e+00
2.301886792452830122e+00
9.528301886792452935e-01
2.094339622641509635e+00
1.018867924528301883e+00
1.745283018867924474e+00
1.547169811320754818e+00
2.311320754716981174e+00
2.311320754716981174e+00
3.433962264150943522e+00
2.792452830188679069e+00
5.745283018867924696e+00
1.054716981132075482e+01
2.773584905660377409e+00
2.745283018867924696e+00
3.028301886792452713e+00
1.066037735849056700e+00
2.849056603773584939e+00
2.839622641509433887e+00
4.547169811320754818e+00
2.254716981132075304e+00
7.169811320754716499e-01
2.783018867924528461e+00
4.603773584905660243e+00
2.603773584905660243e+00
2.537735849056603765e+00
7.066037735849056922e+00
5.820754716981132226e+00
4.613207547169811740e+00
1.320754716981132004e+00
9.905660377358490587e-01
2.320754716981132226e+00
1.190566037735849036e+01
6.103773584905660243e+00
1.490566037735848948e+00
5.367924528301887044e+00
4.084905660377358139e+00
2.444339622641509280e+01
6.198113207547169878e+00
1.754716981132075526e+00
1.226415094339622591e+00
2.727358490566037830e+01
8.018867924528302327e-01
7.075471698113207086e-01
2.688679245283018826e+00
1.141509433962264231e+00
1.962264150943396235e+00
6.226415094339622369e-01
1.349056603773584939e+00
3.735849056603773644e+00
4.641509433962264453e+00
2.603773584905660243e+00
8.773584905660377631e-01
1.745283018867924474e+00
6.037735849056603543e-01
2.952830188679245182e+00
1.631132075471698073e+01
3.575471698113207530e+00
2.226415094339622591e+00
2.264150943396226356e+00
1.962264150943396235e+00
2.745283018867924696e+00
3.764150943396226356e+00
6.886792452830188260e-01
8.962264150943396457e-01
4.688679245283019270e+00
1.009433962264151052e+00
1.349056603773584939e+00
4.358490566037735547e+00
9.433962264150943522e-01
1.933962264150943300e+00
4.132075471698112956e+00
6.207547169811320487e+00
1.735849056603773644e+00
1.396226415094339535e+00
1.150943396226415061e+00
1.047169811320754818e+00
1.943396226415094352e+00
1.537735849056603765e+00
1.462264150943396235e+00
3.198113207547169878e+00
1.122641509433962348e+00
5.264150943396226801e+00
1.358490566037735769e+00
1.264150943396226356e+00
4.924528301886792470e+00
2.783018867924528461e+00
7.924528301886792914e-01
1.075471698113207530e+00
1.452830188679245182e+00
1.424528301886792470e+00
5.320754716981132226e+00
1.273584905660377409e+00
1.971698113207547065e+00
1.415094339622641417e+00
5.320754716981132226e+00
1.528301886792452935e+00
1.018867924528301883e+00
6.981132075471697673e-01
2.405660377358490365e+00
9.811320754716981174e-01
1.084905660377358583e+00
2.028301886792452713e+00
5.584905660377358139e+00
9.528301886792452935e-01
5.830188679245282835e+00
8.584905660377358805e-01
9.056603773584905870e-01
1.207547169811320709e+00
2.377358490566037652e+00
4.283018867924528017e+00
2.886792452830188704e+00
1.339622641509433887e+00
2.603773584905660243e+00
2.877358490566037652e+00
3.299056603773584584e+01
1.005660377358490543e+01
1.556603773584905648e+00
2.291509433962264097e+01
1.943396226415094352e+00
1.575471698113207530e+00
4.047169811320754818e+00
2.613207547169811296e+00
3.320754716981132226e+00
1.537735849056603765e+00
8.235849056603774088e+00
4.952830188679245182e+00
4.198113207547169878e+00
8.867924528301887044e-01
5.990566037735849392e+00
5.877358490566037652e+00
1.300943396226415061e+01
3.537735849056603765e+00
5.943396226415094574e+00
2.641509433962264008e+00
1.954716981132075304e+01
1.328301886792452891e+01
1.132075471698113134e+01
1.415094339622641417e+00
8.490566037735849392e-01
2.877358490566037652e+00
3.764150943396226356e+00
7.339622641509434331e+00
7.613207547169811740e+00
7.858490566037735547e+00
6.509433962264150608e-01
6.462264150943395791e+00
1.603773584905660243e+01
9.641509433962264453e+00
8.933962264150943966e+00
7.443396226415094574e+00
9.292452830188679513e+00
1.990566037735848948e+00
3.283018867924528461e+00
2.849056603773584939e+00
4.858490566037735547e+00
2.849056603773584939e+00
4.518867924528302105e+00
1.386792452830188704e+00
4.867924528301887044e+00
2.688679245283018826e+00
4.169811320754717165e+00
6.632075471698112956e+00
6.452830188679245182e+00
1.886792452830188704e+00
7.971698113207547287e+00
6.933962264150943078e+00
2.905660377358490365e+00
6.132075471698112956e-01
1.481132075471698117e+00
1.509433962264151052e+00
7.924528301886792914e-01
1.792452830188679291e+00
1.490566037735848948e+00
8.301886792452830566e-01
9.528301886792452935e-01
1.103773584905660465e+00
5.207547169811320487e+00
1.471698113207547065e+00
1.584905660377358583e+00
1.009433962264151052e+00
8.207547169811321153e-01
1.853773584905660243e+01
2.349056603773584939e+00
3.226415094339622591e+00
9.811320754716981174e-01
1.584905660377358583e+00
8.490566037735849392e-01
1.026415094339622591e+01
3.075471698113207530e+00
8.962264150943396457e-01
9.245283018867924696e-01
8.396226415094339979e-01
9.433962264150943522e-01
6.886792452830188260e-01
2.367924528301886600e+00
8.301886792452830566e-01
2.235849056603773644e+00
1.594339622641509413e+00
7.641509433962264675e-01
7.377358490566037652e+00
1.056603773584905648e+00
1.037735849056603765e+00
6.886792452830188260e-01
3.009433962264150964e+01
2.226415094339622591e+00
4.066037735849056922e+00
7.075471698113207086e-01
8.679245283018868218e-01
2.025471698113207708e+01
7.537735849056604209e+00
9.575471698113208419e+00
1.084905660377358583e+00
5.292452830188679513e+00
2.983962264150943255e+01
1.113207547169811296e+00
2.509433962264151052e+00
7.169811320754716499e-01
1.066037735849056700e+00
7.075471698113207086e-01
8.018867924528302327e-01
4.405660377358490365e+00
1.066037735849056700e+00
3.330188679245282835e+00
1.103773584905660465e+00
8.867924528301887044e-01
3.254716981132075304e+00
4.650943396226415061e+00
1.716981132075471761e+00
6.509433962264150608e-01
9.905660377358490587e-01
9.084905660377359027e+00
8.113207547169811740e-01
1.720754716981132049e+01
1.103773584905660465e+00
2.288679245283018915e+01
3.820754716981132226e+00
7.547169811320755262e-01
6.886792452830188260e+00
9.037735849056604209e+00
8.018867924528302327e-01
1.707547169811320709e+00
3.169811320754717165e+00
1.233962264150943433e+01
5.609433962264150608e+01
1.418867924528301927e+01
9.528301886792453601e+00
4.122641509433962348e+00
1.283018867924528239e+00
9.000000000000000000e+00
5.084905660377358139e+00
9.433962264150943522e-01
2.688679245283018826e+00
6.132075471698112956e-01
1.886792452830188704e+00
5.963207547169811562e+01
1.028301886792452935e+00
3.901886792452830122e+01
1.037735849056603765e+00
2.207547169811320931e+00
3.301886792452830122e+00
2.471698113207547287e+00
2.886792452830188704e+00
1.084905660377358583e+00
1.349056603773584939e+00
6.981132075471697673e-01
2.113207547169811296e+00
2.283018867924528461e+00
1.990566037735848948e+00
7.735849056603774088e-01
2.613207547169811296e+00
9.150943396226415283e-01
1.688679245283018826e+00
1.424528301886792470e+00
2.443396226415094130e+00
4.490566037735849392e+00
1.047169811320754818e+00
1.632075471698113178e+00
9.433962264150943522e-01
1.216981132075471761e+00
3.462264150943396235e+00
1.566037735849056700e+00
3.056603773584905870e+00
1.113207547169811296e+00
1.556603773584905648e+00
2.830188679245282835e+00
8.773584905660377631e-01
1.613207547169811296e+00
9.433962264150943522e-01
1.622641509433962348e+00
1.245283018867924474e+00
1.311320754716981174e+00
5.462264150943395791e+00
3.698113207547169878e+00
2.726415094339622591e+00
2.188679245283018826e+00
8.301886792452830566e-01
2.650943396226415061e+00
9.339622641509434109e-01
7.047169811320754818e+00
1.028301886792452935e+00
8.773584905660377631e-01
6.415094339622641195e-01
7.452830188679244738e-01
1.235849056603773644e+00
1.745283018867924474e+00
2.990566037735848948e+00
1.500000000000000000e+00
4.358490566037735547e+00
2.235849056603773644e+00
8.207547169811321153e-01
8.018867924528302327e-01
3.566037735849056478e+00
2.743396226415094219e+01
8.679245283018868218e-01
9.622641509433962348e-01
2.358490566037735992e+00
2.907547169811320842e+01
1.509433962264151052e+00
7.735849056603774088e-01
2.905660377358490365e+00
2.405660377358490365e+00
9.905660377358490587e-01
1.935849056603773732e+01
1.188679245283018826e+00
4.330188679245282835e+00
1.169811320754716943e+00
2.188679245283018826e+00
1.301886792452830122e+00
3.367924528301886600e+00
9.433962264150943522e-01
6.320754716981131782e-01
1.216981132075471761e+00
1.113207547169811296e+00
7.481132075471697895e+00
8.773584905660377631e-01
3.528301886792452713e+00
8.584905660377358805e-01
1.311320754716981174e+00
2.311320754716981174e+00
1.292452830188679291e+00
7.735849056603774088e-01
7.169811320754716499e-01
6.603773584905660021e-01
1.301886792452830122e+00
8.018867924528302327e-01
1.301886792452830122e+00
1.226415094339622591e+00
1.764150943396226356e+00
2.037735849056603765e+00
7.547169811320755262e-01
8.207547169811321153e-01
7.075471698113207086e-01
4.584905660377358139e+00
1.198113207547169878e+00
2.962264150943396235e+00
2.169811320754717165e+00
2.575471698113207530e+00
1.415094339622641417e+00
1.622641509433962348e+00
2.113207547169811296e+00
1.113207547169811296e+00
1.000000000000000000e+00
9.150943396226415283e-01
3.943396226415094130e+00
9.339622641509434109e-01
1.367924528301886822e+00
9.528301886792452935e-01
1.094339622641509413e+00
7.698113207547169878e+00
7.264150943396225912e-01
6.358490566037735547e+00
8.113207547169811740e-01
1.018867924528301883e+00
9.339622641509434109e-01
2.254716981132075304e+00
7.735849056603774088e-01
9.528301886792452935e-01
4.650943396226415061e+00
3.301886792452830122e+00
8.207547169811321153e-01
1.509433962264151052e+00
8.301886792452830566e-01
2.377358490566037652e+00
1.433962264150943300e+00
5.537735849056604209e+00
1.292452830188679291e+00
8.113207547169811740e-01
1.235849056603773644e+00
1.877358490566037652e+00
1.009433962264151052e+00
9.716981132075471761e-01
3.292452830188679069e+00
6.698113207547169434e-01
1.179245283018867996e+00
7.358490566037735325e-01
1.415094339622641417e+00
7.169811320754716499e-01
1.311320754716981174e+00
7.358490566037735325e-01
6.981132075471697673e-01
9.433962264150943522e-01
1.433962264150943300e+00
4.179245283018867774e+00
8.490566037735849392e-01
4.481132075471697895e+00
1.877358490566037652e+00
8.490566037735849392e-01
1.367924528301886822e+00
1.018867924528301883e+00
3.235849056603773644e+00
7.641509433962264675e-01
6.792452830188678847e-01
1.066037735849056700e+00
1.141509433962264231e+00
8.490566037735849392e-01
2.113207547169811296e+00
2.745283018867924696e+00
1.017924528301886866e+01
7.641509433962264675e-01
2.254716981132075304e+00
2.018867924528302105e+00
7.924528301886792914e-01
1.028301886792452935e+00
1.443396226415094352e+00
1.745283018867924474e+00
1.103773584905660465e+00
6.509433962264150608e-01
1.613207547169811296e+00
9.811320754716981174e-01
1.594339622641509413e+00
1.528301886792452935e+00
3.235849056603773644e+00
3.207547169811320931e+00
8.867924528301887044e-01
6.415094339622641195e-01
9.716981132075471761e-01
2.320754716981132226e+00
3.311320754716981174e+00
1.320754716981132004e+00
3.330188679245282835e+00
1.584905660377358583e+00
9.150943396226415283e-01
1.254716981132075526e+00
2.500000000000000000e+00
1.339622641509433887e+00
1.075471698113207530e+00
1.584905660377358583e+00
1.698113207547169878e+00
2.084905660377358583e+00
1.783018867924528239e+00
6.603773584905660021e-01
8.301886792452830566e-01
1.773584905660377409e+00
2.688679245283018826e+00
1.537735849056603765e+00
2.056603773584905870e+00
1.707547169811320709e+00
1.378301886792452891e+01
7.566037735849056922e+00
1.566037735849056700e+00
3.188679245283018826e+00
3.490566037735849392e+01
8.264150943396225912e+00
4.641509433962264453e+00
8.584905660377358805e-01
7.745283018867924696e+00
3.050943396226415061e+01
2.159433962264150964e+01
8.930188679245283367e+01
4.471698113207547287e+00
3.698113207547169878e+00
8.962264150943396457e-01
3.839622641509433887e+00
7.283018867924528017e+00
1.537735849056603765e+00
4.820754716981132226e+00
2.200943396226415061e+01
1.669811320754716943e+00
6.556603773584905426e+00
1.018867924528301883e+00
3.179245283018867774e+00
7.783018867924528017e+00
2.513207547169811207e+01
1.979245283018867951e+01
2.500000000000000000e+00
1.566037735849056700e+00
9.339622641509434109e-01
1.801886792452830122e+00
1.122641509433962348e+00
3.122641509433962348e+00
8.773584905660377631e-01
2.113207547169811296e+00
1.367924528301886822e+00
3.915094339622641417e+00
1.518867924528301883e+00
1.801886792452830122e+00
1.075471698113207530e+00
1.235849056603773644e+00
3.311320754716981174e+00
2.471698113207547287e+00
8.962264150943396457e-01
6.792452830188678847e-01
7.169811320754716499e-01
1.150943396226415061e+00
2.396226415094339757e+00
1.556603773584905648e+00
3.000000000000000000e+00
3.358490566037735992e+00
7.924528301886792914e-01
8.018867924528302327e-01
1.132075471698113178e+00
7.735849056603774088e-01
7.169811320754716499e-01
9.528301886792452935e-01
1.056603773584905648e+00
7.830188679245283501e-01
1.103773584905660465e+00
8.556603773584905426e+00
1.075471698113207530e+00
2.783018867924528461e+00
3.160377358490566113e+00
2.556603773584905870e+00
2.115094339622641684e+01
2.547169811320754818e+00
8.009433962264150608e+00
5.009433962264150608e+00
9.905660377358490587e-01
1.997169811320754818e+01
1.311320754716981174e+00
2.349056603773584939e+00
7.830188679245283501e-01
9.905660377358490587e-01
1.886792452830188704e+00
1.367924528301886822e+00
2.424528301886792470e+00
9.905660377358490587e-01
1.726415094339622591e+00
8.867924528301887044e-01
3.575471698113207530e+00
2.179245283018867774e+00
1.096226415094339579e+01
6.773584905660377409e+00
4.283018867924528017e+00
8.688679245283019270e+00
1.273584905660377409e+00
1.084905660377358583e+00
4.780188679245283367e+01
1.188679245283018826e+00
6.658490566037735903e+01
1.009433962264151052e+00
5.716981132075471983e+00
7.094339622641509635e+00
8.548396226415094361e+02
1.647169811320754818e+01
6.471698113207547287e+00
1.133962264150943433e+01
2.113207547169811296e+00
1.273584905660377409e+00
3.137735849056603854e+01
6.094339622641509635e+00
4.886792452830188260e+00
5.988679245283018560e+01
7.264150943396225912e-01
2.141509433962264097e+01
1.141509433962264097e+01
8.273584905660376521e+00
7.713207547169811562e+01
2.267924528301886866e+01
3.773584905660377409e+00
1.196226415094339579e+01
6.292452830188679513e+00
1.415094339622641417e+00
3.047169811320754818e+00
6.915094339622641861e+00
9.783018867924528905e+00
2.154716981132075304e+01
1.141509433962264231e+00
2.405660377358490365e+00
8.745283018867924696e+00
5.509433962264150608e+00
2.251886792452830122e+01
2.100943396226415061e+01
5.622641509433962348e+00
1.959433962264150964e+01
1.213207547169811384e+01
9.339622641509434109e-01
1.226415094339622591e+00
2.207547169811320931e+00
1.084905660377358583e+00
1.679245283018867996e+00
1.007547169811320842e+01
4.377358490566037652e+00
1.065094339622641506e+01
1.656603773584905781e+01
1.905660377358490587e+00
2.952830188679245182e+00
8.301886792452830566e-01
1.216981132075471761e+00
1.179245283018867996e+00
1.566037735849056700e+00
2.424528301886792470e+00
1.547169811320754818e+00
2.830188679245282835e+00
1.301886792452830122e+00
2.160377358490566113e+00
6.990566037735849392e+00
2.311320754716981174e+00
5.915094339622641861e+00
1.867924528301886822e+00
2.094339622641509635e+00
1.254716981132075526e+00
1.584905660377358583e+00
2.122641509433962348e+00
1.358490566037735769e+00
9.433962264150943522e-01
4.735849056603773199e+00
1.226415094339622591e+00
1.452830188679245182e+00
1.452830188679245182e+00
2.839622641509433887e+00
1.462264150943396235e+00
5.103773584905660243e+00
1.264150943396226356e+00
3.264150943396226356e+00
3.283018867924528461e+00
8.284905660377359027e+01
6.792452830188678847e-01
1.536320754716981128e+03
3.990566037735848948e+00
3.159433962264150964e+01
3.670754716981132049e+01
3.462264150943396235e+00
2.443396226415094130e+00
2.009433962264151052e+00
7.641509433962264675e-01
1.056603773584905648e+00
2.188679245283018826e+00
2.547169811320754818e+00
5.060377358490566024e+01
4.883018867924528195e+01
7.311320754716980730e+00
3.234905660377358316e+01
8.396226415094339757e+00
4.339622641509434331e+00
1.216981132075471761e+00
9.811320754716980730e+00
9.245283018867924696e-01
1.131132075471698073e+01
2.037735849056603765e+00
1.188679245283018826e+00
3.613207547169811296e+00
2.801886792452830122e+00
2.396226415094339757e+00
1.547169811320754818e+00
2.849056603773584939e+00
8.301886792452830122e+00
9.528301886792452935e-01
9.415094339622640973e+00
6.226415094339622369e-01
4.132075471698112956e+00
1.801886792452830122e+00
1.603773584905660465e+00
3.433962264150943522e+00
6.500000000000000000e+00
7.198113207547169878e+00
1.037735849056603765e+00
1.514150943396226445e+01
8.207547169811321153e-01
4.952830188679245182e+00
2.207547169811320931e+00
4.047169811320754818e+00
1.764150943396226356e+00
4.028301886792452535e+01
8.433962264150943966e+00
3.716981132075471539e+00
4.220754716981132049e+01
5.792452830188679513e+00
2.584905660377358583e+00
2.481132075471697895e+00
1.714150943396226268e+01
3.056603773584905870e+00
1.094339622641509413e+00
8.490566037735849392e-01
2.235849056603773644e+00
2.226415094339622591e+00
1.566037735849056700e+00
8.018867924528302327e-01
3.075471698113207530e+00
1.358490566037735769e+00
7.358490566037735325e-01
4.330188679245282835e+00
1.160377358490566113e+00
2.377358490566037652e+00
7.169811320754716499e-01
1.707547169811320709e+00
1.896226415094339535e+00
8.301886792452830122e+00
5.716981132075471983e+00
3.688679245283018826e+00
2.443396226415094130e+00
6.292452830188679513e+00
4.283018867924528017e+00
1.792452830188679291e+00
2.981132075471697895e+00
9.811320754716981174e-01
2.047169811320754818e+00
2.594339622641509635e+00
1.981132075471698117e+00
9.150943396226415283e-01
1.981132075471698117e+00
1.028301886792452935e+00
8.396226415094339979e-01
1.471698113207547065e+00
1.528301886792452935e+00
1.103773584905660465e+00
2.443396226415094130e+00
9.056603773584905870e-01
2.160377358490566113e+00
8.867924528301887044e-01
9.056603773584905870e-01
8.867924528301887044e-01
1.462264150943396235e+00
1.433962264150943300e+00
1.283018867924528239e+00
4.075471698113207530e+00
9.811320754716981174e-01
2.150943396226415061e+00
9.905660377358490587e-01
2.773584905660377409e+00
9.811320754716981174e-01
6.150943396226415061e+00
2.235849056603773644e+00
1.556603773584905648e+00
2.528301886792452713e+00
1.443396226415094352e+00
1.927358490566037830e+01
1.252735849056603712e+02
3.075471698113207530e+00
1.424528301886792470e+00
7.622641509433962348e+00
3.150943396226415061e+00
9.905660377358490587e-01
2.216981132075471539e+00
3.773584905660377409e+00
8.462264150943395791e+00
7.264150943396226801e+00
9.650943396226415061e+00
2.962264150943396146e+01
1.859433962264150964e+01
3.339622641509433887e+00
2.793396226415094219e+01
8.245283018867924696e+00
2.594339622641509635e+00
3.470754716981132049e+01
4.792452830188679513e+00
1.585849056603773555e+01
7.349056603773584939e+00
5.179245283018867774e+00
2.905660377358490365e+00
2.103773584905660243e+00
1.235849056603773644e+00
1.226415094339622591e+00
1.066037735849056700e+00
7.735849056603774088e-01
1.188679245283018826e+00
2.000000000000000000e+00
1.981132075471698117e+00
3.150943396226415061e+00
7.075471698113207086e-01
1.669811320754716943e+00
1.018867924528301883e+00
1.245283018867924474e+00
1.660377358490566113e+00
5.674528301886792292e+01
2.037735849056603765e+00
2.339622641509433976e+01
1.047169811320754818e+00
1.009433962264151052e+00
1.254716981132075526e+00
1.981132075471698117e+00
1.500000000000000000e+00
2.679245283018867774e+00
1.103773584905660465e+00
1.952830188679245182e+00
7.641509433962264675e-01
3.415094339622641417e+00
9.150943396226415283e-01
2.764150943396226356e+00
1.386792452830188704e+00
1.830188679245283057e+00
1.018867924528301883e+00
2.396226415094339757e+00
1.688679245283018826e+00
1.132075471698113178e+00
2.198113207547169878e+00
1.905660377358490587e+00
6.000000000000000000e+00
2.801886792452830122e+00
1.056603773584905648e+00
1.500000000000000000e+00
3.424528301886792470e+00
8.830188679245283723e+00
8.962264150943396457e-01
1.037735849056603765e+00
1.188679245283018826e+00
8.867924528301887044e-01
1.981132075471698117e+00
8.773584905660377631e-01
1.933962264150943300e+00
9.150943396226415283e-01
1.452830188679245182e+00
2.028301886792452713e+00
2.783018867924528461e+00
9.245283018867924696e-01
1.122641509433962348e+00
1.179245283018867996e+00
6.792452830188678847e-01
1.839622641509433887e+00
4.150943396226415061e+00
1.245283018867924474e+00
9.433962264150943522e-01
3.773584905660377409e+00
2.047169811320754818e+00
1.990566037735848948e+00
1.594339622641509413e+00
2.839622641509433887e+00
1.801886792452830122e+00
1.443396226415094352e+00
1.547169811320754818e+00
1.424528301886792470e+00
1.169811320754716943e+00
1.867924528301886822e+00
1.792452830188679291e+00
1.830188679245283057e+00
8.018867924528302327e-01
1.537735849056603765e+00
8.603773584905660243e+00
7.830188679245283501e-01
2.245283018867924696e+00
1.000000000000000000e+00
9.528301886792452935e-01
1.716981132075471761e+00
7.075471698113207086e-01
1.613207547169811296e+00
1.433962264150943300e+00
8.773584905660377631e-01
3.056603773584905870e+00
9.245283018867924696e-01
1.028301886792452935e+00
7.735849056603774088e-01
8.396226415094339979e-01
1.367924528301886822e+00
1.009433962264151052e+00
1.858490566037735769e+00
3.301886792452830122e+00
7.452830188679244738e-01
9.528301886792452935e-01
7.924528301886792914e-01
1.650943396226415061e+00
1.518867924528301883e+00
1.339622641509433887e+00
7.075471698113207086e-01
1.773584905660377409e+00
3.575471698113207530e+00
7.735849056603774088e-01
8.188679245283019270e+00
1.490566037735848948e+00
8.301886792452830566e-01
7.452830188679244738e-01
1.084905660377358583e+00
1.830188679245283057e+00
6.792452830188678847e-01
1.283018867924528239e+00
1.141509433962264231e+00
1.537735849056603765e+00
1.018867924528301883e+00
3.235849056603773644e+00
9.339622641509434109e-01
9.433962264150943522e-01
6.886792452830188260e-01
6.886792452830188260e-01
6.915094339622641861e+00
7.641509433962264675e-01
1.141509433962264231e+00
6.981132075471697673e-01
1.056603773584905648e+00
1.273584905660377409e+00
8.207547169811321153e-01
1.299056603773584939e+01
7.047169811320754818e+00
2.179245283018867774e+00
8.301886792452830566e-01
8.962264150943396457e-01
4.924528301886792470e+00
8.679245283018868218e-01
2.433962264150943522e+00
9.132075471698113844e+00
1.641509433962264231e+00
2.905660377358490365e+00
6.339622641509434331e+00
9.905660377358490587e-01
1.141509433962264231e+00
6.886792452830188260e-01
6.603773584905660021e-01
7.443396226415094574e+00
6.226415094339622369e-01
8.018867924528302327e-01
3.396226415094339757e+00
7.735849056603774088e-01
1.424528301886792470e+00
1.122641509433962348e+00
8.207547169811321153e-01
1.066037735849056700e+00
9.339622641509434109e-01
7.830188679245283501e-01
1.679245283018867996e+00
1.226415094339622591e+00
1.933962264150943300e+00
1.518867924528301883e+00
8.679245283018868218e-01
2.575471698113207530e+00
1.396226415094339535e+00
2.292452830188679069e+00
7.924528301886792914e-01
7.169811320754716499e-01
1.141509433962264231e+00
6.537735849056604209e+00
6.792452830188678847e-01
1.452830188679245182e+00
3.660377358490566113e+00
9.622641509433962348e-01
6.981132075471697673e-01
7.641509433962264675e-01
1.047169811320754818e+00
1.000000000000000000e+00
8.396226415094339979e-01
4.669811320754717165e+00
1.603773584905660465e+00
6.132075471698112956e-01
9.528301886792452935e-01
8.490566037735849392e-01
1.028301886792452935e+00
1.688679245283018826e+00
1.452830188679245182e+00
8.018867924528302327e-01
6.981132075471697673e-01
8.490566037735849392e-01
1.632075471698113178e+00
7.452830188679244738e-01
2.056603773584905870e+00
7.735849056603774088e-01
7.830188679245283501e-01
1.566037735849056700e+00
1.839622641509433887e+00
2.905660377358490365e+00
1.471698113207547065e+00
1.556603773584905648e+00
1.047169811320754818e+00
3.198113207547169878e+00
2.783018867924528461e+00
1.358490566037735769e+00
1.169811320754716943e+00
8.396226415094339979e-01
7.075471698113207086e-01
1.471698113207547065e+00
7.735849056603774088e-01
1.188679245283018826e+00
1.245283018867924474e+00
1.179245283018867996e+00
1.566037735849056700e+00
1.198113207547169878e+00
1.613207547169811296e+00
7.830188679245283501e-01
1.141509433962264231e+00
9.349056603773584939e+00
3.509433962264151052e+00
1.169811320754716943e+00
9.056603773584905870e-01
3.518867924528302105e+00
1.103773584905660465e+00
4.594339622641509635e+00
8.396226415094339979e-01
9.811320754716981174e-01
3.603773584905660243e+00
1.226415094339622591e+00
6.886792452830188260e-01
3.650943396226415061e+00
7.641509433962264675e-01
7.547169811320755262e-01
6.698113207547169434e-01
9.528301886792452935e-01
7.169811320754716499e-01
1.632075471698113178e+00
8.679245283018868218e-01
8.018867924528302327e-01
8.396226415094339979e-01
1.320754716981132004e+00
1.339622641509433887e+00
9.905660377358490587e-01
7.547169811320755262e-01
9.339622641509434109e-01
9.245283018867924696e-01
1.603773584905660465e+00
2.367924528301886600e+00
1.867924528301886822e+00
8.396226415094339979e-01
1.471698113207547065e+00
1.773584905660377409e+00
7.452830188679244738e-01
9.811320754716981174e-01
1.141509433962264231e+00
2.226415094339622591e+00
4.660377358490565669e+00
2.301886792452830122e+00
7.452830188679244738e-01
3.160377358490566113e+00
2.103773584905660243e+00
8.773584905660377631e-01
2.367924528301886600e+00
1.773584905660377409e+00
1.132075471698113178e+00
1.075471698113207530e+00
8.396226415094339979e-01
1.801886792452830122e+00
7.358490566037735325e-01
7.641509433962264675e-01
5.018867924528302105e+00
6.981132075471697673e-01
2.339622641509433887e+00
2.547169811320754818e+00
3.405660377358490365e+00
1.339622641509433976e+01
1.056603773584905648e+00
3.509433962264151052e+00
6.698113207547169434e-01
7.452830188679244738e-01
7.924528301886792914e-01
1.056603773584905648e+00
1.490566037735848948e+00
4.773584905660377409e+00
8.490566037735849392e-01
7.547169811320755262e-01
1.292452830188679291e+00
6.603773584905660021e-01
2.009433962264151052e+00
1.801886792452830122e+00
2.415094339622641417e+00
1.386792452830188704e+00
3.443396226415094130e+00
6.886792452830188260e-01
2.849056603773584939e+00
2.735849056603773644e+00
9.433962264150943522e-01
7.452830188679244738e-01
1.452830188679245182e+00
7.641509433962264675e-01
7.358490566037735325e-01
9.528301886792452935e-01
2.641509433962264008e+00
1.273584905660377409e+00
6.415094339622641195e-01
2.292452830188679069e+00
8.396226415094339979e-01
1.933962264150943300e+00
6.509433962264150608e-01
3.660377358490566113e+00
1.292452830188679291e+00
7.735849056603774088e-01
2.179245283018867774e+00
3.367924528301886600e+00
1.905660377358490587e+00
7.169811320754716499e-01
1.962264150943396235e+00
1.575471698113207530e+00
1.773584905660377409e+00
1.311320754716981174e+00
1.179245283018867996e+00
3.518867924528302105e+00
3.084905660377358583e+00
1.056603773584905648e+00
2.490566037735848948e+00
7.547169811320755262e-01
1.084905660377358583e+00
9.245283018867924696e-01
7.358490566037735325e-01
1.367924528301886822e+00
2.103773584905660243e+00
1.207547169811320709e+00
1.132075471698113178e+00
9.339622641509434109e-01
2.179245283018867774e+00
7.547169811320755262e-01
9.150943396226415283e-01
1.047169811320754818e+00
1.452830188679245182e+00
1.566037735849056700e+00
8.679245283018868218e-01
3.547169811320754818e+00
8.396226415094339979e-01
1.122641509433962348e+00
1.320754716981132004e+00
1.490566037735848948e+00
8.396226415094339979e-01
1.584905660377358583e+00
1.301886792452830122e+00
1.358490566037735769e+00
1.094339622641509413e+00
8.584905660377358805e-01
1.132075471698113178e+00
7.924528301886792914e-01
2.358490566037735992e+00
7.358490566037735325e-01
1.084905660377358583e+00
6.698113207547169878e+00
9.528301886792452935e-01
1.566037735849056700e+00
9.056603773584905870e-01
8.207547169811321153e-01
3.018867924528302105e+00
9.056603773584905870e-01
1.330188679245283057e+00
8.113207547169811740e-01
1.905660377358490587e+00
2.547169811320754818e+00
1.726415094339622591e+00
2.707547169811320931e+00
1.660377358490566113e+00
1.066037735849056700e+00
9.716981132075471761e-01
1.801886792452830122e+00
4.858490566037735547e+00
1.018867924528301883e+00
1.103773584905660465e+00
9.716981132075471761e-01
6.981132075471697673e-01
2.849056603773584939e+00
1.716981132075471761e+00
2.528301886792452713e+00
1.066037735849056700e+00
8.773584905660377631e-01
2.207547169811320931e+00
1.132075471698113178e+00
1.169811320754716943e+00
3.037735849056603765e+00
1.235849056603773644e+00
1.575471698113207530e+00
6.603773584905660021e-01
1.320754716981132004e+00
1.303773584905660421e+01
1.207547169811320709e+00
9.415094339622640973e+00
2.094339622641509635e+00
8.396226415094339979e-01
7.735849056603774088e-01
1.339622641509433887e+00
8.301886792452830566e-01
1.179245283018867996e+00
2.858490566037735992e+00
2.226415094339622591e+00
2.952830188679245182e+00
9.716981132075471761e-01
1.405660377358490587e+00
3.990566037735848948e+00
1.113207547169811296e+00
3.688679245283018826e+00
1.188679245283018826e+00
1.216981132075471761e+00
8.301886792452830566e-01
9.056603773584905870e-01
1.556603773584905648e+00
1.075471698113207530e+00
1.424528301886792470e+00
1.254716981132075526e+00
1.132075471698113178e+00
7.358490566037735325e-01
7.075471698113207086e-01
1.377358490566037652e+00
7.547169811320755262e-01
7.452830188679245182e+00
5.349056603773584939e+00
1.301886792452830122e+00
1.641509433962264231e+00
4.075471698113207530e+00
8.679245283018868218e-01
1.254716981132075526e+00
2.000000000000000000e+00
5.679245283018867774e+00
9.433962264150943522e-01
1.028301886792452935e+00
8.773584905660377631e-01
7.830188679245283501e-01
1.000000000000000000e+00
2.320754716981132226e+00
1.169811320754716943e+00
9.716981132075471761e-01
1.594339622641509413e+00
9.433962264150943522e-01
1.283018867924528239e+00
4.037735849056604209e+00
2.424528301886792470e+00
1.735849056603773644e+00
1.896226415094339535e+00
7.452830188679244738e-01
1.094339622641509413e+00
1.792452830188679291e+00
1.424528301886792470e+00
1.858490566037735769e+00
8.773584905660377631e-01
2.311320754716981174e+00
1.490566037735848948e+00
4.877358490566037652e+00
9.905660377358490587e-01
1.037735849056603765e+00
1.301886792452830122e+00
1.273584905660377409e+00
2.377358490566037652e+00
1.603773584905660465e+00
6.886792452830188260e-01
1.500000000000000000e+00
2.301886792452830122e+00
1.264150943396226356e+00
1.301886792452830122e+00
4.518867924528302105e+00
8.396226415094339979e-01
1.216981132075471761e+00
2.594339622641509635e+00
2.509433962264151052e+00
2.367924528301886600e+00
9.433962264150943522e-01
1.245283018867924474e+00
2.009433962264151052e+00
1.716981132075471761e+00
1.169811320754716943e+00
2.141509433962264008e+00
6.981132075471697673e-01
1.726415094339622591e+00
1.254716981132075526e+00
1.867924528301886822e+00
1.933962264150943300e+00
2.801886792452830122e+00
6.981132075471697673e-01
3.452830188679245182e+00
8.773584905660377631e-01
7.924528301886792914e-01
6.509433962264150608e-01
3.047169811320754818e+00
1.433962264150943300e+00
7.264150943396225912e-01
8.584905660377358805e-01
7.641509433962264675e-01
1.377358490566037652e+00
6.613207547169811740e+00
1.632075471698113178e+00
1.160377358490566113e+00
1.424528301886792470e+00
8.679245283018868218e-01
1.367924528301886822e+00
1.811320754716981174e+00
1.641509433962264231e+00
1.518867924528301883e+00
8.490566037735849392e-01
1.028301886792452935e+00
1.283018867924528239e+00
1.103773584905660465e+00
3.311320754716981174e+00
6.509433962264150608e-01
8.396226415094339979e-01
8.301886792452830566e-01
4.820754716981132226e+00
1.330188679245283057e+00
2.226415094339622591e+00
1.113207547169811296e+00
1.122641509433962348e+00
1.056603773584905648e+00
1.575471698113207530e+00
1.148113207547169878e+01
6.886792452830188260e-01
7.547169811320755262e-01
2.537735849056603765e+00
1.471698113207547065e+00
1.933962264150943300e+00
1.198113207547169878e+00
1.158490566037735903e+01
9.056603773584905870e-01
1.075471698113207530e+00
4.113207547169811740e+00
1.754716981132075526e+00
2.575471698113207530e+00
8.122641509433961460e+00
4.320754716981132226e+00
7.641509433962264675e-01
1.028301886792452935e+00
1.632075471698113178e+00
7.358490566037735325e-01
8.113207547169811740e-01
1.452830188679245182e+00
9.433962264150943522e-01
1.169811320754716943e+00
8.867924528301887044e-01
8.490566037735849392e-01
8.867924528301887044e-01
6.792452830188678847e-01
2.037735849056603765e+00
1.405660377358490587e+00
7.452830188679244738e-01
1.858490566037735769e+00
1.207547169811320709e+00
1.113207547169811296e+00
2.311320754716981174e+00
5.839622641509434331e+00
7.169811320754716499e-01
1.018867924528301883e+00
5.245283018867924696e+00
6.198113207547169878e+00
1.066037735849056700e+00
1.075471698113207530e+00
1.594339622641509413e+00
1.830188679245283057e+00
8.490566037735849392e-01
1.226415094339622591e+00
7.452830188679244738e-01
7.358490566037735325e-01
6.981132075471697673e-01
1.688679245283018826e+00
9.339622641509434109e-01
2.113207547169811296e+00
8.490566037735849392e-01
8.113207547169811740e-01
8.207547169811321153e-01
5.490566037735849392e+00
7.735849056603774088e-01
1.009433962264151052e+00
7.452830188679244738e-01
1.641509433962264231e+00
1.990566037735848948e+00
7.452830188679244738e-01
1.839622641509433887e+00
1.933962264150943300e+00
1.160377358490566113e+00
1.330188679245283057e+00
8.679245283018868218e-01
4.301886792452830122e+00
8.207547169811321153e-01
2.915094339622641417e+00
9.433962264150943522e-01
1.150943396226415061e+00
3.320754716981132226e+00
1.396226415094339535e+00
3.754716981132075304e+00
1.773584905660377409e+00
2.235849056603773644e+00
9.056603773584905870e-01
5.405660377358490365e+00
9.622641509433962348e-01
1.433962264150943300e+00
8.113207547169811740e-01
1.716981132075471761e+00
7.924528301886792914e-01
1.122641509433962348e+00
1.075471698113207530e+00
6.981132075471697673e-01
1.122641509433962348e+00
3.452830188679245182e+00
7.924528301886792914e-01
6.792452830188678847e-01
8.018867924528302327e-01
1.584905660377358583e+00
7.358490566037735325e-01
5.320754716981132226e+00
8.301886792452830566e-01
1.981132075471698117e+00
1.500000000000000000e+00
7.641509433962264453e+00
1.320754716981132004e+00
8.396226415094339979e-01
1.905660377358490587e+00
1.773584905660377409e+00
9.339622641509434109e-01
2.830188679245282835e+00
6.415094339622641195e-01
9.056603773584905870e-01
5.301886792452830122e+00
8.584905660377358805e-01
9.905660377358490587e-01
1.344339622641509457e+01
4.688679245283019270e+00
1.377358490566037652e+00
9.056603773584905870e-01
6.415094339622641195e-01
1.132075471698113178e+00
1.915094339622641417e+00
2.339622641509433887e+00
8.962264150943396457e-01
7.358490566037735325e-01
7.075471698113207086e-01
4.320754716981132226e+00
1.443396226415094352e+00
8.018867924528302327e-01
2.320754716981132226e+00
8.396226415094339979e-01
7.264150943396225912e-01
1.141509433962264231e+00
1.235849056603773644e+00
1.150943396226415061e+00
9.811320754716981174e-01
1.669811320754716943e+00
6.509433962264150608e-01
1.433962264150943300e+00
9.245283018867924696e-01
9.339622641509434109e-01
1.858490566037735769e+00
2.933962264150943522e+00
8.113207547169811740e-01
2.160377358490566113e+00
1.509433962264151052e+00
8.018867924528302327e-01
2.311320754716981174e+00
7.547169811320755262e-01
3.132075471698113400e+00
6.981132075471697673e-01
1.292452830188679291e+00
2.245283018867924696e+00
3.424528301886792470e+00
1.292452830188679291e+00
8.018867924528302327e-01
1.047169811320754818e+00
7.358490566037735325e-01
1.839622641509433887e+00
8.018867924528302327e-01
1.000000000000000000e+00
8.301886792452830566e-01
1.707547169811320709e+00
1.226415094339622591e+00
7.547169811320755262e-01
1.264150943396226356e+00
2.575471698113207530e+00
3.226415094339622591e+00
7.358490566037735325e-01
7.830188679245283501e-01
2.028301886792452713e+00
6.556603773584905426e+00
8.773584905660377631e-01
1.028301886792452935e+00
1.122641509433962348e+00
1.632075471698113178e+00
1.726415094339622591e+00
8.632075471698113844e+00
1.660377358490566113e+00
1.490566037735848948e+00
8.773584905660377631e-01
2.745283018867924696e+00
3.235849056603773644e+00
7.264150943396225912e-01
1.094339622641509413e+00
1.660377358490566113e+00
6.320754716981131782e-01
1.056603773584905648e+00
2.103773584905660243e+00
8.490566037735849392e-01
6.603773584905660021e-01
8.301886792452830566e-01
3.792452830188679069e+00
8.632075471698113844e+00
2.320754716981132226e+00
7.075471698113207086e-01
1.490566037735848948e+00
2.311320754716981174e+00
4.386792452830188260e+00
2.594339622641509635e+00
9.811320754716981174e-01
7.641509433962264675e-01
1.811320754716981174e+00
9.622641509433962348e-01
7.547169811320755262e-01
7.169811320754716499e-01
8.490566037735849392e-01
9.622641509433962348e-01
2.122641509433962348e+00
6.415094339622641195e-01
1.915094339622641417e+00
1.056603773584905648e+00
1.905660377358490587e+00
8.867924528301887044e-01
7.358490566037735325e-01
1.622641509433962348e+00
5.707547169811320487e+00
8.679245283018868218e-01
1.273584905660377409e+00
7.169811320754716499e-01
1.037735849056603765e+00
3.367924528301886600e+00
3.056603773584905870e+00
5.471698113207547287e+00
1.037735849056603765e+00
1.547169811320754818e+00
4.952830188679245182e+00
8.584905660377358805e-01
1.198113207547169878e+00
2.207547169811320931e+00
1.169811320754716943e+00
8.207547169811321153e-01
5.584905660377358139e+00
3.481132075471697895e+00
1.103773584905660465e+00
6.981132075471697673e-01
1.792452830188679291e+00
2.169811320754717165e+00
8.679245283018868218e-01
6.981132075471697673e-01
5.160377358490565669e+00
3.122641509433962348e+00
1.264150943396226356e+00
1.018867924528301883e+00
7.264150943396225912e-01
1.773584905660377409e+00
1.452830188679245182e+00
2.330188679245282835e+00
8.962264150943396457e-01
1.367924528301886822e+00
9.716981132075471761e-01
1.415094339622641417e+00
6.886792452830188260e-01
1.124528301886792470e+01
9.339622641509434109e-01
1.500000000000000000e+00
2.349056603773584939e+00
7.264150943396225912e-01
1.264150943396226356e+00
1.141509433962264231e+00
1.056603773584905648e+00
1.330188679245283057e+00
1.009433962264151052e+00
2.886792452830188704e+00
9.622641509433962348e-01
9.518867924528301216e+00
9.905660377358490587e-01
1.537735849056603765e+00
7.169811320754716499e-01
1.566037735849056700e+00
1.424528301886792470e+00
1.990566037735848948e+00
7.264150943396225912e-01
2.433962264150943522e+00
8.867924528301887044e-01
8.962264150943396457e-01
7.452830188679244738e-01
2.141509433962264008e+00
1.367924528301886822e+00
7.358490566037735325e-01
8.113207547169811740e-01
1.349056603773584939e+00
2.688679245283018826e+00
1.339622641509433887e+00
1.556603773584905648e+00
1.471698113207547065e+00
7.452830188679244738e-01
2.490566037735848948e+00
1.084905660377358583e+00
9.528301886792452935e-01
2.103773584905660243e+00
1.924528301886792470e+00
2.056603773584905870e+00
1.122641509433962348e+00
3.933962264150943522e+00
3.037735849056603765e+00
2.292452830188679069e+00
1.047169811320754818e+00
2.075471698113207530e+00
6.792452830188678847e-01
9.528301886792452935e-01
1.198113207547169878e+00
3.207547169811320931e+00
1.226415094339622591e+00
2.377358490566037652e+00
7.358490566037735325e-01
4.443396226415094574e+00
1.990566037735848948e+00
4.207547169811320487e+00
1.273584905660377409e+00
1.660377358490566113e+00
2.188679245283018826e+00
1.179245283018867996e+00
1.924528301886792470e+00
1.292452830188679291e+00
8.396226415094339979e-01
2.915094339622641417e+00
1.037735849056603765e+00
6.981132075471697673e-01
4.632075471698112956e+00
3.000000000000000000e+00
7.358490566037735325e-01
4.735849056603773199e+00
1.537735849056603765e+00
1.726415094339622591e+00
8.867924528301887044e-01
1.792452830188679291e+00
9.433962264150943522e-01
1.518867924528301883e+00
1.150943396226415061e+00
9.622641509433962348e-01
1.245283018867924474e+00
6.415094339622641195e-01
1.349056603773584939e+00
1.122641509433962348e+00
6.952830188679245182e+00
7.169811320754716499e-01
7.830188679245282835e+00
3.113207547169811296e+00
5.103773584905660243e+00
6.235849056603773199e+00
5.556603773584905426e+00
7.358490566037735325e-01
2.037735849056603765e+00
8.867924528301887044e-01
1.084905660377358583e+00
9.528301886792452935e-01
9.150943396226415283e-01
1.027358490566037652e+01
1.339622641509433887e+00
8.867924528301887044e-01
6.981132075471697673e-01
2.632075471698113400e+00
1.509433962264151052e+00
2.056603773584905870e+00
3.867924528301886600e+00
8.396226415094339979e-01
1.150943396226415061e+00
1.858490566037735769e+00
8.867924528301887044e-01
1.367924528301886822e+00
1.339622641509433887e+00
2.311320754716981174e+00
8.867924528301887044e-01
2.660377358490566113e+00
7.547169811320755262e-01
1.424528301886792470e+00
2.084905660377358583e+00
4.716981132075471983e+00
2.386792452830188704e+00
1.433962264150943300e+00
2.641509433962264008e+00
9.245283018867924696e-01
9.433962264150943522e-01
1.122641509433962348e+00
6.037735849056603543e-01
8.509433962264150608e+00
1.783018867924528239e+00
1.150943396226415061e+00
1.311320754716981174e+00
3.566037735849056478e+00
8.113207547169811740e-01
7.547169811320755262e-01
3.877358490566037652e+00
7.547169811320755262e-01
2.603773584905660243e+00
8.396226415094339979e-01
1.490566037735848948e+00
1.292452830188679291e+00
2.301886792452830122e+00
9.716981132075471761e-01
1.528301886792452935e+00
2.877358490566037652e+00
1.915094339622641417e+00
2.301886792452830122e+00
1.386792452830188704e+00
1.094339622641509413e+00
1.047169811320754818e+00
1.283018867924528239e+00
1.500000000000000000e+00
1.924528301886792470e+00
4.377358490566037652e+00
9.245283018867924696e-01
9.150943396226415283e-01
1.198113207547169878e+00
2.613207547169811296e+00
1.707547169811320709e+00
1.047169811320754818e+00
2.622641509433962348e+00
1.283018867924528239e+00
4.009433962264150608e+00
7.264150943396225912e-01
1.018867924528301883e+00
1.160377358490566113e+00
6.415094339622641195e-01
1.641509433962264231e+00
1.896226415094339535e+00
8.584905660377358805e-01
7.641509433962264675e-01
1.933962264150943300e+00
1.000000000000000000e+00
7.735849056603774088e-01
7.452830188679244738e-01
6.886792452830188260e-01
2.745283018867924696e+00
2.330188679245282835e+00
9.716981132075471761e-01
1.358490566037735769e+00
1.613207547169811296e+00
8.301886792452830566e-01
1.443396226415094352e+00
6.792452830188678847e-01
1.037735849056603765e+00
1.575471698113207530e+00
1.632075471698113178e+00
9.811320754716981174e-01
1.179245283018867996e+00
8.113207547169811740e-01
1.509433962264151052e+00
4.556603773584905426e+00
1.075471698113207530e+00
1.301886792452830122e+00
1.037735849056603765e+00
9.150943396226415283e-01
2.415094339622641417e+00
2.952830188679245182e+00
6.981132075471697673e-01
9.150943396226415283e-01
1.056603773584905648e+00
8.679245283018868218e-01
1.433962264150943300e+00
1.679245283018867996e+00
3.688679245283018826e+00
1.150943396226415061e+00
8.396226415094339979e-01
6.981132075471697673e-01
1.405660377358490587e+00
7.169811320754717165e+00
1.179245283018867996e+00
9.622641509433962348e-01
8.490566037735849392e-01
9.679245283018868662e+00
2.915094339622641417e+00
1.792452830188679291e+00
2.783018867924528461e+00
8.962264150943395791e+00
7.735849056603773199e+00
9.905660377358490587e-01
8.113207547169811740e-01
1.339622641509433887e+00
1.056603773584905648e+00
7.264150943396225912e-01
1.009433962264151052e+00
1.839622641509433887e+00
8.867924528301887044e-01
8.113207547169811740e-01
1.075471698113207530e+00
1.396226415094339535e+00
1.207547169811320709e+00
3.518867924528302105e+00
1.009433962264151052e+00
9.716981132075471761e-01
1.084905660377358583e+00
5.518867924528302105e+00
2.066037735849056478e+00
1.320754716981132004e+00
9.433962264150943522e-01
1.235849056603773644e+00
1.273584905660377409e+00
1.188679245283018826e+00
1.396226415094339535e+00
2.216981132075471539e+00
6.688679245283019270e+00
1.367924528301886822e+00
2.415094339622641417e+00
1.433962264150943300e+00
6.981132075471697673e-01
8.584905660377358805e-01
1.886792452830188704e+00
1.632075471698113178e+00
1.245283018867924474e+00
1.839622641509433887e+00
6.698113207547169434e-01
6.415094339622641195e-01
1.462264150943396235e+00
1.981132075471698117e+00
5.216981132075471983e+00
6.320754716981131782e-01
1.216981132075471761e+00
9.528301886792452935e-01
6.509433962264150608e-01
7.264150943396225912e-01
1.490566037735848948e+00
1.518867924528301883e+00
1.037735849056603765e+00
5.660377358490565891e-01
9.056603773584905870e-01
1.754716981132075526e+00
2.452830188679245182e+00
1.273584905660377409e+00
1.660377358490566113e+00
8.018867924528302327e-01
9.245283018867924696e-01
1.773584905660377409e+00
8.396226415094339979e-01
7.924528301886792914e-01
1.056603773584905648e+00
8.962264150943396457e-01
1.113207547169811296e+00
6.320754716981131782e-01
8.301886792452830566e-01
1.518867924528301883e+00
8.698113207547169878e+00
1.283018867924528239e+00
1.084905660377358583e+00
1.017924528301886866e+01
6.886792452830188260e-01
4.707547169811320487e+00
1.254716981132075526e+00
4.264150943396226801e+00
5.839622641509434331e+00
3.660377358490566113e+00
2.320754716981132226e+00
1.320754716981132004e+00
1.245283018867924474e+00
6.981132075471697673e-01
2.830188679245282835e+00
1.603773584905660465e+00
6.226415094339622369e-01
2.358490566037735992e+00
6.207547169811320487e+00
7.641509433962264675e-01
1.443396226415094352e+00
3.047169811320754818e+00
9.056603773584905870e-01
3.113207547169811296e+00
7.547169811320755262e-01
9.433962264150943522e-01
2.103773584905660243e+00
1.160377358490566113e+00
8.113207547169811740e-01
1.273584905660377409e+00
1.028301886792452935e+00
1.641509433962264231e+00
6.386792452830188260e+00
8.113207547169811740e-01
1.915094339622641417e+00
1.867924528301886822e+00
1.084905660377358583e+00
3.896226415094339757e+00
6.886792452830188260e-01
8.679245283018868218e-01
6.981132075471697673e-01
1.830188679245283057e+00
1.396226415094339535e+00
4.377358490566037652e+00
2.084905660377358583e+00
8.207547169811321153e-01
9.443396226415094574e+00
1.216981132075471761e+00
1.632075471698113178e+00
2.358490566037735992e+00
9.339622641509434109e-01
2.905660377358490365e+00
1.688679245283018826e+00
8.679245283018868218e-01
7.452830188679244738e-01
9.716981132075471761e-01
1.792452830188679291e+00
1.386792452830188704e+00
7.830188679245283501e-01
7.830188679245283501e-01
8.773584905660377631e-01
1.867924528301886822e+00
2.452830188679245182e+00
4.801886792452830122e+00
8.962264150943396457e-01
7.075471698113207086e-01
2.113207547169811296e+00
1.584905660377358583e+00
1.339622641509433887e+00
6.509433962264150608e-01
8.679245283018868218e-01
1.094339622641509413e+00
2.783018867924528461e+00
1.452830188679245182e+00
6.698113207547169434e-01
1.084905660377358583e+00
2.188679245283018826e+00
8.962264150943396457e-01
1.000000000000000000e+00
1.000000000000000000e+00
7.358490566037735325e-01
1.924528301886792470e+00
9.811320754716981174e-01
1.405660377358490587e+00
6.566037735849056922e+00
1.547169811320754818e+00
1.716981132075471761e+00
2.603773584905660243e+00
8.867924528301887044e-01
6.698113207547169434e-01
6.566037735849056922e+00
8.490566037735849392e-01
7.169811320754716499e-01
1.094339622641509413e+00
6.886792452830188260e-01
1.207547169811320709e+00
3.669811320754717165e+00
1.235849056603773644e+00
1.377358490566037652e+00
3.481132075471697895e+00
1.037735849056603765e+00
1.292452830188679291e+00
1.075471698113207530e+00
7.169811320754716499e-01
3.000000000000000000e+00
2.122641509433962348e+00
2.273584905660377409e+00
8.490566037735849392e-01
8.792452830188679513e+00
1.018867924528301883e+00
1.113207547169811296e+00
3.056603773584905870e+00
9.339622641509434109e-01
1.113207547169811296e+00
2.122641509433962348e+00
1.579245283018867951e+01
4.311320754716980730e+00
4.528301886792452713e+00
1.132075471698113178e+00
7.547169811320755262e-01
7.169811320754716499e-01
8.018867924528302327e-01
1.377358490566037652e+00
7.735849056603774088e-01
1.754716981132075526e+00
1.330188679245283057e+00
2.566037735849056478e+00
1.707547169811320709e+00
1.500000000000000000e+00
9.056603773584905870e-01
7.641509433962264675e-01
7.556603773584905426e+00
5.735849056603773199e+00
1.490566037735848948e+00
9.339622641509434109e-01
1.047169811320754818e+00
9.245283018867924696e-01
8.018867924528302327e-01
7.452830188679244738e-01
3.320754716981132226e+00
7.735849056603774088e-01
7.830188679245283501e-01
6.981132075471697673e-01
7.075471698113207086e-01
7.452830188679244738e-01
6.226415094339622369e-01
9.528301886792452935e-01
6.905660377358490365e+00
1.764150943396226356e+00
2.291509433962264097e+01
8.018867924528302327e-01
9.528301886792452935e-01
3.358490566037735992e+00
1.094339622641509413e+00
1.698113207547169878e+00
5.169811320754717165e+00
1.566037735849056700e+00
9.528301886792452935e-01
7.830188679245283501e-01
1.216981132075471761e+00
2.226415094339622591e+00
8.962264150943396457e-01
1.660377358490566113e+00
1.339622641509433887e+00
1.679245283018867996e+00
1.792452830188679291e+00
8.207547169811321153e-01
1.132075471698113178e+00
8.330188679245283723e+00
7.358490566037735325e-01
1.132075471698113178e+00
1.849056603773584939e+00
5.707547169811320487e+00
8.773584905660377631e-01
8.962264150943396457e-01
2.452830188679245182e+00
1.075471698113207530e+00
9.622641509433962348e-01
2.207547169811320931e+00
9.150943396226415283e-01
1.990566037735848948e+00
1.433962264150943300e+00
6.886792452830188260e-01
1.783018867924528239e+00
4.292452830188679513e+00
8.207547169811321153e-01
1.867924528301886822e+00
1.169811320754716943e+00
3.330188679245282835e+00
1.471698113207547065e+00
5.462264150943395791e+00
9.811320754716981174e-01
9.528301886792452935e-01
1.792452830188679291e+00
1.075471698113207530e+00
7.367924528301887044e+00
1.688679245283018826e+00
1.000000000000000000e+00
8.301886792452830566e-01
1.584905660377358583e+00
1.339622641509433887e+00
1.915094339622641417e+00
2.358490566037735992e+00
8.584905660377358805e-01
1.462264150943396235e+00
5.179245283018867774e+00
1.773584905660377409e+00
7.830188679245283501e-01
7.452830188679244738e-01
1.481132075471698117e+00
1.028301886792452935e+00
8.773584905660377631e-01
1.169811320754716943e+00
1.471698113207547065e+00
5.113207547169811740e+00
1.018867924528301883e+00
2.235849056603773644e+00
4.254716981132075304e+00
7.358490566037735325e-01
4.679245283018867774e+00
8.773584905660377631e-01
8.113207547169811740e-01
1.047169811320754818e+00
1.216981132075471761e+00
8.962264150943396457e-01
2.037735849056603765e+00
1.245283018867924474e+00
1.075471698113207530e+00
2.000000000000000000e+00
1.150943396226415061e+00
1.367924528301886822e+00
8.207547169811321153e-01
8.867924528301887044e-01
1.264150943396226356e+00
1.830188679245283057e+00
1.047169811320754818e+00
