-1.297255920509191753e+02
-2.121957513197792480e+02
-1.534439520357780680e+02
-1.104656329114739037e+02
-1.711257513533877841e+02
-1.004474690620255188e+02
-1.595901755230782442e+02
-3.978873225117023935e+02
-6.722122506979351328e+02
-9.798766653884747768e+01
-1.290506892373301184e+02
-1.951062508097462000e+02
-1.329745964187883374e+02
-1.236534167021297037e+02
-1.439838475007930469e+02
-1.846449676133621836e+02
-9.037783628436064021e+01
-9.914222627016873446e+01
-1.210664623096891575e+02
-9.450614369243473334e+01
-9.501755032783549382e+01
-1.482795429056537557e+02
-1.858923423754253008e+02
-2.300836917264864780e+02
-1.024373690075410508e+02
-2.350357318352102425e+02
-9.569885701550526846e+01
-8.068506976314017720e+01
-9.842950932570927591e+01
-7.745652881184631156e+01
-1.610827995614094732e+02
-1.423998593436361944e+02
-1.042789093915599636e+02
-1.184476668975521676e+02
-2.214803718364676115e+02
-1.256825718564713839e+02
-9.469468274182554524e+01
-1.995163760908026518e+02
-1.678710143802427979e+02
-1.767188531568514804e+02
-9.219341763667722489e+01
-1.074277020095451434e+02
-1.040116674356410726e+02
-1.293804158675253575e+02
-1.397165847104651277e+02
-1.580471920503233036e+02
-1.744666602041802150e+02
-1.198488099163623843e+02
-3.122847313276636214e+02
-1.065621050708114410e+02
-9.249614201663089830e+01
-1.661656486980084821e+02
-9.103693316152725856e+01
-1.163728902613315626e+02
-1.483334025868074093e+02
-1.222904634067017469e+02
-8.687359106198952929e+01
-1.850682371058135516e+02
-1.245487616352614708e+02
-1.144786695364420837e+02
-1.220852290466348649e+02
-1.395414825699309915e+02
-1.107791173962296085e+02
-1.281568017656304619e+02
-8.866544945152675439e+01
-1.204515779760698990e+02
-1.125805959518089168e+02
-1.672227081132428168e+02
-8.251311701311419711e+01
-1.289321651538589322e+02
-8.764633533390507125e+01
-1.447683229959837092e+02
-1.498051327014110825e+02
-1.260721437488898999e+02
-1.056390270711345636e+02
-1.279490592057764644e+02
-1.046000513719852449e+02
-1.048137626081257707e+02
-1.267635740742544641e+02
-1.421357951335576786e+02
-1.032590364008362798e+02
-1.046457814356044622e+02
-1.601521715327428126e+02
-1.051375567024546740e+02
-9.296335025295471155e+01
-9.399789810192933714e+01
-9.039681441515888594e+01
-8.994947749130210468e+01
-1.353632225989246365e+02
-1.066257525719593815e+02
-1.782279695256264915e+02
-1.190515960122324941e+02
-1.074297089136694154e+02
-1.125923560647785564e+02
-1.218716341123605673e+02
-7.860562822146030726e+01
-1.072655222297999273e+02
-1.131911856852914156e+02
-1.005591308084367625e+02
-1.206990564607949068e+02
-9.081898344213834662e+01
-1.432859994841012679e+02
-1.283901866986061293e+02
-1.266029007173369791e+02
-9.593239109519907970e+01
-1.015251852171380307e+02
-1.707994360869908519e+02
-1.288823220489994412e+02
-1.434253289424019897e+02
-1.270623222313631544e+02
-2.238126113392809486e+02
-1.580420914311337128e+02
-6.747648599307649420e+02
-1.402433414066931334e+02
-1.107347101008561765e+02
-9.997010186232937201e+01
-1.159028359155998373e+02
-1.349913603795489507e+02
-2.693061393748789101e+02
-1.154360715842476111e+03
-1.089286913573186553e+02
-1.117002329642718195e+02
-9.782838775980985702e+01
-1.009069022026171325e+02
-1.005953667878571025e+02
-1.426565083148972235e+02
-1.120852067775681462e+02
-1.218253989696199824e+02
-1.112838378919141462e+02
-1.326854703111513061e+02
-9.808666860201013549e+01
-8.213088484443690618e+01
-1.067644347021763309e+02
-1.118398352752809473e+02
-1.196474293344728181e+02
-1.496454503409923973e+02
-1.274720897558402442e+02
-1.449693351370476648e+02
-1.357198922904798053e+02
-1.030852574095613647e+02
-1.413338678989834136e+02
-9.143625991695822108e+01
-4.064971040591742621e+02
-8.074711285904891156e+01
-1.209070816486933779e+02
-1.083668470278429794e+02
-1.070943143037413989e+02
-2.212334552107359400e+02
-1.990135490544419667e+02
-3.518086705772151390e+02
-1.087810438904771217e+02
-1.000259597991612424e+02
-1.739549286886492609e+02
-2.279915351214381189e+02
-1.829686825059993112e+02
-1.539391492132959058e+02
-1.911108818946292729e+02
-1.874566889616861545e+02
-2.455942049153809137e+02
-1.526007878922460463e+02
-1.651431270436748093e+02
-1.090929823571091504e+02
-2.874088999108949452e+02
-2.087859952762582907e+02
-1.705359306006048143e+02
-1.128998574341511727e+02
-1.055363704448842128e+02
-1.817087887823008145e+02
-2.036996447335828009e+02
-1.680359272460835598e+02
-1.550717462599213832e+02
-1.825964793704597469e+02
-1.611639710873035085e+02
-1.445426991596762036e+02
-1.606219578166341648e+02
-1.629128428551805712e+02
-1.266019004227523084e+02
-9.547226169691222708e+01
-1.276809650362394279e+02
-1.168635486187284158e+02
-1.168224040130876489e+02
-1.168379851606249957e+02
-1.206522316507299735e+02
-1.536879734532487305e+02
-1.612968175535650346e+02
-9.290259260263579222e+01
-1.300269572059419829e+02
-1.225808931311503756e+02
-1.513117595833407734e+02
-1.065376191274148994e+02
-1.598005664313334080e+02
-5.186782752772807044e+02
-1.267774741607137230e+02
-1.520960075133992575e+02
-1.224861578592171298e+02
-1.760530778152470930e+02
-1.846256078743755324e+02
-9.409553976931056241e+01
-8.699321509256249385e+01
-1.257976854672596971e+02
-2.541910684553540989e+02
-1.189997210761921878e+02
-2.582749678921501300e+02
-1.579529789983588159e+02
-1.441317080251979235e+02
-4.856989539508741700e+02
-1.960344211334989950e+02
-1.578525859154286763e+02
-1.370593374866092233e+02
-8.842419691002307047e+01
-3.094487326811380967e+02
-1.277948088367632948e+02
-1.903679864516947760e+02
-2.479669644165996374e+02
-1.871476191088419228e+02
-2.824023777736673537e+02
-1.949857996098156150e+02
-1.770814104677613443e+02
-2.459983139513815047e+02
-1.033695868930492310e+02
-2.013972130006875716e+02
-2.212896977939414569e+02
-1.799505222341895774e+02
-1.241779448433137532e+02
-1.774823220696935948e+02
-1.491276742414267744e+02
-8.492180946084616266e+01
-7.685016293955039828e+02
-3.659594080357940129e+02
-2.375953567258118824e+02
-2.208711935574435472e+02
-1.064367780392737473e+02
-9.589888449592031350e+01
-1.480354498017529750e+02
-8.572455766676814903e+01
-1.577830633974992054e+02
-3.358390071318825676e+02
-1.194718852709129067e+02
-2.283770686431979584e+02
-1.169596108429603589e+02
-1.046958824997664124e+02
-1.087804276846792675e+02
-1.012451805086349168e+02
-8.943480026947206341e+01
-1.388916373162682873e+02
-1.141916400933375257e+02
-1.202090740971367353e+02
-1.196913020974448614e+02
-1.847979216748162798e+02
-1.098932420364462672e+02
-1.389009320049643179e+02
-2.918511130402060303e+02
-9.723711374377805328e+01
-1.115035171202936795e+02
-9.545341484048920222e+01
-2.507269005200004415e+02
-1.854566615235534073e+02
-1.130743112580992147e+02
-2.523467127206771750e+02
-2.130537134010006071e+02
-2.887702784202248836e+02
-1.287466271165050102e+02
-1.275203490675719138e+02
-2.045299592157158202e+02
-2.123018816037357794e+02
-1.081352870020439525e+02
-1.153814572945645978e+02
-1.143342093404746009e+02
-1.107644051607134941e+02
-9.616677656735713242e+01
-2.154352929640372736e+02
-1.506374638483403317e+02
-1.151292910303912436e+02
-1.300880161929307235e+02
-8.611986889100117537e+01
-8.293559094077009775e+01
-1.740822431837006263e+02
-1.022258232593152627e+02
-1.099074154067896671e+02
-9.092247486464863471e+01
-9.708418116258201280e+01
-1.130456740762304406e+02
-1.393976078012593121e+02
-1.775259520202176304e+02
-1.435975010808220418e+02
-1.062883204453654713e+02
-1.002945891455476897e+02
-1.798116900366959499e+02
-1.618478303493459123e+02
-1.419349930298010065e+02
-9.631341221254525919e+01
-2.396980125453131336e+02
-9.302895381420037779e+01
-1.316917657900731911e+02
-1.350539408460872437e+02
-8.882128056667126259e+01
-1.288279307862820247e+02
-1.499665894228249670e+02
-1.284809868222643559e+02
-2.315266189980337401e+02
-1.285115460010298136e+02
-2.147733185564139831e+02
-2.017091543258317756e+02
-1.829147301204785947e+02
-1.195276769888037904e+02
-1.105813805774020722e+02
-1.029022625365883670e+02
-1.087721923667176185e+02
-8.158004222789803350e+01
-9.531947870696993164e+01
-1.271711539921136591e+02
-2.573838037338763343e+02
-9.971058922342318454e+01
-1.171680592815365571e+02
-1.601636788539233862e+02
-1.119897685411121131e+02
-1.773933542025271208e+02
-2.266866055751585520e+02
-1.789215492681747435e+02
-1.390333028668813995e+02
-2.449664588600379318e+02
-1.091183284858106646e+02
-1.160036109089407432e+02
-1.523324728945362381e+02
-1.833312046543174745e+02
-1.078104240788831305e+02
-2.683949709358091127e+02
-1.582758305177559350e+02
-1.036696691865584086e+02
-1.599900293465472032e+02
-3.990808248979165000e+02
-2.730794454685142227e+02
-1.842494136717865842e+02
-1.851357564646222045e+02
-5.895929152877787374e+02
-2.181447248027708952e+02
-5.330891666664998638e+02
-1.532854118042161247e+02
-1.476986604592292451e+02
-1.124226844831204772e+02
-1.679057806034470559e+02
-8.968553189245307067e+01
-1.712118714880852224e+02
-2.701176702427094938e+02
-1.380284096855729956e+02
-1.416647172348787933e+02
-1.018869425130033051e+02
-1.294017496240813898e+02
-2.392494905826620766e+02
-5.337954684225989013e+02
-5.234136351775725871e+02
-2.063754407081943043e+02
-1.049201577679721282e+02
-9.531778175019346122e+01
-1.143580890910355663e+02
-1.307223901237194070e+02
-1.413384277166769323e+02
-1.268691434914598801e+02
-1.262982039085431438e+02
-2.039093427112428003e+02
-2.374879928479939224e+02
-8.513577672672434460e+01
-1.601086513987755495e+02
-9.246389965733298766e+01
-1.395717574038761484e+02
-1.588867182442230046e+02
-1.807683706189085910e+02
-1.102799472317933436e+02
-2.108935202423210740e+02
-1.247852716445623003e+02
-1.756079503534921571e+02
-1.250110102705995700e+02
-1.305788941976568083e+02
-1.344547701966034197e+02
-1.110805312244376637e+02
-2.007491984392517850e+02
-1.358223874179787174e+02
-6.183582888542828186e+02
-9.813224776765856916e+01
-2.844308740243746456e+02
-1.572161398108184471e+02
-1.688232087727323858e+02
-1.233441169149788266e+02
-1.470710628016121575e+02
-1.450808073536252323e+02
-1.260468325909056517e+02
-1.614547696414347229e+02
-9.310316857786747846e+01
-1.313851604339710093e+02
-2.046507541708053566e+02
-1.420549509309346092e+02
-1.626446370446111871e+02
-2.034037435409320267e+02
-1.544211539978962833e+02
-2.888377926217185063e+02
-1.603228228332575895e+02
-9.128260832115982737e+01
-1.313488544820484663e+02
-1.461736320575063814e+02
-1.300912380228151903e+02
-4.132525637639523097e+02
-1.556647403935562295e+02
-1.908202245826292369e+02
-1.713139400841621409e+02
-1.087891088425696040e+02
-3.333244043797948279e+02
-9.661128254237588919e+01
-1.629309174074886641e+02
-9.028357742596129754e+01
-1.275163393800534806e+02
-1.213386925874549007e+02
-1.089676462114890541e+02
-1.130144951619516007e+02
-9.342948425478802221e+01
-1.200253265517866481e+02
-2.304051678383899286e+02
-9.282964926278070550e+01
-3.241759787094180183e+02
-1.374543145860476443e+02
-1.160237802812988406e+02
-2.579822555139697897e+02
-4.687485760604428151e+02
-3.851491900508989943e+02
-1.552507642356373196e+02
-1.591910631247619961e+02
-3.127022798681466611e+03
-3.186204408580884433e+02
-1.136935215998618105e+02
-2.272316385331689048e+02
-9.178363437288449234e+01
-2.251953350046246385e+02
-1.202387939818209901e+02
-7.245213620408422912e+02
-2.382840196437882128e+02
-1.615994380966078836e+02
-1.211601956338574979e+02
-2.621853097492909228e+02
-4.027550990296442706e+02
-1.714588856984493361e+02
-1.166399210886213211e+02
-8.732521102720372141e+01
-1.514100789498388906e+02
-1.247496429849773563e+02
-1.638826495039095050e+02
-1.254206116522861407e+02
-9.642651333306712047e+01
-2.100770404609615412e+02
-1.930233500189825122e+02
-1.997141240890548488e+02
-1.528759836935727776e+02
-9.749979864215417535e+01
-1.865585773194290198e+02
-1.124677403400070261e+02
-1.428649488489956809e+02
-2.705024470816342159e+02
-1.238589064965886735e+02
-1.176148478361146630e+02
-8.877981902551992732e+01
-2.004146964695546558e+02
-1.435867907016883578e+02
-1.018503175222644188e+02
-1.052587503447861224e+02
-1.176971477707568425e+02
-1.140263191264615159e+02
-4.956229183806506740e+02
-5.914375267503476607e+03
-1.047250909472086704e+02
-3.551895939397522852e+02
-2.589921300664609589e+02
-1.075899112581318917e+02
-1.116760325156615323e+02
-9.072904838175794850e+01
-4.485098562602242396e+02
-3.628947400971152319e+02
-1.400522095012947261e+02
-5.880972105553911433e+02
-1.881022477791693746e+02
-1.035316920086712003e+02
-1.855007504651692898e+02
-2.712415539254157579e+02
-1.287934097058701752e+02
-1.147714470237810360e+02
-9.224713197879320603e+01
-1.388719574988342060e+02
-1.513177398353055594e+02
-1.199535434812815140e+02
-1.444780414178655690e+02
-1.490174496606351795e+02
-2.286409461688723468e+02
-1.427226501552787568e+02
-1.321057162250479280e+02
-1.428246447598109512e+02
-3.375417074172942193e+02
-1.944755716513831487e+02
-1.908201921473437039e+02
-5.360805979276350399e+02
-1.126582218216458671e+02
-2.840874814419244103e+02
-1.336798658221034088e+02
-1.061010043393095543e+02
-1.223356753034349396e+02
-1.140997727785822491e+02
-1.013522542695230158e+02
-9.684444116821289583e+01
-8.591748091866567449e+01
-2.469891560189183508e+02
-1.463083870893019593e+02
-1.222224943149722094e+02
-1.228598592584487079e+02
-1.492942882686397752e+02
-1.176421592947969401e+02
-1.195463266838921044e+02
-1.087216430653545132e+02
-8.762613262658753399e+01
-8.977266010608590818e+01
-1.207878746293605730e+02
-1.437294945974099392e+02
-1.948060984686790960e+02
-2.379643458034246635e+02
-9.302133672493963559e+02
-1.417499912268828552e+02
-1.114063914729577647e+02
-1.455307190777749327e+02
-1.024440510180603070e+02
-3.339927504545491956e+02
-1.553147517823165913e+02
-2.991668988035217467e+02
-5.291953094081280824e+02
-9.233886191489146711e+01
-4.615778395335394180e+02
-1.427737967849636789e+02
-1.414518292718543648e+02
-1.364190960280598347e+03
-2.707400312561183000e+02
-1.718354999723058654e+03
-2.475373798850548326e+02
-1.602154082437521367e+02
-1.383275566430087338e+02
-2.277640817718254311e+02
-1.708111707106593258e+02
-8.808665055445656833e+01
-1.284436752590053743e+02
-3.039050246711571504e+02
-1.623020948745253236e+02
-1.856026994875012974e+02
-3.842844912515694773e+02
-2.292959626724186251e+02
-2.431300850199320678e+02
-3.824473388320707272e+02
-6.666068193760206668e+02
-2.947121134872044195e+02
-1.083411369911516431e+02
-1.184603758517474716e+02
-8.337984711380951808e+01
-1.148527643143066683e+02
-9.157466364288735861e+01
-1.401991259170580975e+02
-1.122231725692838609e+02
-1.072141318592896226e+02
-1.263752170190217754e+02
-1.040787787794659494e+02
-7.810752615628753404e+01
-1.446107035533826490e+02
-1.047159403314744708e+02
-1.089433123447098382e+02
-8.531904594011679421e+01
-9.366065890866138943e+01
-1.044743000488626876e+02
-9.872717589905980162e+01
-1.692174749605300121e+02
-1.022296496267389330e+02
-8.464796701013159463e+01
-9.921522407739104210e+01
-1.101908917767992904e+02
-1.432750332466662258e+02
-9.154079474480603551e+01
-1.048892448553218344e+02
-9.695237196578160876e+01
-1.496785255128208121e+02
-8.666797441889396225e+01
-9.091586045906021241e+01
-1.372648176198890155e+02
-1.800292267613122021e+02
-2.859052744133857118e+02
-1.111376906374594284e+02
-9.436987215700757758e+01
-1.049403969216489827e+02
-1.895037444976357790e+02
-9.971726647917174091e+01
-1.197496837250792083e+02
-2.009517333253677123e+02
-1.157463969011306091e+02
-1.024371046868334503e+02
-1.037946584540553516e+02
-7.738167124395347685e+01
-9.145842886341426947e+01
-1.404301930291375982e+02
-1.122735352253237124e+02
-1.638178014241947267e+02
-9.585811779553095846e+01
-1.326595644380460044e+02
-1.235630760061435183e+02
-1.172133151890093501e+02
-1.197380656135102015e+02
-1.035396555494914708e+02
-7.283730722566654947e+01
-9.072149698659580963e+01
-1.004823992732536482e+02
-1.032712647893383888e+02
-2.564583026212562800e+02
-1.123900417359784143e+02
-9.750653803707774614e+01
-1.135486683874024294e+02
-9.899969253499132549e+01
-1.088414456353341535e+02
-1.126458196863740255e+02
-1.684032072601523566e+02
-8.715964219205746133e+01
-1.512278208039182914e+02
-1.084102313725062885e+02
-1.096493568168941550e+02
-1.279440452736941012e+02
-1.079561550913931427e+02
-9.040063856926641961e+01
-1.162574762864229712e+02
-8.149435882295200884e+01
-8.751200888597769278e+01
-1.111053543297819317e+02
-1.456115072361660054e+02
-1.160849121406620270e+02
-9.255477829095445941e+01
-1.439901016517255528e+02
-1.107897906004156283e+02
-1.155640233384915376e+02
-1.410293781745513400e+02
-8.928304966258627928e+01
-1.594207717017167738e+02
-1.168857073267079016e+02
-9.214142487662199699e+01
-8.243932249586737271e+01
-8.923367363993595802e+01
-1.381926779384740485e+02
-9.102670191121167420e+01
-1.246080380891508810e+02
-1.363710183198390382e+02
-8.481322728188425231e+01
-1.325801097954935130e+02
-9.242863850502193657e+01
-1.166944817011315223e+02
-1.023358343100227756e+02
-9.822632724931344228e+01
-1.468620550531557001e+02
-1.000129891993344842e+02
-8.996318846466679986e+01
-7.267073402584072994e+01
-1.309422840247568161e+02
-8.822006601165972484e+01
-1.199578501055510884e+02
-9.676171054408560224e+01
-9.305855497439023338e+01
-8.793238393920793783e+01
-1.044397731697073652e+02
-1.393989736429461175e+02
-1.093163702586592336e+02
-8.567930378644857115e+01
-1.089318630079657595e+02
-1.269778616457233227e+02
-1.105782892724943736e+02
-9.065614975352394822e+01
-1.833360273073225812e+02
-1.535028215377743663e+02
-1.627812112089139021e+02
-8.264332256876915039e+01
-8.955079539140207601e+01
-1.032828886094251288e+02
-9.714692022586754661e+01
-1.182872817842827686e+02
-1.038993382506671566e+02
-1.126474825152376269e+02
-1.486964861504903297e+02
-1.138090988289013126e+02
-9.538885022674880076e+01
-9.904966917652899383e+01
-1.070211521773279486e+02
-1.409704814459404076e+02
-1.366632592631083583e+02
-1.161307946212078264e+02
-1.424989950031753381e+02
-1.073801071624153707e+02
-1.420102921210664988e+02
-8.383875415305108447e+01
-1.191319298099398907e+02
-9.119559557789618509e+01
-1.779774350038902355e+02
-9.853628218092754310e+01
-8.926616860020135391e+01
-1.069640246490065749e+02
-9.796376561364802171e+01
-1.034934674290978620e+02
-1.021132506460300675e+02
-9.322009961065239736e+01
-1.140489705331151526e+02
-1.060871872121362003e+02
-1.020318218055641495e+02
-1.118077147788404346e+02
-9.519205989773588783e+01
-2.048154152331596265e+02
-8.927966683770503664e+01
-9.023129145440847765e+01
-1.003805623982767088e+02
-8.759346015614411840e+01
-9.899283537434064328e+01
-9.364513995362419507e+01
-1.049793786559308302e+02
-1.355205697655960364e+02
-1.141601502007417821e+02
-1.751094066884282370e+02
-8.348931138666290508e+01
-1.585047783679437998e+02
-1.147835342742674527e+02
-1.118327062686422266e+02
-1.280121752879589110e+02
-1.197757220441854855e+02
-8.292338211226059741e+01
-1.463381882179559739e+02
-1.797830965167731847e+02
-1.355389833374220530e+02
-1.897503372452877102e+02
-8.332122406872825593e+01
-7.382264291480255736e+01
-9.665457810560153007e+01
-9.448627430648188863e+01
-9.881871058475087466e+01
-1.000998617020005526e+02
-9.372276435312902265e+01
-1.038557594262294685e+02
-9.746824983659705310e+01
-1.060483699352759999e+02
-1.590392140426314143e+02
-1.294100633615447009e+02
-1.187558637223271774e+02
-8.905472353187357726e+01
-8.393521661825096203e+01
-1.366254392291735655e+02
-7.355521861359780189e+01
-9.634427717596571483e+01
-1.485542479607014457e+02
-1.931629296653333370e+02
-1.027432089324905320e+02
-1.165212678479582706e+02
-9.203459055951250889e+01
-1.061109052884833659e+02
-1.161816566832469420e+02
-1.601870813411238430e+02
-1.203220913961636001e+02
-1.197054053553918180e+02
-1.012083806784246747e+02
-1.087170284389179358e+02
-9.732452854996321889e+01
-1.198773152683057788e+02
-8.713958504148500595e+01
-8.629621528073172954e+01
-9.583287367318550309e+01
-2.708148501675361786e+02
-1.054838994883417058e+02
-9.595240014974001497e+01
-1.749434433010378314e+02
-9.437771005960604498e+01
-7.640703595423914862e+01
-9.246895661756092011e+01
-1.484474389118111333e+02
-8.807110868861116160e+01
-1.021060032127240618e+02
-1.007947490382510267e+02
-1.040960279877087515e+02
-1.538644667775959931e+02
-1.005332772898786402e+02
-1.292466374987955646e+02
-1.023336512471941973e+02
-1.106571975831687098e+02
-9.161754385736482220e+01
-8.954082393440015153e+01
-8.984702471184162675e+01
-1.381066906880173235e+02
-1.173579670095344483e+02
-1.154857317309009090e+02
-1.648462053511478871e+02
-9.037926187831290292e+01
-1.553255940669794484e+02
-8.686621510744576824e+01
-8.971751540320256879e+01
-1.370441805171641647e+02
-1.040865858930277881e+02
-9.471093810508075705e+01
-1.176883663762697836e+02
-1.338273387969551322e+02
-8.703261753248186494e+01
-9.413024576342010619e+01
-1.055052495047582539e+02
-1.049960906716820688e+02
-1.001551388810421201e+02
-1.301230024361263133e+02
-1.043456125142523376e+02
-1.049323728053749960e+02
-1.960958291963046349e+02
-1.231661831395704070e+02
-7.786659576678523820e+01
-1.465157436518211114e+02
-9.375875109528038820e+01
-7.901109332956848164e+01
-9.222519377904397686e+01
-9.509586671160388960e+01
-8.350954608739401408e+01
-8.993092744885294110e+01
-1.275699283065386282e+02
-1.339920180566049623e+02
-8.632028392262370176e+01
-1.140617463459016250e+02
-8.934416725772483403e+01
-1.042849249856194689e+02
-1.234736771670046949e+02
-1.430606062442640223e+02
-1.431755183352189249e+02
-9.573306071885738788e+01
-9.298284331058256669e+01
-1.346332830198972488e+02
-1.540756924632249820e+02
-8.946870400692617409e+01
-1.222394563751622627e+02
-1.208514473308392070e+02
-1.171321030753472314e+02
-1.776232745790861998e+02
-1.604235699371515693e+02
-9.047916700598338480e+01
-1.121530745775088604e+02
-1.223318862245802023e+02
-9.898956620711011567e+01
-1.062070104853152372e+02
-1.368582401257080221e+02
-1.232677876799399570e+02
-1.617702602058465970e+02
-9.079458482013740195e+01
-8.373695144126727996e+01
-1.005702390011636567e+02
-1.209969314374021963e+02
-1.001161548782987722e+02
-1.175516471079194787e+02
-1.254729368734603554e+02
-1.127701929414361217e+02
-1.269627708840781111e+02
-1.658480106703824504e+02
-1.200846767150571139e+02
-1.278109992835856445e+02
-1.331769040731059022e+02
-9.667881406690486301e+01
-1.061943842033770977e+02
-7.543030850637694584e+01
-9.053242980620041180e+01
-1.066404751213052293e+02
-9.516385422569102559e+01
-7.751010259325664720e+01
-1.012246005324327882e+02
-7.998604315615357052e+01
-8.943606763699675355e+01
-1.267352451598067375e+02
-1.361349037876928207e+02
-1.259265872045994712e+02
-1.296014896840528081e+02
-9.702082012961295732e+01
-9.541517409620212220e+01
-8.915288106868196394e+01
-9.417491598019938692e+01
-1.229034346521176673e+02
-1.014863146282943092e+02
-1.345222303939783046e+02
-7.828431262010224145e+01
-1.020901678798863657e+02
-1.037239853631892998e+02
-1.231333040413058342e+02
-8.136993623147428423e+01
-1.097393053512574994e+02
-1.615489221337219305e+02
-9.195409773980910018e+01
-1.279802366050772093e+02
-9.946636187416552843e+01
-9.134671687613860058e+01
-1.959437647158135576e+02
-2.064473448824533079e+02
-1.100758818201720146e+02
-1.436499028550915398e+02
-9.739416365597328706e+01
-1.029316879536905702e+02
-1.077266071885970007e+02
-1.198086372865653573e+02
-7.712116181029655593e+01
-8.421433102505675095e+01
-1.191738525931781680e+02
-7.849862654939799711e+01
-9.131409338961786659e+01
-1.060342259047761218e+02
-1.335196464366245266e+02
-1.083393518748420945e+02
-1.262946128897862650e+02
-8.316997641292816468e+01
-1.092288733983132829e+02
-2.256022458238681736e+02
-1.570257472101774852e+02
-1.801709079198126631e+02
-1.172283257685412394e+02
-1.487942098566291520e+02
-9.033164569777946440e+01
-1.312836313361710268e+02
-1.095116549979843370e+02
-1.550215192668458712e+02
-1.073591759502982512e+02
-1.041759704869323286e+02
-1.424074909344138291e+02
-9.475165841545084788e+01
-9.971926275860703015e+01
-1.183683497498876704e+02
-1.653401211156558759e+02
-9.515800200760362770e+01
-1.119909551361420625e+02
-1.216543931876381635e+02
-8.803748102292900057e+01
-9.017865063777853152e+01
-2.064216978136968521e+02
-1.133858834432997043e+02
-1.420138610387014353e+02
-9.760904955826042340e+01
-9.716158385872665804e+01
-9.698823780332941169e+01
-1.047054989809040251e+02
-1.689313626349513697e+02
-1.185444430187122293e+02
-7.660145575692547482e+01
-1.231766417308405721e+02
-8.597033173419698926e+01
-1.802132963645227335e+02
-1.614484076573814946e+02
-1.068413420014676802e+02
-1.385956702591439296e+02
-1.116048812173485345e+02
-8.195772289637640995e+01
-1.123511486289612122e+02
-8.913652350983073802e+01
-1.125271644527054207e+02
-1.715422057603781809e+02
-1.152334873589102671e+02
-1.066951991470380676e+02
-2.138179617933328416e+02
-1.077151864243282517e+02
-1.015123523387151465e+02
-8.338564081551803042e+01
-1.167393512267023397e+02
-1.331153323835208084e+02
-1.041567248953714824e+02
-8.228668955666199736e+01
-8.385898109073271200e+01
-8.802523645067789460e+01
-1.785299499194180441e+02
-2.349029049392153183e+02
-1.449438879040145594e+02
-1.040724390417847616e+02
-1.248132798059091186e+02
-9.516819458610669358e+01
-9.730527743194058132e+01
-2.061180984866316521e+02
-8.720041756803452415e+01
-1.246130353884794886e+02
-1.081948184704091176e+02
-1.013571498736905312e+02
-7.885836824369353337e+01
-1.217467752268053971e+02
-1.088561304503256508e+02
-1.308659562552324189e+02
-1.655907172994932068e+02
-9.116323586607852292e+01
-1.286727003601349111e+02
-9.796233747311488571e+01
-1.129670307833482497e+02
-1.015068759059348480e+02
-8.318269997152134465e+01
-1.334357344136623169e+02
-1.215733486587638907e+02
-1.359559236460440843e+02
-1.119197761692920778e+02
-1.167862870463388560e+02
-9.911373591388495186e+01
-7.126000114119055695e+01
-9.919546349728091172e+01
