6.891875098619563156e-01
4.562054107753988896e-01
6.475199498938586373e-01
7.734025926248661031e-01
6.695929424690586496e-01
6.772324007547958491e-01
5.973642133817504973e-01
4.097063706754803802e-01
8.334207643731909032e-01
9.601742528432561929e-01
8.198516578228076668e-01
5.601578975828691576e-01
6.919382914848866140e-01
6.963533804719154174e-01
5.550297371618596598e-01
4.992140356115400968e-01
6.633236696217309492e-01
4.721742078343557081e-01
5.242718446601941640e-01
6.470588235294117974e-01
5.889196675900277844e-01
7.353132706329464918e-01
8.498415928504222672e-01
4.806571277159511490e-01
6.000449303579451499e-01
5.366556165425793168e-01
7.049788088719068924e-01
3.790055584894177487e-01
7.991924305430001541e-01
6.017505470459517669e-01
4.809775036083355770e-01
7.155630629806396525e-01
7.278606208155812274e-01
8.350648271276595036e-01
8.269292329826454235e-01
6.458159577425631737e-01
4.022284052916134112e-01
7.599755077048677698e-01
3.885095361431598060e-01
7.235568173545897652e-01
6.803328320018751096e-01
5.849261511728931495e-01
5.357894736842105932e-01
7.066531119394554583e-01
6.008472141556386870e-01
6.839709136895351094e-01
6.076786457909156836e-01
6.315789473684211286e-01
6.056588589097378073e-01
6.975917104738769137e-01
4.777232999360478960e-01
7.590917620566710600e-01
7.382012466607301704e-01
7.166062931929990665e-01
8.909598141221350964e-01
5.717647058823529527e-01
9.079631390204504493e-01
7.597663561882664895e-01
7.177423883830077456e-01
1.428571428571429047e-01
6.769747093371689672e-01
8.129031148415060137e-01
6.478186142601691788e-01
5.045500505561173465e-01
5.362560890744606512e-01
5.254751752547518473e-01
2.859251060689909085e-01
4.719788673638690146e-01
6.888618275127212920e-01
4.987795873461600693e-01
6.223540587528900714e-01
4.072580645161290036e-01
4.927058823529411047e-01
6.406151573453818804e-01
7.546043849118050373e-01
4.187696676633443360e-01
6.611291770280013358e-01
6.829232093561696804e-01
7.147701747179079357e-01
6.961390842969262804e-01
7.360440304621658214e-01
6.637828162291168344e-01
6.920519537618265993e-01
8.715886192723433235e-01
5.128171875675441305e-01
6.163727576771055316e-01
6.428510890753453833e-01
7.317079833631291441e-01
6.814869774405436509e-01
6.661854274757500471e-01
8.103096984515077983e-01
8.393430429378255786e-01
7.075172542436113376e-01
7.801681730529574921e-01
6.537321230813109008e-01
6.142564434379381710e-01
8.775706323275033194e-01
9.141104294478528125e-01
6.639504443051509330e-01
6.944667465939818873e-01
6.446739515174471080e-01
6.402317661108407609e-01
6.344398159571534856e-01
7.645148720613067495e-01
5.563112718875394824e-01
6.583937621939531804e-01
9.468869372163636333e-01
4.698212481292960430e-01
7.253728507647003720e-01
5.465434827647360772e-01
4.343366004591834306e-01
6.424227681829238756e-01
8.232131225416338127e-01
6.506194054733387411e-01
4.238530393807934393e-01
4.517112320098777278e-01
7.567567567567566877e-01
6.311559071191631398e-01
6.334097008447858723e-01
5.688059475041723489e-01
3.714307583493173248e-01
6.254668635455571390e-01
6.265717066456519824e-01
7.153971451841055762e-01
4.900601872463389852e-01
4.197501449242434512e-01
6.194989444469048978e-01
3.825839615419320272e-01
6.322541233964570351e-01
7.314502529510961137e-01
6.993095614097333268e-01
4.310773223846817714e-01
5.200181858459620443e-01
5.581670362158167586e-01
6.297163535735192941e-01
6.435824407589723073e-01
4.699083068600954927e-01
6.851736251955863333e-01
3.068552774755168855e-01
6.092609357243292667e-01
6.209336032313486076e-01
7.379715860831784768e-01
5.548860008094615992e-01
5.366556165425792058e-01
5.005669136465658031e-01
5.232661383566921121e-01
7.145169121217026520e-01
5.717044415082832565e-01
5.854257641921397637e-01
5.007347797986113624e-01
5.536921934248074662e-01
7.541009972947240181e-01
7.556699661705001958e-01
7.117062894496305470e-01
6.581225170696155535e-01
4.256718124642652201e-01
6.782196633252256524e-01
6.338461538461538369e-01
5.877620571482133904e-01
5.513914045776387995e-01
6.391111111111110743e-01
5.241862974285201870e-01
5.456201356783332290e-01
5.133625742548175719e-01
5.744748176144854890e-01
5.845894112931629971e-01
6.030966632020356988e-01
6.340897556731676099e-01
7.041672432437972029e-01
7.031907095181141321e-01
4.638811002668991601e-01
4.620647776686326869e-01
8.131001309650980335e-01
6.380704465956236193e-01
8.736634564343672693e-01
4.981264051961030170e-01
9.082011401401317574e-01
4.199021048364915965e-01
1.904317218590618199e-01
4.944979367262723469e-01
4.372716199756394029e-01
5.100890747136884729e-01
8.107879455576532113e-01
9.614730413858239011e-01
9.912693238964871423e-01
5.636938101393077494e-01
5.981669078630004188e-01
4.091544880142767848e-01
4.239217870181300474e-01
4.299541876272324759e-01
3.282149712092130023e-01
3.906925152984986327e-01
5.559165526675785562e-01
3.705601880845231233e-01
5.821109367537695700e-01
5.610251673978297049e-01
7.198221092757306483e-01
7.313200439711450285e-01
2.470033808011475318e-01
5.600675425229603155e-01
6.133972772277227481e-01
6.178131348604071205e-01
6.840087145969498961e-01
6.846513268094860383e-01
7.859173474578807772e-01
5.137709470376152776e-01
7.148399612027157568e-01
7.353470381766834540e-01
4.837576821773483804e-01
7.215756979730097997e-01
6.917093935422410356e-01
6.769257040625378252e-01
7.113616755422009774e-01
6.880733944954129377e-01
7.405723751080289796e-01
7.334839546462491588e-01
6.899727012168263007e-01
8.325778855563313874e-01
7.727118109718923433e-01
9.658098225893935185e-01
7.910938141708876437e-01
8.868524682098827272e-01
4.969738757373784455e-01
5.618023201275756939e-01
5.403182086034178377e-01
3.357965033157579993e-01
4.055965041607739185e-01
9.110313835589144427e-01
8.208380715937806382e-01
8.110801817367376820e-01
8.158761132792955451e-01
5.718839781179896331e-01
2.866973055807959248e-01
6.675344086035391866e-01
5.633083360504291814e-01
5.261258660508082441e-01
8.024977062133655803e-01
7.602625746735071077e-01
7.735655299302555132e-01
8.042511478340894637e-01
6.902094583098263847e-01
8.335795379824385565e-01
5.562539953121670155e-01
7.571342745569239474e-01
5.800697558545091503e-01
8.831865401236957958e-01
8.614095105854190360e-01
7.340156344976747071e-01
5.798279015380924939e-01
5.513914045776387995e-01
5.737083349564359169e-01
5.907148407148408165e-01
7.396019023658488845e-01
6.131710298461852116e-01
7.034573552346423675e-01
6.404115740225971853e-01
6.244334844041589117e-01
7.272923074272225064e-01
5.879729901898330668e-01
6.432067013082581886e-01
5.918576423687669230e-01
6.021502365820197156e-01
4.859788203802770101e-01
7.502428859069851796e-01
6.581765087605451203e-01
5.567022026231445153e-01
4.246675931491601941e-01
5.418271633979241386e-01
6.524822695035460418e-01
6.818181818181817677e-01
6.108384374834642250e-01
7.151915455746367112e-01
4.991191094917253324e-01
6.203426847975872516e-01
8.278123240543238115e-01
5.092783505154639956e-01
8.571057342495812525e-01
6.999806239100949679e-01
7.551042109740535579e-01
8.085393577720944025e-01
7.413658416511181848e-01
7.050588460405626812e-01
8.114257469126608946e-01
9.586113145790852164e-01
8.220785546258457810e-01
8.985300866852101720e-01
6.823562570462231580e-01
8.017009605961612495e-01
8.608705222032684290e-01
9.104651989874819051e-01
9.849082717401445031e-01
8.706030386213592376e-01
8.904354179886331266e-01
8.340389500423370794e-01
7.164622462238325884e-01
6.234718826405868386e-01
5.436421316103494661e-01
4.994012159123478178e-01
8.272703632003236551e-01
7.719617555581153034e-01
7.975534672715490769e-01
8.584042382404879490e-01
4.273625972483361402e-01
7.363008698191526591e-01
6.626876601977297332e-01
6.898442238317740172e-01
7.284826919303414305e-01
4.405086737915406836e-01
6.352189697164652982e-01
8.667209456606960183e-01
5.436843887571961575e-01
6.085526315789473450e-01
3.235758835758835716e-01
8.597090134214244728e-01
7.218959457688779446e-01
6.255524804824652563e-01
9.361924437303026370e-01
7.916549597845184971e-01
7.959527430108784829e-01
9.063588447430879214e-01
2.368807132377836744e-01
7.557383051229336068e-01
3.665641465360208184e-01
7.462067952339019872e-01
6.635590166720641836e-01
7.141953619114546070e-01
7.729295134772460329e-01
8.018026019491488743e-01
5.792473497828245499e-01
8.574364097864016765e-01
8.882478106533111539e-01
7.915086485986495557e-01
7.259837201332982604e-01
5.909224528190956116e-01
7.466524579503449610e-01
7.928017078861049338e-01
9.378738982641894317e-01
7.260899050571593127e-01
6.100001850972068818e-01
6.618260244428468830e-01
7.854673938090483976e-01
8.477677321072836225e-01
6.110003228685925158e-01
5.001228215633787277e-01
3.787120453787121699e-01
9.652101435356400527e-01
8.896933168577136897e-01
8.797230755285342374e-01
7.980540356335539265e-01
7.739508481246702987e-01
5.195167537990628137e-01
6.844320222748864202e-01
3.994933381596222910e-01
4.522079373951926051e-01
7.417499529009496939e-01
5.188888585854739555e-01
7.447391067417099553e-01
6.790830945558739007e-01
5.423232032940230596e-01
6.731396383041803322e-01
6.277221980571261462e-01
9.180145008365867554e-01
6.812027430982944276e-01
3.612261379718008092e-01
7.383602478329981400e-01
4.479511341002213598e-01
8.213970769791532067e-01
6.730859846210234254e-01
6.143915651062504812e-01
5.771141189618775869e-01
6.617154811715481033e-01
6.700811417390802882e-01
7.000122443981877662e-01
7.993095914036667526e-01
5.375876128086490846e-01
7.096013150596838237e-01
7.856528138466007949e-01
6.143894822917043141e-01
7.131402011744043534e-01
5.771573604060913354e-01
8.493851024022923690e-01
6.726356117936392875e-01
7.261387576461169058e-01
6.801405975395430348e-01
5.574278781342679734e-01
5.836431226765798064e-01
5.522572984693220333e-01
3.312431737295938872e-01
7.936483659437523208e-01
6.650279999615985593e-01
7.202633046625486202e-01
6.387523629489603172e-01
9.051139864448551897e-01
6.324347868170158149e-01
7.574197975639045399e-01
8.532033928893700825e-01
8.338401730037465764e-01
6.659436008676791197e-01
5.347080228729855778e-01
8.859493941637737180e-01
7.025681486591200953e-01
8.931691305284213955e-01
9.169526511132591873e-01
8.033808150049408514e-01
7.590322620438759715e-01
9.063035019455252250e-01
8.642865085061003372e-01
9.288278148569460990e-01
8.379804422765753102e-01
8.737848309837775718e-01
6.883942766295707560e-01
5.390588528494058007e-01
7.033898305084744784e-01
8.006375668512395460e-01
7.227366255144034302e-01
7.433103839712882355e-01
5.368956743002544219e-01
4.366087486891906955e-01
6.001379231078672882e-01
5.199020208205755722e-01
6.296638222994921374e-01
3.101187597399107099e-01
7.962722258327917801e-01
7.711076877205187419e-01
7.017949197108060977e-01
6.874576731662498386e-01
7.126851039196280269e-01
6.120906801007558462e-01
5.557146265807683116e-01
8.310164344681305604e-01
7.095230822495454115e-01
7.510370775315946545e-01
8.792963692061519509e-01
9.407042499148223769e-01
7.119187600213789935e-01
7.316066535586346342e-01
7.121723050146850920e-01
7.442922374429223886e-01
6.128380240712951732e-01
7.609756097560975707e-01
5.622921220184359248e-01
7.640895393971622873e-01
7.626207936874097593e-01
4.588364697849241503e-01
6.074682693768509445e-01
6.589157218200840660e-01
4.995429089510826093e-01
3.412933983690880635e-01
7.801862666539151059e-01
6.256487055758235272e-01
7.705520291548264566e-01
7.863960244892602702e-01
7.021276595744679883e-01
7.875330811441216827e-01
8.085450060156159635e-01
5.958569099453341344e-01
3.617081124263770153e-01
8.042699073025231238e-01
6.505900887205990912e-01
4.338070450047046833e-01
7.292964690817017592e-01
5.063504517851168396e-01
7.153794581010920473e-01
6.170483460559795796e-01
8.984702199885375995e-01
7.186082554328019345e-01
5.426076482987051142e-01
5.420960996014636546e-01
6.431717295241901056e-01
9.148756764495479255e-01
6.535928723610303637e-01
4.183613149432638956e-01
6.198987321821203267e-01
6.282758620689655737e-01
2.302830320211925741e-01
9.668469223083853148e-01
4.919934305070826630e-01
4.284325637910084694e-01
5.044086345417714279e-01
3.290734824281150162e-01
6.831357422428951942e-01
3.248501752379687746e-01
5.302832244008715001e-01
7.206163617336075466e-01
8.425397528948972425e-01
5.201327324972967459e-01
8.220167541652678711e-01
7.907760372456722475e-01
9.005382851625621798e-01
5.868102391761794712e-01
7.205585536935935620e-01
6.638799571275456612e-01
4.189089918823915015e-01
7.016312883329510752e-01
7.662756220188217116e-01
6.448925907357279108e-01
8.257155451519250233e-01
7.872992426217968465e-01
3.458225667527992098e-01
6.348959950325986368e-01
7.285294520057788992e-01
3.480495917750227042e-01
6.013695423153458952e-01
8.242582328007824755e-01
7.729645792834612950e-01
8.673068570582127546e-01
9.001056802276586888e-01
8.211993142503687393e-01
6.254508262905742466e-01
6.844213143182910075e-01
5.932311621966794846e-01
7.763996957818988243e-01
7.644090358214292724e-01
2.487804878048782142e-01
6.286280251485658610e-01
6.567656350474589955e-01
6.152748037116345659e-01
5.257268961245112893e-01
7.073008849557522737e-01
6.755424901387088177e-01
7.053698880263984394e-01
7.150242326332795217e-01
6.550179911153408696e-01
6.272552079535175240e-01
6.122277470411093825e-01
7.167281672816727678e-01
7.151192904937579975e-01
9.043678519848549202e-01
8.272302463891249014e-01
7.847352389878162748e-01
7.884523134621255203e-01
4.992967709589484770e-01
9.234583598219961997e-01
6.003311802451192225e-01
7.334226917921626843e-01
7.211737670526806587e-01
5.083210964268232157e-01
6.781266983294346185e-01
6.929861913741712787e-01
4.964812122324638310e-01
4.884426889981328679e-01
5.529794777918318749e-01
5.900953655680106769e-01
8.259302850489009806e-01
7.299703264094955513e-01
5.617420732444301512e-01
6.508095267862724631e-01
8.862758059071456085e-01
7.839746326038888879e-01
6.717315135847451435e-01
6.386982291141055645e-01
8.978197429712390099e-01
8.320619800601132265e-01
8.623501743573108724e-01
6.865606120785165967e-01
5.842645525418239671e-01
4.984542277928789566e-01
5.967436352871522409e-01
4.081109187411456896e-01
6.322579212647378988e-01
7.928541524134340435e-01
6.196866386188888409e-01
6.910517288014071946e-01
5.157616594001850352e-01
9.428863857485143551e-01
7.203166226912928183e-01
6.717610955157552466e-01
6.871508379888269236e-01
5.893858607589692600e-01
5.034877905431811573e-01
5.787870559893383282e-01
8.040538164334268822e-01
6.158635001152870103e-01
4.680441253720890038e-01
6.544250451535220670e-01
6.459814546374911259e-01
5.139701247511571092e-01
7.226828178523555524e-01
6.487277867528271624e-01
7.703792502179599433e-01
6.546553282225446857e-01
7.642162698764101147e-01
5.017020403871973455e-01
4.815895528391493929e-01
6.996959798459123636e-01
6.699044336518876763e-01
8.573771928797423447e-01
5.132924335378322711e-01
6.703636363636364948e-01
6.396561248446347436e-01
7.090565095564407283e-01
9.227794332420036216e-01
7.803955933900850184e-01
8.001436766203828821e-01
8.182551079081300527e-01
8.285249560433458615e-01
9.268963121161647445e-01
6.980011104941699074e-01
7.516861725082121248e-01
4.983947241860269828e-01
6.456531991825184003e-01
7.069933601811901891e-01
6.467883652516123183e-01
4.367379865201024836e-01
7.900508380534653208e-01
6.511589403973510048e-01
5.774426135652048764e-01
6.118010158205544613e-01
7.868543636114535555e-01
7.171944442861850622e-01
7.198384389425094287e-01
4.307181418775551940e-01
6.761845386533665847e-01
7.093151141476420340e-01
8.236141108711302339e-01
7.420435510887772868e-01
5.659875996457041092e-01
7.116209037426450834e-01
8.220495428532074156e-01
8.621355748603153346e-01
4.630280165364258904e-01
7.127219737020469292e-01
9.890327095185355022e-01
8.723626214705492155e-01
6.688528329863981936e-01
6.539335503285634843e-01
6.302180561623704769e-01
5.731954886323838982e-01
8.328977165340801792e-01
7.075493661241507581e-01
6.187100121044439849e-01
8.852317321968361519e-01
8.924441237361794288e-01
6.021546489136790914e-01
5.208908605314382934e-01
9.109265147512541905e-01
8.502038928379649363e-01
6.735311712854302746e-01
6.213862579394198171e-01
5.711253825022061248e-01
4.872337526224463922e-01
6.888888888888888840e-01
6.347826086956521729e-01
6.167636648365428798e-01
7.369791666666666297e-01
5.901616104337964464e-01
6.898250750598106107e-01
6.508857148285578376e-01
8.372021206008456451e-01
7.465342437409475673e-01
6.694592536176694475e-01
8.133315307529072058e-01
7.018978867089713525e-01
7.161607576392298169e-01
7.153964003607135025e-01
7.609262922821113939e-01
5.269033490898118455e-01
6.601411531263388088e-01
6.246721886116377576e-01
4.879039534260812827e-01
6.599726632320471742e-01
6.699131092912967711e-01
6.885553554236458762e-01
6.806093235140536768e-01
8.287951645490736485e-01
5.539748725915024652e-01
5.967078189300411006e-01
6.162478318722424131e-01
6.904746346032367699e-01
6.801618357034732165e-01
6.638622831995857343e-01
6.376121383481858640e-01
8.361660629701866965e-01
5.753728335348650136e-01
6.187357960016948155e-01
9.542638935045412163e-01
4.284074118464756831e-01
6.752177803161750758e-01
6.595072646873026967e-01
5.536659207581939857e-01
6.038252553792653465e-01
7.178163830593088379e-01
4.954610825240210459e-01
6.823035850495804411e-01
6.457831325301206515e-01
9.257684796858086651e-01
9.934465461170054468e-01
5.896759266640556607e-01
8.096011469567135910e-01
7.043380617055963189e-01
6.843475148846641654e-01
5.102756726346097116e-01
5.712012728719174648e-01
7.634988577038742674e-01
4.786026028796928067e-01
8.969900152481629085e-01
8.547796244167662483e-01
7.006007925348332055e-01
9.814438294493567083e-01
7.873183619550858658e-01
6.999958964257868566e-01
6.144961499832607421e-01
7.994423613114123306e-01
6.689323944808498457e-01
8.024710630346049145e-01
6.267040898155573636e-01
7.280599464455385084e-01
7.395191084804808579e-01
4.876008532662894912e-01
6.740051159958175830e-01
8.145832138704084402e-01
6.677754942051401521e-01
8.140556996762643438e-01
7.066032456631224923e-01
6.411261166701653913e-01
4.817508623080170027e-01
6.183507442440594470e-01
7.955944104082054436e-01
7.130911780416649970e-01
7.982666782000084060e-01
6.772215881297894979e-01
7.768070489844683957e-01
7.596059004830556516e-01
7.440661905752385952e-01
7.594597625247629935e-01
8.913080608910255442e-01
8.267585351288214701e-01
7.957461224610036243e-01
9.735921809127935367e-01
7.981379463401256924e-01
7.724665391969407491e-01
7.494518977351422029e-01
8.966151910978512607e-01
7.109523497411024406e-01
3.813267420237109739e-01
6.950534711541900279e-01
7.298811019488400387e-01
6.953872932985204480e-01
7.665804811038826605e-01
7.323620167813820192e-01
6.628264292406502722e-01
8.241579430973231535e-01
7.764147982450830821e-01
5.989186347764052787e-01
6.554098245234155629e-01
7.538242351529693686e-01
7.211012901274630460e-01
6.969627985506421375e-01
7.330334490886518672e-01
7.008251372408330626e-01
7.683675821270558037e-01
5.846726382644016340e-01
7.912157252181013511e-01
5.742978925058810358e-01
6.860912067574620465e-01
5.445499386992843638e-01
4.166402465920344134e-01
7.838816943296726958e-01
7.047433282097645968e-01
5.882352941176469674e-01
5.424997797938869715e-01
6.634638028394194142e-01
4.843123022358117868e-01
4.083503583144466043e-01
6.714418490901467029e-01
7.268713270216385913e-01
7.388809182209469251e-01
7.958189137650965028e-01
6.951842934133045659e-01
7.496790923824960817e-01
6.823652095487725555e-01
8.364184459004958549e-01
6.976323026359916302e-01
4.996907189378668179e-01
8.651444880485195110e-01
6.616242844128529255e-01
5.111538753703187554e-01
8.513916377439310068e-01
4.995618860758694324e-01
7.131460810482893597e-01
5.333333333333332149e-01
7.114290832549597932e-01
9.647804755887944284e-01
7.194145086054366534e-01
9.497779843946139167e-01
7.475492781309585055e-01
6.687775722214317486e-01
5.647707207448231514e-01
8.942787264263508673e-01
9.693859464711847007e-01
7.484103770585616155e-01
5.904255319148937753e-01
8.687530150172326771e-01
6.849891576498158274e-01
5.517241379310344751e-01
6.689189189189188589e-01
6.890711182701224624e-01
7.202744781455425738e-01
7.514817658828488733e-01
5.577800510866904871e-01
8.084488808813297123e-01
7.662556315961774889e-01
6.536049561020105259e-01
8.524351228324952290e-01
8.227782447317176784e-01
6.160700568443693292e-01
9.502171321765895406e-01
7.684750084669423886e-01
8.495358717757687250e-01
7.452415812591507427e-01
7.669773635153129820e-01
6.300232895186850257e-01
6.554687500000000444e-01
4.387008467064836270e-01
5.120643431635387710e-01
2.625742574257425854e-01
6.266360063236499078e-01
8.136105931147987746e-01
3.982808022922635915e-01
6.004730339526342942e-01
5.429131636017943130e-01
8.488997281412744567e-01
6.743816204242750745e-01
5.890218465254143387e-01
7.293168968393735074e-01
4.968113992945384361e-01
7.766319171991181713e-01
9.577764796741975450e-01
7.359881092462996488e-01
9.285092351378002595e-01
5.924744640478017965e-01
8.930212986782537499e-01
8.742426792325816987e-01
7.403873357166740332e-01
9.836883670402265523e-01
9.441672501489569713e-01
8.031729286699669235e-01
9.804969416722760789e-01
9.731079523626585681e-01
5.814391197336037376e-01
9.647158860224553933e-01
9.019922000712858878e-01
9.210631057501156294e-01
8.771410555988279345e-01
6.771268267223382598e-01
8.096293085456500727e-01
8.672163082512792665e-01
9.282056600979139427e-01
7.709316593177497623e-01
9.149286860207019867e-01
9.533755397951445554e-01
9.553051789469522159e-01
9.051057966530096088e-01
8.622950819672131617e-01
9.750483334213724262e-01
8.964776447843065821e-01
3.244788164088770466e-01
6.064555235641762021e-01
6.325038520575747558e-01
4.589618664538104298e-01
5.316624921247138369e-01
5.407530199878155530e-01
5.204299138371009104e-01
6.375909410155093937e-01
4.016379827436312722e-01
5.451762614792139416e-01
7.787648634074560983e-01
4.888464403309077388e-01
5.773777233433337042e-01
6.046155087549422991e-01
5.842449459863375827e-01
4.070202675137324921e-01
7.910964546286562982e-01
3.371660466689211932e-01
7.091554875035122052e-01
5.296142003260277953e-01
6.225087924970692521e-01
5.547490389009867018e-01
5.180263631395859436e-01
6.435097039401710406e-01
4.645358030644117786e-01
4.988381580484857469e-01
6.180918902320229336e-01
6.378736326052755201e-01
4.394175767030679136e-01
6.924072166183482535e-01
7.415285736987639043e-01
5.296707461083078883e-01
3.371660466689211932e-01
6.814291928499117690e-01
3.485727366601006350e-01
3.382372509469973032e-01
4.663335255301429005e-01
4.722083659899616315e-01
6.625450528387949456e-01
3.680264894493022187e-01
6.944286318336115871e-01
5.245283018867923364e-01
2.961949370930953007e-01
7.784873033720800528e-01
6.276316860869839420e-01
5.136409140170824505e-01
3.659707863669712791e-01
8.225246012640470283e-01
5.323266397275439044e-01
3.960784313725491113e-01
4.812267290924494012e-01
6.938726471766119008e-01
5.017784385144711257e-01
7.191679737394193195e-01
5.221282636874268190e-01
2.666112328974225565e-01
4.088644112247574736e-01
5.532073582429022363e-01
7.201131805856664236e-01
6.889694232133275476e-01
4.897995625790046437e-01
4.222676999956743726e-01
6.058898245587216458e-01
4.654636284854973272e-01
6.946685742920846174e-01
5.012262633993185279e-01
4.385458847676420024e-01
6.868406147819424712e-01
4.789937759336100331e-01
7.720897815202548697e-01
3.692709995629889774e-01
6.696095673963832207e-01
5.821735982624085537e-01
4.992777879435296717e-01
6.857088888911120339e-01
6.965679733315158773e-01
7.868302650622094330e-01
6.315789473684209065e-01
4.747825329802544680e-01
4.756369161470221374e-01
3.979910854750573490e-01
4.914936323729048873e-01
7.113698117742640603e-01
6.132596685082873922e-01
6.623742516345372255e-01
7.577559647488714134e-01
5.094517401802014511e-01
5.513509222260445375e-01
4.944847835774353606e-01
5.704692589167237315e-01
5.592395083850890680e-01
5.010272082186147946e-01
5.337447750787013279e-01
4.940114345492474524e-01
4.988154552087721849e-01
4.045873773878291835e-01
5.427682737169516880e-01
4.730222384250820089e-01
7.069305709705265839e-01
6.357574585975881432e-01
5.638570465273096133e-01
4.400616340849433095e-01
7.276023930050621313e-01
5.714521452145213676e-01
3.980664980730932445e-01
5.107702321230774833e-01
7.484103770585616155e-01
6.043846998308859408e-01
2.222222222222221266e-01
5.279845460399228418e-01
3.254090652623659596e-01
6.235453621059767748e-01
6.268088347296267848e-01
4.760832864378166662e-01
3.488098242072503186e-01
3.108237621115648164e-01
4.862365023262828490e-01
6.794575136388165681e-01
3.929682576084952972e-01
5.747663551401868132e-01
4.986471770369527712e-01
3.756488909863144876e-01
4.776119402985074536e-01
3.537545203148267370e-01
5.014662891342751561e-01
7.571059431524547190e-01
4.551474262868566156e-01
4.848973298759549078e-01
5.692517819166243997e-01
6.396465924574925577e-01
4.470526687252488474e-01
5.609611610944500448e-01
2.772314674735248952e-01
7.075628330086211060e-01
4.121207572591263357e-01
7.109662824438557349e-01
4.676105113810841707e-01
6.612572305366746228e-01
7.422921992179314366e-01
6.908843184337887244e-01
6.393261183238327927e-01
7.194899817850637369e-01
7.679070279656000642e-01
6.843173594563586315e-01
6.223823085944043543e-01
6.820880332456957795e-01
4.974657429783996276e-01
6.571979977082202939e-01
5.106903618132109246e-01
4.047076689445709419e-01
5.001899894002180824e-01
6.832804934994716195e-01
5.753967199170676450e-01
6.314584695879660314e-01
6.242523388374827675e-01
6.555574864279678504e-01
7.395971304596967721e-01
5.202044189527686990e-01
4.185303514376995659e-01
5.930232558139535426e-01
6.124995545172379208e-01
4.926518163245711124e-01
4.102844638949673661e-01
4.005339384310211970e-01
3.235758835758835716e-01
4.856625884990276032e-01
6.736122249695561948e-01
6.410047496464958972e-01
7.710168338892373630e-01
5.692877945459358102e-01
5.144669044787950618e-01
5.486707138371361703e-01
5.272727272727272263e-01
5.271493525508226252e-01
1.640202702702703852e-01
4.525574838363768393e-01
3.708213415984059069e-01
3.928104150930922800e-01
4.009208588578196952e-01
4.981116095844631553e-01
3.538533137071018242e-01
3.528634094187940162e-01
5.298892988929889691e-01
3.767669376032355966e-01
5.674880470761309859e-01
7.227226901687860972e-01
4.673229188957843117e-01
5.822073724922578464e-01
4.932378679395385546e-01
3.589237225376449292e-01
4.672502983476342631e-01
7.166042726804008334e-01
5.371722465910842015e-01
6.192545765836955374e-01
5.593220338983050377e-01
6.978372942109883903e-01
6.485621052082025662e-01
6.166659341625280177e-01
5.978293277591816279e-01
6.627929386668975908e-01
5.677137913386786083e-01
5.716080388319426664e-01
7.018461073087567392e-01
5.836062584725898450e-01
6.260177674777905876e-01
8.178664353859497194e-01
4.205287442045996804e-01
7.397499838072414402e-01
4.601013712717019200e-01
6.047363552266420417e-01
5.116517174867918349e-01
5.811187511614940293e-01
6.503831586291718425e-01
4.619950903816112953e-01
4.754408060453400586e-01
4.994866383552803435e-01
4.722723913881497482e-01
6.106724214036980403e-01
4.577280188457272803e-01
4.793222286042505553e-01
6.165191740412979682e-01
5.940629724554387092e-01
6.284454699545464207e-01
5.101194830529138802e-01
5.750780192769753274e-01
6.301685988108489678e-01
6.091354212586218564e-01
6.961757821677022617e-01
5.744677714912777011e-01
7.055539468686996551e-01
6.371781650972900835e-01
7.837265312085487379e-01
4.894433781190017929e-01
6.534906971640370710e-01
5.366556165425793168e-01
5.942070102201417736e-01
6.666666666666666297e-01
7.707808564231737325e-01
4.808135534476334905e-01
6.216882678448236721e-01
5.517725650952706173e-01
4.056916654495053565e-01
6.256706733211810922e-01
4.493116627012576636e-01
2.575757575757575690e-01
2.500000000000000000e-01
6.312871287128714037e-01
3.735237711319389087e-01
3.282951379647795487e-01
6.773229171815318139e-01
7.147437921373058778e-01
7.359209276583228432e-01
5.477820779994044820e-01
4.351585014409222740e-01
6.120872755358177653e-01
5.292611348761443457e-01
5.757092400592458414e-01
4.723839180818147909e-01
5.418153274629300409e-01
6.683338824163648217e-01
5.496601664969964496e-01
7.108713480812447472e-01
7.062427316492438933e-01
5.627169062964799684e-01
6.545240893066980314e-01
4.993618035917249953e-01
4.909290245112113427e-01
7.524291315333379027e-01
4.816097672626001858e-01
3.916952054794519134e-01
4.977205268452303821e-01
5.300903405142460834e-01
4.991629463381388465e-01
7.272745763002840258e-01
4.826706945572873941e-01
5.958566821026149984e-01
4.932105561672170957e-01
3.593909282440523323e-01
5.656216216216215509e-01
4.577239990920946577e-01
6.330399886243344154e-01
4.895235865620976567e-01
5.728989583655303974e-01
4.668421902086263842e-01
3.451398407330174556e-01
7.623038557015646699e-01
5.100000000000000089e-01
5.534376237694638156e-01
4.678335242214632927e-01
7.436559618187212894e-01
3.424653720223996833e-01
7.217245605431321653e-01
5.032285334745838501e-01
5.837701066329296085e-01
5.205977496960605411e-01
4.028725971679175122e-01
2.954355458953352720e-01
5.706889685384308741e-01
4.937697160883280922e-01
5.185426720577366311e-01
4.828672117599856484e-01
5.358969501799584201e-01
6.402188504250904133e-01
6.138299224609125027e-01
4.970685196199991496e-01
6.193238178169840902e-01
3.954419349623392033e-01
5.076645626690713398e-01
4.452214452214453000e-01
5.508333333333332860e-01
3.876882105910068876e-01
3.731343283582089776e-01
6.703158855057590459e-01
5.585585585585586266e-01
7.149995903989513346e-01
5.027045808936096982e-01
6.867901581039170811e-01
5.487969441444165986e-01
6.390514631685165758e-01
7.572745965480716102e-01
6.571906499736572815e-01
4.994312602770482057e-01
5.067573865225091234e-01
6.861580182157160923e-01
7.029024842844321386e-01
5.877529286474973969e-01
7.393543558130745152e-01
5.108710515520306084e-01
3.656948824241196272e-01
4.626961943668027599e-01
1.566981833634337185e-01
5.782278481012658178e-01
5.277910201249063071e-01
6.430720506730007724e-01
3.799285411854853578e-01
7.434699911489425217e-01
4.998243263679664206e-01
5.548860008094617102e-01
3.176563321071990131e-01
4.993460339496359479e-01
6.767840135322412687e-01
7.103435317372720492e-01
2.201211944221360683e-01
4.304033578546315186e-01
6.091091944226638688e-01
3.235275143539126930e-01
5.180526380822932930e-01
5.000219531241556492e-01
3.867456057964560601e-01
4.015928677100200628e-01
5.803961657555151143e-01
4.511311223369206536e-01
7.602827266417048202e-01
4.655374789586900208e-01
7.138911434420767144e-01
3.087105290882052322e-01
4.762859051436206803e-01
5.229753141819453166e-01
2.280802621744380532e-01
6.996214346164475462e-01
4.814814814814815658e-01
4.885849497559829890e-01
5.982086539674530412e-01
5.001520252803902666e-01
6.001813236627379089e-01
2.222222222222221266e-01
3.940546967895362518e-01
4.997000699071740271e-01
4.722675052123719852e-01
7.210916179337232279e-01
5.660685154975529931e-01
7.337118222114276112e-01
5.197597217831172456e-01
6.572131177332234397e-01
5.288909467747880955e-01
5.510132158590308471e-01
6.360856269113148720e-01
2.771150168472817366e-01
5.375044690740079512e-01
5.304402546989425149e-01
3.429816421433402041e-01
2.911310757889887246e-01
5.190797356796269524e-01
6.796710248840150959e-01
4.563278810035381050e-01
7.232413760911170497e-01
7.810130486368573877e-01
7.427027027027026662e-01
7.498356596455032497e-01
3.195893075967001229e-01
4.808520030901665132e-01
2.502534795833715187e-01
6.472513089005235143e-01
5.485720135121302521e-01
5.812237514040542452e-01
4.180021448220937463e-01
5.760328790828466161e-01
5.250617579019390968e-01
7.113721842058468026e-01
3.089933814941384083e-01
2.623535184294670808e-01
6.207180500658761035e-01
3.654131764985444897e-01
6.524146600619565861e-01
7.336443009911862712e-01
3.721622625070024060e-01
7.943359818763366942e-01
4.578247213303950902e-01
4.755914382275628904e-01
5.556785992280346420e-01
3.930486226659272164e-01
5.597484276729558506e-01
7.426239205015970901e-01
6.985645933014353881e-01
6.164787072883352037e-01
7.231186829965352558e-01
4.526069967317560838e-01
4.601542416452442108e-01
1.478969921371219576e-01
4.149159951767171228e-01
5.822604951560819142e-01
5.360193093204604908e-01
5.182898948331047251e-01
3.847066964238039510e-01
5.303573450058487460e-01
4.824371928760916028e-01
4.989434486686381565e-01
5.186737530426767107e-01
4.583333333333332593e-01
5.031122183350069665e-01
6.984359719237511754e-01
5.345068454875664399e-01
3.234309623430963176e-01
4.005439801141330580e-01
7.797025818722312929e-01
7.242476143870809624e-01
6.610324349017817624e-01
3.562332562662848812e-01
7.866103301526329306e-01
5.576553842274623030e-01
7.002501178935288673e-01
4.490792289874492305e-01
5.203346088813741721e-01
6.399542621236421480e-01
5.337203719062377782e-01
7.254105458032803488e-01
4.862314441807846777e-01
3.512461059190030710e-01
5.122511485451759494e-01
5.679035650720025696e-01
3.770931226639598344e-01
5.174408594745359968e-01
5.001580706642761998e-01
4.468958440225758166e-01
4.872228640190519044e-01
4.900949926010788049e-01
6.668651212813767604e-01
4.815390639780144366e-01
8.015817451962442552e-01
4.656149081475992046e-01
6.319522310696418232e-01
4.981885846141076435e-01
5.060739209097958602e-01
4.053398058252428715e-01
6.313892367432769603e-01
4.281442267477347241e-01
4.034319828379437367e-01
7.999588599421115775e-01
4.679450155943167267e-01
5.308300547843043393e-01
6.324702335290611765e-01
5.087719298245615418e-01
4.605928057733738035e-01
6.614076203822272237e-01
5.379260149995253038e-01
5.344481972705055206e-01
3.937333232709749331e-01
7.271449424230956859e-01
6.886608015640274250e-01
6.428221726595224617e-01
6.156862745098038436e-01
5.228745020721844439e-01
4.595577355843931122e-01
6.210142283838013810e-01
4.452554862862251328e-01
4.048707193388843550e-01
7.498193728625788257e-01
2.325581395348827463e-02
4.744351017481811539e-01
4.983432953534797094e-01
7.811974665371140825e-01
5.415663115308627651e-01
5.139187942171637991e-01
5.535947504220686266e-01
2.245625766187450967e-01
6.979137737521983187e-01
6.639853087791274255e-01
6.263892478676661435e-01
4.256836089315018112e-01
5.429276037444293879e-01
6.290892222702497705e-01
7.610194970208575826e-01
4.915167072175992136e-01
5.352718450170936837e-01
6.013459787731771922e-01
5.768102912984924835e-01
3.312857079801783677e-01
4.005663882944423548e-01
5.830038929293538397e-01
6.118094433294603007e-01
7.389721250592952151e-01
5.723014256619145534e-01
6.961197865742939639e-01
6.433276130211914579e-01
5.267999751141997367e-01
8.397883562381388556e-01
7.772996927170507941e-01
4.600925327204042903e-01
5.122907555421506443e-01
1.115981089231660056e-09
4.474922931614834787e-01
6.020490686199103658e-01
4.102355201623196779e-01
2.142796860494556033e-01
6.749505425778312695e-01
2.763988968952939551e-01
4.232239943283243599e-01
5.381927415478572341e-01
8.062814544612100232e-01
6.154565771009823383e-01
4.832838689663813692e-01
7.011422959631985474e-01
6.486105750804603831e-01
6.755186169868310220e-01
3.465591402138557542e-01
2.852207293666027543e-01
6.583515471180072520e-01
4.978226509634243180e-01
7.395285737303725071e-01
5.710050152704236881e-01
5.793659069289350816e-01
4.990728761560511151e-01
6.646080377158317676e-01
4.959963865654412052e-01
3.504772004241780148e-01
4.596126249124103946e-01
4.800213676174488464e-01
8.133740137734235542e-01
3.512225262600405240e-01
5.788490284005978204e-01
6.504848918480045095e-01
6.494556765163296275e-01
6.029160998826703644e-01
4.509379613443053048e-01
6.036056195334034147e-01
4.959871716914617257e-01
4.884741074331249711e-01
5.625000000000000000e-01
5.124979444170367771e-01
7.062800585488254734e-01
4.210345784900030863e-01
7.446097354312164462e-01
3.547130886244698744e-01
7.059650447955351238e-01
5.253603824165543612e-01
5.364238410596026130e-01
6.333122738910735849e-01
6.250303491192272798e-01
7.636837932242137583e-01
4.918220236202010542e-01
5.565610859728506998e-01
6.182537826357193955e-01
4.193491333569154822e-01
6.334336492368950466e-01
2.368852459016393408e-01
5.576372372955394896e-01
5.278170531975415747e-01
5.688059475041724600e-01
3.355812288228006701e-01
7.996717049817329004e-01
6.673084718281312444e-01
6.838166598895782933e-01
6.658584634035460414e-01
4.627585702799503764e-01
2.346816179415296966e-01
3.425449036120855606e-01
6.641302980757136654e-01
5.555417495029819630e-01
4.654131847725161975e-01
5.441860465116279411e-01
4.324474414914716291e-01
6.508892788851927680e-01
6.130584653315643839e-01
5.548968871245606449e-01
7.166746156518462030e-01
7.532007328442498206e-01
6.378296657147656257e-01
5.914421875137578777e-01
7.401235862205063354e-01
5.202492211838006808e-01
5.484335769891396373e-01
6.210913180554920032e-01
6.913059803355747768e-01
6.873647281631201089e-01
4.235046304895979663e-01
3.357590460267144139e-01
3.031437125748502326e-01
3.394820858460447788e-01
5.469431842730611004e-01
6.830422970398055682e-01
4.988320971060682951e-01
3.729396040670553414e-01
6.645601881097353836e-01
7.193602546800094144e-01
1.873963515754559772e-01
6.787015299927143808e-01
6.089722851288688066e-01
6.346368957554354706e-01
6.593638087212976284e-01
4.789242505972104991e-01
3.898920086297394949e-01
6.343876723438767185e-01
5.977068548094096601e-01
4.737700409023301029e-01
4.895086853453160525e-01
5.617173524150269603e-01
6.358728444853758432e-01
5.501585711901186837e-01
3.738693953168746309e-01
4.537872461643737143e-01
4.215349452166125555e-01
7.201020904229460395e-01
6.577737304821067443e-01
7.754189793992906088e-01
4.399999999999998912e-01
4.193356785500577666e-01
7.236581750491226650e-01
5.956524033134595886e-01
5.901106050748210485e-01
3.973613595706620982e-01
5.730394669400307173e-01
5.624999999999998890e-01
6.116906686261821546e-01
1.851399801662978739e-01
2.808633093525178537e-01
1.582933136313260380e-01
4.891924537971901743e-01
6.486533753060511609e-01
7.371279265772845424e-01
3.170528322115669928e-01
4.297760663354077137e-01
5.764562778744772853e-01
5.795513284399874676e-01
7.067753363804908373e-01
6.317633836893541410e-01
4.939113802996492608e-01
4.757360196332181546e-01
6.398019424871453920e-01
6.053450485081455223e-01
4.979435274103037323e-01
6.137168802745025520e-01
3.264019208759357804e-01
4.639877941563599340e-01
3.993853310009272684e-01
2.532239155920281148e-01
6.383300096576645100e-01
4.655820642411964139e-01
6.177455577006422116e-01
7.238178811299741389e-01
7.072029773210327663e-01
6.698113207547169434e-01
4.803728254201726222e-01
5.841584158415842332e-01
2.892983143865152096e-01
5.193598347960762807e-01
7.279782123480782463e-01
2.598034143817897212e-01
7.069486929545599763e-01
3.508451347647327245e-01
7.027606469930975930e-01
6.931917044537341255e-01
6.461212224686020411e-01
5.449694807224311210e-01
7.032155150345947847e-01
5.299602830683242116e-01
2.143979880540709260e-01
6.828215767634854272e-01
6.789519391799561099e-01
1.580050293378039150e-01
3.947375531014131744e-01
6.377543551456594795e-01
6.769230769230769607e-01
5.655172413793103647e-01
1.320555188367481259e-01
5.144241356529399845e-01
7.222423623240945556e-01
7.205687055698772880e-01
5.572645446080629617e-01
6.693404634581104906e-01
7.344678906706847421e-01
6.070141859700176612e-01
4.862609054653898588e-01
6.817067530638157846e-01
6.585365853658535773e-01
4.848973298759550188e-01
5.009247764068002207e-01
5.722937451861264124e-01
6.940880886215692325e-01
5.733484762445579808e-01
5.418614534636634339e-01
5.320786031232417335e-01
7.788541752411363150e-01
5.101020620704019848e-01
4.066792526528220653e-01
7.124685015529467202e-01
6.390206207294428786e-01
5.882275356584326653e-01
4.941796617614759302e-01
5.387645236854685660e-01
5.659399141630901964e-01
5.049602022955150815e-01
7.283964574657726398e-01
6.542341460457373747e-01
5.375365304460307803e-01
4.011560693641618713e-01
5.764957825265490943e-01
6.670339761248852417e-01
4.672209785737129195e-01
5.022849616220351754e-01
3.181158332081893136e-01
3.664662261630681206e-01
6.348657917128639472e-01
3.989619967034851444e-01
6.801199223038594255e-01
7.122102226004548564e-01
7.690031374636703276e-01
6.801075268817203812e-01
3.975887192191316921e-01
8.232227824728356458e-01
4.115733275391849633e-01
6.697125349193474575e-01
4.934949206914989173e-01
5.776053718070869314e-01
3.384061969933438441e-01
4.028113828476417302e-01
4.487718049127803477e-01
6.048954890840397836e-01
6.807142871525100336e-01
6.613568717273117237e-01
4.353582426265652505e-01
5.034989264458673563e-01
4.995621469424276762e-01
4.995847568917038406e-01
5.182100726479255126e-01
6.647611176159974322e-01
5.151592033489788003e-01
4.998695525278840646e-01
4.814606176441003083e-01
6.773407901858199409e-01
3.612062154332367769e-01
6.811730465647277688e-01
6.746347941567065742e-01
3.761094495088916356e-01
6.352033030162071991e-01
2.154979186679475689e-01
3.636363636363636465e-01
5.298892988929888581e-01
6.395988554898723866e-01
5.041954590325765651e-01
7.148951684393768380e-01
4.047356656667050467e-01
3.396293646547804412e-01
5.603988016928465044e-01
3.612482717756271833e-01
7.090645203852751211e-01
5.258064516129031807e-01
4.782756440323429059e-01
7.170212765957446610e-01
4.367816091954022095e-01
3.146135107525473984e-01
5.256534365924491192e-01
2.758620689655171265e-01
5.321029003064206009e-01
6.561583154130036233e-01
4.024390243902439268e-01
3.703882928692491250e-01
6.199284009546538465e-01
