6.709267980013668975e-01
8.887004636738814467e-01
4.895982617539642590e-01
6.454712768336734463e-01
7.404528910585034263e-01
9.360230624966421331e-01
5.694411299099015888e-01
1.034593120234098551e+00
1.379532252885311117e+00
8.143523996466532910e-01
1.106137712767087278e+00
2.311518316430248632e+00
8.496761404740693635e-01
9.664126934941968949e-01
1.069804722201745051e+00
1.297783024113290828e+00
6.628528000979575507e-01
8.529281674073870834e-01
7.597407749388702669e-01
1.461393620517100755e+00
1.240480066771038059e+00
8.964380449979821863e-01
1.040424340942116332e+00
1.202128576729843523e+00
1.047825505686908354e+00
9.307525360874721043e-01
1.380541502623237271e+00
1.058030141925939693e+00
1.015641652933040318e+00
1.088980467222342430e+00
9.747109691171454982e-01
7.790286588192372186e-01
8.178287042995101563e-01
8.723281901475234967e-01
7.837384909295592728e-01
1.723574274658366878e+00
2.216536702205418319e+00
1.202016437870073950e+00
1.045582728491516900e+00
5.868226531741856933e-01
1.099409381180912915e+00
1.137873010081877023e+00
1.131593233934780729e+00
6.973915689069866142e-01
6.537695524566219385e-01
1.173757445208140959e+00
1.099521520040682487e+00
1.016090208372118608e+00
8.177165654397405836e-01
1.735012438354863740e+00
1.355310259175082743e+00
1.193718162247125347e+00
1.213342462706801017e+00
1.509276913638709194e+00
1.007231238450322142e+00
1.520939355054744979e+00
1.855785990326695778e+00
8.449663083637471983e-01
1.204595631644774123e+00
9.787479680688501160e-01
1.518135883560505661e+00
1.007567655029630860e+00
1.589904753813033755e+00
1.213230323847031444e+00
1.349030483027986671e+00
1.117800154183123063e+00
1.138321565520955314e+00
1.435153127331020295e+00
9.102311247496398527e-01
1.167814085640353605e+00
1.319650101768357953e+00
2.352897555685221409e+00
9.344531184598681151e-01
1.529910463836311019e+00
1.048722616565064936e+00
1.494923139588203664e+00
1.966354906059496699e+00
2.705574269660534714e+00
2.259934440936243849e+00
1.143816369649664599e+00
1.727274857030763000e+00
1.548189097978751816e+00
1.816425250547575088e+00
2.077148099511836765e+00
1.057357308767322257e+00
2.242552917671960078e+00
1.895595285544894981e+00
2.094753900495660126e+00
1.462066453675718192e+00
1.382784279818628725e+00
1.938768746556181366e+00
2.312527566168174786e+00
1.265711310219192365e+00
1.220182933152744953e+00
1.358450147248631001e+00
1.730863300543389327e+00
9.638334997194967224e-01
1.152114645272612981e+00
2.021751502785666954e+00
1.255955229419239538e+00
1.276140224177762850e+00
7.275569221850022306e-01
8.901582688508860031e-01
1.204371353925234978e+00
8.924010460462774574e-01
1.121052181116440671e+00
9.844670499170984357e-01
1.406669856949548159e+00
1.035490231112255133e+00
8.025778193708479336e-01
7.456112786079038823e-01
1.078887969843080663e+00
1.985867067659402796e+00
1.103782796711926251e+00
1.105464879608469841e+00
6.827013782771722550e-01
7.507696661573043384e-01
7.594043583595615488e-01
8.189500928972058835e-01
1.403529968876000122e+00
8.601050544326398484e-01
5.245855860020716133e-01
7.589558029204832579e-01
6.793372124840850734e-01
1.086737690026950753e+00
6.454712768336734463e-01
7.063626776885526537e-01
6.847198777530246749e-01
4.991300648343781066e-01
7.358551978079508338e-01
6.645348829945011415e-01
6.113810634637226737e-01
7.069233719874005173e-01
4.596571861954877325e-01
8.334160058074809863e-01
5.839070428201768026e-01
7.927095997111253123e-01
4.509103551334608939e-01
6.021856769626174888e-01
9.004750439496868042e-01
6.353787794544116796e-01
1.690493311026342482e+00
1.006558405291704705e+00
7.225106734953714582e-01
8.442934752051297620e-01
1.383232835257707016e+00
1.240592205630807632e+00
6.395279172658859812e-01
9.005871828094563769e-01
1.094811687930360211e+00
2.500584434001751788e+00
9.830092447400939903e-01
1.756543099430621924e+00
1.030443982422624138e+00
7.100632600609485534e-01
1.044124923314512454e+00
1.043676367875434163e+00
7.337245594723289521e-01
1.111856794615335708e+00
8.079604846397875351e-01
1.056123781309856957e+00
8.559559166211655468e-01
8.299397011546242320e-01
8.862334087589508469e-01
9.673098043723534767e-01
6.828135171369418277e-01
7.641141904698837140e-01
1.043227812436355872e+00
1.096157354247595084e+00
1.158506560279478848e+00
1.400390080802452086e+00
6.571337182497092311e-01
6.082411753901745266e-01
6.119417577625705373e-01
8.128945944696488457e-01
8.350980887040246881e-01
1.458926565602170156e+00
1.286681276996102907e+00
5.506018014686130391e-01
7.995500701570693591e-01
5.452191361996734376e-01
8.219778421109843469e-01
8.791686605934676546e-01
5.231277808250671679e-01
4.682918783977449984e-01
1.543591404728199112e+00
6.458076934129821645e-01
8.978958501749866317e-01
8.278090628190022393e-01
5.381543880341901342e-01
5.300803901307807875e-01
1.558618011937322301e+00
4.817485415700940021e-01
6.785522404656980644e-01
7.481904723826040549e-01
1.034480981374328978e+00
4.731138493678367363e-01
7.746552432882237715e-01
6.779915461668502008e-01
8.364437550212595607e-01
1.085952718008563744e+00
5.906353744063512767e-01
1.340059374246420631e+00
8.494518627545302181e-01
7.933824328697427486e-01
8.294911457155459411e-01
6.224828105809105949e-01
9.064184035174742693e-01
5.083254513354832360e-01
8.533767228464653742e-01
9.525074748827696558e-01
8.247813136052237759e-01
5.008121477309217529e-01
1.692511810502194791e+00
1.104007074431465396e+00
6.224828105809105949e-01
4.426120795105123462e-01
1.054665976132852512e+00
1.155703088785239530e+00
1.045246311912208181e+00
5.714596293857538978e-01
9.565444738344742737e-01
2.648383451178051740e+00
6.111567857441835283e-01
1.158170143700170129e+00
6.140723960981924190e-01
1.077093748086767500e+00
1.736582382391637758e+00
5.240585333611545771e+00
7.346216703504855339e-01
6.073440645120179449e-01
6.256226986544586310e-01
5.166237269584318392e-01
1.372018949280749522e+00
7.110725097988747079e-01
7.486390278216823457e-01
5.374815548755726979e-01
6.242770323372237584e-01
9.419664220644295982e-01
5.991579277488389144e-01
7.725246049526017789e-01
4.626849354092662514e-01
6.338088354176376615e-01
5.389393600525772543e-01
5.563208833168613587e-01
5.689925744708232980e-01
4.761415985816152552e-01
5.679833247328971435e-01
5.824492376431722462e-01
4.181658080807449940e-01
1.208520491736709168e+00
4.145773645681186115e-01
1.009249737926174451e+00
4.765901540206935461e-01
5.636099092018836965e-01
6.219221162820626203e-01
9.658519991953490313e-01
2.869633421503423043e-01
4.122224485129575289e-01
4.111010599152617462e-01
4.792814866551633468e-01
4.649277126046577613e-01
4.775994037586197005e-01
4.668340732207404975e-01
5.858134034362595388e-01
5.698896853489798797e-01
7.327153097344026866e-01
6.236041991786063221e-01
7.672540785434318611e-01
5.539659672617002206e-01
3.488639927431476662e-01
1.410258300462174486e+00
3.674790434648971260e-01
8.135674276282662820e-01
3.184743617455928488e-01
1.202689271028691387e+00
7.939431271685906122e-01
3.786929294418546199e-01
5.095589787929485359e-01
3.597414621407964419e-01
7.372008641251857064e-01
5.003635922918434620e-01
4.851127073631812392e-01
9.577780012919396846e-01
6.105960914453355537e-01
7.577222754630179580e-01
5.309775010089373692e-01
7.087175937437136808e-01
9.356866459173334150e-01
7.808228805755503821e-01
5.880561806316509932e-01
9.087733195726354074e-01
1.210426852352791904e+00
8.680669134762797334e-01
6.637499109761141325e-01
1.788614813324720387e+00
5.143809497630402738e-01
8.725524678670626422e-01
5.393879154916555452e-01
6.238284768981454675e-01
1.136751621484181296e+00
5.712353516662147523e-01
8.372287270396465697e-01
4.322953044117114341e-01
3.682640154832841350e-01
7.166794527873534548e-01
5.150537829216577101e-01
5.603578822685659766e-01
1.096493770826903802e+00
7.461719729067517459e-01
6.336966965578680888e-01
3.215021109593713677e-01
8.126703167501097003e-01
1.865205654547340108e+00
5.527324398042349207e-01
8.593200824142528393e-01
3.494246870419955298e-01
5.273890574963110423e-01
9.031663765841566605e-01
5.804307381673199373e-01
5.264919466181543495e-01
1.019342235305436217e+00
9.042877651818523876e-01
5.504896626088434664e-01
4.434306931868301938e+00
7.143245367321924277e-01
9.777387183309239616e-01
1.060272919121331148e+00
1.533947462788015637e+00
9.676462209516621948e-01
1.052647476656999981e+00
8.145766773661924365e-01
1.449955456820604116e+00
1.868345542620888144e+00
8.052691520053176788e-01
6.927938756564340217e-01
7.535731376515436564e-01
1.237452317557259596e+00
7.996622090168389319e-01
9.229028159036017920e-01
9.508253919862259540e-01
1.362487146200335619e+00
8.062784017432439443e-01
1.094138854771742775e+00
8.349859498442551153e-01
1.133499594550863687e+00
1.408912634144939613e+00
1.960299407631939772e+00
1.951216159990604160e+00
1.546394876222438652e+00
1.045919145070825618e+00
2.067616296431423084e+00
1.285223471819098462e+00
8.869062419175682832e-01
9.567687515540135301e-01
1.610089748571557067e+00
1.331985376343011174e+00
8.864576864784899923e-01
1.569046925895892786e+00
