-2.943077616929303417e+02
-1.517045963489209157e+02
-1.601829832961067552e+02
-2.130861781137234061e+02
-1.883339270177859817e+02
-1.425145575558367455e+02
-1.819795300939912863e+02
-1.550056827447464229e+02
-1.967728602205025652e+02
-1.423298866659403927e+02
-1.978838574808025044e+02
-4.188498289407698394e+02
-1.511404235739540809e+02
-1.458944458695906974e+02
-1.585852355658066131e+02
-1.701314578649483451e+02
-1.403267367148559686e+02
-1.667980966445720412e+02
-1.446584012602675102e+02
-1.490107296955425227e+02
-1.590198214334068325e+02
-1.444102636399031780e+02
-2.035628009864293801e+02
-2.527920954109203819e+02
-3.431757866552417227e+02
-1.674391722373521816e+02
-2.043888872301961612e+02
-1.492319691548392200e+02
-1.872620615548674152e+02
-1.412482423299262280e+02
-2.052843313317365528e+02
-1.528782612918180348e+02
-1.966225383985003532e+02
-1.529216913128133513e+02
-1.611123571839860631e+02
-3.120513872141615934e+02
-1.378386131501540888e+02
-1.647504011854692862e+02
-1.481965740121122224e+02
-1.736216160085559181e+02
-2.076633619645166391e+02
-1.563181915616738991e+02
-1.652401920340104482e+02
-1.391429801323197921e+02
-1.441295391220012903e+02
-1.391662458363880717e+02
-1.590519480398087069e+02
-1.741569954499185542e+02
-1.493177085447682657e+02
-1.398694760792141665e+02
-1.472158583414054078e+02
-1.535263356165167750e+02
-2.932441787744156727e+02
-1.459345783440815296e+02
-2.331108978934922504e+02
-1.440722603444917809e+02
-3.831295590818361347e+02
-1.808106204145186382e+02
-2.339441360923241575e+02
-1.987903646747307675e+02
-1.556102346412635029e+02
-1.464913650929024698e+02
-1.569864309593111500e+02
-1.499476698188460944e+02
-1.818436101024720415e+02
-2.069630603490863052e+02
-1.620603485061988067e+02
-1.442751941835609841e+02
-1.658586908813672665e+02
-1.570734460593834569e+02
-1.486838753827613004e+02
-1.439374271927556492e+02
-1.595755627269513184e+02
-1.767192368450431275e+02
-1.486426814722367737e+02
-2.011320836891931947e+02
-1.500284330610808183e+02
-2.544693870085440324e+02
-1.394586735259170496e+02
-1.489337467825845636e+02
-1.701428332259528133e+02
-1.426816260378109291e+02
-1.835614459625415975e+02
-1.456717606296795680e+02
-1.530599339167505377e+02
-3.001683126356430762e+02
-1.811755133899333714e+02
-1.563774842747779132e+02
-1.454563094240914438e+02
-2.333361774778175857e+02
-1.654469569411086241e+02
-2.534081906327015759e+02
-3.298642549250937464e+02
-1.509966733447908496e+02
-2.205652664083269201e+02
-1.749956531949387397e+02
-1.951190986528234248e+02
-2.062640286101485572e+02
-2.865288028112593679e+02
-1.919293417321320021e+02
-1.671527597947425363e+02
-2.136566400099158329e+02
-3.115660533206983018e+02
-1.612741430632746642e+02
-2.138169132227841942e+02
-4.236700295233092675e+02
-1.445920574004553600e+02
-1.590087108717203250e+02
-1.490156947063524058e+02
-2.354009963888938444e+02
-1.739581964274915435e+02
-1.663074973810917072e+02
-1.456257824500537481e+02
-1.564210446369314411e+02
-1.805003033248077315e+02
-2.072174159090779142e+02
-1.515204401170221615e+02
-1.770406118510660463e+02
-4.158443942871177228e+02
-1.460764522103250158e+02
-2.188067202516622274e+02
-1.629409903329165274e+02
-2.316603763781309056e+02
-2.717643621808075522e+02
-2.247107922697059337e+02
-1.450148231544095552e+02
-1.521096697508650948e+02
-1.482612202035856228e+02
-1.531175701344858453e+02
-2.814547442235855783e+02
-2.370903212369624384e+02
-3.052034139856230581e+02
-1.392261212833228115e+02
-2.316577446524041477e+02
-1.803984449904857570e+02
-1.453327828688091188e+02
-1.928057790775269495e+02
-2.256877833616204612e+02
-2.414726657781702954e+02
-1.605328872387255501e+02
-3.178061792596097348e+02
-1.446026992624062757e+02
-3.988301572106571484e+02
-1.816570960423297834e+02
-1.562351202938465065e+02
-2.285136032540944484e+02
-1.781047941826907959e+02
-3.208798598443454466e+02
-2.078448258245452394e+02
-3.451587303676715237e+02
-1.745001778445079310e+02
-2.216187249062066087e+02
-3.460002348470662810e+02
-3.104580416546533002e+02
-1.989862568414219481e+02
-2.181709923340250725e+02
-3.221881171914932338e+02
-1.476040285142896664e+02
-1.707615360635737147e+02
-2.231893982708645296e+02
-2.262542092567328211e+02
-2.020297318804186091e+02
-2.667335920920279477e+02
-1.712492867293250072e+02
-1.655884257816566958e+02
-1.656295861390780146e+02
-1.569642727235031145e+02
-2.586039599400294264e+02
-3.033919492341867112e+02
-2.018376128854699800e+02
-1.531766709483547402e+02
-1.925949461031721626e+02
-1.491793745777407878e+02
-1.791808743603324956e+02
-1.720413416438394449e+02
-2.008406070290373009e+02
-2.009277155509914223e+02
-2.383867604128064102e+02
-2.171885290603086673e+02
-3.108719107068147878e+02
-4.312010405662476842e+02
-2.164651547645954679e+02
-2.152341935054621160e+02
-2.241983704445773355e+02
-1.579164656870636065e+02
-2.171185522434721520e+02
-2.176821826299115799e+02
-2.726479882902110603e+02
-1.991621287815866310e+02
-1.363648656482904755e+02
-2.163766197647359490e+02
-2.765773562584572005e+02
-2.097226202740400538e+02
-2.085017485173676448e+02
-3.466194310733646375e+02
-3.117804028135184353e+02
-2.754454449010042936e+02
-1.620266011101885795e+02
-1.533714368859228330e+02
-2.012685213270429188e+02
-4.618056019211674084e+02
-3.172100437601880571e+02
-1.687929514115135419e+02
-2.959153586835662963e+02
-2.592876441913311965e+02
-6.542314142546329094e+02
-3.181671891603327822e+02
-1.809724368374126868e+02
-1.597515493931620369e+02
-6.850967853583523492e+02
-1.517177861434245472e+02
-1.401437889854063883e+02
-2.120326728284089199e+02
-1.559496871600732106e+02
-1.858801473434315596e+02
-1.362950872791211339e+02
-1.656246065317052114e+02
-2.497886891935146139e+02
-2.755362229305044366e+02
-2.086271234755465684e+02
-1.490943045150754074e+02
-1.806399361636276524e+02
-1.381770190193088865e+02
-1.912146533602430623e+02
-3.327734153199465368e+02
-2.421257504187177290e+02
-1.967949518649242577e+02
-1.965055199797952810e+02
-1.883559908591765577e+02
-2.147790371656207924e+02
-2.496630151191636457e+02
-1.387983512602209260e+02
-1.527909395675467294e+02
-2.790068202777333681e+02
-1.520538618661576891e+02
-1.658901550456756695e+02
-2.675417713234215853e+02
-1.463488576768014866e+02
-1.859732847289636197e+02
-2.600310203001423588e+02
-3.244164973911738912e+02
-1.795484773960641292e+02
-1.675282793887485866e+02
-1.587752184550696199e+02
-1.522457216363975476e+02
-1.853005097679404685e+02
-1.722308378610308068e+02
-1.646892084928709608e+02
-2.302259974209065376e+02
-1.584340174518943911e+02
-2.952581718105552113e+02
-1.628222676149851509e+02
-1.609113014405524495e+02
-2.818198548538462092e+02
-2.162082615574642261e+02
-1.443885139621546330e+02
-1.612894440584557572e+02
-1.656825742924419558e+02
-1.708079963093908873e+02
-2.960086650320466219e+02
-1.629338534793755287e+02
-1.884863485549830671e+02
-1.716036632883916582e+02
-2.972188432436680046e+02
-1.722817469840124147e+02
-1.565337096640368486e+02
-1.426717217922786745e+02
-2.043712121114671163e+02
-1.554550385978658369e+02
-1.538175682966733291e+02
-1.894130965034645726e+02
-2.674455661952251830e+02
-1.565304832125230519e+02
-3.005376534927308967e+02
-1.479813391581454312e+02
-1.460388018760073692e+02
-1.643550739742516384e+02
-2.014726896396327334e+02
-2.652249160962484780e+02
-2.198494795941418545e+02
-1.662425922612598015e+02
-2.094190298572690381e+02
-2.084155364805079103e+02
-7.681634316007633743e+02
-4.085826165361591507e+02
-1.730771857450958748e+02
-6.332120533599676264e+02
-1.878599927622465771e+02
-1.700485684047524444e+02
-2.562279375807524389e+02
-2.092571702179787110e+02
-2.326402491074243528e+02
-1.754203514538176591e+02
-3.747673949448439430e+02
-2.852921416479990171e+02
-2.619983865128037905e+02
-1.524086659158241730e+02
-3.167411125332940287e+02
-3.099684276622609218e+02
-4.721614796959706837e+02
-2.413780397904798747e+02
-3.121782444023112930e+02
-2.099570205770553173e+02
-5.948492852154015509e+02
-4.723819232812901987e+02
-4.475924774504776451e+02
-1.701914412612936189e+02
-1.507148603500049262e+02
-2.193604783941449341e+02
-2.449873074301426641e+02
-3.529599584032099528e+02
-3.596059804790609178e+02
-3.533946243015304844e+02
-1.441630019731306334e+02
-3.306608010038295902e+02
-5.410319610992539765e+02
-4.080774937100515558e+02
-3.946366938051743318e+02
-3.562566817511050203e+02
-4.031609594442923026e+02
-1.894451034369908200e+02
-2.325473333921159167e+02
-2.184498962412354786e+02
-2.824290832918634351e+02
-2.122238838358013027e+02
-2.731348559209125142e+02
-1.700270561571303176e+02
-2.849382868996081015e+02
-2.131922197992008705e+02
-2.597907559062633709e+02
-3.322417834076469489e+02
-3.289076649134086665e+02
-1.868400215066530734e+02
-3.654335017310281728e+02
-3.425340178881079964e+02
-2.218063094078754034e+02
-1.422979476703012551e+02
-1.711631403734668879e+02
-1.747013780694942682e+02
-1.390607282307075820e+02
-1.845714650267873935e+02
-1.726477000702438716e+02
-1.454487379908383673e+02
-1.475446781035914796e+02
-1.553003078258330163e+02
-2.331213705093821886e+02
-1.737911169837525733e+02
-1.764982762995027485e+02
-1.546855935518943284e+02
-1.507396830210236089e+02
-3.711718241538932261e+02
-2.010137634087297727e+02
-2.281795891558386700e+02
-1.557843074344324066e+02
-1.739349981740353428e+02
-1.476879495368451956e+02
-4.227658483129749243e+02
-2.225381739222868021e+02
-1.545878949566927645e+02
-1.525572981778440180e+02
-1.481033986928622994e+02
-1.549128332262997958e+02
-1.431463583801797768e+02
-2.014925834829478504e+02
-1.451148310758351272e+02
-1.977491019411024524e+02
-1.760407027906568658e+02
-1.448509574739560151e+02
-3.547871412115094927e+02
-1.524334948017809950e+02
-1.581214416139232526e+02
-1.440791101482208489e+02
-7.278086739135983407e+02
-1.990377036391474235e+02
-2.591153381106463485e+02
-1.413466005253357594e+02
-1.466040457669446653e+02
-6.035678767219110341e+02
-3.576863346612209966e+02
-4.130177481078183064e+02
-1.583376090328065970e+02
-2.489613022982341874e+02
-7.349457856236052748e+02
-1.625053992491133670e+02
-2.039669264087116005e+02
-1.394354811476406724e+02
-1.545373131981881158e+02
-1.449699279538637313e+02
-1.445287325476881506e+02
-2.651208263764340813e+02
-1.605763667626551410e+02
-2.357059994286617837e+02
-1.603882023953609632e+02
-1.472476820009596850e+02
-2.320132233691691965e+02
-2.705231859200520717e+02
-1.803589145794043702e+02
-1.470589141684792480e+02
-1.513311514546146839e+02
-3.854528500226456345e+02
-1.454562842380161101e+02
-5.529612288188200182e+02
-1.567412789538654465e+02
-6.373106974677896233e+02
-2.368408541117535151e+02
-1.405544127054895966e+02
-3.361216591692858060e+02
-3.876301643699715100e+02
-1.443058819929883612e+02
-1.783069309486540703e+02
-2.269308514620891799e+02
-4.373201444988152389e+02
-8.708911299182219636e+02
-5.022192363086790579e+02
-4.100400660882802981e+02
-2.610539881788172352e+02
-1.667620973199844912e+02
-3.755823588777418536e+02
-2.915602437754455423e+02
-1.533862552234265877e+02
-2.131234603097249192e+02
-1.328322150020302956e+02
-1.849885231390334468e+02
-9.324365962727631540e+02
-1.569688028480460389e+02
-8.140583692574799670e+02
-1.596827858087166021e+02
-1.952391476221815196e+02
-2.321317706333711897e+02
-2.058926563270503607e+02
-2.204787497842474409e+02
-1.583332974361522361e+02
-1.661956288639188983e+02
-1.468056593824008189e+02
-1.932030333550625869e+02
-1.978256284981696638e+02
-1.905928619256354466e+02
-1.388146852977313870e+02
-2.090509082105343168e+02
-1.535310760954917839e+02
-1.770785832274482345e+02
-1.711066764630836019e+02
-2.052971906072596653e+02
-2.542231544055197503e+02
-1.539621887861425478e+02
-1.741046473692825600e+02
-1.483849805011511762e+02
-1.632559584846824805e+02
-2.382141460532562292e+02
-1.740357449265383423e+02
-2.254833065490124113e+02
-1.597233665268483094e+02
-1.746234974511731650e+02
-2.186973648012410081e+02
-1.446440797498113682e+02
-1.750876250291659062e+02
-1.558739914131420221e+02
-1.773453035160198681e+02
-1.614820803193831296e+02
-1.658209881984130618e+02
-3.021894299280029941e+02
-2.481595364056927338e+02
-2.149600794926493279e+02
-1.960042263122010695e+02
-1.505478362512775163e+02
-2.126235185722256915e+02
-1.496864472129525154e+02
-3.432658576869161493e+02
-1.516831477406774127e+02
-1.472949043266591218e+02
-1.397357619347483819e+02
-1.505867978430771359e+02
-1.615929259113249543e+02
-1.820674800151907107e+02
-2.176522592415817314e+02
-1.719546886070566529e+02
-2.655319503674156181e+02
-1.950873057074682890e+02
-1.459425536779514232e+02
-1.493085786975667020e+02
-2.433378236583974967e+02
-7.114049470260855514e+02
-1.449618606309970801e+02
-1.477981939579534867e+02
-2.024158205843246208e+02
-7.235295518416861569e+02
-1.716085165355630409e+02
-1.452792093053043061e+02
-2.194102499464952132e+02
-2.022224338120194602e+02
-1.583300138039149658e+02
-5.927050346255180102e+02
-1.629628259006366591e+02
-2.633649177461966815e+02
-1.646300531823121389e+02
-1.933296109603869581e+02
-1.623964295268056048e+02
-2.354543681602106631e+02
-1.522171690103990613e+02
-1.420915554035694583e+02
-1.625036606280578724e+02
-1.495727502541129468e+02
-3.527450310794815209e+02
-1.533500664988936535e+02
-2.408996674816684731e+02
-1.469781144355566482e+02
-1.680751919391679792e+02
-1.977769146771797182e+02
-1.617383653067360001e+02
-1.415396809348994793e+02
-1.430705338271138487e+02
-1.427014694276495845e+02
-1.655038359110439217e+02
-1.480218245167007183e+02
-1.660844784392000122e+02
-1.608556092692658126e+02
-1.818282027014244022e+02
-1.909017173694103917e+02
-1.461413929484330083e+02
-1.472579189738369507e+02
-1.461321897754394854e+02
-2.759989682899628747e+02
-1.575966996374821463e+02
-2.226336928383409770e+02
-1.958426017172734532e+02
-2.100104584316091518e+02
-1.705155520375379297e+02
-1.775857487887148523e+02
-1.935128886913367978e+02
-1.568071758142829424e+02
-1.567638325636171430e+02
-1.519332633296378106e+02
-2.541102776078030558e+02
-1.530818624277129629e+02
-1.630334853176507863e+02
-1.496336364311511318e+02
-1.557914590724228674e+02
-3.617838167638441291e+02
-1.492611776414650251e+02
-3.280360254119981960e+02
-1.448107705342719953e+02
-1.540921164068001303e+02
-1.505458255160619956e+02
-1.990148132783011761e+02
-1.457832856897186105e+02
-1.533069865030147980e+02
-2.608412168324479126e+02
-2.348808424674749915e+02
-1.397987837038441512e+02
-1.709851196912368039e+02
-1.480699079097687445e+02
-2.034454337434700335e+02
-1.713679383780811918e+02
-2.714730339032400934e+02
-1.610652151796332703e+02
-1.488766889794354142e+02
-1.620753032892876320e+02
-1.844675167685181805e+02
-1.544508824014472737e+02
-1.535461165124687000e+02
-2.331743209353566897e+02
-1.411418090741207720e+02
-1.636148628007059642e+02
-1.460064797015521947e+02
-1.719522183299597202e+02
-1.483302779446090085e+02
-1.606604567960663985e+02
-1.449294716536204248e+02
-1.452217139870650726e+02
-1.512681547629553336e+02
-1.706408649209498094e+02
-2.601001067048441087e+02
-1.507581454743469749e+02
-2.712514962766276767e+02
-1.841697296589550774e+02
-1.541702423278264575e+02
-1.675731878076300347e+02
-1.517787789442426458e+02
-2.312441901087061069e+02
-1.486476004478529376e+02
-1.405562705438373712e+02
-1.533708018744140134e+02
-1.591659975706554064e+02
-1.540010496598068528e+02
-1.926703882456282031e+02
-2.107978848254814750e+02
-4.201852940453156862e+02
-1.453813957659641005e+02
-1.972216581576937244e+02
-1.906436049799525847e+02
-1.524117225884592131e+02
-1.538627906901505185e+02
-1.704642096123189958e+02
-1.812931284266247189e+02
-1.598947879598054840e+02
-1.399479706274972557e+02
-1.777077976966534720e+02
-1.530339344717654626e+02
-1.773795639744030552e+02
-1.746106122860166181e+02
-2.313884933239887403e+02
-2.319140070344189724e+02
-1.518928426476705340e+02
-1.418349758695820242e+02
-1.520652188347621347e+02
-2.005506045302934126e+02
-2.313145041466201803e+02
-1.683527492070703886e+02
-2.339633107423591412e+02
-1.768520572803269886e+02
-1.477865102898926182e+02
-1.663174068560442720e+02
-2.051662548518440872e+02
-1.685171431030586575e+02
-1.603931701544938164e+02
-1.721440029848351685e+02
-1.781182555939548422e+02
-1.930989186498374579e+02
-1.808683913715547078e+02
-1.416175419333250716e+02
-1.450208184136405123e+02
-1.810927128190566293e+02
-2.133306373329211283e+02
-1.734513694501992802e+02
-1.910477350710227995e+02
-1.788828675175690535e+02
-4.836130932480202773e+02
-3.576354044372233716e+02
-1.745478813974098387e+02
-2.298102156986471414e+02
-7.843134222341877830e+02
-3.725482307681753582e+02
-2.752128589630142415e+02
-1.478406133574842727e+02
-3.613285256263979477e+02
-7.109897102029797225e+02
-6.235460182015790451e+02
-1.173490698642779762e+03
-2.697394301346528778e+02
-2.471743991191042653e+02
-1.507896949321869329e+02
-2.503189848589718736e+02
-3.481244658280047588e+02
-1.669742685219909504e+02
-2.778520553047621888e+02
-5.991418750381086511e+02
-1.802120743472638935e+02
-3.286865331086640367e+02
-1.577330504666786055e+02
-2.309113253172449731e+02
-3.412699832352951148e+02
-6.415992589445193062e+02
-5.428685748511912834e+02
-2.068715839206593898e+02
-1.756399995399293061e+02
-1.519959851570667411e+02
-1.824598090782867814e+02
-1.554390066080651707e+02
-2.285083809537223374e+02
-1.465029979449366238e+02
-1.954016902554021158e+02
-1.654288880620721045e+02
-2.510270735888566662e+02
-1.726837207596129815e+02
-1.827108980773011240e+02
-1.578982775779349197e+02
-1.625791539461726813e+02
-2.331786526029524680e+02
-2.048596561714173845e+02
-1.476241392266651076e+02
-1.418103926936481685e+02
-1.489505566827933478e+02
-1.577444095611240584e+02
-2.020118786988478803e+02
-1.753486039723689487e+02
-2.079466353777146139e+02
-2.344899822894002739e+02
-1.478928077909816636e+02
-1.515732640666266775e+02
-1.574432236599737109e+02
-1.476862294912362472e+02
-1.366526467350994949e+02
-1.493091526443024577e+02
-1.589288776628213782e+02
-1.452958464264862073e+02
-1.586612240658632231e+02
-3.845569019690906885e+02
-1.592644454015782003e+02
-2.175480421088631147e+02
-2.293014021520355072e+02
-2.106554395035381333e+02
-6.156893342456278333e+02
-2.073123299875607586e+02
-3.690652314946091792e+02
-2.869075148146885113e+02
-1.512446850395978402e+02
-5.994222349789660029e+02
-1.672379673082614033e+02
-2.028909043910967682e+02
-1.415046768713750396e+02
-1.554936099026369050e+02
-1.829997554477249651e+02
-1.654352155754535545e+02
-2.037728208280491344e+02
-1.554819455293845465e+02
-1.832388885832747576e+02
-1.452252795162326038e+02
-2.422102952190267615e+02
-1.951045738314558946e+02
-4.087760116428403876e+02
-3.343743207807902422e+02
-2.639277179258864976e+02
-3.722772845406384477e+02
-1.644245550194393672e+02
-1.610856355589611155e+02
-9.109644094205616511e+02
-1.623428619476169388e+02
-1.043865887156710869e+03
-1.583045681765867130e+02
-3.059469401814184835e+02
-3.411611928892387482e+02
-2.515202982027235521e+03
-5.219619628544837724e+02
-3.312394782454377946e+02
-4.474909551426645749e+02
-1.917758234035959504e+02
-1.617268057804937769e+02
-7.545029902011419836e+02
-3.087515799079111503e+02
-2.824164858236363216e+02
-9.950942086027594087e+02
-1.367164807697035371e+02
-6.001488300293826796e+02
-4.532158698844147011e+02
-3.783119449237044591e+02
-1.109590446903932616e+03
-6.184988148818904392e+02
-2.486566559245001713e+02
-4.642361112585866181e+02
-3.272473860805137633e+02
-1.688330360761766258e+02
-2.241413058120340906e+02
-3.393989215254008514e+02
-4.110949778367082672e+02
-6.276285509773534841e+02
-1.571968474758625121e+02
-2.027325798677361490e+02
-3.913891391443332282e+02
-3.033207456720796813e+02
-6.260313756480245502e+02
-6.203700062459281526e+02
-2.913131490367194942e+02
-5.928640737051089218e+02
-4.665705717997763600e+02
-1.509745572501292656e+02
-1.608014638140453485e+02
-1.976853948931750438e+02
-1.538219939250329276e+02
-1.797092785031465212e+02
-4.088544423203974247e+02
-2.694194311438894829e+02
-4.363209800821774706e+02
-5.424511639793819313e+02
-1.824702094077309482e+02
-2.220163757820209298e+02
-1.452972677179203913e+02
-1.590602111569306487e+02
-1.622116666826637470e+02
-1.708053103064591483e+02
-2.051200720128043429e+02
-1.758636441175075618e+02
-2.173705065815784110e+02
-1.610993015788664025e+02
-1.935371887600857690e+02
-3.452437911498237781e+02
-1.996412832918375102e+02
-3.135523155643667224e+02
-1.834466912470730335e+02
-1.896113185244480519e+02
-1.610525110161692055e+02
-1.759150170381880400e+02
-1.918949473006565256e+02
-1.677835594168657281e+02
-1.476345308351377525e+02
-2.685053169663101471e+02
-1.604846993352201707e+02
-1.689560480135952503e+02
-1.693350893584772052e+02
-2.195772821247156230e+02
-1.706433861916035539e+02
-2.915468676479893588e+02
-1.639507560006849189e+02
-2.321778390954310396e+02
-2.342615329446529131e+02
-1.138606490146555188e+03
-1.437069600712851525e+02
-2.918634588041202733e+03
-2.540468655812920247e+02
-7.420651474045414489e+02
-8.016660819491243046e+02
-2.374750568835590627e+02
-2.057313448953100306e+02
-1.915210502843114000e+02
-1.432224344013827704e+02
-1.547838360338832331e+02
-1.982288025613278535e+02
-2.089639235348894317e+02
-9.325786403373261919e+02
-9.118873771989846091e+02
-3.514270872142412827e+02
-5.889180525647434479e+02
-3.798352323362648235e+02
-2.674622033066100926e+02
-1.585094978569578075e+02
-4.089738144947495471e+02
-1.487530539105321736e+02
-4.320914054327224108e+02
-1.921781380784909459e+02
-1.591971003854077935e+02
-2.426503327775919843e+02
-2.184343200738887560e+02
-2.011982127864498580e+02
-1.744205723793220955e+02
-2.192963464873479609e+02
-3.713034132549160518e+02
-1.528913585137838425e+02
-4.052810237223915806e+02
-1.331954629754774544e+02
-2.580675442833353941e+02
-1.810423963060156325e+02
-1.737055512402938007e+02
-2.395645275786715729e+02
-3.251762419513467535e+02
-3.478394938645344041e+02
-1.537827682524381032e+02
-5.247576134322661119e+02
-1.451730275176359442e+02
-2.845769084551739070e+02
-1.957733953804148541e+02
-2.574836017763221889e+02
-1.830595162834408427e+02
-8.368931880060666799e+02
-3.739449353334881607e+02
-2.476614476021580344e+02
-8.476486612511087060e+02
-3.046161669335664897e+02
-2.113006891338328330e+02
-2.066958100723657310e+02
-5.476920804795433924e+02
-2.253404441947462260e+02
-1.564123763080099252e+02
-1.410765529485749710e+02
-1.965927913518817149e+02
-1.969562270193988525e+02
-1.755724637053761796e+02
-1.460288976304750861e+02
-2.250425779975674629e+02
-1.669438550019103218e+02
-1.488723453220117108e+02
-2.671260767731441774e+02
-1.609143579203781087e+02
-2.022128867927980878e+02
-1.367350265452599558e+02
-1.764987386404084759e+02
-1.874407903364441950e+02
-3.718788634125163526e+02
-3.091786259234203840e+02
-2.468784448689486055e+02
-2.041989546224118612e+02
-3.230430864706754051e+02
-2.645417914778639101e+02
-1.821867289468212334e+02
-2.222958252635995109e+02
-1.501892552622024937e+02
-1.925068590456911863e+02
-2.095598434432584725e+02
-1.894221320253914769e+02
-1.489637116153342902e+02
-1.865092872879829429e+02
-1.563929396049229865e+02
-1.432094547983651580e+02
-1.700550368176298548e+02
-1.715845920955619874e+02
-1.572082321720744460e+02
-2.053298575669557238e+02
-1.485153636092350098e+02
-1.677621033297243400e+02
-1.513922096071554222e+02
-1.546236161979735755e+02
-1.504194918940710011e+02
-1.731634407261209390e+02
-1.708085062379506951e+02
-1.648813846628615352e+02
-2.545768375369350451e+02
-1.502724160445869188e+02
-1.948332787885750008e+02
-1.525101077872923270e+02
-2.155174497164328500e+02
-1.538812733459137405e+02
-2.915758271850612573e+02
-1.988163611295996134e+02
-1.759009962662695443e+02
-2.079102076527065037e+02
-1.693861773146726932e+02
-5.692613783455200291e+02
-1.202253434167416572e+03
-2.247335313706101374e+02
-1.707475732248136921e+02
-3.461921513059389781e+02
-2.298685092764446836e+02
-1.544571365890367645e+02
-1.960874931415585820e+02
-2.490368185757475032e+02
-3.666907569914292253e+02
-3.376660466073091129e+02
-4.096023400674981758e+02
-7.204383406668289354e+02
-5.753773115745093492e+02
-2.315074134778914470e+02
-7.022530380916534796e+02
-3.583601274249149924e+02
-2.087924150909789773e+02
-6.910272266140482316e+02
-2.767528011719238634e+02
-5.140509912973230939e+02
-3.495109051543923329e+02
-2.864495195075623997e+02
-2.200641999585613178e+02
-1.938506303076393067e+02
-1.638852592395710701e+02
-1.603797183292923023e+02
-1.599804597561538060e+02
-1.449333372841164760e+02
-1.605438236473110294e+02
-1.905829241939436827e+02
-1.896826766067869414e+02
-2.265535548887390007e+02
-1.400391344612608009e+02
-1.770829382897326241e+02
-1.540293222727785860e+02
-1.630735707530964760e+02
-1.773996480856904441e+02
-8.661811671394452787e+02
-1.904624785293491414e+02
-5.416696556747506293e+02
-1.589271067097753019e+02
-1.493850280133951571e+02
-1.640322982416987543e+02
-1.869017301683722394e+02
-1.711398461016958663e+02
-1.893871229780836813e+02
-1.542141706076289438e+02
-1.743068978367796262e+02
-1.480661145858653640e+02
-2.316835307618074467e+02
-1.520977640216001703e+02
-2.056427876036160001e+02
-1.692409692565174169e+02
-1.847460399711403909e+02
-1.531011118465177958e+02
-2.025256489434743230e+02
-1.727511383815120780e+02
-1.627458303660112335e+02
-1.956208158321749409e+02
-1.849437115406741725e+02
-2.712003188485925307e+02
-1.993740546454399691e+02
-1.592540617906395255e+02
-1.716121627613996452e+02
-2.010593860102895860e+02
-3.359326036045692376e+02
-1.561405831977298249e+02
-1.496134428351062127e+02
-1.571205921567788835e+02
-1.449910482685044428e+02
-1.871471070959808571e+02
-1.414038058684145085e+02
-1.867743294677578660e+02
-1.543872553215105086e+02
-1.719948627724488688e+02
-1.874564560008452645e+02
-2.172809176319427138e+02
-1.523547077448858147e+02
-1.567226174648883159e+02
-1.566294660962643377e+02
-1.356209204233448418e+02
-1.794941797653083597e+02
-2.616152259552457622e+02
-1.645397569252048129e+02
-1.501084027155648926e+02
-2.500428289126848256e+02
-1.903777692132908896e+02
-1.892087267123756362e+02
-1.758374959013945613e+02
-2.169635096714334566e+02
-1.817590371133364613e+02
-1.649303751738865174e+02
-1.701875682564896124e+02
-1.675167829822995316e+02
-1.561896859233191890e+02
-1.866630631008941918e+02
-1.777406664786701640e+02
-1.860954677140015860e+02
-1.412924681786261942e+02
-1.725729871243904370e+02
-3.834133647482956917e+02
-1.471663118440872893e+02
-1.968404490695272102e+02
-1.524100998658668118e+02
-1.496952118313763549e+02
-1.792153347244155839e+02
-1.391546129843539177e+02
-1.733588246746078028e+02
-1.691917501541255433e+02
-1.491995125142140353e+02
-2.236288879685931192e+02
-1.461444473902361665e+02
-1.519760064224260532e+02
-1.497276791614112597e+02
-1.402386683872266531e+02
-1.631605200632033643e+02
-1.490691557865839911e+02
-1.795891901869389642e+02
-2.349574517845581454e+02
-1.454207134275557110e+02
-1.474989588523242219e+02
-1.392127585014891338e+02
-1.727012463558272373e+02
-1.698178213966686201e+02
-1.655191819918368026e+02
-1.390722331741934568e+02
-1.815934815545362540e+02
-2.431130443329399213e+02
-1.411870748234032362e+02
-3.726498225858759952e+02
-1.727580450393630258e+02
-1.396583862850968103e+02
-1.372619376415228487e+02
-1.573175155730861547e+02
-1.803388605600538881e+02
-1.402520311690603876e+02
-1.604245758223221969e+02
-1.552693482260184794e+02
-1.703879103549211038e+02
-1.513849036251313862e+02
-2.311778001840019670e+02
-1.511735990782485999e+02
-1.462618312639210387e+02
-1.357381254638158623e+02
-1.358437709780446312e+02
-3.406011230733103048e+02
-1.448461320380221480e+02
-1.509792840655570103e+02
-1.356209204233448418e+02
-1.520813997776490680e+02
-1.617785270603447145e+02
-1.466862230194672918e+02
-4.715186469379137861e+02
-3.442147192790304189e+02
-1.935736963284893193e+02
-1.397523989472914252e+02
-1.480973049217640778e+02
-2.822697155531263320e+02
-1.471538481719789218e+02
-2.045666290947934272e+02
-4.027700914166256325e+02
-1.721093002170177613e+02
-2.194082842511038791e+02
-3.281700999632286653e+02
-1.508823968715884689e+02
-1.580647742192163037e+02
-1.352344800716212490e+02
-1.343083992740954216e+02
-3.509918248231560369e+02
-1.381480102150154323e+02
-1.416090792365148161e+02
-2.358636887484541660e+02
-1.436666646179801887e+02
-1.619873506512228971e+02
-1.565529590828416815e+02
-1.450623777342594565e+02
-1.533398110899540541e+02
-1.528001566952796111e+02
-1.438844375777403570e+02
-1.811652482335639149e+02
-1.607248205812395554e+02
-1.825110722646209069e+02
-1.713169488942033922e+02
-1.438769421465893572e+02
-2.080826197231358208e+02
-1.650051290042748917e+02
-1.993443481146815941e+02
-1.392197447508033008e+02
-1.364182366541574538e+02
-1.573263508736532117e+02
-3.320876177435062004e+02
-1.429069864177187981e+02
-1.678141094335542789e+02
-2.473577972217619561e+02
-1.488009095598870886e+02
-1.410376833631933948e+02
-1.462984274883622220e+02
-1.588040638105454434e+02
-1.536696979768203732e+02
-1.433034674605597729e+02
-2.768144008254658957e+02
-1.740488137300278595e+02
-1.384822493841691369e+02
-1.506115682050405837e+02
-1.437589982750409092e+02
-1.532789440270296097e+02
-1.771153103427805888e+02
-1.704446389101187549e+02
-1.463169797867891475e+02
-1.356801078552288971e+02
-1.436075280021228764e+02
-1.777747585306761380e+02
-1.427417536437514798e+02
-1.895083914857410718e+02
-1.464048118336684752e+02
-1.416857159464501024e+02
-1.699534171039061334e+02
-1.849639605794689885e+02
-2.192284317998547181e+02
-1.701833948074161071e+02
-1.706286968597437408e+02
-1.540276725467625454e+02
-2.307990489482475027e+02
-2.156820268605359274e+02
-1.682292143676811804e+02
-1.572332239203218194e+02
-1.456184764680297121e+02
-1.381228866725993214e+02
-1.700793678345578712e+02
-1.453622967618968289e+02
-1.588375392092427489e+02
-1.654509995935748918e+02
-1.604398278590982727e+02
-1.717763293830283828e+02
-1.578412716776561808e+02
-1.733531127590281073e+02
-1.388843357583524778e+02
-1.534688786316998801e+02
-4.018337429032469572e+02
-2.397728210280292274e+02
-1.562117084782984477e+02
-1.455235236317786303e+02
-2.417659293572036745e+02
-1.561887934451031299e+02
-2.760266043597387693e+02
-1.439593952825417489e+02
-1.451070325610127156e+02
-2.439498422589110191e+02
-1.650332357751555321e+02
-1.354283218220275842e+02
-2.457258235619768243e+02
-1.381288310071646492e+02
-1.470832199396102169e+02
-1.378420185093125667e+02
-1.432734167415174511e+02
-1.365412581206455513e+02
-1.737736395099847755e+02
-1.470886417564399835e+02
-1.446109335246347314e+02
-1.456431397391082498e+02
-1.631322996913553141e+02
-1.620034576424114618e+02
-1.559433239545281538e+02
-1.444579618651379178e+02
-1.500129191605681456e+02
-1.483128613882919353e+02
-1.708198727079754917e+02
-2.023494810663337091e+02
-1.845389879203559929e+02
-1.363158514203315406e+02
-1.662555690757526179e+02
-1.813020869885536683e+02
-1.427944347290402618e+02
-1.568901244838327216e+02
-1.570120971882126071e+02
-1.960161474731075373e+02
-2.753955706873800864e+02
-2.018675013923732990e+02
-1.425133877325396270e+02
-2.278236042954775655e+02
-1.937318241073954823e+02
-1.500564960796295964e+02
-2.017058036435489043e+02
-1.773607813840411325e+02
-1.508794549773453184e+02
-1.518404852556392939e+02
-1.503677234441199175e+02
-1.813060252091103735e+02
-1.438671601373482645e+02
-1.428819722292849974e+02
-2.879366903911557074e+02
-1.391720622624051771e+02
-2.029724268219608518e+02
-2.071581103949503699e+02
-2.362434039667731724e+02
-4.914325770157609554e+02
-1.528378955189201349e+02
-2.411929658127188247e+02
-1.351404674094266625e+02
-1.375253565267583440e+02
-1.423425614327234143e+02
-1.532701606293329348e+02
-1.730522612841151044e+02
-2.774045274319574332e+02
-1.455312712219354410e+02
-1.403673783711835767e+02
-1.623988174951467442e+02
-1.394605313642648525e+02
-1.911774301281496093e+02
-1.801665169850393511e+02
-2.015273364066657678e+02
-1.645688570216000244e+02
-2.383856664745921137e+02
-1.438003139975470219e+02
-2.165992364339344931e+02
-2.153629378443187079e+02
-1.532892484364431311e+02
-1.423143139692724901e+02
-1.675327613675486589e+02
-1.459190222964521126e+02
-1.394298435548374755e+02
-1.566465287318712569e+02
-2.126845134671706319e+02
-1.650389827979807080e+02
-1.392679327629475949e+02
-1.987169084806776311e+02
-1.437305494686109739e+02
-1.847144845655854226e+02
-1.387746770736980864e+02
-2.457091001573665494e+02
-1.588606771223259670e+02
-1.404787669856375203e+02
-1.938733936109837259e+02
-2.362960536296893963e+02
-1.859242480390742571e+02
-1.360839974850037208e+02
-1.903787937501562340e+02
-1.752083024011751888e+02
-1.765980314551805463e+02
-1.589010666196477928e+02
-1.594833474596214558e+02
-2.417450202589786841e+02
-2.260825997425923504e+02
-1.544564042808298154e+02
-2.055037518267576786e+02
-1.407888227864316093e+02
-1.512128274068733162e+02
-1.518488115068644504e+02
-1.435451704150149794e+02
-1.625863554565955837e+02
-1.912942923695633226e+02
-1.596468147738718528e+02
-1.612987132490568172e+02
-1.510103001447311044e+02
-1.940142200856807619e+02
-1.431753909088971852e+02
-1.431503952750293251e+02
-1.529437198663627839e+02
-1.665101746582670330e+02
-1.715777422918328625e+02
-1.441588012999593502e+02
-2.420900186266228502e+02
-1.461397499714894366e+02
-1.525251697229088848e+02
-1.596797637491120270e+02
-1.690761280367491111e+02
-1.476529454733207842e+02
-1.701537028316168971e+02
-1.640019983970162798e+02
-1.644478115367082864e+02
-1.536757800802684528e+02
-1.460871177966998857e+02
-1.529126010647156875e+02
-1.418377462172317109e+02
-1.995876752653674941e+02
-1.424029167823770194e+02
-1.591347002718212593e+02
-3.365765084970930729e+02
-1.535452717435223349e+02
-1.751095443981913604e+02
-1.474994680341609978e+02
-1.450566346340342818e+02
-2.247641317050600378e+02
-1.451719085103656255e+02
-1.625649180855551492e+02
-1.451390144441947427e+02
-1.841203598875417811e+02
-2.078363048056743025e+02
-1.798589220479313440e+02
-2.135665728406128778e+02
-1.727766888271727623e+02
-1.519351859328845649e+02
-1.524643254162318726e+02
-1.847152700572170829e+02
-2.836049311220402842e+02
-1.492726484088580037e+02
-1.591528150551579870e+02
-1.538314295357918979e+02
-1.427309581346619609e+02
-2.201951415653062440e+02
-1.814208837790752682e+02
-2.069351217999761730e+02
-1.510839895143681701e+02
-1.484019750625587903e+02
-1.951420890249376612e+02
-1.571269448562355819e+02
-1.621853067485147903e+02
-2.240039618683930769e+02
-1.604135525695196236e+02
-1.731229117657158838e+02
-1.306559874417499714e+02
-1.618332392625012233e+02
-4.881697422770397452e+02
-1.579764058988973261e+02
-4.075407682780657979e+02
-1.935238111621534074e+02
-1.499659380231194348e+02
-1.433926038707937778e+02
-1.646793466349674588e+02
-1.513176817369091793e+02
-1.601631575804580336e+02
-2.184300594408774430e+02
-1.959334734566690202e+02
-2.222731454946548979e+02
-1.551488354270740047e+02
-1.692967324845369035e+02
-2.565514300610500413e+02
-1.546013497904299356e+02
-2.478509601712543997e+02
-1.582068281130521541e+02
-1.587323484116575969e+02
-1.450570412109612732e+02
-1.500481753830983678e+02
-1.735475980168739625e+02
-1.510371737655956963e+02
-1.694765500739004835e+02
-1.624900290892027499e+02
-1.594766794953052624e+02
-1.442247705179922548e+02
-1.314938720030982893e+02
-1.652912114545686393e+02
-1.438967855364279842e+02
-3.571524546785254302e+02
-2.986373581612622843e+02
-1.627123017536167708e+02
-1.736518367772930276e+02
-2.593471947215413138e+02
-1.536300108019220545e+02
-1.628959174057985706e+02
-1.903167479081066062e+02
-3.097159132667675863e+02
-1.437770621337120360e+02
-1.492733872399354311e+02
-1.499726453766670033e+02
-1.463104245296946431e+02
-1.532483590689942901e+02
-1.974066429596080354e+02
-1.594722678360981263e+02
-1.513733692849644399e+02
-1.758121091357319017e+02
-1.473225663799691461e+02
-1.648599746852309238e+02
-2.569083053531273890e+02
-2.033782762047290760e+02
-1.822598266344562319e+02
-1.844423735947207490e+02
-1.424145496344112019e+02
-1.537979893898871637e+02
-1.755535844687668146e+02
-1.680174906142881071e+02
-1.826948997246439319e+02
-1.511727081507181367e+02
-1.993397097088642909e+02
-1.735330710589890089e+02
-2.834877976643415991e+02
-1.479977788085849966e+02
-1.521577843285785434e+02
-1.642011033449288391e+02
-1.573425025374221775e+02
-2.031336263980042816e+02
-1.730396774110573119e+02
-1.358147621737511770e+02
-1.720697266535469225e+02
-1.992319287218729187e+02
-1.616221512563481895e+02
-1.629636812098910923e+02
-2.739665942864745034e+02
-1.472950340231717519e+02
-1.597708272304431603e+02
-2.108143630242780091e+02
-2.060903089344434136e+02
-2.028017686891328140e+02
-1.498381764142290535e+02
-1.606266477419143826e+02
-1.901397374562726839e+02
-1.778098672450305742e+02
-1.589436646261904400e+02
-1.933103191539533441e+02
-1.413110364639477723e+02
-1.756963128592281578e+02
-1.576866447374493703e+02
-1.856378243515738404e+02
-1.848973521998903209e+02
-2.166640652986466193e+02
-1.353458686860751925e+02
-2.366452378544491069e+02
-1.482083121453663637e+02
-1.488402723749620975e+02
-1.412717432379291438e+02
-2.248004513294847868e+02
-1.667966634592858099e+02
-1.392244422781888886e+02
-1.410348147947421467e+02
-1.434051543871192678e+02
-1.653255567821603051e+02
-3.314594593961550686e+02
-1.771311366315766236e+02
-1.590681993731094224e+02
-1.643926922929580599e+02
-1.483433974561082778e+02
-1.631215027206144725e+02
-1.847847670053890567e+02
-1.758921729788596053e+02
-1.731812082700694759e+02
-1.457995155431047749e+02
-1.500242453884033296e+02
-1.584713371261445900e+02
-1.550765959775626186e+02
-2.345502029748091388e+02
-1.340275311108086953e+02
-1.434973092109660797e+02
-1.486491501113161746e+02
-2.813013637773360642e+02
-1.648562991051861104e+02
-1.954715201474385822e+02
-1.610199532817632360e+02
-1.596214563838281890e+02
-1.508844046637366887e+02
-1.731433771521479628e+02
-4.533838497209408729e+02
-1.384687586937871799e+02
-1.452565392173756322e+02
-2.077296956077416041e+02
-1.686288016166262196e+02
-1.854052942148006480e+02
-1.547812209477353917e+02
-4.569937522996544885e+02
-1.479209124494090020e+02
-1.563483634401920312e+02
-2.604303585612633469e+02
-1.792112553193589406e+02
-2.086335650206331991e+02
-3.763827085074791512e+02
-2.668162272096224115e+02
-1.448924366994303057e+02
-1.537052450628569034e+02
-1.729876054603333273e+02
-1.372851300197992259e+02
-1.399636166499569754e+02
-1.695614732895225814e+02
-1.499601817045586358e+02
-1.591255093352643826e+02
-1.468558318001460350e+02
-1.438245621308056172e+02
-1.506374858281915294e+02
-1.382227157608110133e+02
-1.901067896956912762e+02
-1.671251218206984959e+02
-1.423957027893497127e+02
-1.855223992964062063e+02
-1.530891214456190426e+02
-1.579359363267110439e+02
-1.996449889842237724e+02
-3.096653038285861044e+02
-1.397522710387431459e+02
-1.541925478805041507e+02
-2.952191462454405269e+02
-3.246379353263404255e+02
-1.547952479115569986e+02
-1.541112147199986850e+02
-1.754133618595480471e+02
-1.825687776067458117e+02
-1.437887459104118193e+02
-1.583093530084627503e+02
-1.426417457223258793e+02
-1.367988605798639412e+02
-1.384097500951170048e+02
-1.813944395486040264e+02
-1.470465236526162300e+02
-1.934782251036783975e+02
-1.458645194010058788e+02
-1.444357108755767740e+02
-1.450498272179339949e+02
-3.021984375742270572e+02
-1.439900830919690975e+02
-1.487639254217237692e+02
-1.398629208221196620e+02
-1.774170090640110971e+02
-1.893142188056678208e+02
-1.447409664265123013e+02
-1.807184623110317716e+02
-1.852162779003282083e+02
-1.559496382495739510e+02
-1.662621779373987181e+02
-1.466267582425021772e+02
-2.632986556686257131e+02
-1.471064487009189747e+02
-2.194941258667485613e+02
-1.528523578778494709e+02
-1.505510322342087193e+02
-2.350167224527871781e+02
-1.679973517096384228e+02
-2.496949944729073820e+02
-1.811717442666858346e+02
-1.977257882477960607e+02
-1.472644979553554094e+02
-3.006088710875235961e+02
-1.490116473598338303e+02
-1.672242253700559331e+02
-1.462461595028709382e+02
-1.767687060133857528e+02
-1.419201260273921434e+02
-1.573407720903550171e+02
-1.504046904808959653e+02
-1.357033735592972334e+02
-1.546011220467168812e+02
-2.378425201060434802e+02
-1.442244931729111386e+02
-1.348480397198976846e+02
-1.417739121826276119e+02
-1.761250502460682696e+02
-1.401503442425008927e+02
-2.979331821026657394e+02
-1.487445760501909149e+02
-1.861503736447673418e+02
-1.693608129200326289e+02
-3.581554448318505592e+02
-1.657390269642098701e+02
-1.521371993559149587e+02
-1.845261581716911508e+02
-1.787389649009224684e+02
-1.485253779198985455e+02
-2.160070937360573566e+02
-1.385941179013419742e+02
-1.470422073985191957e+02
-2.970554565236465692e+02
-1.480097182848181205e+02
-1.504232587662175149e+02
-4.955091355167408551e+02
-2.782140235992960129e+02
-1.628099448423728006e+02
-1.455817933993713780e+02
-1.390155623165900067e+02
-1.593273450317225581e+02
-1.848141914175059810e+02
-2.017680287966506967e+02
-1.480277277869349177e+02
-1.364704378367273421e+02
-1.412651383794666629e+02
-2.685788855578920220e+02
-1.654937679958287617e+02
-1.440016426182113776e+02
-1.988929866896492911e+02
-1.456418476795199979e+02
-1.433344326150682662e+02
-1.597161739405396474e+02
-1.634290025945063007e+02
-1.545409944407763305e+02
-1.502944208737123688e+02
-1.784868682121535812e+02
-1.412417434435524228e+02
-1.706996188373895507e+02
-1.529233569949815319e+02
-1.491749293179998972e+02
-1.813662906573251519e+02
-2.215099407555775031e+02
-1.446877490677839262e+02
-1.962704146542665455e+02
-1.733266832837565232e+02
-1.448861640951182892e+02
-2.028787405698890325e+02
-1.376135527629358535e+02
-2.267969314461073793e+02
-1.387913650109067305e+02
-1.624938211474245975e+02
-1.961403945366189419e+02
-2.383295012797993024e+02
-1.624121801683415924e+02
-1.418261133651975285e+02
-1.586989196317773576e+02
-1.372851300197992259e+02
-1.833100793636769765e+02
-1.448571552908248066e+02
-1.489519507461129706e+02
-1.479811828603730817e+02
-1.816706746326826192e+02
-1.597235003943063703e+02
-1.428347753158628564e+02
-1.598580873856068365e+02
-2.079593607350078628e+02
-2.325042446089989880e+02
-1.453382602916033193e+02
-1.411762541282384404e+02
-1.857224720196252861e+02
-3.319479961192896553e+02
-1.534024610271150948e+02
-1.572546752804805124e+02
-1.563238855251977952e+02
-1.748566984969994849e+02
-1.792861550083337647e+02
-3.891311924430370937e+02
-1.748703452643478897e+02
-1.737056195786500155e+02
-1.416266564231142979e+02
-2.134014586887157918e+02
-2.320838492139789082e+02
-1.322145515239755866e+02
-1.589715170517244189e+02
-1.733817641230957918e+02
-1.335993526052522782e+02
-1.563077217838643662e+02
-1.915926398135627835e+02
-1.454778268902765319e+02
-1.305387824012789508e+02
-1.402734936175372127e+02
-2.501666241083945295e+02
-3.875702965329162453e+02
-1.988447142611523475e+02
-1.356267368493619472e+02
-1.704182358805778108e+02
-2.012087811110737618e+02
-2.683489127181010190e+02
-2.079792788308309355e+02
-1.517367960916254788e+02
-1.435333023590462460e+02
-1.806300807187699036e+02
-1.523292333361372357e+02
-1.402687191062690033e+02
-1.419394331437911774e+02
-1.440531557857305529e+02
-1.528145429706347045e+02
-1.936704568752614932e+02
-1.365353137860802235e+02
-1.867068046184340631e+02
-1.525966780218778069e+02
-1.878693072844347967e+02
-1.504832770181757553e+02
-1.440857706662550584e+02
-1.743715988803612618e+02
-3.090710890152009256e+02
-1.461404888025668640e+02
-1.609814629885378849e+02
-1.389027536253606741e+02
-1.517369986492633132e+02
-2.370749717799687630e+02
-2.243711400644783680e+02
-3.025480594988939629e+02
-1.499476820042599172e+02
-1.730777073585142887e+02
-2.853399774853494932e+02
-1.457705067388112923e+02
-1.617532823823089245e+02
-1.947998623425120286e+02
-1.600288043314407957e+02
-1.464508219484420692e+02
-3.042213152145600361e+02
-2.409993334640631701e+02
-1.571569069430964021e+02
-1.428825085027245905e+02
-1.808991626090858915e+02
-1.956544375664561528e+02
-1.504683796554563173e+02
-1.389783993452127220e+02
-2.921261637423479556e+02
-2.275118299112919544e+02
-1.635133821106870187e+02
-1.457813273253372017e+02
-1.398636596531970895e+02
-1.805047368211805292e+02
-1.712816983141039202e+02
-2.011071215367293235e+02
-1.475992971223727466e+02
-1.646095238640029663e+02
-1.510618425913682188e+02
-1.654059294260789841e+02
-1.403808690615655621e+02
-4.526391438028200582e+02
-1.521291196722876009e+02
-1.654978320909199851e+02
-2.005457477747383166e+02
-1.479944202340847141e+02
-1.637697658361091158e+02
-1.537272932477876566e+02
-1.524279305347697004e+02
-1.688112960307364574e+02
-1.488983275812402098e+02
-2.198387750186440712e+02
-1.497673309442355674e+02
-4.037061503922456041e+02
-1.483308481544415827e+02
-1.706328146492455744e+02
-1.440199227163367937e+02
-1.718165223212825197e+02
-1.644641713128090714e+02
-1.908647971789666258e+02
-1.421264674780971689e+02
-2.030028547429984087e+02
-1.425875624509506849e+02
-1.495984298099888861e+02
-1.400623268395372349e+02
-1.954154367396002669e+02
-1.647582739144293384e+02
-1.362243949037511470e+02
-1.393531559202365315e+02
-1.654538516521533609e+02
-2.107484854405040835e+02
-1.621906708099313050e+02
-1.715776621966882374e+02
-1.680420443525464407e+02
-1.405727796478321636e+02
-2.082755592334420101e+02
-1.546946799922678792e+02
-1.495679249268179660e+02
-1.933770038796586448e+02
-1.856544069198257034e+02
-1.892604212554658147e+02
-1.626144361020366489e+02
-2.544656588587843657e+02
-2.252047721643752709e+02
-1.996862744025454788e+02
-1.550188729156102454e+02
-1.921452467939714950e+02
-1.352751217279489140e+02
-1.542765198005586171e+02
-1.588438355379787481e+02
-2.304360933325702945e+02
-1.596538499336852794e+02
-1.981683387583118758e+02
-1.397639038907772999e+02
-2.695357948671124859e+02
-1.872826478941490222e+02
-2.620753155639129091e+02
-1.618207451168964042e+02
-1.774228404639668213e+02
-1.968928561354417752e+02
-1.601540766437556726e+02
-1.861485518483195278e+02
-1.619540018684085112e+02
-1.501530185160095243e+02
-2.205649600818638589e+02
-1.524397422200177346e+02
-1.356685483289866738e+02
-2.771298051920648504e+02
-2.241123075406428029e+02
-1.373443174516833380e+02
-2.801986907278262606e+02
-1.692677104619078534e+02
-1.783140237245895321e+02
-1.492047754652379865e+02
-1.832244375173130209e+02
-1.435136432484765692e+02
-1.700008112672647371e+02
-1.609732801927626156e+02
-1.494561053201444167e+02
-1.629551537481818855e+02
-1.388338645055821416e+02
-1.685292051541178182e+02
-1.593038122023931464e+02
-3.461761387978487505e+02
-1.457052300036794179e+02
-3.605632059229567972e+02
-2.268664841160628214e+02
-2.910284717988038210e+02
-3.247151473161538888e+02
-3.062171452805003469e+02
-1.398929206164963261e+02
-1.881070221337340627e+02
-1.490288207544553529e+02
-1.513358488733614706e+02
-1.473865792477870684e+02
-1.518019156629473230e+02
-4.231185591405697437e+02
-1.670561582174635191e+02
-1.426525663088518456e+02
-1.357439418898329393e+02
-2.101501302657369479e+02
-1.735237809754526381e+02
-1.900996544733250744e+02
-2.526032105526682017e+02
-1.472007692019713829e+02
-1.539897211429398851e+02
-1.846191998112106205e+02
-1.490234842311571697e+02
-1.649555747184046766e+02
-1.624502552493161716e+02
-2.006805936748306749e+02
-1.470184550223792428e+02
-2.118624330331861358e+02
-1.408770190226091472e+02
-1.649245587478694688e+02
-1.895136923907632251e+02
-2.796854434289913911e+02
-2.035926778803635386e+02
-1.673039888794097863e+02
-2.120128973702383632e+02
-1.467881823623203843e+02
-1.511860338811534064e+02
-1.582529471921739628e+02
-1.282479059461418842e+02
-3.823033665683668687e+02
-1.825870870760416835e+02
-1.585270391240057677e+02
-1.591309034236617777e+02
-2.446188332524881730e+02
-1.390665446567246590e+02
-1.401747064440743884e+02
-2.520293110185338605e+02
-1.407189934925966384e+02
-2.078133072460664437e+02
-1.461745752017999678e+02
-1.719110677998788788e+02
-1.646955201518526337e+02
-1.994676706429914361e+02
-1.512873026775218364e+02
-1.680420680769703949e+02
-2.185188492917818053e+02
-1.847847448516400846e+02
-1.981560902488424745e+02
-1.707277959784037478e+02
-1.539921322097985126e+02
-1.524446477510962268e+02
-1.579401605918114058e+02
-1.676272776568861218e+02
-1.876658920834817081e+02
-2.684758868188463339e+02
-1.484538188049029088e+02
-1.454829553012429528e+02
-1.602558215861416500e+02
-2.092074860093938753e+02
-1.741428331412949433e+02
-1.553642650340791818e+02
-2.087220921864776813e+02
-1.628249759047884879e+02
-2.581221167122615725e+02
-1.394470406738828956e+02
-1.495263430964338909e+02
-1.595251277546007884e+02
-1.393143175195003778e+02
-1.738437277321782801e+02
-1.825908615488023941e+02
-1.445626176039422717e+02
-1.450102017377648735e+02
-1.823006734881774094e+02
-1.481196304517759472e+02
-1.434156174158563317e+02
-1.370855451691677445e+02
-1.403982450138248623e+02
-2.148520986869534681e+02
-2.000474837989034711e+02
-1.503244206680890613e+02
-1.646505231867583063e+02
-1.732544223094680831e+02
-1.455711007213936909e+02
-1.661230443859652723e+02
-1.356917407072630795e+02
-1.577746097872976065e+02
-1.768452888079924037e+02
-1.750821897677984964e+02
-1.496433918134561623e+02
-1.584219112200117934e+02
-1.449864730860488748e+02
-1.720742822046211415e+02
-2.734215942709120100e+02
-1.565288425174034614e+02
-1.673954338496715195e+02
-1.580664678759790718e+02
-1.457231818082020141e+02
-2.022289429998247954e+02
-2.230795678841179779e+02
-1.358147621737511770e+02
-1.493819067686704898e+02
-1.543200513257923205e+02
-1.439301343192424838e+02
-1.694436512238182502e+02
-1.768222728278180682e+02
-2.458071516896023638e+02
-1.592791893320619465e+02
-1.474876326244890663e+02
-1.383631131795584110e+02
-1.659036291604106168e+02
-3.526683980250821833e+02
-1.512832712813282114e+02
-1.501373863337830699e+02
-1.460517325685257788e+02
-4.157883849363872741e+02
-2.201148561235940235e+02
-1.829229926878041113e+02
-2.164874261747406479e+02
-3.917422668734583340e+02
-3.603984899888937434e+02
-1.547919768780012362e+02
-1.445470994900306891e+02
-1.631443139342411541e+02
-1.584111697296137891e+02
-1.401575093250289683e+02
-1.547654302931659061e+02
-1.814414435245051038e+02
-1.526147259284055053e+02
-1.430644107768977733e+02
-1.507033655886616828e+02
-1.704586095776504351e+02
-1.589545654164998894e+02
-2.411621737384216715e+02
-1.539929630298726977e+02
-1.445743783645246197e+02
-1.597737973839830943e+02
-3.032860406295775419e+02
-1.865809326584434586e+02
-1.644863170414305102e+02
-1.520523041291384345e+02
-1.637963964499881797e+02
-1.571904722666406258e+02
-1.544769815729584366e+02
-1.618654990080319180e+02
-1.967394235249448400e+02
-3.275291796630108365e+02
-1.630627218656573802e+02
-2.032532874864472774e+02
-1.694955760887485781e+02
-1.365064328903349917e+02
-1.496035809772027108e+02
-1.863159847463943777e+02
-1.736738104217730836e+02
-1.619965945667393896e+02
-1.849509978550848643e+02
-1.401930225703901556e+02
-1.365761342756217402e+02
-1.721879774499271321e+02
-1.878816214042198851e+02
-2.966058865701365903e+02
-1.333533096722761115e+02
-1.626446452118766786e+02
-1.525044871698406155e+02
-1.373558223951692412e+02
-1.453733376809196329e+02
-1.687583783402087931e+02
-1.739161949254027775e+02
-1.501992892042474068e+02
-1.340390360542945984e+02
-1.418726260302985906e+02
-1.829676309066035174e+02
-2.055871349038090443e+02
-1.635494155487398871e+02
-1.745713623177243505e+02
-1.458473474680357356e+02
-1.486476605553092156e+02
-1.790842459860836584e+02
-1.476427835140887623e+02
-1.439482716123443709e+02
-1.571139917661667482e+02
-1.419434463142167999e+02
-1.560493136906470681e+02
-1.366933393160927608e+02
-1.457598648768603482e+02
-1.720151287092976418e+02
-3.908351817284049616e+02
-1.616327931182991620e+02
-1.560961294394195420e+02
-4.262367879214502864e+02
-1.317457313620915329e+02
-2.765503371216585151e+02
-1.634887188396085094e+02
-2.611450361729198448e+02
-3.135409334943560680e+02
-2.471476084642834792e+02
-1.991414298677742636e+02
-1.589777033295831075e+02
-1.589667584925996380e+02
-1.409668942639206080e+02
-2.176929717961749020e+02
-1.757573133956469178e+02
-1.391622872487187692e+02
-2.010891737558919203e+02
-3.237610394240905407e+02
-1.414631175507560954e+02
-1.683734512689161136e+02
-2.236982432037368653e+02
-1.481379465780917428e+02
-2.274411138243788173e+02
-1.409766692776069590e+02
-1.435542849048041774e+02
-1.918035240911869721e+02
-1.587960956020445167e+02
-1.424887752774878891e+02
-1.611883840684878351e+02
-1.491629162897728236e+02
-1.759013751326537829e+02
-3.266825208113316990e+02
-1.430040535217166280e+02
-1.849909161440114929e+02
-1.843882216166298349e+02
-1.540573149009135250e+02
-2.547351908074402616e+02
-1.354863394306145494e+02
-1.482974681869816891e+02
-1.362371975790824195e+02
-1.825187583920953500e+02
-1.641064386958739192e+02
-2.689747164666738399e+02
-1.921322163749271397e+02
-1.423832030890510225e+02
-4.069001410193606034e+02
-1.614186209265583329e+02
-1.746022797763924075e+02
-2.021806348334731354e+02
-1.461269981121849355e+02
-2.179198388241802320e+02
-1.755091248777836483e+02
-1.494098125525883063e+02
-1.378712285479462025e+02
-1.477740105895938711e+02
-1.817347500799506861e+02
-1.673308241668520395e+02
-1.433984202968108548e+02
-1.413456603512793208e+02
-1.415268273349025776e+02
-1.833952926923030589e+02
-2.041322181449389461e+02
-2.804529920211563763e+02
-1.500662270466419272e+02
-1.357613911678841987e+02
-1.933604870213229958e+02
-1.756507626289102859e+02
-1.626706860622770989e+02
-1.338279462601772138e+02
-1.411473732324932087e+02
-1.542217168548066866e+02
-2.149807001012022738e+02
-1.634772552629106883e+02
-1.345079841247269030e+02
-1.597234798594261065e+02
-1.971923751373865628e+02
-1.487885942474962349e+02
-1.520070223929613178e+02
-1.537811853293435149e+02
-1.368104934318980952e+02
-1.876481064557510194e+02
-1.521038296004240635e+02
-1.660262196346790233e+02
-3.306659415672056639e+02
-1.715316840170624175e+02
-1.785939320824384424e+02
-2.108563356988599935e+02
-1.509839168280436184e+02
-1.345486257810545112e+02
-3.332546853157423357e+02
-1.491826164646736288e+02
-1.393066432551354978e+02
-1.607702432348689001e+02
-1.425789278638804092e+02
-1.611355176271147513e+02
-2.462634404771063998e+02
-1.629749430094000786e+02
-1.653412029132589396e+02
-2.400720776676696744e+02
-1.596802124337141038e+02
-1.634918045170798848e+02
-1.529957422157187636e+02
-1.388795612470842684e+02
-2.233939388271057283e+02
-1.906501221371626116e+02
-1.983202423728812960e+02
-1.460749249468021844e+02
-3.910809976047459600e+02
-1.511204937498126526e+02
-1.521802886918042930e+02
-2.259993009838795501e+02
-1.522238711655596717e+02
-1.560309467483045296e+02
-1.916067983452047656e+02
-5.368109274728901710e+02
-2.657273683457767106e+02
-2.723017766965938904e+02
-1.550518763357633816e+02
-1.446059055310630299e+02
-1.410539206768010274e+02
-1.440190918962626085e+02
-1.636999816757917472e+02
-1.433564299839722480e+02
-1.794051958078344171e+02
-1.634494707471075117e+02
-2.104773758568912285e+02
-1.785352968598658947e+02
-1.707498281530318138e+02
-1.508873943916636904e+02
-1.408130061547912533e+02
-3.617739019713513926e+02
-3.113479286474589003e+02
-1.687687924584465975e+02
-1.507171336241246991e+02
-1.541093936209902324e+02
-1.457523694457093768e+02
-1.393299635419601543e+02
-1.478303994448412197e+02
-2.345633626561563005e+02
-1.417507198043512346e+02
-1.411994465065148177e+02
-1.433214021960238824e+02
-1.399055444586137469e+02
-1.371679249793282338e+02
-1.330898174612486855e+02
-1.505996764246478961e+02
-3.434496466859663428e+02
-1.782930048631643558e+02
-6.497722294781078745e+02
-1.440074590442284546e+02
-1.530025682950239343e+02
-2.358924837819210438e+02
-1.616757194214012543e+02
-1.813089153254320252e+02
-2.941841852243562698e+02
-1.726313058024824443e+02
-1.490113151056833942e+02
-1.444646395847255747e+02
-1.580873146106323759e+02
-1.983093262429883907e+02
-1.455595186853863083e+02
-1.748993540686413439e+02
-1.666585592739939443e+02
-1.749708819989916151e+02
-1.808087973627436611e+02
-1.439726338139178665e+02
-1.571861011034742432e+02
-3.802277314425052168e+02
-1.372561212155057433e+02
-1.569526820126154405e+02
-1.856756543854441475e+02
-3.104569219141132521e+02
-1.414339844960051096e+02
-1.533838369446533818e+02
-2.029348789340468500e+02
-1.565295813484809457e+02
-1.520245140586413015e+02
-1.987504845077121445e+02
-1.427987801536163204e+02
-1.861345117234412783e+02
-1.699943984603517038e+02
-1.407141172406360283e+02
-1.819491281820226902e+02
-2.657527831754049998e+02
-1.448859852619044091e+02
-1.847336812885226038e+02
-1.545471685332211393e+02
-2.344959775599109548e+02
-1.735948284770781811e+02
-3.015638962334761004e+02
-1.451313947625862397e+02
-1.495324097759292101e+02
-1.805896600368025986e+02
-1.532876099073842227e+02
-3.514941900162425554e+02
-1.740498114691835667e+02
-1.461109198917709477e+02
-1.473938721213002054e+02
-1.752334223416638963e+02
-1.643533189717947494e+02
-1.835961272148940111e+02
-2.020241792709047388e+02
-1.443980368168351731e+02
-1.669930645510256397e+02
-2.951969238241126163e+02
-1.767983551368894268e+02
-1.457538458932054652e+02
-1.373907755340279948e+02
-1.702923564803313923e+02
-1.516543910953897409e+02
-1.487588466121253248e+02
-1.599715676950777663e+02
-1.667240881681316012e+02
-2.907923737016179189e+02
-1.597712801297384999e+02
-1.966049530171340507e+02
-2.657773627240652559e+02
-1.374963477224648614e+02
-2.783081929113185993e+02
-1.509024479128217138e+02
-1.469438254786857101e+02
-1.505288817706811244e+02
-1.643152676501912595e+02
-1.454947669864909585e+02
-1.889296603715579863e+02
-1.594054733526849930e+02
-1.480489380764060172e+02
-1.912927101287565677e+02
-1.572391144429134613e+02
-1.675843811431612949e+02
-1.428288308726586706e+02
-1.411589327587354603e+02
-1.593545896419806809e+02
-1.836390385712812474e+02
-1.550541359074932188e+02
