6.994613551171264820e-01
7.589169074858477249e-01
9.242828184902833755e-01
6.326250672404519770e-01
7.828341013824885453e-01
7.610505536005491845e-01
7.252631578947368318e-01
7.192186362533364852e-01
8.172830652597069534e-01
6.974965229485395879e-01
7.370498096756351591e-01
9.492153416981061742e-01
7.976881222766577517e-01
7.634572506935957126e-01
7.768398470291950630e-01
9.368464948182927410e-01
8.125914485449521329e-01
7.673796791443849852e-01
7.380773178241532007e-01
6.785054403613223206e-01
7.044714038128252476e-01
7.138157894736840703e-01
8.043323863636363535e-01
4.997837108630955316e-01
7.300071616137502328e-01
8.303698076192583821e-01
5.351340950428751242e-01
7.230357825035017560e-01
6.829094366531971438e-01
8.117901568415359925e-01
7.220720499336510390e-01
7.557894736842105665e-01
8.322105936657374636e-01
7.132093242288674029e-01
6.402179794388190848e-01
4.507575757575757458e-01
6.837227872572916310e-01
8.433222878547759205e-01
8.476884369430757182e-01
5.490944298895090725e-01
7.673299101412068834e-01
6.247031818901378486e-01
8.120560009970503312e-01
6.456005586592179490e-01
6.224236737156069177e-01
7.330839707489283930e-01
7.935372354712615373e-01
8.171162700213993046e-01
8.692384769539078793e-01
8.982092092285675067e-01
8.239960315748608988e-01
4.931736954967832487e-01
7.659132841328413210e-01
7.574459404324764833e-01
3.403830806065440973e-01
7.992548698709451838e-01
3.426045016077171601e-01
3.586319862722195384e-01
4.991810612134771619e-01
7.304503403735380651e-01
8.249496981891348835e-01
6.979807080771677219e-01
7.109634551495017663e-01
7.582493921500521594e-01
7.116932302351269835e-01
7.570995532865347766e-01
7.573541019838972987e-01
7.016927482327581789e-01
7.806077417727903534e-01
8.653695913461539879e-01
8.125175676941814862e-01
6.491935483870966417e-01
7.693288536269430322e-01
7.445246543496880642e-01
7.701284895544463494e-01
9.000577388040850169e-01
7.862407862407863046e-01
6.053425052441864240e-01
7.467407222202377959e-01
8.001519622568161738e-01
8.259226322810138132e-01
7.156237982750095483e-01
7.588357588357588224e-01
7.352173913043478226e-01
7.962933566156044085e-01
7.502501975243613952e-01
8.008892409937830026e-01
7.344233032815511431e-01
7.201880257298367560e-01
5.422391113709440491e-01
6.855901189387008099e-01
8.106317815048146302e-01
8.165477869385984189e-01
6.353293413173651816e-01
6.729072354791684196e-01
7.888349514563107734e-01
6.771741479933711672e-01
6.469155844155843882e-01
6.465625000000000400e-01
7.479400350858540492e-01
5.454768583450209096e-01
7.562611928148911256e-01
9.709988313974515783e-01
9.021436971337418731e-01
7.434817765856738259e-01
6.820906552800130029e-01
6.711762628046626933e-01
7.181069548572340810e-01
3.693575395324937838e-01
8.273236547139689590e-01
7.598806196629170895e-01
8.333349393039626296e-01
2.874635095686018382e-01
3.266661845667474529e-01
3.536232279604499262e-01
5.181478253535383161e-01
3.337494096214826400e-01
6.774357315707445482e-01
7.460272168568919948e-01
8.613929132307567293e-01
7.253441091046849420e-01
7.627473363774734949e-01
5.036200024558018518e-01
6.629473239733979506e-01
6.234476335402079350e-01
6.278493836888614510e-01
7.963370972183970720e-01
6.670892559703105462e-01
8.227542803311900244e-01
1.403162055335970271e-01
7.225600711954910382e-01
6.635248954334498350e-01
3.774592017642172115e-01
4.881223799367507277e-01
6.689680107434317069e-01
7.704374008482534064e-01
6.778560155396381459e-01
8.920288699534780763e-01
8.072407836430969263e-01
6.148466572565123300e-01
2.931754874651812393e-01
7.343678112844534978e-01
7.092220909271255147e-01
7.819548872180450694e-01
6.974239020036318015e-01
6.291143712054561021e-01
6.421537162162161971e-01
5.192187220332915576e-01
4.308151727911007089e-01
6.194622792937399813e-01
3.998956623808672117e-01
1.858023282355628636e-01
7.141132376562975281e-01
8.486285921246857766e-01
7.269351487555811842e-01
7.444815433129289284e-01
6.346102402225670680e-01
6.629916567342073463e-01
6.537528760649212733e-01
3.099840042655289674e-01
7.268335882779163315e-01
5.354442436619920587e-01
5.470638122941804404e-01
5.477558955286959685e-01
4.182269774551012342e-01
8.309866334390575426e-01
7.011262974504943735e-01
8.664744499645138376e-01
6.205248098262264866e-01
4.775638384214276888e-01
6.345995125023912165e-01
7.057502438815218548e-01
6.870267414656234806e-01
7.151022068544697907e-01
8.087896989382030721e-01
7.476432197244380351e-01
5.543285138419183911e-01
4.822148917989786399e-01
7.455152909862202693e-01
5.730010611804071674e-01
6.592379288697218787e-01
7.387811409559360554e-01
7.744074070721971292e-01
7.794523714917884760e-01
3.024876367450925474e-01
5.070467828122359188e-01
6.399470809728958764e-01
8.312903589587694597e-01
7.543087337514016166e-01
9.246023654159869487e-01
6.037123498263393673e-01
9.361504310490722514e-01
8.399612955362268929e-01
6.290162633875446829e-01
7.983457266566263977e-01
5.010975141304944147e-01
3.885445501902264898e-01
4.716083711400558265e-01
5.559750238026703872e-01
4.831476635241120365e-01
7.592809258790792493e-01
7.755803955288047558e-01
8.318131605660715744e-01
9.684126007045407158e-01
6.963102049046047126e-01
8.301444748145255792e-01
4.768260486946318544e-01
2.919180421172453133e-01
4.336698526596841075e-01
6.069232598430547299e-01
6.903914590747330937e-01
4.485493792414370628e-01
7.200677392040644165e-01
7.154556834811433008e-01
6.736961290779137634e-01
7.691082802547769548e-01
7.654637815331628570e-01
7.700255030808464962e-01
6.877990430622010765e-01
4.998716139138399961e-01
7.703273495248151859e-01
6.902339776195319798e-01
7.763550898496793806e-01
7.880991324135968590e-01
7.185209640145261423e-01
5.363473053892217068e-01
5.598944872737754430e-01
8.501161969601450652e-01
8.289998315269275775e-01
7.284530241829721975e-01
7.341170696885874758e-01
6.901794274756883896e-01
4.632510729613735223e-01
7.375377718088993451e-01
7.232102707077976422e-01
8.055865921787709327e-01
8.073891276856923760e-01
5.695077720207255556e-01
8.053942928071785579e-01
6.688891432495849276e-01
7.511608038334386395e-01
9.069421504941774792e-01
9.265945776737132267e-01
6.862417913661319480e-01
6.914549008656797335e-01
8.544600678041460728e-01
5.582768351973614873e-01
7.711249079238134962e-01
3.483713638738895613e-01
5.338391829689299595e-01
9.362048046182513961e-01
8.090930445278859962e-01
8.494394469037038764e-01
3.842721820361216789e-01
8.325749544888645381e-01
8.388203189545101468e-01
7.464272282813089188e-01
8.590171086665211453e-01
4.684143096481718227e-01
7.258479144207643508e-01
7.371223021582734569e-01
7.031970243256812081e-01
7.342931937172774148e-01
8.547356584260473733e-01
6.906353159205420589e-01
8.050479793760293434e-01
8.046368449229671649e-01
8.569184319693660123e-01
8.386416981885158606e-01
7.953435501160283083e-01
7.337287722434387982e-01
7.609023417371223452e-01
8.346974568839520270e-01
8.602467149447694528e-01
8.461336355472595105e-01
9.129764003797640193e-01
7.681934577352892424e-01
8.604526822313313117e-01
7.728672278352085590e-01
8.789415095709411929e-01
7.478729460882767022e-01
6.928824386670995317e-01
8.741159575082270150e-01
7.324107294197412799e-01
8.009322177657579589e-01
7.436913056649500087e-01
6.777874702020619813e-01
7.067435579832274106e-01
7.941115600226754667e-01
8.022085092562520892e-01
7.607211979219720144e-01
7.034609334032509986e-01
7.611861823457398701e-01
8.591640784468754788e-01
6.352549764524721976e-01
6.954238559639909223e-01
7.551022765780475154e-01
7.691627358490565891e-01
7.727536188246628690e-01
8.418094495469818916e-01
7.836962778204143998e-01
8.567343299407980117e-01
8.704062818702933413e-01
7.335075570168976267e-01
8.003621434889269803e-01
7.767679166208864006e-01
7.085036520806807792e-01
8.676401392766397436e-01
3.813572422321842570e-01
7.102671295968254750e-01
8.177863702271628288e-01
9.553411001832744498e-01
8.496012848937746220e-01
9.100698715096956493e-01
7.898308984240193231e-01
8.841328609860693577e-01
8.145130587070738004e-01
9.868220527120439289e-01
7.053023381522761648e-01
8.779534862151320285e-01
7.629608881645956187e-01
7.763962329583183886e-01
3.759262178779756991e-01
7.301010459138450592e-01
7.748949142136444257e-01
6.894894019957755749e-01
4.835630979990374612e-01
7.968808367575643814e-01
6.559964241507357796e-01
7.315464666021297413e-01
8.938020215095026089e-01
6.135623334320402522e-01
9.305117236098328082e-01
4.205904578935953930e-01
7.472272498400991392e-01
8.196838802153952885e-01
8.545568145358752865e-01
7.823168660181377687e-01
7.568187237086363428e-01
8.017730643357222631e-01
9.358989820569159068e-01
8.318757066574125059e-01
9.115865032095399334e-01
8.797476263103525262e-01
4.981097800471329107e-01
6.814406557199448322e-01
7.264150943396227023e-01
7.711646684609736457e-01
6.920317399980995265e-01
8.691448216587881470e-01
7.839929896304951296e-01
8.486984415712108820e-01
9.355187345130759891e-01
9.662071439923664018e-01
7.398633107708484369e-01
9.314117923432622126e-01
9.126035598130908255e-01
7.679934302077655595e-01
8.291612120438072164e-01
6.902895775996170658e-01
8.982099424008023192e-01
7.687480339729475531e-01
8.652432336287908532e-01
9.905603742469072381e-01
7.819546096763108078e-01
6.803021016429607881e-01
7.016627457235137255e-01
9.396639103761003087e-01
9.146019665584077529e-01
4.578445747800586885e-01
4.730214393879015877e-01
4.006870294389141551e-01
9.471364031381372950e-01
6.177582507407786139e-01
9.807480199070237603e-01
9.353153884471340218e-01
7.460644260537018235e-01
4.156367544331006081e-01
7.757194244604317390e-01
7.483267158252977502e-01
5.295708009462656296e-01
7.006880733944953477e-01
5.580213903743314052e-01
7.590915964162855412e-01
4.892014836256625698e-01
7.417154778143304483e-01
8.974963181148748470e-01
6.247956473211615513e-01
8.388615123194561596e-01
8.261344321400978519e-01
3.523054755043227293e-01
7.808759037572596817e-01
7.445316713609397841e-01
2.625452079566002461e-01
7.192186362533364852e-01
7.336191059399876924e-01
7.411630684834541460e-01
7.782712048819717676e-01
7.412019764041544168e-01
7.704074786420360699e-01
7.827370141663639869e-01
7.720505411626426007e-01
8.767295862089771186e-01
7.050847457627118509e-01
4.473807005797859615e-01
4.244682632724836036e-01
7.734551107656433278e-01
6.583450210378680723e-01
7.488488714325268747e-01
6.924078898399701476e-01
6.800264051301394552e-01
6.735459662288930671e-01
5.530178741041362755e-01
9.086381500966956848e-01
7.553139704689274536e-01
6.985891205518106606e-01
9.311782008065716543e-01
7.028262905625034529e-01
6.414878096457264922e-01
7.449163039713257994e-01
6.933552289021507331e-01
9.021709197723516427e-01
8.920007186010062705e-01
6.865345547932077963e-01
8.210367526055952769e-01
8.738346209244468588e-01
8.599248639116766624e-01
8.507505360972122954e-01
8.040173691425949176e-01
8.148737810572080908e-01
8.267986158367960359e-01
5.150887809538976514e-01
4.982899015171992074e-01
7.834762343192541723e-01
7.309026752495128010e-01
7.172298021287234482e-01
7.447319285142705025e-01
7.008886067914948947e-01
4.672312703583061388e-01
9.179438864306822543e-01
6.110965027609781552e-01
6.975891319599464291e-01
7.385334478233397393e-01
8.547795332848548977e-01
9.132658589974209651e-01
7.689267190898443349e-01
7.411274615884009265e-01
6.840958605664489989e-01
8.129085198494665487e-01
8.336443889760353221e-01
7.809667673716013114e-01
6.572034754495856834e-01
7.910529567695773201e-01
7.766809434405068657e-01
7.056099732858415186e-01
6.941368619200531942e-01
7.767423014586708474e-01
6.808821822402786328e-01
6.114711004759352253e-01
7.632483529074763906e-01
7.509452306362753848e-01
8.171371387756316551e-01
7.767718822618125962e-01
4.993089069227483745e-01
8.302800753910610787e-01
6.758267349790405554e-01
6.516078235113528239e-01
6.995895498078050778e-01
5.827887858347386985e-01
7.591610753999905592e-01
4.917684545937334728e-01
9.303906471343084128e-01
5.460950946643716719e-01
7.535268270120260015e-01
5.263015306505376412e-01
7.903633075146340170e-01
5.685561110147466790e-01
7.674719969702723521e-01
9.508608835694269839e-10
7.392067263754340534e-01
8.571503530779508440e-01
4.275916241378778793e-01
5.005787399111558678e-01
5.924864126224531624e-01
5.549314448317261839e-01
3.434055344423919687e-01
7.323820099944475803e-01
7.768576872343543327e-01
8.456901262360243532e-01
6.209509376775905753e-01
8.179951308086199635e-01
7.498434208278766944e-01
6.501431990270312156e-01
7.578085607734820206e-01
8.426038617150751753e-01
6.972315633064830598e-01
7.851470829012717756e-01
8.097394197006098082e-01
8.682837263239274739e-01
8.081219734381742681e-01
7.870567893472256715e-01
8.024591451917032492e-01
4.751557003380926236e-01
6.986143187066975457e-01
7.050847457627119619e-01
7.528942088210949235e-01
7.246835443037974445e-01
6.144206974128234577e-01
5.996653419786655004e-01
8.221038992590191663e-01
7.755690440060699631e-01
9.421343206072055887e-01
7.809447074227011676e-01
8.785387549453418377e-01
6.789000363882101707e-01
7.839188461308276290e-01
7.840440847937248936e-01
7.572770389658699530e-01
2.874635095686019493e-01
9.232107275425072146e-01
8.360929788250279771e-01
5.761787287946062985e-01
7.259516120493409996e-01
7.567856684400451339e-01
8.540735102288626868e-01
7.909920458674849497e-01
6.764133669031814344e-01
6.016038540266870349e-01
8.238772882345913873e-01
8.094190137946994934e-01
8.047315005855126824e-01
4.749698570653423380e-01
6.984410410378188994e-01
4.312271731190648882e-01
7.711609652907283063e-01
8.070837828119382662e-01
9.139001121023867524e-01
8.608722050379831181e-01
6.357773251866938313e-01
7.067660353160142295e-01
8.678285176964261050e-01
8.188727242812936513e-01
8.505413181221002095e-01
8.198247296825950103e-01
6.048473282442746735e-01
9.496006870931259503e-01
8.200238127297415636e-01
9.375857796893731777e-01
7.450112247443252400e-01
7.053739881887867158e-01
7.252295262578039026e-01
5.002002988480208634e-01
5.257614004237202154e-01
4.543554006968639758e-01
7.595859952705656948e-01
6.162790697674420670e-01
5.005029277061884274e-01
5.477761706743807801e-01
7.979342823504227411e-01
7.939039515615994302e-01
8.027418929607170739e-01
7.209056248201587414e-01
7.894600000000000506e-01
5.027219501921084133e-01
7.741457580123414228e-01
7.616151625320787266e-01
4.755163553207747418e-01
9.083073171843309979e-01
4.486543336389623438e-01
6.972971727459157387e-01
3.466506458395916535e-01
6.050786516853932095e-01
6.514944937391791147e-01
7.102007267693373205e-01
9.857129927156416116e-01
8.702793615955340956e-01
8.341109172785913239e-01
7.448680351906157293e-01
6.969488115639670411e-01
6.370875995449373219e-01
7.405292886010614861e-01
3.338060124787295413e-01
8.262975165252205434e-01
4.234167893961708895e-01
8.166463830924040046e-01
6.269940648676547434e-01
7.889332411808680501e-01
6.154611709895696503e-01
7.953366118295177589e-01
8.180388302880371443e-01
7.093330432620585935e-01
7.911444374750525865e-01
4.940270355234203103e-01
8.151767505098571620e-01
8.622418105534935817e-01
6.839498018494055698e-01
7.481486468291368430e-01
4.101500651222944605e-01
7.884558572889444061e-01
7.411882472366343455e-01
7.641313228849438977e-01
6.962637215079391373e-01
3.503486290398566960e-01
6.472789646031499311e-01
8.444770544290288727e-01
9.032857248773067393e-01
8.713533091709562139e-01
5.930162370978452335e-01
7.032347480264788953e-01
8.891376655961498177e-01
9.204705042225560518e-01
6.041881186038203788e-01
7.979500807078256930e-01
9.945954635292338919e-01
8.901650000703803522e-01
4.946863372881708520e-01
6.283621010803427387e-01
5.544086360412890935e-01
5.323517258148650066e-01
9.022917192304472644e-01
8.509458289912923412e-01
5.902411454408440505e-01
8.915698728585400579e-01
7.979423853954630275e-01
5.109803242814715540e-01
6.253203302961275467e-01
9.157315742756075849e-01
9.318882820679702528e-01
7.719720989220038021e-01
6.390503787206887054e-01
5.231154924789667149e-01
5.637553508518697853e-01
7.538636939447682650e-01
7.564821826775984803e-01
6.987254866256067398e-01
7.555283045642607886e-01
8.044304925630311187e-01
8.597057044950614513e-01
4.827681932184273439e-01
7.777880776871571866e-01
8.576239412576093235e-01
7.615441598164786052e-01
8.200143619203938972e-01
8.667496016366151856e-01
6.062127293214996104e-01
7.489116078853397251e-01
8.083939330978600069e-01
6.644165863066536781e-01
7.974093018850051395e-01
7.550872358287403774e-01
7.722277581409340286e-01
7.842235286861165555e-01
4.171255506607928765e-01
7.527167908723862988e-01
7.560688135449590286e-01
7.710526315789474339e-01
6.974743777452414584e-01
7.399456521739129489e-01
8.078680590633038339e-01
7.444137729017140659e-01
5.562375724042534220e-01
7.661503416856492166e-01
5.281160720384012741e-01
5.021370858952332039e-01
7.922132833569501820e-01
7.507115491624506420e-01
5.563047645125959173e-01
6.634314032750922019e-01
5.435337492909813051e-01
6.905264607334649085e-01
7.832727569730876249e-01
7.542272625288106713e-01
6.762666938525843108e-01
7.440358170770706714e-01
9.602501693306515484e-01
6.839735502675425849e-01
7.752465946453734880e-01
7.547274499512632850e-01
7.488807188681828597e-01
7.578100835137644431e-01
6.588235294117646967e-01
8.185755534167469261e-01
7.647134578235672553e-01
5.813213703099510132e-01
7.973941290276350680e-01
9.359490010581256181e-01
6.297284819805522016e-01
7.749379139072847256e-01
9.955323124915045341e-01
8.513494664899923237e-01
9.545264532073745034e-01
9.041545916301186869e-01
7.540325891862088570e-01
7.189154261003554147e-01
8.203785328521953080e-01
6.989071038251366552e-01
6.745981219162818787e-01
7.552429667519181544e-01
7.722725997943348242e-01
6.640527692885748179e-01
9.587896267251808657e-01
9.579193553893953217e-01
7.614296617403233380e-01
9.906289502329753693e-01
7.993468807035276624e-01
7.412027580912692315e-01
8.895702421636717538e-01
6.664841182913471274e-01
8.561705912958830211e-01
4.252759474078553481e-01
7.504987531172070403e-01
7.533685297830827743e-01
7.356205408262134204e-01
4.621467547401229004e-01
8.048431859441187441e-01
7.801654740608229277e-01
8.049722676527056864e-01
6.850868725868726195e-01
8.151200994137604017e-01
3.629219503482764564e-01
7.063383729728928140e-01
6.974743777452415694e-01
3.129018730779986601e-01
7.222594099171000259e-01
8.803996483897265080e-01
7.996343200178628319e-01
7.553366259079372647e-01
7.325105140058636444e-01
8.316891007499647159e-01
6.768355330751598675e-01
7.875523622619774455e-01
7.599230683465270086e-01
9.221599428373706830e-01
8.561944074080839462e-01
7.303924987793575241e-01
7.543344440051956701e-01
8.611846324894304461e-01
8.121687929342492618e-01
7.296856074569487705e-01
8.108695652173912860e-01
7.903744111959852825e-01
6.602104256336680521e-01
3.702171664943122442e-01
6.656797278568727938e-01
7.274400878496221079e-01
6.973512272647006682e-01
7.816775312197108416e-01
8.277674954789925321e-01
7.592573958542966350e-01
7.986119063704811838e-01
6.514578232806585989e-01
7.850632212128652032e-01
6.754235970775688269e-01
8.035906256718985397e-01
8.094192491354325059e-01
7.955683415319746432e-01
7.951443026696789484e-01
6.696616541353381802e-01
6.306730472368013984e-01
8.548870349368048460e-01
7.169562464828362902e-01
6.676601460834522550e-01
4.141965073143094589e-01
7.001409995300014177e-01
7.868539630167680210e-01
4.541981132075471050e-01
5.564961393710853299e-01
5.523812492684251341e-01
7.299576104329296156e-01
8.492314647377938730e-01
7.730915080903928427e-01
2.926345996173818076e-01
4.024181715086653233e-01
8.218657551196931754e-01
7.061228843692219925e-01
7.600533807829182864e-01
3.349206713469405350e-01
4.043442362413846580e-01
7.767671894454766246e-01
7.624158516448622525e-01
7.995653118887199318e-01
9.993693104488279300e-01
7.810746225424526346e-01
6.368672687258101206e-01
7.514285714285714457e-01
7.638721351025331563e-01
7.451171875000000000e-01
7.264946746621320228e-01
8.052917799623509065e-01
7.696047430830039726e-01
8.745755389901344046e-01
7.817849032301800172e-01
4.190210611286415698e-01
8.575536981980447226e-01
4.990741659808306530e-01
7.223638380261134806e-01
3.722150687703784655e-01
7.945259674866925748e-01
6.957149146407084483e-01
9.076757609436059138e-01
8.666555116792719060e-01
8.990217211076106940e-01
8.348681624924076949e-01
8.052920942415912053e-01
8.527072571500566855e-01
9.460897077967395097e-01
9.718430667034447801e-01
8.301444748145255792e-01
7.870508264645600383e-01
9.067821383358268816e-01
7.071758072783188576e-01
5.528565245617830248e-01
4.959372052023513500e-01
7.864923014859139805e-01
6.939852268730213325e-01
9.105328036337568820e-01
8.392770489430715353e-01
4.269194716659566735e-01
9.314284519572717524e-01
7.055275010236111699e-01
7.418331925116814496e-01
8.662235262488350296e-01
4.648633099532158974e-01
8.793606268177556196e-01
8.750519812910223516e-01
9.649265256989710826e-01
7.694011071967791215e-01
8.468496759235998317e-01
8.952761757224949601e-01
8.328416970439938005e-01
5.112430946407040544e-01
7.668375670006990497e-01
7.273517328557884687e-01
5.588022896005629958e-01
5.949943529491973360e-01
7.619491180066366720e-01
8.379722483729689086e-01
6.942492012779551969e-01
7.785928143712574911e-01
8.765715629408998844e-01
5.290478492025132429e-01
7.711452853095912552e-01
8.600142193522175571e-01
6.005073534133965607e-01
6.119628847915254966e-01
7.962095400340716278e-01
8.517523778055745565e-01
8.168779675950855745e-01
5.956869387561223306e-01
7.890184754268412259e-01
8.037733548721387455e-01
7.767708827717132447e-01
6.006877501215865944e-01
6.316728948906608077e-01
9.114348653249224608e-01
9.887756806731748949e-01
8.339282388726799722e-01
6.407869170984455964e-01
6.829776158250910889e-01
7.745646766169154152e-01
9.780500678880992282e-01
9.512402140484887969e-01
9.234844146281599997e-01
6.717035777370651273e-01
9.439040274829918475e-01
6.874523341227471995e-01
7.329526244641015875e-01
8.713950172945685857e-01
9.286534361161226103e-01
9.868732859387064904e-01
9.760710335137073868e-01
9.432234190045089006e-01
6.407503539405380311e-01
9.724128558809540523e-01
7.937472218106386146e-01
9.462414195208155299e-01
7.846064224859826686e-01
9.639932598220356530e-01
8.150966991322122768e-01
9.028492739108663345e-01
9.769218016026526286e-01
9.875143513203215040e-01
9.802118781219655297e-01
9.059727818222691464e-01
9.989559371296756751e-01
9.979488129512685823e-01
9.976377863534217072e-01
9.994043405869964536e-01
9.675276201851299440e-01
8.027950274947686093e-01
9.408824806600510904e-01
9.843386460506908797e-01
9.223817371998311865e-01
9.078276733778930518e-01
9.236416685445898445e-01
8.715022289059562999e-01
8.786025403614928786e-01
7.822926596758817963e-01
6.716443871610369154e-01
9.469028660347379445e-01
9.061953607646578979e-01
8.979809557397284703e-01
7.866993564204719513e-01
9.224443757163388602e-01
9.652075611914261444e-01
9.524880379314604184e-01
8.668164129563923348e-01
9.167553956834533224e-01
7.799212142277835991e-01
8.915012424715849093e-01
8.991567417195515111e-01
8.838338471996310952e-01
7.893098079916970322e-01
9.225967852601589803e-01
8.313953488372093359e-01
9.011720560013006809e-01
7.658493811465266754e-01
9.679919517632408210e-01
9.462606768814482150e-01
9.874037824422864373e-01
8.965629185695319636e-01
8.452913444525960163e-01
9.823433607484791663e-01
3.916303284831504916e-01
3.758356432414804438e-01
7.435141509433963458e-01
8.348189303701335495e-01
6.710198035240917402e-01
7.477008041408632621e-01
7.226573885164673250e-01
2.490479817212489511e-01
5.062270017261166766e-01
4.595314164004258850e-01
7.063814338729630382e-01
3.452966714905931767e-01
6.751219248834740005e-01
7.685911076268339137e-01
5.090406541517907835e-01
5.642034204360304450e-01
7.558037953181369062e-01
5.900897115070582455e-01
7.354636986890793482e-01
7.754147191169853404e-01
7.471260613977791509e-01
5.830698910657833300e-01
7.476275993685862487e-01
3.804576231613353565e-01
6.066907775768536348e-01
6.515353805073430538e-01
2.796688132474698940e-01
7.296067175891309819e-01
3.667337772959577968e-01
7.569357904590169328e-01
4.791920097317369232e-01
6.585324232081911644e-01
7.565663525360192265e-01
7.621446970039315039e-01
8.228383458646617576e-01
7.580122882763202785e-01
7.442247755500767115e-01
1.313897763578274480e-01
2.622429510281959475e-01
7.261210073710073765e-01
7.092384817378848405e-01
7.033766020374628836e-01
3.074989526602434076e-01
2.129545865749955802e-01
5.160875934156390343e-01
8.214677965709793472e-01
8.158744176132038950e-01
2.165876777251184437e-01
2.238500572925191390e-01
6.225751002701154224e-01
6.133222457991627241e-01
7.071925578581150784e-01
7.123658222413054020e-01
5.818204560074334841e-01
6.596624263767182361e-01
7.176697209496044616e-01
7.275402784590422334e-01
3.801559922003897585e-01
7.779561121928116885e-01
5.761328950457852427e-01
3.078258353826121008e-01
4.034506234277793757e-01
7.622063017791661510e-01
5.002655044364346937e-01
6.386693548387097907e-01
2.499999999999999445e-01
7.556179775280897903e-01
6.907390084190832003e-01
7.866388847912670901e-01
5.452015798082043840e-01
4.990154152715648994e-01
7.355126135886266292e-01
6.674688561721403568e-01
6.756927837951891558e-01
7.892787177203918203e-01
7.548233253847822510e-01
8.512307009322743756e-01
4.294854344066525442e-01
3.658173807076600115e-01
6.998117942283562654e-01
3.323229717528698446e-01
6.416508773375072527e-01
7.575188192453593539e-01
6.211644672482394824e-01
6.478437273800907725e-01
4.182141826229192061e-01
6.022997714366502553e-01
7.282223725576029150e-01
4.808666979580184520e-01
5.272830603702308716e-01
5.816210544723267040e-01
6.112417685794920841e-01
6.354115846701992032e-01
6.637588339222616485e-01
8.029937654393600743e-01
8.238180835017271386e-01
7.166725663716813077e-01
6.988010262820301133e-01
3.557782963007061761e-01
6.288634900193174060e-01
8.620685481918961557e-01
6.936934621710525439e-01
7.471930788283370761e-01
7.424972466960353401e-01
7.347726000124432666e-01
2.593438538205978250e-01
4.627195467422098307e-01
5.012260209615075901e-01
2.778505897771952338e-01
4.493308870918588105e-01
7.998183973781647360e-01
7.333844091170272916e-01
4.501404494382023058e-01
8.070097604259095503e-01
6.577028587929542036e-01
5.616124599175446042e-01
7.073188440873228178e-01
6.962593516209476530e-01
4.316182182894092167e-01
7.413600891861762410e-01
7.323076923076923261e-01
5.180055401662051473e-01
6.066685504379768501e-01
7.821038251366120297e-01
5.585162476209628579e-01
8.052168752697452803e-01
6.455868089233756102e-01
6.677966214193225003e-01
5.169090778820663035e-01
7.385464581416741892e-01
3.754486719310842213e-01
2.945945945945945832e-01
3.680303116465524216e-01
8.324218048264435676e-01
6.933469542391687002e-01
7.024409562211982871e-01
5.697728326379229991e-01
7.891219644798839195e-01
9.939195209746978232e-01
7.707022615201497562e-01
7.429685653509808807e-01
5.238781035773950601e-01
3.958333333333333148e-01
2.962448161144783931e-01
2.677434030937217435e-01
2.659419114067821943e-01
6.967461729022423889e-01
4.642349597347230072e-01
6.951695731250668864e-01
4.983114276003391963e-01
5.753486464315011872e-01
5.767158663159910326e-01
7.289191820837390701e-01
7.055346331696619178e-01
5.513037302580404697e-01
7.017669606407179739e-01
6.895178023072454643e-01
6.954486035345281980e-01
5.343255749706472546e-01
4.361765565007426071e-01
7.620617333369631430e-01
3.801559922003897585e-01
4.669364161849710593e-01
4.444990176817288363e-01
7.630778974034199136e-01
7.755539865305236535e-01
7.101656196459166237e-01
7.281250000000000222e-01
4.419407894736842035e-01
7.998048081182672631e-01
3.905509262219756250e-01
3.296509468993686909e-01
2.841239109390126250e-01
2.902533276084159342e-01
7.796593927114421341e-01
6.763252226808603718e-01
2.767487939352170079e-01
7.717679655721275678e-01
6.792557766183132673e-01
4.162169118036110893e-01
7.985906176859671746e-01
6.911741203986480064e-01
6.165671848972793523e-01
6.545244199862420009e-01
7.082840236686390734e-01
4.673913130848370012e-01
4.491360969011646276e-01
7.377509834976753167e-01
6.715781782756939933e-01
6.844624981865661262e-01
6.740909901806736437e-01
7.325751808146174771e-01
5.974740527697888215e-01
6.430471848112742084e-01
8.323747627537816385e-01
7.015272244355911235e-01
7.045135307157123217e-01
6.981786643538594461e-01
7.509963046156074018e-01
7.518293439166563452e-01
3.140895218718209869e-01
8.572209338708101090e-01
5.969814704124328797e-01
7.732406602953953989e-01
7.473837809156029799e-01
4.080083747710024911e-01
5.962877030162411218e-01
7.474960163897109711e-01
3.629219503482768450e-01
3.977297789821722107e-01
4.920682474878484980e-01
6.025043763227145854e-01
7.507151277318775406e-01
6.512390670553935834e-01
6.127162775071391954e-01
5.537755885941524348e-01
7.365478686233404293e-01
7.088684184530277266e-01
7.320722705294337995e-01
8.195023585591143522e-01
8.175544286422389284e-01
6.611970641039179863e-01
7.351166874362751180e-01
3.632960893854749740e-01
7.084632169576060567e-01
4.674918389553862630e-01
7.794896869667606865e-01
6.931587593004153725e-01
5.792367828276135944e-01
4.108052851878191691e-01
3.608212029662183351e-01
6.783337441459206252e-01
5.212687028564363390e-01
3.649635036496350349e-01
7.474837320350169456e-01
5.013017957716687789e-01
8.264825952818722898e-01
5.704593234375995303e-01
1.060567339637133628e-02
7.785563118457931031e-01
3.838292613366289241e-01
5.230873879641486646e-01
7.603215337006565822e-01
8.507779918882030223e-01
6.010809980019468091e-01
4.986789781606924543e-01
4.455136215946015610e-01
7.446808510638314171e-02
4.276669765369964238e-01
4.281690140845069714e-01
7.231636252108571972e-01
5.782362042289839188e-01
6.971146621249312281e-01
5.018031776100501107e-01
3.438813322897742442e-01
5.967159019484601368e-01
2.736242884250472129e-01
6.989619377162629155e-01
7.525937500000000613e-01
2.383526187576125444e-01
8.171823111127788364e-01
6.317814544055405657e-01
7.535778175313058158e-01
5.993642091330528832e-01
7.794183445190155934e-01
7.843280218469125264e-01
7.089447672839841452e-01
6.649992802648623247e-01
6.880292973220417663e-01
6.715814717768797681e-01
4.366241412178783476e-01
7.568826329952390575e-01
6.610047665884845047e-01
7.344623945941342047e-01
6.447440089474660851e-01
4.989123448855490306e-01
2.578740157480312045e-01
5.521164357442480686e-01
7.734141309953583843e-01
2.569252077562327874e-01
7.030234070221066389e-01
7.240762060385487198e-01
6.651969338152811106e-01
6.626368613138686747e-01
6.222831501829819700e-01
7.168918252637805910e-01
6.944423002701659575e-01
6.885832705350415361e-01
4.986882772682438292e-01
6.837958295749986259e-01
6.668490153172865753e-01
6.171850694504771306e-01
7.166799046862590838e-01
5.885552139985812392e-01
7.059895385532590772e-01
5.375789232060880218e-01
5.018037556210042105e-01
5.115260944842937585e-01
6.853391809534656876e-01
6.373621645027590654e-01
6.002809842041312294e-01
6.156683213115158315e-01
7.782143678601548542e-01
6.430496019595837165e-01
7.903756744833203562e-01
6.702047005307052441e-01
6.259058846265340703e-01
6.895038614556517897e-01
5.633878937615810489e-01
7.636251527697053287e-01
8.489978053487914345e-01
7.224805363321800122e-01
1.521874352063029290e-01
6.858712715855572739e-01
7.577417380660954604e-01
3.327080840720100241e-01
8.291989911623036669e-01
7.482166658439058926e-01
7.537503538069628695e-01
6.601649547911170313e-01
7.875990299110751103e-01
5.045630363574672428e-01
7.944667890194853088e-01
6.209509376775903533e-01
7.599375601141578063e-01
7.897165458141066630e-01
4.234715690466012150e-01
6.863104385861212853e-01
5.007630847352587677e-01
5.921385192726987823e-01
4.154885646242192365e-01
6.661714367285430649e-01
8.096992998129506347e-01
6.854857318667795241e-01
3.676102034881076341e-01
6.438809405487405657e-01
7.688629117959617787e-01
2.593438538205982136e-01
3.998370450841934320e-01
5.504100374715892308e-01
3.770460453282653557e-01
4.067179652582592619e-01
7.097633562136995700e-01
4.586383601756954254e-01
4.344726357726987342e-01
7.788569593835286131e-01
4.282953227676846719e-01
6.653846153846154632e-01
3.969558382163782539e-01
7.069263953983808690e-01
7.555494544010092905e-01
7.593517205568093287e-01
7.332306987632958295e-01
4.048213639700345423e-01
6.482662105426839627e-01
5.927323209257686631e-01
7.506653019447286912e-01
5.431253978357731826e-01
7.185018139033237938e-01
6.704959768669851439e-01
5.372660081508601193e-01
7.043113568328785989e-01
6.592907140323568393e-01
7.131868131868132066e-01
4.217064143227123862e-01
3.272445543296340631e-01
4.366196467917211610e-01
7.602949582714073617e-01
3.779929403514988850e-01
3.801813471502588637e-01
3.844023987897987604e-01
8.556691481119681475e-01
7.642148625941785900e-01
3.690117188991104968e-01
7.712236260658491549e-01
3.040000000000001035e-01
7.351379076424163772e-01
7.047335936107825827e-01
3.380434782608693900e-01
7.474342723964508828e-01
6.489281210592685589e-01
7.515496846493247007e-01
6.454767726161367847e-01
8.035268114549297680e-01
6.018736585637867176e-01
5.310540550302329521e-01
4.709658318294964174e-01
4.989441369085201305e-01
5.285392837052317327e-01
3.769332161687170002e-01
5.660847880299252344e-01
6.987411568779023918e-01
8.006892704888641799e-01
4.969419663949816157e-01
5.899939677273413619e-01
7.200279832100739963e-01
6.629443938012761217e-01
7.311637080867849914e-01
5.189573459715640658e-01
4.987111448066715580e-01
8.327647223565953771e-01
5.414759553961207006e-01
6.534115601912212634e-01
7.509882340200045858e-01
6.885209219064668540e-01
8.295682793165869429e-01
3.498641304347825942e-01
7.795395308427455205e-01
7.768283905733849304e-01
7.168789907153213514e-01
3.110193510057249755e-01
4.767493032125569297e-01
4.369415807560136367e-01
3.350196233842554494e-01
4.675696695794233637e-01
4.944285302506816748e-01
7.034308335166044035e-01
7.245549384958738237e-01
5.376955393257534244e-01
7.241713228709681927e-01
5.037404151860856993e-01
7.884241245136187626e-01
7.180115328082011805e-01
6.077499593925115295e-01
7.395809348376697345e-01
5.817419251593630714e-01
5.175988428158148080e-01
7.328597616865261122e-01
6.465700304681007982e-01
3.513458617588018362e-01
5.219780219780220110e-01
5.080775444264945540e-01
5.937904709972053885e-01
6.685216672386360415e-01
2.182875264270610627e-01
5.063308233712432438e-01
6.878700504038913754e-01
3.190798892812827248e-01
8.437761836978157071e-01
6.245715126697829467e-01
5.490965121165430896e-01
5.217598168776959033e-01
6.546025297756440375e-01
5.744143964697608906e-01
7.523367331405085290e-01
6.573095333067411339e-01
5.896226415094339979e-01
7.446218901387633426e-01
4.405269252644158917e-01
6.244761876684327140e-01
5.161946528819931768e-01
7.518590200672303769e-01
5.531578671523921242e-01
7.078863319957414690e-01
5.174478401410520512e-01
6.639143114195381612e-01
7.548795124317974059e-01
7.582506839945281074e-01
7.801684532924961779e-01
7.155969070220656869e-01
3.788902188782488634e-01
7.818973742637478352e-01
6.485035351655945579e-01
7.770996142051638245e-01
6.692015209125475872e-01
8.016775510922564685e-01
6.846193682030037309e-01
8.487197770570318323e-01
5.964053005736176249e-01
7.993246282966524063e-01
7.087715598854109622e-01
4.370349200922853394e-01
7.460270849167415230e-01
4.991991190309340021e-01
7.560291643297814002e-01
3.252980050743053964e-01
6.282480655964892691e-01
4.845580843454903586e-01
1.322459516545414493e-01
7.274301261439526378e-01
6.290956121862426587e-01
8.322460923346504114e-01
7.405839917554104535e-01
4.697417772648586065e-01
5.976859303114224753e-01
3.912765062556884388e-01
7.731073099639487189e-01
6.806663372626527986e-01
5.486159815246662852e-01
5.669752008382814568e-01
8.070953436807096759e-01
7.533988862690013111e-01
4.035075057736720039e-01
4.109576395100717483e-01
6.788868257778180038e-01
7.036336109008326511e-01
4.867635130152643264e-01
6.644974692697035445e-01
6.275684931506847475e-01
7.140780534049613326e-01
4.183507268911860200e-01
7.440901101266276241e-01
7.079570705876789827e-01
3.809960982327289525e-01
6.875132051552925727e-01
7.205696942010162420e-01
7.022900763358776166e-02
5.235944281820934521e-01
2.019059494121838716e-01
5.492441066780578973e-01
4.242646878819876233e-01
7.252971768202080005e-01
6.860726999733612885e-01
3.914381645215447847e-01
7.666190085218425043e-01
5.934287152203608917e-01
6.498319216137644627e-01
5.992570579494799210e-01
3.603306711353881919e-01
6.348373557187827476e-01
7.293552036199095756e-01
4.722484562295677368e-01
6.785521177530789982e-01
7.096128170894525633e-01
4.551921206225680860e-01
4.962403869690981129e-01
1.240532052466286200e-01
4.496251171508905409e-01
6.873716294679269589e-01
4.012276785714285476e-01
7.649289314745014723e-01
8.185410834842746786e-01
7.565832784726793658e-01
7.933424443576727603e-01
7.472468970552446077e-01
7.847461273666093140e-01
4.091911932710665112e-01
8.097366169059616592e-01
7.319215891955680453e-01
7.142318668892359002e-01
6.302037754719339580e-01
7.166309622699252868e-01
8.515797646768797375e-10
5.396394287052211913e-01
7.659024862770423825e-01
7.533081285444234165e-01
5.664533665552975439e-01
4.967953728310145478e-01
7.438733290897516781e-01
4.185905224787362378e-01
8.102468128218839327e-01
7.050847457627118509e-01
5.735294117647058432e-01
7.786193270267034450e-01
6.067727076872457825e-01
8.338580645161289828e-01
8.239106646090644803e-01
7.069297401347449661e-01
6.968768365376540874e-01
7.918253859538166850e-01
7.314654219943546032e-01
8.171340139511247269e-01
5.920790103750996902e-01
6.967739193267310505e-01
5.703787230733335933e-01
5.043079488604781391e-01
6.302647104085332685e-01
6.268701376421305094e-01
6.801237713869674462e-01
8.786781638606008249e-01
4.202440263810705567e-01
5.230535714285714510e-01
9.807437294980217990e-01
7.544760054604641164e-01
4.315696185386015404e-01
6.139260932709375007e-01
7.114059709109465945e-01
3.651351351351353469e-01
5.902012254233780508e-01
7.257107489887953955e-01
7.406880975780674170e-01
4.318764867764353643e-01
7.207062600321026968e-01
7.444767895201955810e-01
4.608951991336782683e-01
6.240841630659402783e-01
3.737984638734305198e-01
4.183982803519283866e-01
7.636142906694415311e-01
7.611089240409542045e-01
7.160904684975767376e-01
4.911096114947571256e-01
6.562124849939975357e-01
6.680113388573921673e-01
6.999681663837012957e-01
7.186121728903264172e-01
6.850592365072400991e-01
2.300884955752211802e-01
5.747910753093623537e-01
6.404958677685950175e-01
4.763289598268632408e-01
2.364941873717804899e-01
7.016832917705735362e-01
3.602941176470588203e-01
7.849983198930312600e-01
5.503993326815777021e-01
8.174481838703058223e-01
3.460199398639024482e-01
4.024315070041983855e-01
7.823139377773536962e-01
4.335113867754596395e-01
4.488013698630137216e-01
6.927935544835130965e-01
7.272781726699145688e-01
7.624767937097303161e-01
5.408970976253297813e-01
7.085036520806807792e-01
8.052503052503052761e-01
7.002446604337821956e-01
8.034638554216867457e-01
7.803723572104764861e-01
8.214290184102827075e-01
5.304817109734160097e-01
3.262138689659816460e-01
7.539990305380515068e-01
8.223955021585621639e-01
7.240854983056737026e-01
6.756927837951891558e-01
7.533435259540739448e-01
5.933017418032785484e-01
6.145651849270745704e-01
2.836301798979682376e-01
5.661892561958539183e-01
3.609525591840556102e-01
7.997097912137497433e-01
4.994080963565901143e-01
3.609067011658339541e-01
7.185968188335721818e-01
7.152547196660659079e-01
4.511992236240121579e-01
7.710278406083065361e-01
3.730364372469637257e-01
7.912417516496700332e-01
4.895997312838081261e-01
2.936962750716331505e-01
7.443036195101879748e-01
4.192042708639829307e-01
6.339348884567148623e-01
7.922801432550737877e-01
4.279899812147776594e-01
3.442985722483972721e-01
6.152245174046516718e-01
5.175796721711046766e-01
6.864574713644876480e-01
5.083753784056507241e-01
6.620596205962060443e-01
7.153302778302779164e-01
5.224406721704939471e-01
2.944754181449570352e-01
2.371766768960982263e-01
7.720704985709748724e-01
5.538730694980693592e-01
7.538974101081216128e-01
4.713211506513948490e-01
2.216233696238007200e-01
7.890806826997672774e-01
4.630261453465425170e-01
7.737715465244081603e-01
6.822972860818325991e-01
5.359051645003586328e-01
7.246344507845935423e-01
6.919114688128772395e-01
8.053448308974630043e-01
7.510614731401145105e-01
7.488468857852464966e-01
6.279103021241039251e-01
8.057761902523851161e-01
7.535410764872521039e-01
4.289811072583692431e-01
5.339723710177615157e-01
7.387089995271702847e-01
4.142050390964378548e-01
3.342748562037798354e-01
8.324281654562677435e-01
5.013663834527197771e-01
6.498074903745186814e-01
2.664600123992562630e-01
3.868837046222540765e-01
5.055514831453908897e-01
7.514683145882723458e-01
7.076300313144427978e-01
8.255014326647565071e-01
4.568639895018233310e-01
5.416857535501603538e-01
5.014326647564468775e-01
7.760041194644696771e-01
2.053489288999867102e-01
5.852600467178339372e-01
6.846904775822763023e-01
6.847069553112850038e-01
2.213848327837964203e-01
3.364332049462799845e-01
5.636828160484482764e-01
4.412299647607137443e-01
7.813100694957858527e-01
6.658986175115209072e-01
5.922646737491648050e-01
7.798210674673693443e-01
7.068162868260143838e-01
5.869749262957228986e-01
5.792148119892548408e-01
2.699018176993498996e-01
7.648816610314776998e-01
7.135330918669738898e-01
5.264179672630376894e-01
6.991783635741183334e-01
4.939273843006903864e-01
7.383339409405760279e-01
7.091339911711245225e-01
7.970711201266743595e-01
6.752813436634053090e-01
7.222333953441600896e-01
6.934405493314057534e-01
1.061938160624320698e-01
7.949935846821950536e-01
8.554908548908649601e-01
3.131442531132693774e-01
3.070189274447953087e-01
6.708529973867934926e-01
5.196606517640722789e-01
7.487111000683273065e-01
4.996628638100933384e-01
6.362007168458780892e-01
7.454682032933361846e-01
8.054623862002874279e-01
6.884698018620197812e-01
4.010116622172263390e-01
7.663669874735209442e-01
7.391793142214726497e-01
4.846423870118475863e-01
7.706824535992186087e-01
6.298016864459713426e-01
8.327550637659414390e-01
3.510707990677004453e-01
2.826405738627690845e-01
7.074189822678170758e-01
7.924259407526020871e-01
1.461776859504132497e-01
7.586618657456736248e-01
7.304749217757674495e-01
3.499272767584422072e-01
1.312122619600556428e-01
7.656648709951801024e-01
3.689139417894357620e-01
7.259482082133522640e-01
5.392925227705994695e-01
7.469644773253515391e-01
7.256307339449542537e-01
7.092380805192797233e-01
7.650063612841907501e-01
5.146011396011394012e-01
3.504335260115610251e-01
1.557951482479785488e-01
4.996873030620677114e-01
7.750657318141981333e-01
4.211273415318887436e-01
1.581535532994918780e-01
4.102019126875389721e-01
7.197507939046124958e-01
7.301043646666427467e-01
5.691412635830368494e-01
5.785545954438333638e-01
7.381482373633905247e-01
4.605774569683508957e-01
7.632192846034213662e-01
5.731864243204117804e-01
3.593827979530567207e-01
4.097373974310337119e-01
3.959278864250914132e-01
7.496286669142221415e-01
4.822829321071137043e-01
8.094642158779820074e-01
7.634800564593258176e-01
2.540851321363729598e-01
4.080083747710024911e-01
7.565331185826454918e-01
7.719578590091032977e-01
4.547876897324235057e-01
4.926863016406404783e-01
8.022727272727272485e-01
5.953488372093023173e-01
6.522886660131211878e-01
8.026681041002693417e-01
3.858134956609216015e-01
6.532657483361706818e-01
7.497027913833278490e-01
3.691030944028483862e-01
3.447059137924251560e-01
7.285950537472750677e-01
4.504257072232902837e-01
7.613999181334425437e-01
7.428533923534308414e-01
5.969556585043017671e-01
7.097148075302052161e-01
3.693338227197651147e-01
6.297769396016603682e-01
7.642812823164427671e-01
6.303116147308780448e-01
8.427313545979358000e-01
6.337417219179529715e-01
3.397815007765947470e-01
6.520000000000000240e-01
3.438983229617129656e-01
7.269552771574654404e-01
8.534856663074581462e-01
8.425814234016887339e-01
3.161572052401744326e-01
4.998573298868711490e-01
2.448435888621517120e-01
5.518042842766089917e-01
5.572025306188662652e-01
4.299263414114626314e-01
4.009682625067241268e-01
3.684265369920112221e-01
8.034883325973981583e-01
7.356905795251468261e-01
8.379052055139423194e-01
7.779025834779945692e-01
7.799265359581146750e-01
6.787924856119015304e-01
7.489041274250248792e-01
7.300827332618354815e-01
6.942782799967811558e-01
7.688629117959617787e-01
7.200249143568983046e-01
2.899366085578444219e-01
7.025178737954616004e-01
7.286784278928962744e-01
8.308891454965358081e-01
8.068812430632630317e-01
7.928225476701931118e-01
3.792365322868355704e-01
4.825496577264055675e-01
7.982841826905359151e-01
6.637753349364478028e-01
4.759036144578313032e-01
7.201572551822731372e-01
5.147172927861433100e-01
6.158484474408887355e-01
8.692079632742206741e-01
6.713777999972947441e-01
4.387477930191497344e-01
4.114650990656906204e-01
7.809116091664568549e-01
7.171439289733649858e-01
1.361494446314372442e-01
5.001829422947204895e-01
7.747710922171353598e-01
3.757376609442062421e-01
7.990683472950756983e-01
7.219250639252725588e-01
7.892744093317710652e-01
6.796033994334276240e-01
7.164774807762726017e-01
7.498156614068720582e-01
7.490242660783980044e-01
3.843343290150919023e-01
8.890962163759975612e-01
2.252894033837932464e-01
3.654539214003777459e-01
7.646341825965454753e-01
6.902845576854387266e-01
3.646067415730336880e-01
3.139996130030957566e-01
8.261287212883468012e-01
5.171625781177128234e-01
7.839549969592540801e-01
7.175324675324673551e-01
7.045312360353918057e-01
5.364171297809740002e-01
5.807512159971176535e-01
7.519513905118018204e-01
7.612006375066405761e-01
6.555742575957954621e-01
4.927779274572997581e-01
4.993834771886558332e-01
7.530243241651451980e-01
6.323456682400475648e-01
7.390731260029036465e-01
3.591486244505941450e-01
7.331110370123373743e-01
4.327017716535431768e-01
4.703566269908281972e-01
3.815495207667731203e-01
4.528619471416117093e-01
5.610542421041129213e-01
6.619391418277633665e-01
7.259131593302114993e-01
6.393248445365709021e-01
6.897563746528655448e-01
2.956856550498566660e-01
3.017781490542394418e-01
8.067367848399673580e-01
7.970146567062912357e-01
6.304696265427152113e-01
5.834238325599763186e-01
8.328048799781737621e-01
6.750734368443138678e-01
4.978921862646975005e-01
5.991606996126306317e-01
2.731070496083553567e-01
5.823383525243579495e-01
8.043647172763480624e-01
6.605981794538360319e-01
4.347852832973811976e-01
8.037146763901550361e-01
2.933929549187809238e-01
3.786763811442007133e-01
5.948269929796399236e-01
7.516275032321140248e-01
6.871221975667609616e-01
7.488084326306141403e-01
5.228266035714372872e-01
4.432177948505162113e-01
6.341570333809585236e-01
7.801002241856785924e-01
7.628057303710956694e-01
6.532071567672832479e-01
7.152517029406878502e-01
6.084419641921965383e-01
6.887767042225269032e-01
5.454739311227209120e-01
8.008946218662227334e-01
1.954057279236277311e-01
7.632463582519608547e-01
7.662822696894246999e-01
3.942153186930906772e-01
7.084632169576060567e-01
7.452718208435546998e-01
3.673026067245940274e-01
7.551945635154907466e-01
6.745968483659329218e-01
6.751980627117206701e-01
7.119730287935852608e-01
3.573646170015096768e-01
6.151694529369675646e-01
4.381902464306097200e-01
7.470654504488134506e-01
3.418764818787402571e-01
5.936230706742485763e-01
6.492813861485302596e-01
5.890329765069329815e-01
5.001596220830790696e-01
5.228439166750528111e-01
6.914893617021276029e-01
4.913274032895970644e-01
7.505733944954128267e-01
7.400328289542128513e-01
7.311797752808988360e-01
7.270172198614421877e-01
6.134954934463052734e-01
8.526749232752828256e-01
4.413663223245626321e-01
6.649952905978171458e-01
5.509780512443750444e-01
7.216000000000002412e-01
4.547174459464808360e-01
6.710775047258979997e-01
2.441909148000838137e-01
7.785672623150751148e-01
4.480864049958893092e-01
7.332165151681087067e-01
7.499422265873244564e-01
7.397451133057411088e-01
4.932994998098774730e-01
6.611877899318483465e-01
7.404552006167666178e-01
7.408173279125193078e-01
7.580625565290172174e-01
5.147006999732579580e-01
7.737139843216744861e-01
5.817174312175977802e-01
7.740546556925690380e-01
3.162031438935912209e-01
8.239535007327204452e-01
7.807343343768239352e-01
7.480831973898859344e-01
7.786193270267034450e-01
3.400395778364114219e-01
8.082644171736547145e-01
6.578165260187317509e-01
7.377677363890838835e-01
6.925557818275275279e-01
7.512411236096273592e-01
7.878282939748401104e-01
5.382183533404790721e-01
5.301692802990963793e-01
6.135378106821787192e-01
6.528905721688597064e-01
8.496172134008026511e-01
6.121399176954731569e-01
3.927793763123105797e-01
3.309665372708958664e-01
4.991968908969282581e-01
5.786968608327121011e-01
7.496639502646390563e-01
6.445352400408579374e-01
3.423875938749635917e-01
5.744954695222405094e-01
4.251634441507858297e-01
7.835820895522388474e-01
6.653546828875570585e-01
7.687315868794633023e-01
1.030927835051547031e-01
6.755481667864845496e-01
7.534773176318233512e-01
6.184210526315786494e-01
7.280817926577316523e-01
3.295061340044038722e-01
6.901794274756883896e-01
5.908415841584159223e-01
6.663470757430489666e-01
5.862313483252546975e-01
5.025999903658308066e-01
6.728516828997657129e-01
4.870720272766017600e-01
7.169087739686228478e-01
6.571718081513173715e-01
7.152555453921792816e-01
6.997531654248754229e-01
7.267587939698493260e-01
4.991136196653374046e-01
7.243065065766424171e-01
3.730364372469636702e-01
6.154424903601993790e-01
6.996684708708349465e-01
6.518056589724497973e-01
6.729607578983963778e-01
5.564987506692842256e-01
8.003470775103073143e-01
5.056134381186310200e-01
5.002760106759495118e-01
3.580847723704865815e-01
7.005651764364901890e-01
5.927902149685940758e-01
3.163064833005895249e-01
7.238820216675415642e-01
6.877357342742425050e-01
7.136415045094685050e-01
4.562747367476166493e-01
1.270574971815107979e-01
6.491935483870966417e-01
5.784368757326111554e-01
7.582493921500521594e-01
7.327319432036735192e-01
6.310745483843608339e-01
4.064154786150712684e-01
4.313725490196076984e-01
7.223345762497628275e-01
7.428378430170166080e-01
5.019028273291169517e-01
7.454739450678047330e-01
3.154996066089692519e-01
7.325845675771324172e-01
4.771765663879597996e-01
6.222976963969285569e-01
7.848366466084875093e-01
6.653846153846153522e-01
2.520991603358655464e-01
3.654575134744811882e-01
7.265350877192983114e-01
6.780129274395331196e-01
6.214783700700132751e-01
6.976718818176151915e-01
4.974385080409270965e-01
7.980160078013809333e-01
7.745219612608813531e-01
5.954157027524669132e-01
1.521423969072165649e-01
7.277537551206189059e-01
5.275364170713008338e-01
7.436815347861553960e-01
7.668570224916329003e-01
3.974741988049972363e-01
4.908558888076080540e-01
6.936619718309861016e-01
4.490104387033395095e-01
6.465700304681007982e-01
1.858023282355627248e-01
5.028395454379843699e-01
7.188395152405434585e-01
3.888493686644138858e-01
7.461291090995711972e-01
2.861760318249624846e-01
6.908371193378615160e-01
3.597230090188177631e-01
7.495025827434474985e-01
7.656719263955762411e-01
1.713418463470799957e-01
4.711246200607903112e-01
7.698450052746895755e-01
7.270287920949514149e-01
