-2.336297471762854627e+02
-1.119182034345496959e+02
-1.157460445595446004e+02
-2.031083301515024573e+02
-2.176626917062561972e+02
-1.443347608573090781e+02
-1.145760207579695447e+02
-1.050260909778987326e+02
-1.549759411939310212e+02
-2.137188226136903779e+02
-1.440595907449558410e+02
-1.168449641349565979e+02
-1.058683846129841157e+02
-1.372443450412360164e+02
-1.070775565207135003e+02
-1.084265126668213242e+02
-1.240553887325926468e+02
-1.253159339551062601e+02
-1.217578859254280275e+02
-1.151420087519671398e+02
-2.278222275134178574e+02
-2.012760993374577652e+02
-2.685618615587945328e+02
-1.432060422407656972e+02
-1.891771177395142729e+02
-1.211719257248929580e+02
-1.675654349556551779e+02
-1.248820588107707152e+02
-1.423049518420982338e+02
-1.223634315739819840e+02
-1.245306082584448433e+02
-1.340805554009004368e+02
-1.525553916773560275e+02
-1.463055493454460247e+02
-2.586747030763285125e+02
-1.305726304102172719e+02
-1.266023612415906854e+02
-1.195262672106561439e+02
-1.336684568123486940e+02
-2.185120393286330227e+02
-1.669521013902972584e+02
-1.119975800425724373e+02
-1.082962629083663018e+02
-1.298171399561346391e+02
-1.292860962544883989e+02
-1.602500562901255989e+02
-1.361639656097588045e+02
-1.165301486606685586e+02
-1.253723654663707379e+02
-2.883964401768420771e+02
-1.117097089421838092e+02
-2.039993296456765108e+02
-1.444210608180355280e+02
-1.111563806158670786e+02
-1.549081128345389118e+02
-1.230316203209036132e+02
-1.995646986856330329e+02
-1.141945660629568096e+02
-2.312190249828551600e+02
-1.157718530592319013e+02
-1.327657291356662199e+02
-1.255915092082993425e+02
-1.851208178945051657e+02
-1.943077318784816327e+02
-1.525568505491081623e+02
-1.036417053735585654e+02
-1.585519089955463983e+02
-1.184236746061363306e+02
-1.026858946647604114e+02
-1.381728633543535807e+02
-1.882332443299124236e+02
-1.275079322003301030e+02
-1.490934855966735881e+02
-1.256581041683198237e+02
-2.282062724864381664e+02
-1.429439514106616400e+02
-1.958229371799348826e+02
-1.328679819212804318e+02
-2.244622648468209718e+02
-1.653591030117171670e+02
-2.500653757750021100e+02
-1.221940170534298602e+02
-2.098001754145523989e+02
-3.347563879615262863e+02
-1.406971939691132718e+02
-1.854249052170178516e+02
-1.477128861801670894e+02
-1.951985893427780638e+02
-1.508689423085018291e+02
-2.683368059825692740e+02
-1.714176605439538150e+02
-1.571057566133342789e+02
-2.024111691353905940e+02
-2.606899862311211677e+02
-1.509184595506850997e+02
-1.578953086754775939e+02
-3.478099591466364586e+02
-9.506116955935891610e+01
-1.221288071972687703e+02
-1.184654432319252209e+02
-1.089965846202211566e+02
-1.134923535456235584e+02
-2.013329782779869959e+02
-1.539075367421821738e+02
-1.176493442896140778e+02
-1.286571599142597790e+02
-5.183307586526679245e+01
-1.230093014758623724e+02
-2.528622866967454001e+02
-1.306994424460743858e+02
-1.176798894998043465e+02
-1.740847051670126575e+02
-2.287440289230337953e+02
-1.531046200584426913e+02
-1.686583536237709779e+02
-1.552228105843945514e+02
-2.352739700740600028e+02
-1.411694228692293507e+02
-1.416382672833323397e+02
-1.201960113347913079e+02
-1.408692217233958672e+02
-1.723309707508228996e+02
-2.084493566202577028e+02
-2.651563540430005332e+02
-1.495007916045479419e+02
-1.305014633725251372e+02
-2.032456835178651886e+02
-1.496167343687399978e+02
-2.143338950030754120e+02
-1.835639011124251283e+02
-2.053842426229101932e+02
-2.044172051004620414e+02
-1.574119738819914005e+02
-1.447567430762793776e+02
-2.104206695109276666e+02
-1.131943828194761892e+02
-1.635106980486792736e+02
-1.781336321390398609e+02
-1.462640681179832427e+02
-1.847337490508295730e+02
-1.897204210348312188e+02
-1.809715164379981900e+02
-1.309949310632075026e+02
-1.211198176064839487e+02
-1.314973099495028350e+02
-1.392133062947963253e+02
-1.545260366050048617e+02
-1.488084939640155824e+02
-1.456055148980480567e+02
-2.063008297874207528e+02
-2.415724185289202239e+02
-1.840922472697579337e+02
-1.577066863337446705e+02
-1.561807513754639558e+02
-1.214923511092361821e+02
-1.634017025748993035e+02
-1.626960049714670902e+02
-1.958606345071739270e+02
-1.478367570841220697e+02
-1.545693915331589778e+02
-1.836515561057056800e+02
-1.361345855281698789e+02
-1.194764961233207714e+02
-2.245995303722911558e+02
-1.967251939561739107e+02
-2.246250896750261461e+02
-1.387099120304282280e+02
-1.847397125323191744e+02
-2.667633874102966729e+02
-2.188218318677577372e+02
-2.051978475659107346e+02
-1.663807266568560976e+02
-3.293337513903204012e+02
-1.920128048167049712e+02
-1.528403820980595924e+02
-1.172936643034928466e+02
-3.922229988575055017e+02
-1.169247343933110699e+02
-1.347806432575086717e+02
-1.970514955051684751e+02
-1.865032517366466323e+02
-1.375009144541927526e+02
-1.244574678713722733e+02
-1.090686016425880212e+02
-2.587489410391880256e+02
-1.973235495457341244e+02
-1.313144966069542647e+02
-1.448231456941323358e+02
-1.267809478852697538e+02
-1.599041578692821020e+02
-1.651889820133701789e+02
-1.895480056142356773e+02
-1.851641041804896588e+02
-1.186189971127888185e+02
-1.989121490871675917e+02
-2.104063951282219023e+02
-1.637763651874613231e+02
-1.388451610342494291e+02
-1.109832743290722163e+02
-1.364784016180742299e+02
-1.307412050195160305e+02
-1.609888940041468857e+02
-1.349399830572465362e+02
-2.139588599217554190e+02
-2.127558434056421675e+02
-1.607697776472815292e+02
-1.103654759949082944e+02
-1.462915822895597273e+02
-1.279284448095011868e+02
-2.445237211517897151e+02
-1.468112154005491732e+02
-1.331763266270840234e+02
-1.236418303749453003e+02
-2.290300353135924070e+02
-1.447681111492696857e+02
-9.242518491625818911e+01
-1.451047511547905913e+02
-2.428648517261256643e+02
-1.387665567733714340e+02
-1.997034215331520670e+02
-1.219436500569519524e+02
-3.000159164021163178e+02
-1.046044538291610024e+02
-1.563827930426470800e+02
-1.813314418611385861e+02
-1.333705476199621955e+02
-1.490358570725943537e+02
-1.490600781393240482e+02
-3.435147614921337436e+02
-2.571742250389971218e+02
-3.422255962684035921e+02
-1.375451296964390053e+02
-1.326560797073210836e+02
-1.513314070044878292e+02
-1.668933893450724497e+02
-1.516503145695706962e+02
-2.694222543116147790e+02
-2.210523318751986892e+02
-1.846083539670312064e+02
-2.544611062667108001e+02
-2.300912180614018041e+02
-2.909430944777030277e+02
-1.704641907107809971e+02
-2.242140570646679976e+02
-1.486768915338533930e+02
-3.382842821768029467e+02
-2.854279628791805408e+02
-2.880217484926845941e+02
-1.564638989087543166e+02
-1.549312644145071260e+02
-2.226854807973129198e+02
-2.229369478650041287e+02
-2.402743862035673317e+02
-2.149714047871699734e+02
-2.859098902819587806e+02
-2.411560524656828193e+02
-2.437561124387308382e+02
-2.215687628130498297e+02
-2.591936934600068980e+02
-1.452051123861447479e+02
-1.776833087985927193e+02
-1.573819608509006400e+02
-2.021100885543003471e+02
-1.702266113597593176e+02
-2.041169737562251498e+02
-1.817942433153842501e+02
-1.405062376478613544e+02
-1.646181921124737926e+02
-2.160588471937182931e+02
-2.250554186334036899e+02
-1.361290049868352128e+02
-2.623030804715285740e+02
-2.016724757144816635e+02
-1.593557534379914955e+02
-1.164902279570811032e+02
-1.432533262092678683e+02
-1.668365166066100187e+02
-1.076916292843336862e+02
-1.134562332996396918e+02
-1.218381658584830376e+02
-1.356581323097686607e+02
-1.412259214274314729e+02
-1.000954601558267427e+02
-1.273856395812882027e+02
-1.547545596612503402e+02
-1.610363766955712492e+02
-1.200533580808055518e+02
-1.661199893652993751e+02
-1.255990801604240659e+02
-1.267496468820604747e+02
-2.658409596355143094e+02
-1.995679086311876347e+02
-2.317087440078235545e+02
-1.235346825048904549e+02
-1.491741111998130123e+02
-1.107956384132278771e+02
-2.619109006912482869e+02
-1.221269218914295607e+02
-2.130226996416472787e+02
-1.187079652086659962e+02
-1.190917617780209099e+02
-9.155726376455152149e+01
-1.885835808284285804e+02
-1.447217549316607688e+02
-1.773879850002105911e+02
-1.400624295869541811e+02
-2.484360777715046424e+02
-1.424726149163272169e+02
-1.141462685873535463e+02
-3.850799876311292564e+02
-1.895299708834393755e+02
-1.951051544381070926e+02
-1.174009314722934079e+02
-3.501856957297265467e+02
-2.570314473797293999e+02
-2.716375768638926615e+02
-1.888731141643197020e+02
-3.630299376029145151e+02
-1.027087712667678829e+02
-1.768566145534021814e+02
-1.062552636418620011e+02
-2.302537955607037077e+02
-1.710349404919448091e+02
-2.176304538958618480e+02
-1.314271338795244048e+02
-1.650325835329433062e+02
-2.968723255033251007e+02
-3.187468585249940816e+02
-1.275004344187212695e+02
-3.715869485373071939e+02
-2.101563395721231871e+02
-1.710185390106005912e+02
-2.729612551815974939e+02
-1.060546519084839474e+02
-1.642174906380151924e+02
-3.437779558075459931e+02
-4.007261449118719838e+02
-3.139144810219190731e+02
-2.625445239249193037e+02
-2.126474325857454630e+02
-1.250530298008811343e+02
-2.954752419742169423e+02
-1.851229535893101854e+02
-1.403188103565431675e+02
-1.264701629521770769e+02
-4.984755293231880273e+02
-3.999442582917556592e+02
-1.145581125205490736e+02
-9.718532532669459556e+01
-2.640838486948321133e+02
-1.728610113211608450e+02
-2.156019818187038766e+02
-1.120869389510564389e+02
-1.426105313969225961e+02
-2.151324510721290721e+02
-1.838769759250623110e+02
-1.344374630094080487e+02
-1.915989316875173643e+02
-1.781618376543748639e+02
-1.177816449763771374e+02
-1.488762521581103044e+02
-1.139845906949990848e+02
-1.029257674924458144e+02
-1.159894543001726959e+02
-1.764539250982428484e+02
-1.449185908846112056e+02
-1.506145191362233504e+02
-1.427368294381152225e+02
-1.238447660389621916e+02
-2.070072362602560361e+02
-1.494376154768314962e+02
-1.956176551892097848e+02
-2.323193448718558329e+02
-1.095891754748337092e+02
-1.327918889500808461e+02
-1.650748036817791160e+02
-1.199089326578158676e+02
-1.065625851939923052e+02
-1.646836259741183426e+02
-1.040586540800415634e+02
-1.337754189460648888e+02
-2.676276687444889149e+02
-2.306351117787956468e+02
-1.198946064234830260e+02
-1.517232761568596402e+02
-1.919403196399595402e+02
-1.721619123361336392e+02
-1.030107784248667855e+02
-2.697359098694224144e+02
-1.199289960008536866e+02
-1.139440306155942011e+02
-1.104567561895983943e+02
-1.616861902595763638e+02
-2.168574981320999484e+02
-2.856552417551895928e+02
-1.452458512819925716e+02
-1.585364930929933109e+02
-1.089613975874992349e+02
-2.325575365417718103e+02
-3.961217921866384586e+02
-1.932269809719490468e+02
-2.149826324324176596e+02
-4.136009700810508321e+02
-2.132445730304802396e+02
-2.398813374536816241e+02
-1.927370817757246186e+02
-1.215895248210128585e+02
-4.050479996818427253e+02
-2.060790315488000317e+02
-2.346815723054164380e+02
-1.820248778341887146e+02
-2.141842299714968760e+02
-1.014283314891665242e+02
-2.031860131799861904e+02
-2.533008444799486369e+02
-1.147544260211213327e+02
-1.241890086967445654e+02
-1.246801991064437090e+02
-1.060964315956852886e+02
-1.279476918431712562e+02
-1.879346286674556552e+02
-1.470646268418554712e+02
-3.132199788265677398e+02
-1.729825778214819820e+02
-1.259001984380604569e+02
-1.088708829542361940e+02
-2.503955110765489849e+02
-1.109340639862493845e+02
-1.108299794056400174e+02
-1.224322133398066370e+02
-1.093338220420851172e+02
-1.044676983338519989e+02
-1.124605866450817615e+02
-1.862869699661602851e+02
-1.480861190569618770e+02
-1.816906758306896279e+02
-1.480550222094184676e+02
-1.319585658484104727e+02
-1.485444958655978951e+02
-1.062129136041438642e+02
-1.556966508139799146e+02
-1.974082847520541577e+02
-1.533919771341455771e+02
-1.047740557106094315e+02
-2.038676052018962253e+02
-1.659514199418518388e+02
-1.803828167961889051e+02
-9.565967448441891463e+01
-1.117943967384843518e+02
-1.187543821943318960e+02
-2.179107277812815369e+02
-2.639078809180526264e+02
-1.502793583254037912e+02
-1.492768645390162021e+02
-1.756695345652738354e+02
-1.484526192971473506e+02
-1.293825068779594289e+02
-2.704464280101257145e+02
-1.479320358468977759e+02
-1.251450104042037879e+02
-1.844919163296196984e+02
-1.328873868774257403e+02
-1.768344648932730934e+02
-2.635678657633548028e+02
-8.552465677778140218e+01
-2.722578291412012845e+02
-1.461153738157988187e+02
-1.536275363474609037e+02
-2.065204088792498851e+02
-2.269599264609165630e+02
-2.423210679795890883e+02
-1.237108583249450220e+02
-1.686253824054274730e+02
-1.007869820941063637e+02
-1.617104454308935715e+02
-2.798709163499024726e+02
-1.790386686389164765e+02
-1.278284480091573556e+02
-1.353809068190214759e+02
-1.328220832159094869e+02
-1.930611828363223594e+02
-1.564883608997836859e+02
-1.443328853525371755e+02
-2.206874418463333996e+02
-1.238547037359021061e+02
-1.287101427632158561e+02
-1.115718936092329443e+02
-1.026812235517285217e+02
-1.956901377931943102e+02
-2.514179497952230804e+02
-2.780456433910852070e+02
-1.463085231228062071e+02
-1.533003513812506355e+02
-1.157681203365786615e+02
-2.339054900342522387e+02
-1.187894473057406657e+02
-1.270195152838459762e+02
-1.296053532744707297e+02
-1.002892423380240530e+02
-1.559482509483255228e+02
-1.214924393680314409e+02
-1.215894028220024126e+02
-2.069599218270260792e+02
-8.440600421543955179e+01
-1.250758804386600787e+02
-1.863754217004249654e+02
-3.709246367604135344e+02
-1.435465565841789157e+02
-1.047040636914424994e+02
-1.173311652539609469e+02
-1.947188199385500127e+02
-1.543808429786489853e+02
-1.370723607947163032e+02
-1.125780709062540694e+02
-1.724426011625085948e+02
-1.868416801302516319e+02
-1.010938060553334736e+02
-1.464964504908946878e+02
-1.300818827488414229e+02
-1.608844860544598134e+02
-1.249897522120247118e+02
-1.303311614828807308e+02
-1.334271965016956187e+02
-1.892857687072598480e+02
-1.923588723743812636e+02
-1.214806373062257592e+02
-2.085824717048378147e+02
-3.018721306520227472e+02
-1.570019069076206790e+02
-2.151125624221438102e+02
-1.745314385676104223e+02
-1.315320939691838760e+02
-1.816138851919847639e+02
-1.092113041896596854e+02
-1.451203384511530032e+02
-1.413012473459382647e+02
-1.670720978949064204e+02
-1.526738315839115501e+02
-1.843879646075002938e+02
-1.832134683443197218e+02
-1.525241873530759449e+02
-1.914632376070929638e+02
-1.295777528715965161e+02
-2.987991670572113208e+02
-2.632002328001758542e+02
-1.378220730723552379e+02
-2.108913424609495166e+02
-4.169077267819547501e+02
-2.676839416501015307e+02
-1.896777194007442802e+02
-2.377403269841055931e+02
-3.678241877879631829e+02
-3.305829772451322697e+02
-4.230912529782711999e+02
-1.605931199447983033e+02
-1.579382756948015185e+02
-1.960328464569535640e+02
-2.067974757086819579e+02
-1.297512735435279296e+02
-1.691121251191789838e+02
-2.760535431692678685e+02
-1.875879700870975455e+02
-1.846693839042902425e+02
-1.756045378811957676e+02
-3.402030112718379655e+02
-2.330462848167865673e+02
-1.400388018347331638e+02
-1.355281744680355871e+02
-1.364361181677645334e+02
-1.931441215413525754e+02
-1.435421824949730762e+02
-2.052685213294501523e+02
-1.174976415804771932e+02
-1.449917478884902096e+02
-2.107730014831332426e+02
-1.628950908476248003e+02
-1.488347318607524414e+02
-1.684990336249152563e+02
-1.552343102819845342e+02
-1.086813853467608624e+02
-1.119822654073998081e+02
-1.386112553140801822e+02
-1.391899876807943883e+02
-1.214907647126856176e+02
-1.156434565376968635e+02
-1.143330291668056873e+02
-3.057480610999207329e+02
-1.432213464018059312e+02
-2.133159013334751251e+02
-2.400699310147256824e+02
-1.807217237627509974e+02
-4.212167732641629527e+02
-2.308794127647087180e+02
-3.082372222067756411e+02
-2.992811622165704080e+02
-1.655155301982431695e+02
-4.257162606831869311e+02
-1.906538653219721766e+02
-2.210217215497268342e+02
-1.756113619027594552e+02
-1.227041050911555402e+02
-1.346064491930923168e+02
-1.761651653312776773e+02
-1.282933817732188402e+02
-1.736102657265147968e+02
-1.176564380904896012e+02
-1.961601077400915187e+02
-1.665737132875347015e+02
-1.996516040449330092e+02
-1.710148904389134543e+02
-2.453647953308002627e+02
-1.941596150176204674e+02
-1.324186630344283628e+02
-1.172383797695887608e+02
-1.457385985537958106e+02
-2.380867742860613987e+02
-1.894558675590377845e+02
-1.833794526775748466e+02
-3.865029063402046177e+02
-4.222058343121464645e+02
-1.975833759498150357e+02
-2.277763627557460779e+02
-6.781581230921708539e+02
-2.858935739049791209e+02
-2.484802616535265543e+02
-2.734487276199465100e+02
-1.250868830215639491e+02
-1.206998690490372894e+02
-3.730088383346792398e+02
-1.521232042948159346e+02
-2.050347900431274297e+02
-3.976239600381970263e+02
-3.413935785813574171e+02
-2.735877553294125732e+02
-2.320578800886786439e+02
-4.077122392224119949e+02
-3.364607078285789612e+02
-1.869786980615376990e+02
-2.815874677764954868e+02
-2.006516321443769471e+02
-1.288496527978089432e+02
-1.391244891239405490e+02
-1.935331466167619112e+02
-2.488063535818871514e+02
-3.265572839161303023e+02
-1.418935572855159535e+02
-2.502203250903699541e+02
-2.300741779680014929e+02
-3.497200498672020217e+02
-3.224396312324627161e+02
-1.888237754218879729e+02
-2.975175133274559585e+02
-2.929133037636955237e+02
-1.744127906171658537e+02
-1.474565693141471456e+02
-1.791043415593262296e+02
-1.789944408796773416e+02
-2.799544401280160173e+02
-2.618671215947037467e+02
-1.672806993534270532e+02
-1.486618557019994853e+02
-1.306209460833844958e+02
-1.331516179084684950e+02
-1.737419398157343267e+02
-1.316906474937680116e+02
-1.683178808206724568e+02
-1.293740370230882490e+02
-2.315547229478297027e+02
-1.562059585589086623e+02
-2.072010055229475824e+02
-1.310853817322088446e+02
-1.570499455529922272e+02
-1.086783959313977164e+02
-1.195110139215901626e+02
-1.298201196722347390e+02
-3.321737767867315370e+02
-1.285909763298058976e+02
-1.752258112972386925e+02
-1.904161056604393991e+02
-1.717670168611606130e+02
-1.231530904984336559e+02
-2.766431865722302632e+02
-1.191177548333055540e+02
-1.685248239241486772e+02
-1.982439057153321187e+02
-4.474389710372606714e+02
-7.082896840417672593e+02
-1.887230561327531859e+02
-3.400040833068251800e+02
-3.411591542258869936e+02
-2.146245043841004474e+02
-1.606634528159030140e+02
-1.367774278859968149e+02
-1.362451177819661154e+02
-1.758492066013627948e+02
-4.185780757147126110e+02
-3.673432843404821142e+02
-2.524663845104015252e+02
-3.840947638567610056e+02
-2.784989446043936709e+02
-2.334623746887070297e+02
-1.243338315960817511e+02
-3.145510165685594757e+02
-1.139144474358399606e+02
-2.491267336871550810e+02
-1.390987566712912553e+02
-2.622076830425979779e+02
-1.975328641962314862e+02
-2.130180956249931512e+02
-1.474409246291789373e+02
-2.375888195307544777e+02
-2.690469584331795545e+02
-3.187482356973137598e+02
-2.433573793303328330e+02
-1.632820551730253271e+02
-1.229876182341544819e+02
-2.156658241616287057e+02
-2.769505167327254753e+02
-2.644223887660604078e+02
-3.269774189057164335e+02
-1.280032440955506274e+02
-2.740547386126968377e+02
-2.040055962084761632e+02
-2.654816398591525513e+02
-1.788300831167896661e+02
-4.122617192143812872e+02
-2.743309398917895123e+02
-2.695950331699801836e+02
-4.389606299287874549e+02
-2.729071321858638726e+02
-2.557836191537179502e+02
-1.874210766973169768e+02
-3.628041748651186822e+02
-1.911962922896325665e+02
-1.450656958582263201e+02
-2.042433337564623343e+02
-1.630775921620452209e+02
-1.710157457976247883e+02
-1.307898866598778795e+02
-2.020658277571369297e+02
-1.465987626367728183e+02
-1.525364542144090763e+02
-2.700812189130302841e+02
-1.358003675957561427e+02
-1.119299939895064568e+02
-2.410828345789483365e+02
-1.817269486469913318e+02
-1.649590849427652302e+02
-2.845137764602927177e+02
-2.472075262587232771e+02
-2.622687065978259966e+02
-2.286168930842252678e+02
-2.371532372336697279e+02
-2.349374260920066320e+02
-2.068085725021698522e+02
-1.656864129503845788e+02
-1.168590265150747882e+02
-2.171956218087631498e+02
-1.825352895876825130e+02
-1.751062441485468923e+02
-1.852997572335890766e+02
-1.434293342626317838e+02
-1.490805888171905451e+02
-1.419220877973327504e+02
-1.621678925800946729e+02
-2.059510000530235629e+02
-1.170803938237726101e+02
-1.270810378959364186e+02
-1.365563470234123997e+02
-1.776767589333801709e+02
-1.352602508783160431e+02
-1.723936166654050908e+02
-1.752484816835211632e+02
-1.740502861671030246e+02
-2.708985464770115641e+02
-2.174141592377238226e+02
-1.787712776114610165e+02
-3.006772110395289133e+02
-1.812300529938121088e+02
-2.365947144457612694e+02
-1.470621966276156343e+02
-2.611829371233012580e+02
-3.508124509113217755e+02
-2.297423060513229984e+02
-2.232310635134512040e+02
-2.377864621905920330e+02
-1.781650122213590635e+02
-1.166142379077988522e+02
-3.782352293120345053e+02
-5.598756789819748292e+02
-2.818932105864435016e+02
-1.623152663113448000e+02
-3.294427137766664941e+02
-2.193258995203237589e+02
-1.740115315969531480e+02
-2.127168060219484005e+02
-2.037475807768516063e+02
-2.924362092433582916e+02
-2.562420017476816838e+02
-2.703970054996538579e+02
-3.724916534805634001e+02
-3.245580659184423098e+02
-2.338127443841866580e+02
-3.701487153596343660e+02
-3.021551862480399109e+02
-1.843233605945263776e+02
-4.301321652571162417e+02
-2.198695142583531776e+02
-3.382915115021265819e+02
-2.758789676036045648e+02
-2.291318664369926239e+02
-2.084105386245768443e+02
-1.654777982590862564e+02
-1.258772684531124781e+02
-1.241760099553876984e+02
-1.117999722914174043e+02
-1.717741279304625266e+02
-2.182010239128398723e+02
-1.333505407333084634e+02
-1.494012987381020139e+02
-1.629438771615903079e+02
-2.584266691473558808e+02
-1.390747087647891931e+02
-1.783186988669078801e+02
-1.569917306026468964e+02
-1.301428285202535733e+02
-1.671451817499543040e+02
-4.805612426821062400e+02
-1.677597958039250159e+02
-4.136679280645672634e+02
-1.312438695017556824e+02
-1.723287590187008220e+02
-1.097697290926431037e+02
-1.233257365698284644e+02
-4.163492356524399440e+01
-1.519509195461428135e+02
-1.728972949056377786e+02
-3.335362840765269965e+01
-3.796272436561868346e+01
-1.418873439733143016e+02
-6.678524948913226922e+01
-1.932958712239203294e+02
-2.311112754224550088e+02
-1.405888915399067969e+02
-1.830678858656525279e+02
-1.313073312308067102e+02
-1.200139553803879693e+02
-1.020702693778319201e+02
-1.871413318499287755e+02
-1.084461103550237056e+02
-2.043882624759133364e+02
-1.732146408398994879e+02
-7.732072503748462111e+01
-8.563081358289095135e+01
-1.612383381073141777e+02
-2.574702939756894580e+02
-1.171711895491628752e+02
-1.339014789202370252e+02
-1.441552194398136635e+02
-1.701488879244974441e+02
-2.110487863182860906e+02
-1.482119405035458897e+02
-1.654550501445635291e+02
-2.063316631476961049e+02
-1.430882295307524146e+02
-1.764507500031549796e+02
-1.976332448106043671e+02
-1.316585639601582898e+02
-1.115846626931488430e+02
-1.828145275626615103e+02
-1.331322616522625708e+02
-1.705532107993401780e+02
-1.479069996972657464e+02
-1.152458075806816709e+02
-1.288666564950980558e+02
-1.347288032211353368e+02
-1.653660036563023255e+02
-1.686390735147186888e+02
-2.291971977191731469e+02
-1.269844452357065165e+02
-1.907198913344337257e+02
-1.740413675935706692e+02
-1.041056250508016348e+02
-1.297726576718284832e+02
-1.221608441052796081e+02
-1.474296005386488559e+02
-1.732253644352442734e+02
-1.220679233180757848e+02
-1.154903890720541568e+02
-1.399804279974671317e+02
-1.256684867203735223e+02
-1.023943388698436650e+02
-1.199793003148383832e+02
-1.682145293840831926e+02
-1.985566503783267081e+02
-1.254886597889944397e+02
-1.954379176062647900e+02
-1.969609071954518811e+02
-1.265082972111740247e+02
-2.742755865363319003e+02
-1.423456517777244983e+02
-1.259879439036038065e+02
-1.270580736629250964e+02
-1.136814368142673004e+02
-1.164607846301334035e+02
-1.859913506988250163e+02
-1.416604361037722981e+02
-1.796409547738058166e+02
-1.229123024539995299e+02
-2.466832079689043837e+02
-1.146637761509000057e+02
-1.281422856947063735e+02
-1.248358369605667093e+02
-1.193660663424725641e+02
-2.804022279656382466e+02
-1.280714346284551937e+02
-1.934354004226482004e+02
-1.129124674435071256e+02
-1.927410637677693046e+02
-1.350839517147512368e+02
-2.440985414249660153e+02
-1.348085546243465274e+02
-2.263257937619633537e+02
-1.464168271648256905e+02
-1.176767458705205769e+02
-2.793828231107095235e+02
-1.211028897247161780e+02
-2.093029661877276908e+02
-1.856919291518972557e+02
-1.235732499936249980e+02
-1.312634985111801882e+02
-1.168200963513775008e+02
-1.234830456855040950e+02
-1.542608294436942060e+02
-1.361949236280760545e+02
-1.433145588086925954e+02
-1.573451848165949514e+02
-1.475671621108332090e+02
-2.432089088356555919e+02
-1.723699603436577092e+02
-1.921153024385967285e+02
-1.471240310506324249e+02
-1.196886839438358123e+02
-1.712947028870722761e+02
-1.072338077687260807e+02
-1.363549375345950239e+02
-1.521278968432507384e+02
-1.566403910327544793e+02
-1.361240018521906734e+02
-1.274086783194114076e+02
-1.405697575414718585e+02
-1.507036466634556859e+02
-1.278437088757270175e+02
-1.416741199232180293e+02
-1.792138523409268771e+02
-1.713601735893224998e+02
-1.293298404158351218e+02
-1.490859224667024705e+02
-1.580821068134921745e+02
-1.343427045588212252e+02
-1.111638876751030551e+02
-1.517616954840310370e+02
-2.753590745134256395e+02
-1.481092680071830614e+02
-1.064274181983276861e+02
-1.763907657530178881e+02
-1.696548079553374748e+02
-1.521455800026284635e+02
-1.975978816124939215e+02
-1.127352688576481086e+02
-1.144829353526490081e+02
-1.193888232120912818e+02
-1.237373181985340977e+02
-1.431866802034279260e+02
-1.144161967660258199e+02
-1.745235979506313413e+02
-1.670422398134156197e+02
-1.349866159923535349e+02
-1.072588362381264488e+02
-1.584829950609304490e+02
-1.273313375352519614e+02
-2.236382285597184989e+02
-1.697118149557233835e+02
-1.116360522930211658e+02
-2.188333411745794876e+02
-1.643727767338395154e+02
-1.321616836652493134e+02
-1.441497186155926897e+02
-1.130047490732923450e+02
-1.708797606979368027e+02
-2.320538257201783949e+02
-1.519006380331039168e+02
-1.244609825695397092e+02
-1.877419441887697360e+02
-2.988257849692812442e+02
-1.524893316361016673e+02
-1.881011245054832557e+02
-1.045548906596188345e+02
-1.460173652194791032e+02
-1.565886794041918790e+02
-1.229972185332739514e+02
-2.171806253268318017e+02
-1.220661001748605514e+02
-1.945114248234692980e+02
-1.076025112885540125e+02
-1.612524562000150752e+02
-1.228225637420618597e+02
-2.589281395163431512e+02
-1.660986570596833474e+02
-1.222475516761540462e+02
-1.091539976872878697e+02
-1.270363325604950262e+02
-1.483404141151096383e+02
-1.374185812281549488e+02
-1.241881752201323508e+02
-1.869148978985705014e+02
-1.450550262457386737e+02
-1.418840176622114200e+02
-1.366180089751970286e+02
-1.531007939752186928e+02
-1.177615718623048480e+02
-1.468714723338646877e+02
-1.729921691768728920e+02
-2.053952101041987532e+02
-2.086562710764925725e+02
-1.174013837959326452e+02
-1.307311904006561463e+02
-1.216288372211991202e+02
-1.242690441348210442e+02
-1.279813599404518385e+02
-1.689458386890709392e+02
-1.293971404656240054e+02
-1.529560731992917511e+02
-1.295906842101290692e+02
-1.488391769459150282e+02
-1.615553756176673517e+02
-1.196611072067088770e+02
-1.135691122208627064e+02
-1.139544586251026459e+02
-1.182891059478689897e+02
-1.275603552111831362e+02
-1.152240658806109792e+02
-1.464904676888558299e+02
-1.221387022145782026e+02
-1.141576102383073987e+02
-1.336816658425632625e+02
-1.252405864479979414e+02
-1.452727062635186996e+02
-2.176168531129536063e+02
-1.410154952804471691e+02
-1.235760235231257838e+02
-1.746505075905924684e+02
-1.417469356922379689e+02
-1.202647390144149568e+02
-1.249676365751469262e+02
-1.585381403010253507e+02
-1.742767134037865446e+02
-1.699582959250994634e+02
-1.559486119488992699e+02
-1.189636105312764585e+02
-1.998797375853056622e+02
-1.188928038496250679e+02
-1.146016437597607620e+02
-1.367725604863346405e+02
-1.519826572112306735e+02
-1.360433523031834113e+02
-1.159521489035803086e+02
-1.235145991190473893e+02
-1.295972620235412478e+02
-1.446403297386274289e+02
-1.509590779547821455e+02
-1.540325976111360546e+02
-1.184203892665120463e+02
-1.144160519491345980e+02
-2.491445861786510534e+02
-1.112202253134635583e+02
-2.427755410304951909e+02
-1.179251288507726514e+02
-1.864878142373077594e+02
-1.170288843641917254e+02
-1.639364924360404530e+02
-1.540090863880339214e+02
-1.474786120196881996e+02
-1.198864020489837543e+02
-1.790256664441079693e+02
-2.188416561647077003e+02
-1.898697566451255625e+02
-1.366466704269759305e+02
-1.493864470424759929e+02
-1.567451262807969954e+02
-1.210593310179837800e+02
-2.665478284023145079e+02
-2.269641877379756068e+02
-1.715798459319383937e+02
-2.292524550602005888e+02
-2.031316110463137932e+02
-2.403702922057989042e+02
-1.222244558821507781e+02
-1.266676987939008399e+02
-1.245809583796172717e+02
-1.270902126052699685e+02
-1.178591241892873001e+02
-1.607631734345278574e+02
-1.327393552199059457e+02
-1.167982466678497389e+02
-1.544166114525575608e+02
-1.283547574863451075e+02
-2.318608651078095875e+02
-1.985187772135538182e+02
-1.276371393883370047e+02
-1.147024384076070191e+02
-1.616568939969804148e+02
-1.610697996812509132e+02
-1.262337246275960325e+02
-1.242368767074839013e+02
-1.365801557483252111e+02
-1.202463142624052352e+02
-2.088673587445203168e+02
-1.063525903075924361e+02
-1.358160744572993224e+02
-2.107465405309804680e+02
-1.373985753324534187e+02
-1.781938562662232073e+02
-1.437397792305961275e+02
-1.768448009456818966e+02
-1.384967882781550372e+02
-1.448789166783030851e+02
-1.541548960651913944e+02
-1.491144248433462849e+02
-1.901398373993527855e+02
-2.127997144935201277e+02
-1.195809289733468290e+02
-1.611274185694333880e+02
-1.409219248171024503e+02
-1.668492176680248633e+02
-1.333354643935985564e+02
-1.962311417664401176e+02
-1.702119287825848630e+02
-1.554329561848595063e+02
-1.143938780773027162e+02
-1.096778094669444528e+02
-2.472385412171179553e+02
-1.265009457067794898e+02
-1.084076654788431711e+02
-1.301631835452909911e+02
-1.721605783186464862e+02
-1.110779509323612899e+02
-1.982854226451804323e+02
-1.273659162347400127e+02
-1.258371019733643976e+02
-1.213893947982681425e+02
-1.420787336200450284e+02
-1.658122136789216654e+02
-1.210691390277320778e+02
-1.971482009947846166e+02
-1.394755409622630680e+02
-1.858148079547465841e+02
-1.111697117302688156e+02
-2.740713782984127533e+02
-1.455929533425724856e+02
-1.797326581342759368e+02
-2.497410799872729683e+02
-1.616715435327271280e+02
-2.017094889401189732e+02
-1.421619970017966637e+02
-2.233702041268004734e+02
-1.886569066392225409e+02
-1.187400314081564829e+02
-1.406440762444786117e+02
-1.285606975907996627e+02
-1.518916035004459957e+02
-1.131041104615316897e+02
-1.671882199967770930e+02
-1.226185149500798701e+02
-1.575552408949845926e+02
-2.208405066398815109e+02
-1.264646537629610776e+02
-1.273395024869745242e+02
-1.850227832894780988e+02
-2.297093437641282208e+02
-1.290296672034357073e+02
-1.640660922591486610e+02
-1.536321159480753522e+02
-1.575797386309943988e+02
-1.146405523224010636e+02
-1.318814975176257747e+02
-1.135093847997238470e+02
-1.311954206284117959e+02
-1.097308763579047479e+02
-2.398979608004129318e+02
-1.050889780533282618e+02
-1.491529488615752541e+02
-1.573788467886262197e+02
-1.311301392894503124e+02
-1.333404899995900337e+02
-1.265419398794369670e+02
-1.532807642155765677e+02
-2.275527658908375201e+02
-1.319131456700459353e+02
-1.415616854942770146e+02
-1.410270942935420067e+02
-1.334758073341904492e+02
-1.810386863265764816e+02
-1.273193563578584104e+02
-1.687116454366218363e+02
-1.199025079111179224e+02
-2.094355700509188409e+02
-1.318415213131838186e+02
-1.717453767626309968e+02
-1.135633049297456694e+02
-1.974198628502730912e+02
-1.208968245993346642e+02
-1.021215113021851977e+02
-1.860492494985400924e+02
-1.490224434856120013e+02
-1.485276491345636316e+02
-1.134718177796636951e+02
-1.857880347881635146e+02
-1.488970979750856429e+02
-1.124977696321517584e+02
-1.937895459492058308e+02
-1.066299424624391463e+02
-1.319243876907841866e+02
-1.214292786070779044e+02
-1.590512871531895769e+02
-2.457086180021840676e+02
-1.510410218658434474e+02
-2.810808734124854595e+02
-1.970344708946733476e+02
-1.282050674795438283e+02
-1.183704398047252226e+02
-1.329259727971781615e+02
-1.957721851492495091e+02
-1.155171336811659160e+02
-2.019881498188624960e+02
-1.328163568972886139e+02
-1.128365386160368189e+02
-1.585366302335816329e+02
-1.250794452518040174e+02
-1.417559469640893042e+02
-1.407590225673491204e+02
-1.976926554433133560e+02
-1.134285572127961217e+02
-1.373238627140187020e+02
-1.347276153390406535e+02
-1.209286768276077026e+02
-1.755494291073616466e+02
-1.175894035607138051e+02
-1.498966150579085195e+02
-1.895198353845862869e+02
-1.378185026163366160e+02
-1.582277223363429925e+02
-1.148360216032584304e+02
-2.145290347575453609e+02
-1.136068640621178787e+02
-1.609426768464541908e+02
-1.118484375929871675e+02
-1.243086805829214398e+02
-1.352724326657145468e+02
-1.964956742369430742e+02
-2.255403922697697965e+02
-1.279155803362331483e+02
-2.501635262730148668e+02
-1.168776971185813522e+02
-1.394506174507432945e+02
-2.544925823093178110e+02
-1.495024798923416824e+02
-1.548100694327241342e+02
-1.323824131737054870e+02
-1.443347080321220233e+02
-1.769426134947884464e+02
-2.443398195871429266e+02
-1.715584903451155867e+02
-1.334199745820321255e+02
-1.721104110487930825e+02
-1.475945436364131638e+02
-1.296052775721924206e+02
-1.319262516150041620e+02
-1.204899768982000410e+02
-1.343904741744001683e+02
-1.476934444648358067e+02
-1.362219141486035596e+02
-1.234710125579489244e+02
-2.196516466939023360e+02
-1.712971872615070481e+02
-1.622626662235056187e+02
-2.325839639617654484e+02
-2.184192565263070094e+02
-1.037801202875999991e+02
-1.392225789609622666e+02
-1.261891099047395954e+02
-1.187299478241460662e+02
-2.343650241593787200e+02
-1.668766274516026442e+02
-1.327748082208032940e+02
-1.217551027768170258e+02
-1.634116607023948120e+02
-1.192411938218675544e+02
-2.038553325680198043e+02
-1.821678126112502412e+02
-1.367383951664657786e+02
-1.916452841239147915e+02
-1.273339998838334992e+02
-1.055996530623127683e+02
-1.134382528479117695e+02
-2.602440399602788830e+02
-1.275073586956732328e+02
-1.568121096752123549e+02
-1.259142269525268603e+02
-1.296091107451496214e+02
-1.274507140701485071e+02
-1.364530650114866148e+02
-1.725187979521579678e+02
-1.605474623488279065e+02
-2.718510247524500301e+02
-1.325836078734836860e+02
-1.672418354615900000e+02
-1.510519252766665659e+02
-1.139959995517614288e+02
-1.234599133277352649e+02
-1.557269902859621595e+02
-1.610218635323967078e+02
-1.270304611932419334e+02
-1.456079385002066999e+02
-1.718950129720435029e+02
-1.177128243728496244e+02
-1.619358506374267677e+02
-1.387899683027885374e+02
-1.390284273561465227e+02
-1.553969333644442088e+02
-1.596473434001399880e+02
-1.710287184745166087e+02
-1.439049589832691822e+02
-1.836194144298191304e+02
-1.472844340739954987e+02
-1.830090606643956619e+02
-1.202937490356105741e+02
-1.441396768933904582e+02
-1.820887569132525812e+02
-1.877220122745906963e+02
-2.106677381251589338e+02
-1.280796345826813649e+02
-1.845606548148180650e+02
-1.137495355485276889e+02
-1.245317577828900255e+02
-1.671394843133397785e+02
-1.824468609671116894e+02
-1.065846565580651486e+02
-1.986276915869161712e+02
-1.566002082424876676e+02
-1.077034127253475617e+02
-2.053776645908076830e+02
-1.376535920204276806e+02
-1.946695438289989966e+02
-1.406487840304114911e+02
-1.708217843752732961e+02
-2.269321335209819779e+02
-2.560960427700302944e+02
-1.454836274325377019e+02
-2.250565414296490303e+02
-2.256894291408245294e+02
-1.961035436020967495e+02
-1.112131538032032836e+02
-1.783805631024976606e+02
-1.554193518275825170e+02
-1.599267947628692923e+02
-1.100545011667484516e+02
-2.340663049618501645e+02
-1.347163586933619683e+02
-1.487888858866468240e+02
-1.524688596614066682e+02
-1.573264643066232509e+02
-2.222155656013065368e+02
-1.686858505051968109e+02
-1.301225996357630663e+02
-2.133495525731192174e+03
-1.429205746563887089e+02
-1.389378916926480656e+02
-1.278399083633614026e+02
-1.248192730640476924e+02
-1.744895675172660390e+02
-1.172420922591350205e+02
-1.325263248272649435e+02
-1.405530365997713886e+02
-1.243452836120067531e+02
-2.136654077652038950e+02
-1.658686387206221013e+02
-1.957722975884800576e+02
-1.811378713940445380e+02
-2.597301816102881276e+02
-1.421595537631388027e+02
-1.258913639714990893e+02
-1.795777250858868399e+02
-1.577768089379862317e+02
-1.136455020981816517e+02
-1.423325570682924024e+02
-1.106120100247204334e+02
-1.182727755882475691e+02
-1.526614196732701032e+02
-1.188984331476853527e+02
-1.295120796584674565e+02
-1.160620591826220078e+02
-1.459738438087140082e+02
-1.451320205826086180e+02
-1.116662902766756389e+02
-1.537955145957297134e+02
-1.642979174070507895e+02
-1.530369450146088184e+02
-1.401655612712825416e+02
-1.144437948415495470e+02
-1.741532109982449583e+02
-1.473387227507855926e+02
-1.446695414343869288e+02
-1.470991216293298294e+02
-1.937320044884463073e+02
-1.459187641937871831e+02
-1.615173117803630873e+02
-1.587982070526674931e+02
-1.051358400734211358e+02
-1.540025116464337032e+02
-1.260157584009758835e+02
-1.339666553255438259e+02
-1.828672935106722832e+02
-1.594449102623362933e+02
-1.640654798744832021e+02
-1.222124008392052303e+02
-1.091696553414120956e+02
-1.681612234601437308e+02
-1.497372038616445877e+02
-1.158174009943843572e+02
-1.362744629904196358e+02
-2.056688557935567587e+02
-1.151714010537166928e+02
-1.203833834184079450e+02
-1.337292550119001930e+02
-1.562999222577195439e+02
-1.502437131931181682e+02
-1.925018559701726133e+02
-1.186329165740542351e+02
-1.121894878020810324e+02
-1.138698654239083510e+02
-1.346886776350758907e+02
-1.892177375940374020e+02
-1.586408285618883554e+02
-1.263613979000158878e+02
-2.159745548988823032e+02
-1.102965337051038972e+02
-2.568081480562159982e+02
-1.721245110318791376e+02
-1.552808764420560976e+02
-2.538980794154045384e+02
-2.265091930890981189e+02
-1.188119526397491512e+02
-1.171738867572487663e+02
-1.868785650347495562e+02
-1.129418959528403263e+02
-1.625225509744934129e+02
-1.181202109947436298e+02
-1.294867074403797744e+02
-2.526780463302141868e+02
-1.586074968640731981e+02
-1.276369970662796618e+02
-1.122240345178719565e+02
-1.124144608085590420e+02
-1.352416235301275833e+02
-2.400718258249534927e+02
-1.315206997736796382e+02
-1.233415989017916985e+02
-1.178589108266847916e+02
-1.420034607897976286e+02
-1.233533513210181241e+02
-1.644630321512674698e+02
-1.589761225440003614e+02
-1.465116865083147673e+02
-2.217504090197382993e+02
-1.063159063823699739e+02
-1.041441724528206265e+02
-1.233844612640851039e+02
-1.264886923363671656e+02
-1.839541054500323298e+02
-1.160102828401932982e+02
-1.228996840135037161e+02
-1.393839967773570834e+02
-1.372540140051060291e+02
-1.327847937181351199e+02
-1.168683057551802591e+02
-1.222421405423447425e+02
-1.210047805994985310e+02
-1.364087096842380902e+02
-1.231865032179678536e+02
-1.242782345665335697e+02
-1.238255831906655544e+02
-2.416800398687690290e+02
-2.302019675283879963e+02
-2.150441573769486183e+02
-1.358979411007473459e+02
-2.046975656949718996e+02
-2.020861888358482474e+02
-1.624780572272894972e+02
-1.315044423694048703e+02
-1.305889981808877565e+02
-1.633420913183892367e+02
-1.530613316597710138e+02
-1.146409036069524916e+02
-2.328734805504928147e+02
-1.391579597045347043e+02
-1.492076251243537115e+02
-1.245599580487197215e+02
-1.677268832224658865e+02
-1.650110332617612698e+02
-1.369186279877064862e+02
-1.168383674369282090e+02
-1.354157106202308967e+02
-2.328889025765837744e+02
-1.205424133058453151e+02
-1.540802131309738741e+02
-1.276767303357682408e+02
-1.183489980176397864e+02
-1.765698937640424901e+02
-1.177220578027362734e+02
-1.737820343508156782e+02
-1.376438699503951000e+02
-1.721103843058651819e+02
-1.285198930004773672e+02
-2.777454757524290585e+02
-1.431300600626052528e+02
-1.531173735601068984e+02
-2.044491714201930677e+02
-1.991287406237003950e+02
-1.103795558444151936e+02
-1.606831441179757860e+02
-1.983979096702635161e+02
-1.098128560976595054e+02
-1.078229107644056910e+02
-1.394259584286780296e+02
-2.081129727364447888e+02
-1.371616142136981864e+02
-1.106684021691645796e+02
-1.950892845815509702e+02
-1.477325438381968468e+02
-1.156113985432510987e+02
-1.297701437248920229e+02
-1.094877800365133993e+02
-2.025831034515839519e+02
-1.143553867278782548e+02
-1.209299837511834284e+02
-1.834745459902966900e+02
-1.142709483693920305e+02
-1.470376312263635441e+02
-1.030879152917023731e+02
-1.232199412923766033e+02
-2.269695423192233363e+02
-1.536153064972687901e+02
-1.501001126561936019e+02
-2.762048907726195353e+02
-1.709272718901225119e+02
-1.231212378411326256e+02
-1.545209391242106562e+02
-1.328259461345778050e+02
-1.214452863992503922e+02
-1.115538858151328157e+02
-1.799588149334297498e+02
-1.191887522002506614e+02
-2.230218555392122539e+02
-1.244737981419114732e+02
-1.775201810181594055e+02
-1.570834888382798908e+02
-2.716608432672305184e+02
-1.279236303428934178e+02
-1.255617952207772419e+02
-2.883126909033418315e+02
-1.855514712240572806e+02
-1.901001119163445026e+02
-1.266319027776442567e+02
-1.172289540539089501e+02
-1.488219063653106389e+02
-1.260189503691154158e+02
-1.919800473638133553e+02
-1.288247498233079682e+02
-2.282689895126013653e+02
-1.938433054798722424e+02
-1.215320334845337413e+02
-1.582607226141388992e+02
-1.514801701062405357e+02
-1.200972505645291761e+02
-1.511976819681678705e+02
-1.077079382128035832e+02
-2.639307512776338740e+02
-1.103090800279665444e+02
-3.187673077393595236e+02
-2.293254176045175541e+02
-1.374336987470288420e+02
-1.966975017362365747e+02
-1.520480868983448204e+02
-1.344194555629867693e+02
-1.250487588798693821e+02
-1.767502226547401847e+02
-1.216722452374299053e+02
-1.265865242784322362e+02
-1.032440981965364131e+02
-1.258341679431419919e+02
-1.152556501685995443e+02
-2.428546336299951918e+02
-1.435271715814606068e+02
-1.359106199078624968e+02
-1.884851971129181720e+02
-1.197539862978728848e+02
-1.405585110695415949e+02
-1.205505924497972217e+02
-1.869423503576308292e+02
-1.580644242704693170e+02
-1.418565692985623059e+02
-1.174732052200512697e+02
-1.944342411409045610e+02
-1.570020158863498807e+02
-1.733683765179692386e+02
-2.185419576146586849e+02
-1.468450767753791126e+02
-1.943135224845175912e+02
-2.308265937728232586e+02
-1.106751022964375437e+02
-1.184053770070644021e+02
-1.136574565943417525e+02
-1.285545767286959347e+02
-1.173086168542676404e+02
-1.566516629862898355e+02
-1.162003319268295201e+02
-1.761393910397011098e+02
-2.096980806995007640e+02
-1.290295100641109229e+02
-1.148908127850741181e+02
-1.436463271120090042e+02
-1.379558829684910108e+02
-2.056988617193688924e+02
-1.425472457267730135e+02
-1.933304005401126631e+02
-1.947786238975765229e+02
-1.185498341806675597e+02
-1.039059664484766614e+02
-1.722317585079255196e+02
-1.284643403885434623e+02
-1.334008114241243277e+02
-1.322877317577759868e+02
