8.161905145114328741e-01
4.864825067482593246e-01
2.420320029724017274e+00
1.757907641520821906e+00
1.305562380626652974e+00
1.234291516241624143e+00
2.060648295192363033e+00
1.186670593341717428e+00
1.479459009193727637e+00
1.327607122463463574e+00
1.380364684237966877e+00
1.021870096115074400e+00
1.299141582033407127e+00
9.461046727147736091e-01
1.668337501145042534e+00
1.000574447447475812e+00
2.089006822312532208e+00
1.140654870090122452e+00
1.692629522489489169e+00
1.042737691543123457e+00
1.635698441629376054e+00
1.093890053669315243e+00
9.018011624213773114e-01
1.296359235976333846e+00
1.075269737748902221e+00
9.576621101826161553e-01
1.482669408490350449e+00
1.697124081504761239e+00
1.378224418040218335e+00
1.173936009465113228e+00
1.053117982602204128e+00
1.804565444631741622e+00
1.044663931121097233e+00
1.462657919541400897e+00
1.202936616444606921e+00
1.533393717376992482e+00
1.005818099631959894e+00
2.468904072412910544e+00
9.441784331367998329e-01
1.395988627481531630e+00
8.914208713622966407e-01
8.674498899475121538e-01
9.268422769350360690e-01
9.184952387638165572e-01
1.339913653100518021e+00
2.021695450393338422e+00
1.866205111126901572e+00
9.133585998892198576e-01
1.317333844714270175e+00
1.194054511723950274e+00
8.525750398731593016e-01
1.038564172457513646e+00
1.034069613442241575e+00
1.014165137803179517e+00
8.426228020536282726e-01
8.643465039607766132e-01
8.072013964808887332e-01
8.599589582553920364e-01
9.873047970214343660e-01
1.125994046635544477e+00
6.382273801686358938e-01
9.446064863763495856e-01
8.151203814125586034e-01
1.023047242523836164e+00
5.268265245758206872e-01
7.028634193406438913e-01
9.072588412256362700e-01
9.205284916516777161e-01
7.306868799113759305e-01
7.800200157694813230e-01
8.493646405765363783e-01
9.362594482051299627e-01
1.481278235461813919e+00
7.223398417401563076e-01
7.773446830222956461e-01
6.793204911654092681e-01
6.675490270777918456e-01
5.821524057876222846e-01
6.655157741899306867e-01
6.409027129158216818e-01
6.930181948310003559e-01
6.609142018647711225e-01
4.484927817382214910e-01
5.211548191517868522e-01
4.250568668728741950e-01
5.927467234664779427e-01
7.620417797083930411e-01
8.219692332453542027e-01
4.808108013242255452e-01
3.806463432695905147e-01
4.729988297024431132e-01
4.223815341256884071e-01
6.452902586212062586e-01
4.600502192060639817e-01
1.845658555628514996e+00
9.585182166617155497e-01
6.732207325018256805e-01
5.516536124697045684e-01
4.264480399014107803e-01
4.124292963061573780e-01
5.928537367763653254e-01
4.726777897727807987e-01
1.409044251287798311e+00
5.694178219110179739e-01
4.153186556731180423e-01
4.152116423632306041e-01
5.219039123209988640e-01
1.325680882885489797e+00
4.205623078576021245e-01
9.641899220857493846e-01
4.100750034886339046e-01
4.338319582836435151e-01
6.146844519934011597e-01
7.262993342059912427e-01
5.559341448652017625e-01
9.680424012416968260e-01
1.224018238492430743e+00
4.599432058961765435e-01
1.680644031782096981e+00
5.775508334624627205e-01
2.295542510395272906e+00
6.609142018647711225e-01
1.005497059702297635e+00
8.768670612176060475e-01
1.107587757334906442e+00
