6.441073095012080918e-01
4.983284269906514408e-01
9.043164768133316045e-01
7.888623930425023856e-01
5.843137254901960009e-01
5.632791041622650097e-01
6.768716402255146036e-01
8.357093531803881925e-01
6.001560874089491016e-01
3.282757471469359700e-01
7.485525892569958595e-01
9.532540216020665147e-01
5.830745663064629269e-01
3.630901287553646717e-01
5.975193013542590137e-01
7.946050685839580741e-01
5.002862225118696049e-01
5.792844825226507455e-01
5.283619600872109245e-01
3.713596958440846252e-01
3.794362010245488914e-01
5.876578632689042347e-01
5.392228984150337912e-01
6.471559770419372803e-01
7.088478083090993254e-01
4.151864482639823772e-01
4.032493880201079572e-01
7.158362756636589275e-01
8.257273814268633050e-01
4.562615416182205230e-01
6.626837211030076613e-01
2.941888619854720610e-01
4.074820480544642520e-01
5.736891561736515710e-01
5.306405272942368301e-01
6.559651045004444292e-01
5.745727602278613011e-01
3.352672667548313168e-01
5.494155154091393545e-01
2.367117585848074468e-01
6.372347707049965670e-01
5.124942511114518595e-01
5.556293047476469349e-01
4.581611931937540350e-01
5.550831289179614103e-01
2.930852930852931304e-01
5.037137470908537029e-01
4.283922748934034797e-01
5.001654117623853812e-01
2.954143878838871307e-01
6.380914682327991638e-01
6.245489754708861696e-01
7.599256123781301664e-01
4.641091266872233168e-01
6.719971341352769523e-01
5.619834710743801809e-01
8.671737396927767794e-01
6.737065630709970776e-01
8.707419320818392539e-01
6.207087569056638499e-01
4.771819199764313901e-01
4.479884948629835328e-01
5.939273552780931498e-01
7.117076760630979271e-01
3.979485150753057088e-01
4.082267209010119746e-01
6.374447484740054515e-01
4.599945703702923994e-01
4.030524182769169572e-01
3.939751006764775632e-01
7.292810047640074789e-01
4.196410007623536109e-01
4.160610013280733321e-01
4.973954964824517377e-01
4.148461357763681412e-01
7.057857231870758863e-01
6.386483151113930834e-01
6.142803260890623562e-01
2.939578441995695512e-01
6.411073491336387598e-01
3.934457092428871317e-01
4.094369476907577798e-01
7.282443184359194133e-01
5.212929197372888623e-01
3.969952630501065727e-01
6.781291499340837969e-01
7.356537595194680978e-01
5.266399753618725699e-01
6.311425348662125234e-01
6.395361854880534658e-01
6.378253441865138207e-01
6.505189975892939902e-01
7.117328724097433668e-01
6.151345138831488812e-01
5.671492016750518950e-01
6.083943600393485474e-01
6.402335088169187616e-01
7.034310428605543564e-01
6.674808279726207605e-01
5.402778893261586113e-01
5.745879941934933788e-01
6.104756482583717503e-01
5.145166574963185857e-01
5.307157860720632669e-01
6.560988104046900915e-01
8.688498581935100162e-01
4.966559298753125407e-01
5.019401922505772884e-01
6.531298702917636145e-01
5.147388761363783649e-01
6.495234287116411487e-01
5.411255411255411207e-01
7.261354364971444042e-01
9.786397855092741072e-01
5.532305162820135847e-01
8.568868596116552272e-01
6.554907765758721805e-01
8.573421810213701644e-01
7.515438010559819526e-01
5.989189189189189078e-01
5.197164775021307914e-01
5.374753532524922939e-01
6.308951698297630140e-01
7.401884198674025805e-01
5.493444703964863729e-01
3.297584175076808677e-01
3.575055971168021873e-01
4.969609277711048989e-01
3.645648312611013409e-01
5.486185622317596433e-01
5.333243899167042779e-01
7.030136879808175365e-01
3.732110720712999985e-01
5.647370907373087112e-01
5.745481141781803025e-01
5.299702644895404324e-01
4.969604571593831399e-01
5.810600545897453006e-01
6.010683501274736162e-01
5.814094775212638178e-01
3.624832539976626244e-01
3.841779975278118986e-01
7.225211355602012553e-01
4.083749744309049245e-01
5.567084349985147451e-01
5.306789147848010035e-01
3.300078581434280900e-01
6.238754476373483682e-01
3.261394825119049434e-01
6.635660159667310376e-01
5.387573365715441209e-01
7.571159427669432729e-01
5.354482434496533605e-01
2.988799717788166999e-01
2.634986187459888440e-01
5.730745314790023359e-01
3.589971967260761621e-01
6.187376176547131346e-01
5.778220312336234121e-01
5.694951938379273493e-01
3.940127461117474694e-01
4.609440751540656578e-01
4.558022481964095762e-01
6.359727346744916687e-01
6.048520979626047511e-01
4.745317230595202385e-01
4.991105676905731592e-01
5.242991138518942051e-01
7.583199849265620518e-01
5.684418375641746568e-01
6.297167364161450065e-01
5.888429618127157816e-01
2.892972436056616137e-01
4.871123148100202638e-01
5.546674864227891799e-01
2.546993829817764121e-01
5.016494147593556496e-01
3.569333333333334912e-01
6.400623585570482943e-01
4.444052362960349556e-01
5.841182498350623309e-01
5.654526186625020712e-01
5.198991423991035088e-01
7.088605610649224564e-01
6.214883867909621884e-01
5.441454215742468348e-01
4.437104159298207451e-01
6.854328284694003459e-01
4.980284927381164461e-01
1.694845360824742686e-01
4.945888332763097028e-01
5.107075293227393287e-01
4.607103411056927000e-01
7.163491668739119245e-01
5.434423825597911595e-01
6.378943720110510363e-01
5.016009461447485940e-01
4.523025140677923162e-01
6.464534163463675487e-01
6.944457464260603841e-01
6.144129409688375842e-01
6.393249504336073752e-01
3.430095716303155906e-01
6.409303876218200857e-01
4.954766798940345440e-01
8.590787882395135577e-01
7.290827200251791540e-01
8.933779089008966334e-01
3.706613080014615202e-01
8.838725715522171011e-01
7.934731984806154825e-01
4.994827143766321087e-01
6.834910459748818612e-01
3.963000927594437228e-01
2.873028187225238894e-01
3.464364881675069396e-01
4.264656385916310022e-01
5.798871051683412992e-01
6.102591695812035200e-01
4.521429567376701320e-01
5.427855850841798446e-01
5.002826760372360848e-01
4.246732905192600604e-01
9.532345362244469822e-01
9.740657197506347176e-01
4.843215005074437141e-01
5.666273993486244942e-01
3.627254509018036921e-01
4.728552556762007919e-01
5.068821639249915245e-01
5.865729562760872984e-01
4.812629885365691251e-01
5.852927209305622824e-01
3.730497804329456213e-01
4.980976369141097981e-01
5.234682008236661854e-01
6.573659464905408090e-01
2.287543655413271093e-01
4.856446626611257145e-01
5.922360793957491820e-01
5.127295725108491631e-01
5.035128805620608938e-01
4.298638544512374260e-01
4.494209809264305133e-01
4.181296671776864038e-01
4.335374079070249964e-01
4.900464901958148656e-01
3.290397412191916615e-01
5.287451658324402448e-01
4.942585443755752594e-01
5.898879520745506921e-01
3.089460340456356979e-01
4.138329481677122113e-01
7.254649016611428580e-01
5.749337320736762624e-01
5.265844321565291697e-01
8.291869275132873751e-01
2.744888888888889489e-01
8.706507091715565139e-01
5.951458677574017475e-01
5.795257544148326723e-01
5.672117056398835455e-01
7.268703000895424537e-01
5.208540377648831488e-01
6.556232953633885918e-01
6.841756786581330019e-01
4.983432013961677787e-01
7.353554539491076181e-01
6.993891797556719414e-01
5.048137465978793648e-01
7.971238780213053543e-01
9.443699779437316755e-01
7.195971177863460522e-01
8.360109519252271193e-01
9.445428193939352512e-01
3.340678448587222071e-01
8.209547866880185785e-01
4.298998413220871950e-01
3.817969769555496495e-01
4.442845394736840703e-01
5.531409571309821027e-01
4.560830020054576495e-01
8.857987902552555415e-01
8.426834751571576909e-01
7.962405960804680438e-01
4.307414136322674225e-01
8.645923270325247545e-01
5.758352758352757172e-01
3.747070612846307713e-01
6.962205095086546613e-01
5.081165295763323542e-01
5.517690992452781718e-01
6.442400946272499596e-01
6.455691354289150308e-01
6.225096831523324603e-01
6.863634248023565698e-01
5.669228234543298717e-01
6.270363325266181675e-01
7.297655632987276597e-01
7.944549203898456646e-01
5.231125454392763219e-01
7.088267610792332585e-01
4.161870546431086226e-01
7.537514911785019311e-01
8.422342314217344805e-01
6.378008360194540316e-01
6.899134097823543810e-01
6.478665288646094922e-01
5.736684556855194961e-01
7.676319823309324386e-01
6.544945703177369456e-01
6.173798693020946526e-01
8.297823709984190055e-01
6.619054222715295976e-01
5.756803665242723467e-01
6.662432243973307466e-01
6.888299094627511332e-01
5.861986520188799954e-01
6.421714250035716054e-01
5.914084478467682704e-01
5.854540062647118903e-01
4.083764429790895378e-01
6.683567357287475419e-01
6.153493845167381515e-01
8.380926557996632997e-01
6.293895664995147188e-01
6.451271284737710721e-01
4.724121689444307770e-01
5.219800427832791412e-01
6.409258123850397615e-01
6.917546711672024617e-01
6.456443540819517546e-01
5.243024580828526959e-01
7.150002704586022606e-01
5.810862399922573918e-01
5.921637139277257100e-01
6.450831916756812889e-01
8.927934137715561880e-01
6.438963116669453868e-01
2.973357786429880467e-01
7.703744242258402375e-01
8.886139930832668288e-01
5.439076862898495346e-01
4.579239213714128010e-01
4.956570856818532933e-01
9.787948677433523370e-01
8.468208092485550731e-01
7.653232511119589798e-01
7.019420282237930353e-01
7.633917021853116047e-01
9.887153375281482193e-01
7.328569548891205043e-01
7.696296484583512454e-01
6.958728757448686686e-01
5.945604978618700409e-01
5.464492919324001052e-01
6.804327104253952152e-01
8.261700672059236750e-01
7.869279109625272328e-01
6.852884149297139293e-01
5.767418906186907446e-01
5.900447258374461601e-01
6.004956373586659568e-01
4.351627530171836011e-01
4.011299435028249927e-01
5.835557397430584103e-01
6.223941316582701777e-01
4.639445589061621522e-01
6.076081193668104730e-01
3.834648940589946986e-01
6.993295513151108755e-01
5.568409598533876625e-01
8.657014946239292019e-01
6.172348368933227025e-01
6.349121362986166472e-01
4.158180673100799751e-01
4.491284479627024040e-01
7.878366845186245415e-01
6.401466708022280905e-01
5.033324494562472218e-01
6.064822287503630616e-01
9.581233883490727354e-01
7.742048668004151146e-01
8.398135341427181988e-01
8.497591542691504962e-01
3.069876322146490866e-01
5.120722695580464112e-01
6.172179690885454262e-01
4.523561162618775500e-01
7.450846631577177082e-01
6.442673274820441831e-01
4.280902156254253188e-01
5.798016571707170774e-01
3.524845534881396181e-01
6.338056376107745749e-01
8.183549825682236989e-01
5.204335288853534358e-01
8.756041928705302624e-01
5.333137657763429296e-01
7.986297559561033044e-01
5.479071612775242572e-01
7.874337158751990584e-01
5.255197952038858089e-01
8.275352365827355339e-01
8.932410891249151774e-01
3.532622141293305651e-01
7.592337770066613922e-01
7.741550943429796883e-01
4.224759515276091393e-01
6.545366152294866957e-01
5.762623138057392236e-01
8.944120191546137688e-01
9.831750703323732798e-01
7.374405459887481973e-01
5.337920222957673877e-01
5.547203183727614784e-01
8.218240102984581963e-01
8.484767935727582922e-01
4.928492321928763520e-01
6.240767341722462946e-01
4.320721111144022464e-01
2.365650969529086989e-01
4.800353183557342640e-01
9.718369166896352329e-01
5.365750351274156671e-01
9.133550299943669071e-01
8.284380449384762812e-01
8.734748010610079438e-01
6.801724137931034475e-01
6.759090696914530350e-01
6.262100119848805768e-01
4.938487178616930984e-01
3.838461851144261971e-01
5.708980929091265200e-01
5.158238172920065479e-01
4.348001413978774821e-01
7.137005414677231041e-01
3.681112735866830521e-01
5.611126888985218386e-01
7.539543899112206571e-01
5.000917999761277377e-01
8.369147689642875143e-01
6.472160470824072087e-01
8.908146517438797485e-01
3.648582995951415997e-01
4.996401587795581412e-01
3.039138429209352066e-01
6.396742997180426826e-01
7.310072534417546564e-01
5.871034353294536379e-01
3.789062499999997780e-01
6.316512521206297803e-01
6.911040073470974265e-01
5.780254777070065186e-01
3.240096426753341641e-01
4.984866361889115360e-01
7.683363930413497078e-01
7.649802668482997836e-01
6.136087484811664217e-01
8.478975962445551851e-01
5.115073250046772158e-01
5.279040174513724981e-01
5.957893706316663707e-01
6.714934544483034395e-01
7.561944589649763904e-01
4.930074205184399316e-01
4.327874168963838919e-01
6.957055015030342293e-01
2.963887704768284337e-01
5.382453510703077981e-01
5.290120230005227464e-01
8.351330726341125166e-01
4.944110686328054283e-01
5.996733693987954528e-01
8.589224161457043039e-01
4.489036350164425926e-01
6.941161773891317832e-01
8.506713902742030209e-01
5.506066955801374174e-01
6.317789856553190919e-01
5.103866269123613630e-01
6.696970086624061125e-01
5.007396661527734327e-01
4.061569367113928020e-01
7.053198114046792533e-01
8.015376802120871558e-01
5.860183557898848150e-01
5.613342502996376826e-01
6.910907577019150816e-01
8.164882241518606198e-01
7.764027874235124305e-01
7.456745096284820296e-01
7.043824701195219307e-01
7.361224855055565897e-01
7.227879416813505209e-01
3.595166163141992888e-01
4.742121965987360355e-01
5.127283964924480575e-01
6.449624866023578873e-01
5.494948063512919978e-01
5.425684942963237001e-01
2.166833667334667202e-01
7.123594853346784106e-01
8.068157322306923618e-01
6.291209819256821101e-01
5.377833149647801569e-01
7.939905761944046070e-01
8.574429556651589346e-01
4.337297718853577178e-01
4.785983197595489735e-01
4.473106476399562048e-01
6.496033245183227001e-01
5.465592064476131329e-01
5.767767391610690852e-01
6.685398350403335410e-01
4.457850707850710137e-01
6.518363690653926623e-01
4.998819683435790640e-01
5.110701107011069722e-01
6.338296605122096805e-01
6.874139896984232667e-01
4.998451722265424557e-01
4.189799606633723972e-01
5.650060118145224797e-01
4.983587026696760236e-01
6.671330969353219675e-01
6.779290228488089598e-01
8.039522845376226856e-01
7.254125849192385456e-01
5.472708846098159885e-01
6.319444444444444198e-01
5.272802705170209769e-01
4.501219306147579147e-01
5.849683091923717493e-01
3.116574857808230847e-01
5.207913701266729811e-01
4.884956604414590897e-01
6.100059516294840112e-01
8.516566401919266616e-01
5.384754521963824869e-01
4.931183438941120767e-01
5.908506075768406030e-01
4.582502583450359657e-01
6.397703942233892160e-01
6.030325173547680384e-01
6.685961925398545835e-01
8.941625131390541492e-01
5.154633789572666824e-01
2.601684717208181952e-01
4.974046542790415693e-01
5.420468047016739899e-01
5.702397667820851002e-01
8.372656755009696417e-01
9.155562238445044132e-01
4.256247163789616539e-01
6.062495739885448431e-01
5.105419677418930879e-01
4.619406353121964237e-01
5.702648429507822803e-01
5.116518316410967326e-01
6.887285033013521574e-01
6.367234638219819720e-01
6.403853982901343000e-01
6.936416184971098131e-01
8.234745536903811391e-01
7.825523645001080109e-01
2.787703754466690498e-01
6.296362659021681463e-01
6.921023708588475154e-01
6.499339498018492645e-01
7.853221766242072244e-01
6.743916366451379041e-01
5.572039943893544178e-01
6.301954418925767021e-01
6.062568831314281148e-01
8.332028720238243702e-01
3.307206618767690176e-01
5.303577289136854889e-01
6.988839185480918426e-01
6.959901421436233138e-01
4.897031291789247787e-01
3.779420704019398891e-01
5.361805229089067204e-01
7.820339209032884931e-01
5.430227959556643835e-01
8.274068717829901054e-01
6.866896713410831632e-01
6.336561846652728480e-01
7.104875572580910958e-01
8.309586264456898519e-01
7.657141263663308495e-01
5.007101546336554243e-01
5.469384217664224890e-01
5.847703188674735486e-01
6.474269791319832157e-01
5.340510925654582408e-01
6.355044340324559338e-01
5.690641540610797966e-01
7.618230890936407151e-01
7.098932288147047354e-01
5.797098915911411687e-01
5.487328458379245877e-01
6.279312920089619166e-01
6.996166027671277821e-01
5.794460922152459004e-01
5.600026997840171772e-01
8.080631432329954400e-01
6.664368365905326552e-01
6.305380293650088008e-01
6.468628539700165270e-01
4.234284752986035572e-01
7.158864190564480090e-01
7.425684163636094848e-01
7.203478002378120859e-01
7.026574803149606696e-01
3.916933293928457349e-01
5.481242895035998153e-01
6.470978141335622658e-01
5.434886635524668330e-01
5.126198363157452587e-01
3.756358768406961590e-01
5.633654688869412785e-01
5.944367624749963275e-01
5.501575151657163154e-01
5.852835606604450680e-01
5.541146668525877006e-01
8.213501694027587341e-01
6.641594109002416646e-01
5.399370387905406687e-01
4.998691321619384009e-01
8.483796493170512321e-01
7.276422009535120639e-01
5.789031716297396990e-01
6.372729665701499790e-01
6.643667876385037641e-01
9.215971310556818619e-01
7.817413448642190898e-01
9.367213587013965004e-01
7.145292152451080403e-01
5.901037761906641199e-01
6.605427271195011274e-01
4.575312150284800983e-01
6.668837724297391745e-01
2.669184097755527008e-01
7.252088860930310243e-01
9.188156936763024474e-01
8.768647165762064599e-01
6.986332751080984726e-01
7.127371273712735933e-01
5.785362860884646352e-01
8.782962649538228472e-01
9.121608170253429071e-01
9.420734985639609427e-01
7.076668505239933626e-01
5.946592240483299374e-01
5.428048621095280524e-01
6.140163575010008090e-01
4.343171686155596900e-01
4.477093294005584090e-01
4.015661992351121090e-01
5.509524806697989607e-01
5.561010830324909504e-01
7.720075669232164817e-01
6.115448523888648014e-01
5.504185819288077708e-01
5.671919770773637959e-01
6.019492618603984324e-01
6.338242382733076941e-01
4.353492307059572131e-01
4.839393592611271333e-01
4.897031291789248897e-01
5.913833895977060884e-01
4.991804510533324746e-01
6.488601387657155772e-01
5.566427539354610321e-01
9.358612343686970592e-01
7.127287197238976191e-01
6.432120532136559321e-01
6.796920031384474647e-01
5.892534228881426417e-01
5.545041413886205861e-01
3.328328967740598610e-01
3.731456595617442251e-01
6.106519742883379509e-01
5.084824009483122076e-01
6.474400886943172395e-01
6.298332531597153894e-01
6.138659976163225451e-01
4.996357083344757921e-01
5.323016134343102612e-01
6.564529472323186177e-01
7.896728606374279202e-01
6.372255742027075343e-01
6.533458198585452292e-01
6.109863223880185323e-01
4.945717015176381293e-01
7.865916820982319368e-01
6.081487194489508807e-01
6.422850172799349222e-01
3.729870763153195212e-01
6.132547523007518819e-01
4.690180846761151656e-01
5.332381791126362680e-01
4.933571968584452017e-01
6.279100502735062150e-01
7.215225250067687224e-01
3.894174247118515897e-01
6.675135935909425333e-01
4.519840764076859529e-01
8.907057470611619010e-01
7.195685577430598334e-01
6.737194286144662092e-01
8.279381517794669465e-01
5.872393204303556491e-01
6.657901077597841999e-01
8.435475625581669856e-01
6.578192252510760563e-01
9.100109168362248147e-01
7.446243217076080612e-01
6.789420020392251676e-01
7.305679866960507196e-01
9.873221690404291317e-01
8.809849626767772834e-01
5.037669924114209774e-01
6.383628519527702050e-01
4.223150628251878813e-01
4.023252315400895895e-01
7.646293818713965074e-01
7.966671417711896908e-01
6.187368070214420701e-01
9.161278678324132896e-01
2.067256293128586775e-01
9.000781590886912653e-01
5.235725004828908347e-01
5.634787590216049358e-01
9.166260053103474359e-01
8.872901042247191006e-01
6.535494835926264345e-01
5.464705088405993338e-01
3.536408099830871121e-01
5.943049601959584649e-01
6.461298357673663784e-01
6.686610063241746893e-01
6.840350337603803288e-01
7.169155648265507219e-01
3.914505289134443955e-01
5.148001220628624086e-01
5.278385384346612197e-01
5.882947592444799367e-01
8.684752045191962422e-01
7.035800883250018511e-01
8.333235013257217494e-01
7.694158259155572388e-01
5.854489277068861686e-01
5.342003639753205579e-01
4.138702603834852889e-01
7.066528601359778339e-01
3.173336420720614393e-01
5.002880853129606509e-01
7.864596301410172741e-01
4.488777351674950178e-01
5.418177363099317967e-01
7.605684531159957462e-01
3.290298320381047636e-01
5.841991152106074114e-01
4.546808808225860088e-01
4.954944539033148687e-01
6.184305255579553018e-01
4.315803075332728667e-01
6.774295410832853470e-01
7.723057578456541394e-01
5.191492451849736289e-01
4.155091146017875769e-01
5.681474496966678611e-01
5.899259166444782432e-01
5.313035788409824489e-01
6.094226423269550885e-01
6.025301113552002930e-01
3.687265918426235745e-01
3.915049236246122000e-01
6.053891154050700107e-01
5.889702714347264667e-01
6.311261478975349615e-01
4.998807390177479881e-01
8.477256098584579069e-01
5.265255634964266518e-01
4.805799122979662608e-01
4.908431323325853080e-01
5.711024415097307738e-01
6.204227792537830855e-01
5.343667026640792628e-01
5.897169266320047010e-01
6.844803854094977380e-01
4.893731025847237182e-01
9.289376325226449405e-01
5.020444847771764474e-01
9.968922832213574781e-01
7.025154187717023158e-01
8.813486640135110850e-01
8.723832378528543208e-01
7.543886471166251217e-01
5.245531052565151064e-01
6.467606427085126342e-01
4.972184809978332787e-01
5.287392823118450824e-01
6.015295871410979434e-01
6.302707730467135283e-01
8.648163628634440991e-01
8.936924969211560432e-01
6.596692492576156086e-01
9.808359492439016059e-01
6.025647506866858016e-01
6.142618092189358059e-01
3.657879621170712081e-01
7.136742369148295628e-01
4.064901507768976519e-01
8.382074937272210313e-01
4.651467015511118741e-01
4.983914806819675913e-01
7.134973440185898852e-01
5.387739480945252790e-01
4.163774363323799466e-01
4.911007025761124356e-01
6.949337211741282161e-01
6.935342698871307388e-01
6.004180196319934826e-01
6.158192911098199218e-01
2.405557967867998359e-01
6.714311317854004812e-01
5.162592884619979783e-01
4.358878036563987868e-01
5.021639535820328071e-01
7.115240357866862153e-01
6.770040313542194932e-01
5.577965309857800813e-01
6.419710218125572743e-01
4.812396491317781910e-01
6.534046146864815885e-01
5.678143295232784826e-01
6.548017581016145616e-01
6.514282035051068842e-01
8.624422562606370857e-01
7.748417831220379970e-01
5.273012772272022142e-01
8.902609242958561264e-01
7.646999276934201006e-01
6.150257144371983342e-01
5.634581356383395745e-01
8.003489192934954977e-01
7.609510580003184810e-01
4.113366526235157639e-01
3.291675901306274632e-01
3.954610893740523880e-01
5.634205933682373546e-01
6.970640078280037066e-01
4.580451127819549773e-01
5.257465963987703050e-01
5.533185063794920922e-01
6.774524336236563693e-01
5.670025953283973630e-01
5.957585340898520210e-01
6.810296239785066374e-01
3.899057107829427826e-01
5.053752352471062581e-01
5.590736946669150331e-01
7.547612287177545287e-01
5.372312834995101039e-01
6.299893762331156832e-01
5.729317520890425675e-01
6.614099696857954624e-01
5.885853024655474108e-01
5.146052251036343783e-01
6.059664972708451725e-01
4.656227962171762269e-01
5.931422231451941585e-01
6.543300643906603264e-01
4.473135365974774680e-01
5.472279712889163150e-01
3.673979765829259447e-01
4.988700996584171654e-01
3.271521289494329632e-01
4.273761230734816619e-01
4.569833769423627956e-01
5.025625403219986520e-01
7.116383951056709511e-01
5.984214680347277326e-01
9.856031647652967465e-01
6.552249134948096021e-01
7.480689245395127918e-01
5.944340266964066588e-01
6.676309348006391753e-01
7.031468789151743559e-01
4.986616851266685857e-01
7.883328253765435889e-01
5.093466263129784455e-01
6.052528420227362149e-01
5.493379762724217574e-01
6.920066413662238070e-01
5.314518871132267730e-01
9.209081961960129403e-01
5.683875955673910463e-01
8.138034556545623577e-01
7.010313618185645135e-01
5.679923283876294748e-01
8.943866727967916264e-01
9.864944726821724963e-01
7.784417316372588269e-01
5.978393126320157291e-01
8.382351830166585582e-01
5.944558991981672147e-01
6.289628962896289810e-01
5.711752655408082191e-01
6.779751588956177688e-01
8.312751870786625474e-01
8.396035089925796280e-01
6.290904613195511530e-01
8.622257471119727512e-01
7.669539688187743121e-01
8.046113471632091452e-01
8.563495655922914729e-01
8.535430183000088933e-01
7.561098049715112568e-01
9.706712218047982565e-01
7.626895590930925506e-01
8.784318257125030005e-01
6.953794885641715329e-01
7.892995115734285916e-01
6.873276126264175057e-01
6.831749520835288525e-01
5.356131043303542505e-01
3.671043576020871502e-01
7.071973404569439348e-01
4.694824218749998335e-01
5.717583686033088641e-01
6.807228915662650870e-01
5.961245373394296054e-01
7.596404518792092553e-01
4.998168025534190373e-01
4.049287957118842263e-01
6.196677740863787420e-01
6.192295751441938556e-01
5.746466028271773885e-01
9.762613381718865391e-01
7.223111628583903654e-01
9.693575054062647522e-01
5.995767754272947059e-01
4.295594461996940505e-01
6.555498546263041071e-01
8.843588304968518221e-01
8.225415083154354878e-01
9.576248032616269112e-01
4.333515588097931470e-01
9.643150463260371508e-01
7.076907363905627912e-01
8.399459423384944001e-01
5.447485189955661999e-01
9.186360576028838043e-01
7.452964349346977713e-01
5.827449070692314326e-01
4.756320996702088633e-01
7.702102963266420632e-01
9.441101184427183046e-01
8.880754610727861209e-01
7.308336181064081227e-01
8.867547473942478664e-01
9.510090895085503426e-01
9.475342847000827184e-01
8.866006953730943829e-01
9.006748193876846775e-01
9.730829902658612029e-01
9.480357439682907117e-01
8.103527436851154508e-01
2.850134903115034701e-01
3.593974297807531748e-01
4.347507694544319179e-01
4.127929912848676830e-01
1.341238471673255883e-01
3.960897896432758469e-01
6.657890459938242689e-01
5.725358751440242644e-01
4.570380821524624992e-01
4.997198109632643992e-01
4.984550019312476987e-01
4.506337970901052037e-01
4.417104856940131663e-01
3.316041817800397529e-01
4.502557891376917643e-01
5.599759483133983640e-01
6.158576762574127228e-01
4.241634072142546064e-01
4.989718589253742675e-01
5.370806415906941300e-01
4.843456528348922818e-01
6.700200780180672888e-01
5.738195418419821392e-01
5.328241456492143202e-01
2.788474365245230957e-01
3.746529627523383921e-01
4.992319380303967824e-01
3.221947194719471663e-01
6.236821344043605997e-01
2.841910719363094362e-01
6.039545738124226792e-01
2.190344110253965304e-01
4.995054454062309857e-01
6.856644902843170852e-01
5.337325772430971949e-01
3.506973480883293637e-01
4.752475247524752255e-01
5.424981838382975097e-01
5.254354029322050312e-01
3.669509826505796268e-01
5.265013975601473550e-01
4.994197636720063560e-01
4.377459647521816932e-01
5.246899911426040619e-01
2.541642734060882702e-01
4.281902047239193321e-01
6.051576209898216208e-01
2.475073781606444978e-01
3.734016853233487754e-01
3.845468679038230309e-01
3.319256486547015328e-01
6.581910732170935807e-01
5.372898351774267889e-01
4.469194350867211063e-01
2.858226275681804429e-01
3.002376551359914325e-01
3.304562752559926930e-01
5.199030364889001277e-01
3.056205611247689857e-01
5.203536495342021562e-01
4.441969535562595439e-01
4.168592691234037084e-01
6.514373172099224840e-01
6.096324084667348320e-01
1.922410807066158300e-01
2.555782736243220610e-01
4.916809140569617376e-01
1.526289764298666418e-01
4.244343891402715396e-01
2.971918876755070826e-01
3.235588840251041876e-01
4.332905852797561685e-01
3.417721088365629489e-01
6.378432759256122964e-01
5.228381032116500293e-01
2.940863079381991207e-01
3.047623379156564893e-01
3.192243835668828189e-01
6.640991069046915385e-01
4.709470700597696569e-01
2.928162708776670398e-01
2.156000000000000416e-01
2.804848484848484480e-01
3.421337397025563387e-01
5.114759237670106762e-01
8.022401456758577742e-01
6.857071410709819625e-01
4.089837951116406245e-01
2.344057780695994186e-01
4.980808002022226733e-01
6.669635978428349876e-01
4.988090387877668341e-01
4.990547283567692283e-01
3.927802106758196965e-01
3.660366832971198026e-01
4.383513808275202317e-01
4.408643995629603629e-01
5.291280619367939586e-01
3.525165328890907390e-01
2.293596255353052560e-01
1.644144144144142894e-01
7.053623257474672670e-01
3.459237097980553122e-01
2.044150110375277385e-01
4.669897923942548656e-01
4.689782391971899500e-01
7.868531629540084782e-02
4.901580372660764295e-01
4.063933184715085023e-01
3.915093998547968246e-01
4.993837835191621832e-01
4.136772379331606908e-01
6.926112017351951922e-01
5.045876186575954936e-01
3.533568148383945395e-01
3.770850823082818049e-01
3.242793791574279383e-01
5.494277929155312323e-01
4.064769975786924894e-01
4.990997712041311263e-01
3.837922114462672396e-01
2.796852646638055551e-01
3.536788103162107899e-01
6.004264554696721046e-01
4.748142031379026795e-01
3.918910851782203553e-01
5.232089033155576940e-01
3.006468305304009769e-01
5.369097619260585486e-01
5.118581128940790093e-01
5.024811927029569913e-01
3.291139240506328889e-01
3.575111777091377618e-01
6.565942157035988824e-01
2.178819444444443643e-01
4.544302795154011587e-01
3.794702370602214270e-01
4.390645953727925210e-01
5.183344856463231176e-01
5.395219026817134056e-01
5.725358751440242644e-01
5.082146171060532014e-01
3.041163946061036238e-01
2.945874001774621553e-01
5.001857738890277405e-01
5.127145766656968640e-01
4.100655318124150628e-01
4.694824218749998890e-01
3.440970660197111286e-01
2.020678396517321673e-01
5.669299587253032735e-01
4.065028380966823618e-01
4.637198708412553771e-01
3.186333709922475332e-01
4.415491955004983704e-01
6.000615525563716135e-01
4.408564756101976956e-01
6.330063473744951263e-01
4.987210162352411214e-01
4.101463132569170278e-01
1.272367987704468850e-01
5.496732026143792416e-01
6.118750352332096298e-01
3.518374670089957634e-01
6.436733938199151739e-01
5.882663683539977040e-01
5.230402255231485498e-01
3.925023838027433265e-01
4.327570228183325596e-01
2.455192522082152162e-01
3.548027088206314739e-01
6.624757008595067997e-01
4.626681600524126803e-01
2.295427901524034753e-01
3.464800309157609615e-01
5.095088637745164295e-01
4.294960036997457209e-01
4.827714042382645343e-01
4.982921444701091662e-01
1.743559017375673204e-01
5.808455136433273713e-01
6.462913438265237565e-01
3.029456805693181431e-01
4.009309134470989688e-01
2.709518553111999739e-01
5.011724478225589863e-01
3.759662591172149848e-01
5.398957320844755686e-02
3.338516039011291126e-01
3.514167421070910624e-01
3.340617317672768816e-01
4.109646121899075411e-01
4.542541095354907243e-01
4.410373226228231913e-01
3.419027632039174924e-01
6.153713239105643718e-01
5.028168200772692442e-01
3.833225597931479434e-01
4.998455946404156691e-01
1.557346326836581973e-01
5.441758467679761457e-01
5.280666512475288288e-01
5.593915741018719301e-02
2.216155149689324200e-01
2.894023677078873535e-01
5.356291243830754167e-01
6.013934023171464416e-01
5.306943090820581688e-01
3.306218559349246022e-01
6.884801180306023838e-01
5.161794463566883318e-01
4.806821705426356783e-01
5.717610737931284604e-01
6.021833124838947837e-01
5.663510067705077589e-01
5.045898892095708188e-01
2.784938450398262155e-01
3.140157517464173265e-01
4.117814817695102936e-01
6.596138067067697230e-01
4.511452329059562061e-01
4.530299020905002583e-01
3.821688134129667125e-01
5.573904307421825299e-01
3.819702743522593313e-01
5.355450905837689790e-01
3.811089006141337165e-01
6.000956838133331139e-01
6.272338233545984298e-01
3.332905107980901893e-01
6.282000465517624255e-01
3.019515236884215414e-01
2.830044801451137571e-01
4.444136594882944769e-01
4.636899860956649744e-01
5.017651093322333944e-01
6.706942704879783612e-01
3.362092958530475961e-01
2.832995267072345169e-01
4.990580760646857739e-01
3.737339635381499159e-01
6.059232337494310228e-01
4.555917072252548827e-01
4.231985351214967439e-01
3.861190702824353616e-01
5.549650896626291408e-01
4.660870765196991616e-01
3.457325049051666044e-01
6.681159118736101910e-01
5.015736987311860684e-01
3.635327202249751810e-01
3.593023622736551403e-01
4.997927108524294892e-01
3.423480750874960954e-01
6.264004737603593442e-01
5.367132867132867746e-01
5.880343597511318299e-01
4.703115814226926372e-01
4.066814646572038394e-01
3.511059010385604862e-01
3.980109150344904312e-01
2.666198736588789586e-01
4.376374461139586614e-01
3.898497601618536867e-01
2.158065680259833308e-01
3.657868925455957099e-01
4.721692213013896078e-01
4.145888013998251798e-01
1.872477804681194902e-01
6.202629709316683781e-01
5.965172201581838696e-01
2.729130180969061015e-01
2.475358766150860812e-01
4.202074125935325033e-01
5.872483013794587148e-01
3.641050101818048557e-01
4.992407626117765784e-01
5.513946777813401035e-01
3.975589275342010787e-01
3.244666112496537025e-01
5.652101121714382392e-01
4.372447590525456174e-01
2.983337137639807679e-01
5.352796618499950920e-01
5.213771694652179489e-01
5.732745712897932000e-01
5.918160955307479876e-01
2.490108879006290576e-01
4.317900441027360814e-01
2.664621530998074750e-01
4.463664188793181054e-01
4.613762534725863729e-01
3.676265882267812923e-01
3.142053445850914173e-01
4.329354031987146523e-01
4.946246122122758271e-01
2.439916092298470562e-01
2.517144009681324124e-01
4.924636713869756655e-01
5.418831641820035516e-01
3.581314878892732367e-01
4.812615647309718692e-01
4.535037497430729481e-01
2.797563261480786045e-01
3.151579694710682777e-01
2.315128081198647714e-01
2.847043701799485405e-01
3.879365053593108459e-01
5.082084225553177292e-01
6.363473643387725920e-01
5.548724438122887292e-01
6.464887391123806948e-01
4.879381116941687302e-01
3.096336499321574731e-01
3.885369311428036321e-01
5.121670597710406003e-01
2.323476161738081969e-01
3.000515150096005890e-01
4.724800002332695814e-01
4.950619748254868613e-01
3.895051194539249639e-01
5.272124594798801578e-01
4.349659181664531360e-01
1.766990291262136581e-01
2.392505557319782317e-01
5.234014969723889132e-01
6.060229104212794260e-01
5.493829708200916873e-01
3.735051438156906101e-01
5.046971513684689326e-01
6.359331754976824680e-01
4.993656640919829082e-01
4.979927236231337928e-01
5.857578376277096099e-01
4.889544506008491331e-01
3.916544093690692563e-01
3.690880000000000272e-01
4.052369077306732792e-01
4.842411623021263822e-01
5.143281581452975315e-01
6.284666649055573595e-01
3.145085649405143235e-01
2.798502908750661322e-01
1.439778495616058918e-01
4.552127890977004654e-01
4.780669250940599579e-01
3.979319742770855428e-01
5.619637130075859632e-01
5.801700757654308926e-01
5.044830407313171117e-01
4.625278258718772406e-01
4.222324581606017313e-01
6.718256232004691242e-01
5.855359879883637042e-01
4.788922550452242022e-01
3.572040054491906202e-01
6.139444502623893074e-01
5.071045238704774416e-01
4.818411469439979333e-01
5.704261011582300034e-01
3.827890498027647359e-01
4.749749813151594169e-01
5.658561955532439569e-01
3.876208494748262234e-01
4.320506575742816269e-01
5.407942238267148261e-01
5.091628546571999037e-01
2.265745007680491085e-01
6.316140762733318814e-01
4.764824743517558914e-01
6.275038069579478295e-01
5.480979449059903974e-01
1.099016093587830715e-09
4.736291190497207149e-01
4.187003016177680559e-01
5.207078916641865174e-01
5.471553107646868197e-01
4.986569888032581499e-01
3.213129231675007635e-01
4.602821537317347000e-01
6.807228915662651980e-01
4.118236054904250154e-01
5.330396475770924347e-01
5.004484177989230176e-01
1.913335367714371071e-01
2.777395761705319654e-01
5.134053462257320843e-01
5.891280997524868113e-01
5.000000000000052180e-01
2.570093457943924409e-01
4.722132990684226872e-01
4.043319330023460445e-01
5.523849978761150581e-01
4.237231249991275650e-01
5.340372751112727467e-01
6.771879891845737909e-01
5.840725529413560713e-01
5.649796366983995677e-01
3.428333487554361958e-01
4.666581746385580765e-01
3.666183380141171955e-01
7.512858192505521282e-02
5.279719248577073865e-01
4.640675413076776334e-01
4.873368349888189677e-01
4.985216106155921367e-01
5.888674576725216880e-01
5.881809232526508113e-01
3.557909359263761728e-01
3.211013886051011235e-01
4.875207109035799014e-01
2.288624238831706847e-01
7.031472261735419726e-01
3.014420840440379390e-01
3.437904613666362130e-01
5.637860082304526621e-01
5.064122137404579727e-01
4.234923670421075759e-01
4.104096959675698764e-01
3.238877718151189633e-01
4.773117624245109547e-01
5.076513160263564917e-01
4.998796535756950821e-01
5.464547677261614167e-01
5.736012949340513201e-01
4.174543855792480773e-01
4.215429586918123528e-01
4.166742141289870860e-01
5.204335288853534358e-01
4.628038046646665293e-01
4.991844841275775435e-01
5.205378973105134754e-01
3.696031974236617668e-01
3.778110485957414388e-01
4.818801224449492104e-01
3.644154552633886990e-01
3.899428349966088669e-01
2.156000000000000416e-01
7.301410645224117868e-01
4.091699130955949726e-01
5.711323281186642120e-01
4.929636048526863656e-01
5.592033267673451880e-01
4.016636957813429221e-01
3.189820609094702331e-01
1.641972099471448177e-01
4.972184809978332232e-01
4.939191038078099560e-01
6.716845244670275328e-01
4.895446913849519355e-01
4.466279020415092615e-01
2.048288538923938862e-01
5.309734513274335654e-01
2.700764591347294963e-01
5.205716780446812963e-01
5.957036387549319301e-01
6.077593141648852670e-01
3.458584750411408670e-01
5.074553062792935831e-01
3.794358816819914382e-01
3.029843196762772584e-01
3.917340238862189183e-01
2.506915275074274585e-01
4.046681261982880695e-01
6.122381110741602628e-01
5.292901028043067724e-01
4.023388642168107543e-01
4.715227311137400457e-01
5.753582008749690280e-01
4.625250330222845929e-01
3.733702462977697700e-01
5.460676462291971234e-01
5.859585029314486881e-01
3.168718195211293054e-01
5.136136856142762275e-01
4.231788481378835343e-01
4.053317654268402959e-01
3.312405748930540850e-01
2.004513868266317445e-01
5.396845604356743653e-01
4.004488711152434655e-01
4.339516582349635110e-01
4.680924964466758875e-01
3.533193387562320598e-01
3.529214463003957358e-01
5.021648298855529990e-01
5.341240595731613361e-01
5.696050270922481396e-01
4.991820100622029188e-01
3.227088895999134510e-01
2.960711202926472052e-01
3.835092051255123979e-01
5.795384298372141529e-01
4.947366628560408985e-01
3.573244670447877636e-01
4.148461357763683077e-01
3.387301327578864374e-01
6.500913049585615999e-01
3.423038682249410214e-01
3.997483221476509918e-01
5.585925491182471836e-01
4.109868467327847386e-01
6.410855777659373311e-01
2.869403341625547110e-01
4.401287946170548970e-01
3.839956939246640388e-01
6.569256429964497324e-01
4.886230441912317035e-01
4.806750136091453296e-01
5.095369661462667565e-01
4.464289972576604981e-01
3.901781776521852096e-01
5.238020176544767592e-01
6.022153341282272532e-01
4.907379891035165143e-01
3.671732459491742762e-01
3.962096845805794243e-01
4.318207651831773575e-01
2.246811702925731458e-01
3.169627307558342544e-01
5.363404928431984020e-01
4.992191649719943114e-01
6.278162374984176397e-01
3.915349806758258167e-01
3.867061356297092911e-01
3.975240211332400908e-01
6.212147260358080736e-01
5.018884989991020396e-01
3.184303827894958694e-01
3.834032839997052466e-01
5.565493364108482499e-01
5.058438832548993735e-01
5.564853556485355179e-01
2.390944229707343549e-01
3.683323159210488695e-01
3.990066664384043782e-01
6.033123656342066488e-01
3.910317725734345218e-01
6.608000000000000540e-01
5.768365989079062839e-01
5.112583374367699607e-01
4.994313331427489566e-01
1.620010368066356066e-01
3.983876168977748544e-01
5.739272134709396678e-01
3.535000612970454759e-01
4.268584676068546413e-01
6.499882316979183061e-01
4.183813443072702531e-01
5.301571093731870521e-01
2.809257781324820957e-01
4.314773125895100536e-01
4.564750775101358848e-01
3.905501176652613204e-01
3.433239592527098094e-01
5.740959584022690132e-01
1.702828893161218993e-01
2.475057559478127667e-01
3.511650635255387787e-01
5.494076655052264613e-01
4.216978059770019605e-01
2.428571428571429658e-01
2.965883363260208849e-01
6.099449164184502781e-01
3.337908445195847396e-01
4.603358006860442941e-01
4.791154791154790260e-01
3.779410054471507574e-01
3.822866742907218285e-01
6.841338513155570400e-01
5.666900256949310988e-01
7.055647451702505846e-01
4.335824335338145930e-01
3.102588951959018293e-01
3.683740886023513794e-01
2.591557170813530431e-01
4.351097178683384636e-01
2.323476161738081969e-01
5.951999130222065393e-01
4.225683960660039928e-01
4.005493949027538747e-01
5.489491323563665537e-01
4.576094557624668102e-01
2.352243526388612949e-01
3.299166475397315446e-01
5.139040505250962454e-01
4.693809444351744187e-01
3.706700651333906804e-01
3.977272727272725961e-01
4.965874696298460678e-01
9.934640522875819169e-02
3.961649296654186636e-01
3.950555749389422222e-01
2.356129518782107135e-01
3.503497007715048461e-01
4.594527363184079394e-01
4.750743557919022142e-01
4.834504145307260137e-01
5.028938730195213758e-01
5.789186402644266316e-01
3.627669479004401176e-01
4.331243520827179894e-01
5.627453958102638376e-01
5.024877754535443941e-01
4.412539880704673956e-01
6.006458557588805203e-01
5.297755074606802506e-01
4.026455528395270211e-01
5.036212789664673561e-01
4.714351659519951943e-01
4.890089134635203227e-01
5.069194092336317681e-01
4.998581311800026072e-01
6.234976876350087904e-01
2.832995267072346834e-01
2.060283367927082110e-01
3.660327312230327035e-01
4.434458864906717923e-01
5.158888547743321062e-01
4.805417326649730758e-01
3.792727194098683419e-01
2.598373449437280658e-01
5.962279746902772182e-01
2.960711202926472052e-01
4.994374201916852440e-01
4.905286966355670297e-01
4.028228919590186030e-01
5.098298454999456997e-01
5.984930753309073426e-01
4.550775071180007125e-01
5.003019704484895636e-01
3.607850789126325064e-01
4.679547839000422482e-01
5.369405272838748688e-01
5.915622135519803537e-01
2.966664001918619675e-01
2.453892255223338592e-01
5.762609500911669569e-01
6.125780614448707029e-01
6.253202321886045523e-01
3.366987432297418037e-01
4.891495111012063024e-01
4.565271435210893070e-01
5.289941288163906297e-01
4.158208038603516399e-01
7.386228853236781466e-01
1.799351135512853861e-01
2.095025755362497910e-01
4.293830531883169876e-01
8.568980291347041240e-04
5.683539193018124491e-01
3.794222233964722468e-01
1.692595625219323607e-01
4.994797036967689174e-01
5.293953692090227481e-01
2.945874001774621553e-01
9.995147986414362751e-02
2.601522842639593658e-01
5.188129545146574761e-01
5.529281615155915430e-01
3.370957901159242764e-01
1.272367987704468850e-01
4.447631324853360546e-01
5.583408445434600020e-01
3.905062433896214213e-01
2.904262311044035205e-01
4.638132295719845644e-01
4.777689921537618956e-01
4.610169491525423768e-01
5.214883846563435066e-01
3.731519810762863321e-01
4.687072868297278427e-01
4.796820684794291245e-01
4.658382409005340508e-01
5.015569813371230090e-01
2.794882047181127538e-01
5.259621527548301589e-01
3.071895424836599831e-01
5.481556512197182096e-01
5.579414374445429425e-01
5.786201211775189313e-01
3.555775484235825235e-01
5.548025988500397965e-01
3.435648896068927982e-01
4.001760489583769953e-01
3.059958649207443204e-01
3.744635193133046269e-01
3.872832369942196262e-01
4.618563004307179032e-01
5.286143654542109216e-01
3.379037896308587086e-01
4.892466728851164737e-01
5.768736551577314797e-01
3.253130027278448577e-01
4.874775883079034422e-01
3.596654275092935893e-01
5.489980785067252178e-01
5.317589053148752409e-01
6.424550447842832801e-01
4.562685050248853069e-01
5.456263969940848835e-01
4.650845608292416000e-01
5.003378692651099247e-01
5.748168817579351053e-01
5.268297856742401031e-01
4.307169662805188648e-01
5.480360747998659354e-01
6.139516971997578398e-01
5.120815163003161752e-01
9.971689210443528129e-02
3.999760740165184680e-01
3.439557545430602659e-01
5.201831526058596777e-01
5.986633352238760475e-01
3.691504968544203624e-01
4.215062667017954734e-01
4.111428725527210282e-01
4.247902373118582209e-01
3.851410409217322917e-01
4.092056782688388017e-01
6.313367293167048144e-01
2.446555819477434779e-01
4.019830005180697330e-01
6.390000311828315516e-01
6.088776296949003353e-01
3.010585773105009522e-01
4.333715158457427941e-01
7.188117321693978656e-01
2.410839745734359996e-01
4.836126256505905996e-01
4.180995107222773566e-01
6.999959119616978587e-01
3.232721706998691324e-01
3.274164039082875233e-01
4.307518371961562287e-01
3.841638905640586410e-01
3.488466701924250457e-01
6.212127766720476618e-01
4.692072575925083089e-01
3.065219596307942052e-01
2.820753159167551094e-01
6.104298038608843013e-01
3.531093086133642589e-01
6.262275785323098143e-01
4.990666780792227808e-01
5.573321151210614693e-02
1.904085257548844834e-01
4.043773822154111408e-01
4.418423149180754628e-01
4.303808153424501515e-01
5.260804769001492520e-01
2.655889145496536097e-01
3.985118102935372164e-01
5.890990250205568879e-01
3.619471342580476980e-01
4.727793855585239458e-01
5.409876305097842675e-01
3.953696454535286509e-01
3.180262070593790069e-01
6.391770241297096700e-01
4.372401001749505189e-01
5.425155479305168171e-01
4.992858713018273886e-01
4.631564538942373188e-01
5.313128064956990082e-01
2.265910012160518294e-01
6.428118640109433679e-01
3.612943018456137856e-01
3.024696136873887831e-01
4.811746987951807109e-01
1.842169557781580258e-01
2.947799385875128353e-01
6.290826240337252795e-01
5.058438832548992625e-01
5.845110033045067821e-01
4.993674655674312790e-01
4.570623898312434763e-01
7.238839486212162999e-01
4.555614907342729336e-01
5.521537211209743834e-01
3.147737460482235017e-01
5.767418906186907446e-01
7.270886624394877762e-01
5.172242464392182715e-01
2.907775768535262317e-01
4.560466550307795131e-01
3.789062500000000000e-01
3.674976942653874201e-01
3.941615812004737318e-01
3.671346925714720211e-01
5.888250630603896196e-01
5.219727499520244729e-01
5.018796992481201480e-01
1.643014821822766924e-01
4.538573200107445249e-01
5.280093137041134144e-01
2.706422018348623171e-01
4.149523331660812664e-01
3.948959032907992661e-01
5.161569028945395265e-01
6.316702527422718427e-01
4.996640804730773100e-01
5.196554702357210065e-01
7.480988593155893929e-01
5.848784897684849993e-01
5.876079593260317147e-01
4.989021991775433595e-01
5.054279430200639966e-01
4.027737648078592581e-01
2.698979591836734859e-01
4.633132391190245003e-01
3.323108944514433505e-01
4.211410442855799130e-01
6.383779411247495483e-01
6.744458890452567079e-01
5.800298586279404311e-01
3.371319157253448440e-01
2.318840579710145233e-01
3.581056150022788320e-01
7.570200573065903882e-01
4.555574139443524517e-01
2.834058831288749358e-01
4.077468767656474147e-01
2.805963506898087600e-01
4.254505434034943079e-01
5.017003400680135616e-01
4.205731195416188006e-01
4.523642529645900412e-01
5.330900199564911901e-01
4.617545375972341715e-01
4.606170237402801848e-01
4.367936127628823662e-01
3.719732418038133592e-01
4.034689568170783946e-01
4.977445889086842823e-01
6.279114839141808346e-01
3.277835519548490395e-01
5.655087950945639763e-01
4.966521179222880833e-01
5.405686546463244202e-01
5.447688476668229862e-01
1.221363483267888061e-09
5.999096143545795679e-01
5.002493309432757274e-01
4.233993222757266861e-01
3.353524507410547972e-01
5.026531212338459786e-01
1.748732802317161938e-01
3.422277381321750522e-01
2.236577151308871969e-01
3.559205084152183285e-01
3.919719571355185228e-01
4.984729049942557277e-01
6.015037593984962072e-01
5.336230120438839597e-01
3.995170876671619298e-01
5.141131212770106984e-01
3.809097019941735940e-02
4.421311630235498225e-01
3.327545040156284495e-01
2.830690763942786403e-01
6.682775211291592798e-01
3.812313440963552291e-01
3.514356914161690382e-01
2.588936870244705202e-01
2.917594654788417952e-01
5.065267001369236910e-01
5.918746680828466111e-01
4.108675323390768019e-01
2.664621530998073085e-01
4.977053095033767693e-01
3.940607136223868712e-01
2.328361789755689915e-01
4.471124477233212602e-01
2.777450980392155988e-01
4.635308127418875102e-01
5.586799640872306405e-01
2.671275927089882818e-01
4.265583329088444287e-01
5.903735587043262845e-01
4.532766990291262621e-01
2.700649042266898281e-01
4.114987105414380508e-01
3.901273675517085704e-01
5.769971247216686416e-01
1.616835770224913926e-01
2.318840579710144401e-01
3.735401021585617043e-01
1.234167277295091653e-01
3.851410409217322917e-01
4.572137465026658298e-01
4.327620945902030392e-01
4.522498354134684706e-01
4.547247531041157531e-01
4.606646197790157382e-01
4.669143600209995637e-01
4.549248855645207645e-01
4.710452085648639264e-01
5.648780664972608001e-01
5.361441990287546533e-01
4.015711514859319764e-01
3.156195679165634260e-01
3.039869727373009090e-01
5.063894303660384510e-01
4.762281597963066160e-01
6.280086455983313609e-01
5.890355053734185331e-01
6.166563371241284841e-01
7.240748439029230932e-01
2.983006892786459474e-01
5.260316400194311459e-01
6.126777352119137099e-01
2.907775768535262317e-01
4.557772720055046078e-01
4.716845784975712275e-01
2.931284430269643360e-01
5.337962962962963243e-01
4.336264718723920608e-01
5.235927675666975922e-01
5.757774570266369629e-01
4.703409423307249870e-01
2.475057559478126834e-01
3.941345446864283897e-01
3.692649776079671153e-01
1.294921490046647139e-01
4.443659677178890544e-01
4.988442950199620807e-01
4.631348234736592517e-01
5.127995359145607335e-01
5.533971970906509386e-01
3.415317231358840355e-01
6.678146359485921391e-01
6.988177244313851233e-01
5.713853773394340640e-01
4.120109552345865289e-01
4.983480671987077781e-01
5.070007086118887285e-01
5.219352193521935579e-01
5.792215136999643299e-01
4.950432933546118908e-01
6.577356416597964772e-01
4.972039268000480461e-01
3.270216083760301706e-01
6.154892671736096332e-01
3.382754584471324155e-01
5.744254884021311458e-01
4.991279085690500383e-01
1.884338065858915667e-01
5.976024903432670676e-01
5.183053296357578166e-01
1.188460808502563720e-01
5.470638505676962415e-01
4.671224612909712359e-01
5.802451811022697470e-01
2.375725931056528462e-01
1.612660135644310155e-01
2.793090775450202123e-01
5.840659450352521098e-01
7.794563289108112913e-01
2.983337137639807124e-01
5.327125607479098468e-01
5.503460593882563145e-01
4.284724592600612225e-01
5.424315734547697776e-01
4.827249658403278687e-01
3.413311303473296476e-01
4.491338582677164570e-01
5.350661185194377500e-01
4.908328259251741321e-01
3.607662291592764192e-01
4.995988858119347342e-01
4.776565801658990695e-01
3.923139921833694310e-01
1.259076923076923038e-01
5.040210882706045448e-01
4.494933295416688734e-01
3.770665207370784699e-01
5.445566653646559674e-01
3.145055664702030018e-01
5.834004638105699803e-01
2.854515788104945995e-01
2.311411992263057713e-01
6.847308678139894800e-02
5.690680188844203791e-01
3.858815889216801187e-01
4.773831776870910981e-01
3.852584429459194881e-01
5.165772063160107841e-01
4.506421504736867201e-01
4.207650273224042836e-01
6.326467037887932854e-01
3.194741669214307134e-01
5.846627483907080869e-01
1.939486112222844061e-01
4.118864021064509440e-01
4.261746925196886471e-01
5.010734137148584733e-01
5.272093861535284143e-01
4.829413567199948298e-01
4.368750000000000688e-01
5.925393588929371846e-01
4.853093283524259616e-01
1.582725987164146919e-01
6.561441787205848364e-01
5.597814207650273488e-01
7.612048686093316752e-01
4.953598658503025054e-01
4.189647377938517381e-01
3.406493375139070801e-01
2.353668590272051664e-01
3.182615474566360958e-01
4.408326204733392095e-01
3.257569332541771501e-01
4.192363461882023801e-01
5.248573757131214101e-01
4.024928365165147959e-01
5.298098961844410759e-01
4.977927401101501781e-01
4.577551907452604429e-01
4.497665735450567803e-01
4.362412706704891785e-01
5.978755690440059611e-01
3.577028158768296717e-01
1.044271713416694836e-01
5.327843072351015064e-01
3.396809318814890122e-01
3.619037589851488712e-01
3.285788016703420356e-01
2.777395761705320765e-01
4.398896168850514043e-01
6.156054687602509068e-01
4.012673801135203666e-01
2.597612576972033183e-01
4.993037145798864818e-01
4.956858627365207104e-01
3.422084654335642573e-01
2.452940602750414423e-01
5.324668119168259883e-01
4.127028281512380992e-01
4.756160161357956828e-01
4.145797759684711759e-01
4.104751984560311429e-01
4.248324289818066202e-01
2.725408219610317984e-01
5.693068302206925058e-01
5.457897359242650515e-01
4.626503855667872811e-01
4.348716198925189347e-01
2.415986124159860138e-01
4.383319106522149955e-01
3.289003643051673365e-01
4.777206512425021812e-01
3.351903212067112725e-01
3.779600795657954149e-01
5.715258275891411666e-01
5.085937746381152813e-01
4.236488699639697209e-01
2.845409449459217477e-01
1.499525739415367431e-01
4.029132295607916747e-01
4.983385685037702850e-01
6.506135664562086030e-01
5.074108486578119415e-01
1.064403731594920632e-01
4.774187868650409117e-01
5.250076439900438485e-01
4.812790722920346487e-01
1.163465023559260986e-01
2.820965842167255655e-01
4.161950049145796693e-01
5.699767592172393371e-01
1.990186457311089174e-01
2.235633962653461593e-01
7.223803775991254339e-01
6.387566837064456715e-01
4.057244024786073600e-01
4.175824175824175977e-01
5.198553873933771108e-01
1.925781250000000999e-01
5.680749204986659251e-01
5.271916280665638332e-01
3.022927066307373178e-01
6.375071244668932824e-01
5.687208494591643460e-01
5.986853053752703158e-01
5.348511829051132427e-01
4.796323375809485312e-01
1.491237987563596989e-01
5.813083814900117385e-01
5.490640952921156392e-01
3.059958649207443204e-01
6.210135613457438142e-01
5.400202962181942512e-01
4.989782847435136337e-01
3.819936751547487463e-01
6.488912488305644821e-01
4.617839147804967959e-01
3.485885585810641341e-01
6.461786696483634573e-01
4.193290415450438013e-01
2.369285173023490121e-01
3.184433164128595561e-01
5.923076923076923128e-01
2.866329674273921380e-01
5.704605451213154987e-01
4.993107880490187389e-01
6.198299308062175106e-01
3.248407643312101190e-01
2.466875451698385957e-01
6.012011227196308871e-01
5.342003639753205579e-01
4.118864021064509440e-01
3.941934008991845317e-01
6.550943524102317284e-01
5.469534720598551170e-01
4.809368166459730420e-01
3.553618487735658582e-01
4.792434291328911966e-01
2.930852930852931304e-01
3.191264263583466487e-01
3.589225352320855600e-01
3.084022915340546289e-01
4.969161768742676455e-01
4.014598617408435266e-01
6.840302056757405769e-01
3.713836374954950226e-01
5.411255411255411207e-01
5.070614902893412212e-01
3.621711895697362626e-01
4.642623498871961685e-01
3.748739039341973389e-01
3.023992002665777945e-01
5.629867155290882996e-01
3.656807121673248395e-01
3.351254480286736670e-01
2.598373449437278992e-01
5.085803784669854499e-01
2.947225162558597122e-01
5.059225697312659253e-01
2.845409449459217477e-01
5.142432499380726885e-01
4.860689120175836764e-01
2.109676811457646128e-01
2.226666666666666794e-01
4.814240736255752107e-01
5.445088876887314022e-01
3.709724623715454084e-01
6.639567315284791160e-01
3.402650655341583619e-01
5.162004609336166006e-01
5.671087046299271295e-01
6.562199400324438825e-01
6.119079049513185264e-01
3.849216433714526819e-01
3.986329460013670056e-01
4.473752129252051568e-01
5.931560693641618753e-01
3.426772578762801169e-01
5.849206875954071627e-01
4.046218278762421794e-01
3.756982101583050682e-01
5.166345536287731965e-01
3.434020044543429351e-01
5.950136243150285775e-01
2.845061680502754542e-01
4.989876587211016234e-01
5.054449769361238909e-01
3.213409049290347763e-01
4.866356425967262589e-01
4.994665715700518094e-01
4.469501625602593786e-01
2.463878908340341733e-01
6.540065844099718362e-01
4.024622457823066046e-01
4.741655881906838843e-01
4.264799490770210255e-01
5.008285617267016487e-01
1.932522557865830881e-01
4.241409404861836152e-01
5.001279774903070185e-01
4.421804964803543458e-01
4.963169685626425687e-01
4.320286099468714225e-01
3.534752108748538402e-01
5.859048220345670632e-01
4.884140366871876360e-01
5.031819774913726118e-01
6.263475145042470826e-01
5.633141568236911256e-01
2.775884665792923145e-01
4.689516824185402943e-01
4.855930595136868089e-01
3.792833676875350113e-01
6.643243791180942770e-01
2.745000573547967671e-01
3.731264155689900663e-01
5.136600625651721597e-01
6.611098424297784382e-01
5.065565171780749276e-01
2.199383723037883764e-01
5.930839629015416392e-01
3.864087256016240368e-01
4.127667379615110321e-01
3.842491191315112742e-01
2.729130180969061015e-01
5.117917984573552292e-01
2.555782736243220610e-01
4.668247204690352814e-01
3.698906632094878799e-01
5.141209522401302134e-01
5.738002594033722037e-01
2.986087546657618663e-01
5.984858959398706713e-01
7.090789342082757241e-01
4.070476003273460486e-01
5.024450996540741343e-01
3.581643275818705008e-01
5.043995334238463579e-01
5.518952037612679939e-01
6.231812169312169747e-01
3.908831540038050778e-01
7.125890380566056725e-01
4.186920251346503141e-01
4.984102642100067815e-01
3.594448500700476723e-01
1.821873308067133990e-01
6.142132340647504796e-01
3.887313291737567456e-01
5.588024227114849474e-01
3.708562386784597376e-01
1.941119378841799081e-01
4.574355995960439625e-01
6.404006461384871285e-01
4.241667890177653888e-01
