1.953995461579909776e+00
6.172817307670417364e-01
2.999260375535277579e+00
1.294699545787433514e+00
8.041660349384742723e-01
5.646331484039630588e-01
4.898015989412447535e-01
6.223198794219755303e-01
7.528806987898704062e-01
6.622752457647197444e-01
2.264314585919451339e+00
1.392548440617796146e+00
8.162716176065968332e-01
5.862571158198757182e-01
4.802995463759059946e-01
2.643240459306425150e-01
6.318585262648767076e-01
3.862708985915379589e-01
7.459521859283066991e-01
5.457148493311088089e-01
4.616062730105952028e-01
4.702926750297071745e-01
5.091341165314019479e-01
1.167904912585052912e+00
1.064073816052692578e+00
1.990070869101871143e+00
9.059372714993920717e-01
4.805759505113409435e-01
1.120988097739945122e+00
4.263207529449893340e-01
6.114352776411664525e-01
6.393328940496073587e-01
1.325430387795577980e+00
4.155999718414277733e-01
5.414723497456227497e-01
6.819803174081902064e-01
7.767555755491419855e-01
5.738924262240765461e-01
6.100786430884245215e-01
5.161253066768251019e-01
3.503891505867730571e-01
5.639819206542879826e-01
8.118481957209040534e-01
5.335563402029726010e-01
1.109489481728157312e+00
6.708334275596253837e-01
2.732188664781388887e+00
2.416992616547267936e+00
4.039763974401151536e-01
4.170082393895441220e-01
1.488953587502535703e+00
8.738668537648505152e-01
8.886133660040524962e-01
5.550385138572160315e-01
8.499680334056820552e-01
1.123184184393285934e+00
7.927543151655100928e-01
8.715573941930748747e-01
5.245079069891909196e-01
1.610045961708845175e+00
8.433566341476301798e-01
6.036395774748234411e-01
5.508876024286171180e-01
6.353580309452123709e-01
1.026835649353717406e+00
4.691526565273412275e-01
4.724265531189433265e-01
1.893873318437641950e+00
9.438905576387828233e-01
3.885836703902781908e-01
3.970305923751050181e-01
5.156178603378615000e-01
1.372052762440595597e+00
6.504128064940186693e-01
2.376768649595252469e+00
2.749917594980841873e+00
5.989250530048266796e-01
9.285874692778082196e-01
7.158366981049769651e-01
9.705045590639257425e-01
5.582296832434031630e-01
9.418974854178862044e-01
4.386048547392285557e-01
1.827779405918430022e+00
7.031386878789085415e-01
5.005800074134258981e-01
1.075986209945043459e+00
1.570589501885346628e+00
5.053938081686725203e-01
5.894183911635334505e-01
3.945215220194328021e-01
2.100781295109443558e+00
1.049197834055257239e+00
1.528558014984536806e+00
4.907804243244667797e-01
4.781881183229644283e-01
5.050857829599976201e-01
4.588200002797661048e-01
1.474728688062259208e+00
5.015447167289686092e-01
7.549735316562504739e-01
1.432261920753068241e+00
3.031446730745860907e-01
2.597838872152302137e-01
2.508120552065420839e+00
4.495905514686494020e-01
5.246533221334847008e-01
1.238818938468919439e+00
7.864113772273898517e-01
1.964939250977892016e+00
2.725569914007559547e+00
1.738278001568875686e+00
6.061458306187844647e-01
6.314012855306950778e-01
6.769278736869889235e-01
1.535016295025832811e+00
1.129445145757630442e+00
1.972181148298394859e+00
5.895098003218323113e-01
1.674497619606804433e+00
1.545486206813853514e+00
5.502371895048751016e-01
9.404221752224192210e-01
1.369085164026957679e+00
1.021816034838042953e+00
7.405787455802718133e-01
7.612016049878784774e-01
5.912284660692442850e-01
2.658194160251821536e+00
7.588896005001080081e-01
7.605643036522746758e-01
1.469453595208485730e+00
7.196934457054396939e-01
1.736725813876655922e+00
9.781085640180999796e-01
2.072928271888700991e+00
8.283727872091893873e-01
1.688409615517031170e+00
2.027286308414538940e+00
1.940895483890564321e+00
1.052253931118354302e+00
1.498668141181131785e+00
2.078802769441287612e+00
8.017340439444274880e-01
9.484192782369020858e-01
1.180481440611704791e+00
1.656180456249704891e+00
1.145810733016799920e+00
1.289452530540010855e+00
5.767906637075781440e-01
8.722965887170122112e-01
5.320058976333251755e-01
1.866726535261282072e+00
1.863721028644558908e+00
1.470510226879449212e+00
1.127934668794851047e+00
7.502235857318009238e-01
6.530943688248030954e-01
6.423896098182192427e-01
1.175966337271996842e+00
9.770757326488831440e-01
1.107720262391694410e+00
1.198087039553473732e+00
1.462918990231785177e+00
2.405121986468259365e+00
1.812025597162767454e+00
1.110621317086907256e+00
1.499669708896986808e+00
6.259503730934524723e-01
1.423798824617742209e+00
1.309325657017677447e+00
1.896516509453965327e+00
1.158631680177278911e+00
1.241473049385498628e+00
2.043621177143859047e+00
9.580762023459766796e-01
9.822895484878163552e-01
1.951448043372606911e+00
1.856112848435596208e+00
1.991217338018189231e+00
1.178963519642690194e+00
1.348712587849693723e+00
2.911498306476123066e+00
1.841756484612315781e+00
6.473357034746018979e-01
1.181511286425641849e+00
1.074773102115872847e+00
2.800710886077753869e+00
1.394364730882333703e+00
5.638918335878525534e-01
7.797623957984456400e-01
3.582497584135507118e+00
6.753638575798788235e-01
6.499079877131583860e-01
8.016599607931016447e-01
1.022332702606234989e+00
6.006922906234383186e-01
1.609112281360145502e+00
1.652617617790237858e+00
8.517910797295514813e-01
7.364591520004439840e-01
6.304086638904738971e-01
9.401569873008436273e-01
1.196800628554733681e+00
1.777605207027612932e+00
1.031399052268908711e+00
7.122332162307858372e-01
8.106927950306209718e-01
1.321113518031792333e+00
1.163061895595133066e+00
7.922473356682107060e-01
1.280459345892694278e+00
9.129629649632992061e-01
2.038190141372625330e+00
5.257345463753128056e-01
1.841170528853061983e+00
2.447500522538964329e+00
1.089422557888604981e+00
5.215324355174107973e-01
6.709135272069368661e-01
1.045750017888286587e+00
8.737970046804658386e-01
1.167031791426397014e+00
1.034893648242835917e+00
1.158992077638366425e+00
5.090427073731031982e-01
5.485822155337706230e-01
2.044404148358557993e+00
5.430418756560801974e-01
5.608273455456631584e-01
6.069201743014585038e-01
4.888301893906690787e-01
7.604674603791805598e-01
1.804113390747335233e+00
1.107283255579034842e+00
8.838150922405236809e-01
1.174981674391377684e+00
9.066434931283919862e-01
1.182653894696354291e+00
6.417037754400243266e-01
1.513116149734640814e+00
4.124499929303137580e-01
6.586295182379002799e-01
8.734024237115739497e-01
5.863513315348662935e-01
2.134437175569727341e+00
1.299772649055156215e+00
6.384953733439927559e-01
9.234551049078839613e-01
1.283371950427007357e+00
3.018610905945108835e-01
3.200658350850676293e+00
2.009733570785540380e+00
4.998132585619863844e-01
3.362651353363517615e+00
5.580570016146835233e-01
1.084408342178548645e+00
3.655370682557803064e-01
6.949961697201318955e-01
6.902265580736820505e-01
1.497754566261360054e+00
1.172438861164641466e+00
1.150039343048158358e+00
2.876274742400885209e+00
1.901762506118836793e+00
1.952270033620350009e+00
6.265738675170373639e-01
2.901506814229160458e+00
2.278699580018991533e+00
3.039478176619569094e+00
1.909008693508160048e+00
2.173351340722726288e+00
1.641306056663708768e+00
3.486539091058250328e+00
2.108491699506869654e+00
3.803732460363595247e-01
3.094939204622264572e+00
3.993418440111242140e-01
1.501394353531186221e+00
1.359957258269079095e+00
2.005734541015763650e+00
2.298560749459185981e+00
2.401557440390404530e+00
2.185745085606831228e+00
3.225980625616062358e+00
2.505217854561180513e+00
2.360297799073781011e+00
1.895803705594433897e+00
2.794180551776293431e+00
9.550981033160930167e-01
1.585122314125487764e+00
1.420490846806006902e+00
2.340410801756284798e+00
1.318276544484686896e+00
2.071067020412006077e+00
7.322877334247930303e-01
1.984063250100627673e+00
8.986017119210506499e-01
1.935612265236469121e+00
2.269684322929040654e+00
2.232947783243284690e+00
1.294298957418709595e+00
2.815867393689515552e+00
2.111027149541630177e+00
1.628752873138612944e+00
4.015502943357480703e-01
4.643139290026959687e-01
3.576453603102033862e-01
5.650987453491574941e-01
4.586745851354723236e-01
3.221845027941783735e-01
3.372816885599288494e-01
3.544868915232373130e-01
7.429864722313832548e-01
5.590870264272086443e-01
3.705686956742694216e-01
4.606088630958314334e-01
5.217390884796346828e-01
5.575021562276295528e-01
8.292767312013630265e-01
4.748814278350128593e-01
2.034395054348598908e+00
5.500385932134269629e-01
6.301034452384907114e-01
6.068075530535141926e-01
4.774108747864702629e-01
7.060890535827017978e-01
5.486715925819360962e-01
1.317498313251104003e+00
6.676154253747408340e-01
2.768973449033395262e+00
4.562551318738556350e-01
3.688771455267058741e+00
7.422051773305442524e-01
1.500425468088992131e+00
4.517579081230956861e-01
3.462767461994131768e+00
2.226881779159978425e+00
2.639209600152687241e+00
4.499229433079302565e-01
9.220324276731682867e-01
3.814156747781669576e+00
4.469340949058518420e-01
1.887647851005787247e+00
1.109454060273704190e+00
4.449955274802179783e-01
4.110167464480455890e-01
5.517318233692646290e-01
6.940575540659057463e-01
6.707556463147570369e-01
1.690221530363635205e+00
9.981636445509139977e-01
2.950065365110827287e+00
3.312456715763544945e+00
4.261724379468754265e-01
4.110930071019180509e+00
4.354673812535627686e-01
7.125804410564330338e-01
1.200593303352453844e+00
5.774456859072748527e-01
3.044495862451017665e+00
1.584898037280531025e+00
2.933620761751676298e+00
4.614888200567342835e+00
3.050872467423873413e+00
2.550544665095660246e+00
1.685603374729399695e+00
2.775606858069488148e-01
2.631068852375138434e+00
1.775446490351017648e+00
8.134920391796089945e-01
9.750416833880211076e-01
4.312054091537079969e+00
4.646377321862212306e-01
2.351057559039583023e+00
9.834391464269215399e-01
1.769075872963947749e+00
4.611882541120795875e-01
1.301043637471227532e+00
6.455511398490174635e-01
5.386731055966350601e-01
1.078630998999677182e+00
8.526113677253216450e-01
1.116150179110041663e+00
4.822524088678072918e-01
8.870984039911993246e-01
2.363514786271890267e-01
4.713871414109404578e-01
4.198698030348793631e-01
1.245346355056338394e+00
5.717121263250605212e-01
7.037966099324252101e-01
4.520126322883695202e-01
1.122602356311781291e+00
6.126080900398820361e-01
5.581129893185294844e-01
1.070255098922344272e+00
1.445491296266384840e+00
5.572769515214979208e-01
5.042336948923991091e-01
9.894936299909550259e-01
4.534319547799904315e-01
6.081380435526571038e-01
1.689586346839624609e+00
9.552909679007598465e-01
4.825250126220292368e-01
1.327689110703477393e+00
5.555481209126189590e-01
1.727278804026678882e+00
5.474653908389011114e-01
5.527106487524864331e-01
5.633725422983819620e-01
6.248847478278861667e-01
5.983311705922289558e-01
1.173923871791670903e+00
1.525766655478524303e+00
3.094525143543923607e-01
5.910474504719092081e-01
1.034327678900199832e+00
3.552442311961352406e+00
7.817473130493154398e-01
4.930487560312778461e-01
3.471894846169632842e+00
8.301039575330957376e-01
3.744148872601531508e-01
1.295174874617155636e+00
5.025795298160365965e-01
2.827820107756567891e-01
3.187786214364882742e+00
1.035986165409440662e+00
9.612009444593739849e-01
7.252515452758315773e-01
1.004807274366508851e+00
7.226586121457732048e-01
1.472620853242057049e+00
4.228918411202405303e-01
4.910425333936342396e-01
8.686283338760550921e-01
5.498575776160919970e-01
3.598003767819637044e+00
3.782094739045940290e-01
5.121171828344164290e-01
1.334977124484966859e+00
7.091919492741148856e-01
2.662019575275309524e-01
5.707638514796399276e-01
5.085890880215462317e-01
4.446574292304253939e-01
5.977931243489481572e-01
1.161850939330487442e+00
4.197257775020401538e-01
1.034221235538252515e+00
9.375000638963817412e-01
1.649061393219686256e+00
9.352438665393988382e-01
1.083091237066366341e+00
5.073650761935274422e-01
1.231517961979330611e+00
5.493976870814094582e-01
4.389025642614372003e-01
6.706196180659409478e-01
1.678444966794407467e+00
4.598344261160290936e-01
6.073568710286446626e-01
1.129697128793939687e+00
8.596317778994326808e-01
1.555023099382268459e+00
5.139701232008152543e-01
1.194117887493411079e+00
5.537695146806784763e-01
7.220234715266086178e-01
6.759864276829071761e-01
9.488728975884591632e-01
4.540188549260131268e-01
6.421313011302646201e-01
5.738713398609762706e-01
7.122488152070480805e-01
5.513541931983326760e-01
5.332169380431853734e-01
7.393060110560540910e-01
1.832584041382008255e+00
5.256807193879062812e-01
1.480211187377954651e+00
1.205733251898593483e+00
7.225041783640033799e-01
5.049941948031104744e-01
1.089577429432341038e+00
8.654651087821502164e-01
8.564771375476112336e-01
4.818774062549787685e-01
4.341321806939001937e-01
4.638043219472931522e-01
9.122137270486119220e-01
4.092434166448966071e-01
2.741816473975452695e+00
4.323023055286921434e-01
6.989502875765457590e-01
8.476913677302556627e-01
5.391313623977351810e-01
1.021578902930556643e+00
8.648564473449313894e-01
9.946113892091386077e-01
7.253813614438635593e-01
9.936363582759382140e-01
5.486061484786479703e-01
4.468425067489647518e-01
4.230324679899916673e-01
9.354706474512417547e-01
6.802345641749406591e-01
4.101082038349369574e-01
5.021758059837881927e-01
3.134811277584132472e-01
1.097273013833343525e+00
1.558760160945760642e+00
6.825949508803030863e-01
9.646680620765738512e-01
4.320308745975795506e-01
7.313061014848796226e-01
6.189033742427715312e-01
8.549641245397217038e-01
7.521352612563959594e-01
1.184912371627171890e+00
5.583511654428198190e-01
1.388409092961359503e+00
1.332348642223962765e+00
1.246298251284383651e+00
6.205480325274094211e-01
7.636825627102450387e-01
1.079294022863821700e+00
7.152971970070447494e-01
1.538068640008135368e+00
1.262959202419542848e+00
1.198144200080428545e+00
9.429440273426423769e-01
1.724286460322810743e+00
4.936168581989868742e-01
3.389616312254009056e+00
3.023938961597707475e+00
9.767724957147507769e-01
1.517286657381275550e+00
3.836982950795427172e+00
2.571132700045787534e+00
2.283057199585231789e+00
3.885459305333821001e-01
1.894688480829620492e+00
3.372559534719531182e+00
3.196007635425641258e+00
4.406317048437331962e+00
1.113007325978100592e+00
1.032644520308700686e+00
4.065420318359213581e-01
1.049163856680778828e+00
1.533822510865585187e+00
6.213814427663376661e-01
1.739560766417063364e+00
1.305708443920019501e+00
6.129450154665652128e-01
1.404242219746229203e+00
1.800279362508936165e+00
2.473893921653095962e+00
6.972999228813960837e-01
4.631923160332838130e-01
5.446362526473839116e-01
1.244308539827779780e+00
7.827725495872980277e-01
8.402936471958922793e-01
8.860281694496786598e-01
6.136060485991798874e-01
1.128738184991249671e+00
1.199695657142524352e+00
6.107551496734832108e-01
5.280671997545853813e-01
6.181914462032599422e-01
7.027283571087554748e-01
1.454227997954812279e-01
1.438897886057331599e+00
9.560181344387774782e-01
4.208856184825969793e-01
7.974473552501446516e-01
6.554270222040752270e-01
2.355992888620229486e+00
5.077804675339396834e-01
1.287032279038672344e+00
1.329964163848867509e+00
1.018372642473528433e+00
3.131843762505634565e+00
1.258426801126793393e+00
2.051727153477594712e+00
2.134862838723575518e+00
3.427150742643499726e+00
9.229529136851271076e-01
1.395198967278631352e+00
6.280433956134403584e-01
4.449812324139506559e-01
5.750786048980707221e-01
1.255821609236496217e+00
8.791208793327796034e-01
1.312036494685475896e+00
8.417948986532063360e-01
8.708875878430489825e-01
6.258253451999634676e-01
1.907766466903884073e+00
1.386996866491704727e+00
7.333021592610562411e-01
5.030582549355802069e-01
5.655193918057767055e-01
8.208692691531312979e-01
7.869851551302544657e-01
1.088725885956175921e+00
3.263571346976757326e+00
3.416247672835743820e+00
1.589288388364040516e+00
1.588601570816343900e+00
6.268486862681943883e+00
2.368104245679422348e+00
1.150562660659100622e+00
2.013468084555718907e+00
6.745466484365170157e-01
4.896076119257511960e-01
2.989927444845388749e+00
1.623392022924935008e+00
1.031902877225247872e+00
3.772096200871364324e+00
2.611784912438204209e+00
2.253795659510123617e+00
2.086754840257444510e+00
3.646993446119220827e+00
2.705704062509746155e+00
1.302670095249947257e+00
2.305128814015028116e+00
1.512125967578864305e+00
6.655814694110071539e-01
8.284445528878855436e-01
1.642622908847797936e+00
2.213514371631475353e+00
3.028284273214669753e+00
8.457711201361158837e-01
1.157080164012842305e+00
2.247527226106156739e+00
2.146865123509501316e+00
3.027257644972125572e+00
3.223286844608966195e+00
1.930513065771090053e+00
2.793632300594797613e+00
2.779020285794683520e+00
5.288484226708802804e-01
1.159425874511732735e+00
5.010754984011497326e-01
2.170343911414329252e+00
1.800135160947456292e+00
2.890814451437337063e+00
2.785555367634468205e+00
1.082676884011566365e+00
1.124707927789889927e+00
6.963286923294084163e-01
6.460337314031268097e-01
7.153483964363479553e-01
8.258052912451753214e-01
1.243135528156743552e+00
9.353577539075806913e-01
1.082202698410616337e+00
7.254488376572850727e-01
6.742202176948883796e-01
2.218451273873307539e+00
1.395021056456406283e+00
2.244132984569170652e+00
7.595472502579081464e-01
1.468709802063613123e+00
7.578791258700571243e-01
7.216456623570886020e-01
5.143697365663773002e-01
1.053055763188888161e+00
6.884387764480749405e-01
7.900689583847041453e-01
2.707864215987939804e+00
7.789480689003277503e-01
1.203394865903885114e+00
1.320949518355956309e+00
1.728110163043791614e+00
4.905733150658152519e-01
7.922603070863690755e-01
2.409070496782518944e+00
5.611053834146804142e-01
1.523983973694880145e+00
1.753294534135965366e+00
4.541808474403898899e+00
1.181675963909333715e+00
5.547120831155873955e-01
7.854872295794687709e+00
1.801383657564660012e+00
3.659131479940905152e+00
3.597239606270483225e+00
1.604420677971921450e+00
1.019234115201456126e+00
1.162569898068110286e+00
5.576949704200137026e-01
8.470748282288439457e-01
1.210765227301351166e+00
5.146177295678656671e-01
9.697773421336255417e-01
4.706236241914882434e+00
3.490580762134112724e+00
2.308384264218359849e+00
2.140645499463520895e+00
2.695444137375366367e+00
1.488829350987764366e+00
3.222205596753853207e+00
5.388718808866711507e-01
1.901604232082721779e+00
1.006579300259663023e+00
6.094955373924233477e-01
1.606670962427798832e+00
1.438477898542317890e+00
1.155204680313020482e+00
8.450368928853092543e-01
1.217100721233236316e+00
2.519122459402747261e+00
8.318129374901946926e-01
2.663332008719347943e+00
5.109061424245563421e-01
1.549984156473842578e+00
7.064714720281765059e-01
1.131308759807672093e+00
1.348784136740044826e+00
1.586773289647869456e+00
1.921179557402666438e+00
9.604001384631878357e-01
2.897076226240335561e+00
2.141712739517023234e+00
8.510896463750943219e-01
1.675416722004596348e+00
1.108285857150943299e+00
4.209886431800524242e+00
1.566869232789153132e+00
1.832936334299597680e+00
4.732981913690159637e-01
3.305242004663021316e+00
1.669739966481722515e+00
1.284741996104834749e+00
1.517516151552681825e+00
3.026269494165374940e+00
6.960560885751864157e-01
5.879217755812927715e-01
6.039372869970321966e-01
1.136400925103620452e+00
8.586582358060066422e-01
9.509261878761351428e-01
5.305943978075640111e-01
4.882966493903889149e-01
4.206198435697136584e-01
9.540681288958504647e-01
6.535095811666270516e-01
6.679358950187174182e-01
4.820134995373274167e-01
2.081693677773698070e+00
4.565837233319234856e-01
1.106346430438284845e+00
4.989846365976009501e-01
9.939484939512995831e-01
4.949100303662919975e-01
7.908966622131206048e-01
4.721869222596589699e-01
1.463619091502659009e+00
9.657899412968007358e-01
1.366853489960817791e+00
7.372160673884743387e-01
9.636175805092797031e-01
1.080145710029398076e+00
1.056537813255945313e+00
1.294257329243992727e+00
1.148231129710655329e+00
6.954653880479511052e-01
7.904216617862376282e-01
4.768316627688105602e-01
4.578815636241280185e-01
4.187529132164702350e-01
5.616362958568570374e-01
8.285444750133881264e-01
7.213981643708531344e-01
7.358921334349532994e-01
4.663179909239004162e-01
1.194066643020185586e-01
5.963692032363921980e-01
5.649559577629671425e-01
5.216164288430634732e-01
7.960217393567045052e-01
7.366311489603027951e-01
1.078062966335932682e+00
1.166120104927347745e+00
5.826005284870824363e-01
9.382071304320889205e-01
6.296320661942323982e-01
9.539318847885023267e-01
2.087517189844591670e+00
9.068170928930807673e-01
1.235487242645698203e+00
6.554483275908490336e-01
1.750946988370875479e+00
6.624414994541231172e-01
1.906762692695269212e+00
1.752778941658074574e+00
1.358751551189449014e+00
2.104846255677243150e+00
1.146008925925645849e+00
7.680895607808350123e-01
3.239692378723401767e+00
5.198257451846784782e+00
2.439519258024372306e+00
1.166416885658567715e+00
3.319232222104864238e+00
1.817622180512972196e+00
1.235348709215605023e+00
1.551969428271277929e+00
8.498784269666458391e-01
1.805790034857647886e+00
3.149280697616994029e+00
2.526756911282346252e+00
2.211798214092183912e+00
4.326933636385990489e+00
3.214564463398038363e+00
1.785443485416486009e+00
3.606819207512086400e+00
6.829318763069862630e-01
3.197249208145778177e+00
1.743149114649805487e+00
4.324328177516901128e+00
1.540640513083844532e+00
3.453423349951370902e+00
3.013131643996455722e+00
2.526558970413762761e+00
1.394014834037491823e+00
1.579185618733231378e+00
9.824258858922929605e-01
7.191646939797022853e-01
6.631273338323182553e-01
7.488592630506960557e-01
6.807692266060476616e-01
6.041443962556836134e-01
7.094124654777423933e-01
6.088415090172477617e-01
6.060030430325942241e-01
7.489950403163798676e-01
1.662449196535823681e+00
7.160091250465562274e-01
1.023838645981612228e+00
5.820109503906738535e-01
1.853832885809998832e+00
9.426764972254595421e-01
1.442790736296250431e+00
1.234562294642165270e+00
6.140076551768516300e-01
6.944624507212635578e-01
1.064879031016206179e+00
9.327767983711595656e-01
1.664248333526376467e+00
5.510615603519081418e+00
1.183383370926756495e+00
7.320507301236122144e-01
1.506860369929437615e+00
6.690036810007229384e-01
4.422157617622167081e+00
5.155167185741499347e-01
8.964395538198060009e-01
9.316824518861736015e-01
1.018979923937348264e+00
8.101592550303411411e-01
4.911068550660954157e-01
8.337873726927818030e-01
5.613134864978530647e-01
9.701011595762720763e-02
1.153875574919107083e-01
8.277220451786717614e-01
5.458745595416698571e-01
1.099771817959540043e-01
6.626852029903369523e-01
1.139953780179837395e+00
5.727301735439481734e-01
1.334233972960139625e-01
4.994251337060000573e-01
6.778938579936545361e-01
1.610029604069584397e-01
1.319120053414623850e-01
1.447279890381703293e-01
4.294003615317775191e-01
1.029983085669238102e-01
5.021399840446510998e-01
4.911009891548307471e-01
3.532585350415468062e-01
2.375920377509078141e-01
4.615758246408069865e-01
3.495358982565994199e-01
5.659731595149919414e-01
3.913158760878104880e-01
6.921731378187833128e-01
3.791882992878159997e-01
5.500108154262456361e-01
3.948501134775007637e-01
2.947997033804340972e-01
5.508431032343468203e-01
7.501132628790507795e-01
1.317907742628923407e+00
4.316886658811005528e-01
4.296076209547499691e-01
2.736999481716653193e-01
4.058457316069389864e-01
2.964847503926559269e-01
4.021293968587842382e-01
1.061793495257985276e+00
1.355380752777581188e+00
3.664689836749736029e-01
7.136277884603717814e-01
3.683362191076397507e-01
9.682548875772087893e-01
2.583234403403002477e-01
6.836906920918329744e-01
3.889225668797928193e-01
3.952394111565964985e-01
9.390903196056046287e-01
7.395186512343960850e-01
5.205798260355235518e-01
1.449625010294316896e+00
5.636274251885111664e-01
2.046780171803935233e-01
5.219430385832803942e-01
5.449600558309092291e-01
4.290611095363112137e-01
9.962407208132310066e-01
4.853780837584237284e-01
1.019185543330256127e+00
7.611332932805965346e-01
1.046326384520646524e+00
8.720567788591397917e-01
6.155610833017788330e-01
1.002772579265394093e+00
8.624659446936058238e-01
1.489169704067226707e+00
8.033517080403562716e-01
5.562339552908140972e-01
1.037807230015459270e+00
1.274379539111858639e+00
7.997699652386675018e-01
8.813292439559438085e-01
1.399297608878772525e+00
4.285775961422247926e-01
1.699805332507362987e+00
4.371438396100290058e-01
7.082359030900965413e-01
7.452131704029569814e-01
5.307188680428400751e-01
6.450972658103200086e-01
9.624781267795274875e-01
5.685352520051406566e-01
2.314226089253787144e+00
9.586332588417524336e-01
8.363067354431290568e-01
6.764885494016994461e-01
5.416505587862661120e-01
1.072057018858028288e+00
8.257397967496050706e-01
1.843227165852676874e+00
4.920270651873679957e-01
5.052667985573325860e-01
5.715992327813994578e-01
4.244005910523093172e-01
4.023220104603184577e-01
6.719817800306067124e-01
6.265085520200549540e-01
1.876319101065022643e+00
1.219279017195707748e+00
5.826060558990060478e-01
5.873609690965867491e-01
6.721219400586935233e-01
5.500515646315854434e-01
7.310745322984939509e-01
4.384976676060793332e-01
6.882316671894233018e-01
1.139450359830479487e+00
1.291386189259236206e+00
2.480525927108865769e+00
7.473375417004686216e-01
5.748248297975184773e-01
4.146314621446722803e-01
4.449300329846473945e-01
6.536764806962828134e-01
6.613985032234395156e-01
6.976208262111012193e-01
5.121683822637195238e-01
5.196663729078540017e-01
5.497633619011014217e-01
3.673834873857343419e-01
5.542454923458719485e-01
1.014796152552898345e+00
9.478202437410514491e-01
4.819259781261784892e-01
1.087803755164354236e+00
4.068658350194467310e-01
5.255678258442453288e-01
5.705336075158332632e-01
6.686667555740398727e-01
1.709765841534839126e+00
5.945863559864988934e-01
6.482611687120813926e-01
6.385137788769464917e-01
6.997994757903240881e-01
5.105823392410311357e-01
5.818692010900958778e-01
1.766784548259640486e+00
1.537001092127059598e+00
7.849277330633076533e-01
1.492098509697106001e+00
6.885984866586359887e-01
1.020124158984482721e+00
2.183896379577387137e+00
5.801485536248329744e-01
1.022255230517026936e+00
1.638913635846164008e+00
5.293542293450702596e-01
3.502975624298859669e-01
2.199339906803126077e+00
4.351909771181279307e-01
1.469720313553607660e+00
6.045193988685121367e-01
7.791449557696412676e-01
5.040670676584599885e-01
6.311716980621603357e-01
6.357742577794849304e-01
7.529993637775755921e-01
1.134904897833761028e+00
5.243139199736974732e-01
1.066780694078804048e+00
5.421225836707765922e-01
1.459630546016313257e+00
6.849333106700870033e-01
2.241401488372304573e+00
4.490345332584858573e-01
7.447140580326089276e-01
1.653054076416493601e+00
5.583855930727514849e-01
5.984538529591565403e-01
6.268387831428965384e-01
2.071075630556822311e+00
6.019545304626016113e-01
9.824098578641237145e-01
5.123137974080134160e-01
6.768233141119434082e-01
4.851410804572429125e-01
4.454504507417695325e-01
6.160147026533356884e-01
9.118126307744667258e-01
6.134654332236875174e-01
9.861010577566282631e-01
7.988580890860101924e-01
1.108354251500333953e+00
1.025419312417376494e+00
6.067448651146353233e-01
5.628603076848757159e-01
1.279389926177106451e+00
1.662349879010204923e+00
4.626362978231203793e-01
9.040546917776041136e-01
4.371737336525584050e-01
1.348435180273569733e-01
4.109012253462813180e-01
4.659429883110720039e-01
9.406003842630624723e-01
5.295864443717085424e-01
1.492904409329480542e+00
4.693364786813677414e-01
6.398247414123089394e-01
2.256675821957996320e+00
1.298327542987692373e+00
6.214195199524827906e-01
1.301494779429001936e+00
6.175651452229831140e-01
1.534055725011244098e+00
7.980383280730968254e-01
6.591087153048553748e-01
1.300177855795987547e+00
9.166185644027625701e-01
4.376403244222739630e-01
1.788786707594800074e+00
7.848895050521630390e-01
9.246817442940059584e-01
4.617490605967856099e-01
5.739402201292871375e-01
6.125781959973525259e-01
5.390884969370473012e-01
4.017256035225713062e-01
4.244217174404950055e-01
5.236204907642678652e-01
7.508264206088645087e-01
6.801572710843208913e-01
1.293608848948667900e+00
9.501612310889386848e-01
5.142640323418110615e-01
7.127940227154919706e-01
6.844640923422681267e-01
7.329707612462966759e-01
6.386292999787108737e-01
1.006543699806621950e+00
4.176301274239486716e-01
1.936287360807482205e+00
1.680555146335687589e+00
3.992578506854713716e-01
7.471988267912077486e-01
1.096805027430975077e+00
6.259477455353489317e-01
1.445079943408114520e+00
1.558224323746583151e+00
4.891895930272355253e-01
5.582940049158643392e-01
8.388061093534691093e-01
7.234071935651884555e-01
1.173257047546313547e+00
1.210915609718775876e+00
1.025356294654909961e+00
1.404468288745435833e+00
3.004534110723047213e+00
4.594975006893459724e-01
1.895142615608281567e+00
4.805339221189833254e-01
3.899013922630146789e-01
4.271082470444100831e-01
5.723111608209111578e-01
4.870555647736782845e-01
1.182135110672814182e+00
4.214976243966062075e-01
1.409387928262745948e+00
6.099217394345550769e-01
6.047329360664799314e-01
6.691230024837002688e-01
5.093691381147318342e-01
6.157420988991139099e-01
7.747754465728149409e-01
8.584344480451122639e-01
8.899411594411275050e-01
1.464267946381370811e+00
9.777445511055790073e-01
1.050285469650191095e+00
3.791323115839699831e-01
1.104813091972176586e+00
4.736375935288033023e-01
3.831676515185221121e-01
4.765236375601356045e-01
1.223598031905824390e+00
8.803448911607980598e-01
7.449892893449342468e-01
4.393179556018496079e-01
7.546341294964633573e-01
1.635070625400359523e+00
9.205487493142988642e-01
7.430364268530331717e-01
9.961544100149483105e-01
6.337721669211119346e-01
8.012692083790114994e-01
8.856687658131121577e-01
7.197468058511822253e-01
1.601503376225045461e+00
1.210401214388830304e+00
5.159741851220195352e-01
7.763102901662004562e-01
5.784553234689951973e-01
7.437957705268462005e-01
8.170869323980446408e-01
7.131716528864239235e-01
9.092083615343024006e-01
4.538356786122388353e-01
8.597604494179440504e-01
6.149086886601856650e-01
8.366900720245729062e-01
7.176867562261320943e-01
9.106872174238418438e-01
5.056848174558483677e-01
3.984806071489774837e-01
9.059922713099081149e-01
6.335043514414325783e-01
6.476621342162304229e-01
5.043821888891012462e-01
8.460566020113678976e-01
7.629789686393486647e-01
8.685149734907300356e-01
4.400884989033106431e-01
6.890734113969667618e-01
8.625612828394229048e-01
4.643139290026960797e-01
5.304093599255822467e-01
7.090719408871281049e-01
4.454004241355757898e-01
7.935882310747107704e-01
1.889979505900234447e+00
5.292626411881832249e-01
1.152177293814323988e+00
1.332073929994638251e+00
5.852270910073507082e-01
7.037910825205017096e-01
1.227161853252570545e+00
9.180984081856318202e-01
9.246687728758473668e-01
1.104546194628466482e+00
7.006867130166588575e-01
1.706401301774833845e+00
4.404933955586685101e-01
6.646109779964003428e-01
7.934856425624966514e-01
2.201711080182302993e+00
1.047422093482349936e+00
4.337073329540457878e-01
8.880452027890413103e-01
8.617730999949039239e-01
4.693494500995264440e-01
1.398868295320183863e+00
6.340959701046372521e-01
6.430172147084907142e-01
9.033435028754734919e-01
1.457912748012587967e+00
7.585126268244480885e-01
4.269511643919524646e-01
8.382221090612663739e-01
5.769846507230717014e-01
6.339661539366056031e-01
1.074384883962757664e+00
6.226764765018504288e-01
6.002911943492932334e-01
6.320563077303917865e-01
8.907996754480425050e-01
5.797173843095702050e-01
2.420778000937063634e+00
2.569838673124124284e+00
4.703021818214317418e-01
8.339767096219601328e-01
5.999291631546235237e-01
6.900417420951341363e-01
8.592627977137810014e-01
3.959157387430669583e-01
1.311509007505505808e+00
1.015627733473444927e+00
1.451299822941107154e+00
7.617950157153262625e-01
5.296376438010118592e-01
6.304180773850702746e-01
1.555570177168979162e+00
6.728345896270095938e-01
1.886611208663862005e+00
6.412576918173604756e-01
6.784796399047451354e-01
5.016389324439592956e-01
4.757844430361979349e-01
1.227556190189341256e+00
5.414510443588489430e-01
8.443717058241456686e-01
6.069818684158160282e-01
4.439512076014254238e-01
4.844908465320889590e-01
4.704177029231961238e-01
1.967283443200059656e+00
2.449107081047054546e+00
8.470765552595547199e-01
7.471361388523291014e-01
1.278201514802129068e+00
4.639640321578543114e-01
5.145878355253362679e-01
7.198383940080694821e-01
2.034535169750615324e+00
5.355092026948736761e-01
1.320979064414217197e+00
6.494126757240228365e-01
5.953815382142825241e-01
7.091635290440151396e-01
1.725617397735833780e+00
5.968247936507807827e-01
1.461685590578475802e+00
5.800057660386426228e-01
1.047222482698453527e+00
1.539981818715046469e+00
1.084409759123786010e+00
9.761788362313541523e-01
7.332973709865137080e-01
5.372810495894398963e-01
9.197090901346427483e-01
3.870995205559233932e-01
9.587760464279426742e-01
8.679923950171685165e-01
1.026414909599969949e+00
1.308354491499222227e+00
8.973332668621075703e-01
1.820779101893441387e+00
7.971422298952897112e-01
4.765618655712802743e-01
6.184879829023590680e-01
5.436062278348589016e-01
9.267599544900759767e-01
7.821818490600623841e-01
9.262213761619340069e-01
8.352576272897940246e-01
7.469075083483717181e-01
8.559060302273533427e-01
1.539597848786837586e+00
7.352920606534902870e-01
7.806873941942608086e-01
1.328320448996468395e+00
1.507328687729864169e+00
5.220884537275741755e-01
6.400115391087078942e-01
7.825410736980404902e-01
8.793854001015185551e-01
5.847222722264904249e-01
4.029211382532977281e-01
1.014593110039984758e+00
7.450022607630929494e-01
6.489265347718330412e-01
5.163596824199024882e-01
1.269194953224514144e+00
8.815642655392735838e-01
1.412784406668901482e+00
1.886916067767901994e+00
4.999586737062799990e-01
6.076450737591285733e-01
1.442526470214651191e+00
7.162461283477373764e-01
7.209066468317392173e-01
6.154967616293176569e-01
5.624449163444635857e-01
4.519184165733788339e-01
5.964981839105638617e-01
6.330446399053383244e-01
7.827398489880766919e-01
1.984284420055870246e+00
1.155365477645231342e+00
6.321075071596949924e-01
8.025419429032294438e-01
4.623077063650523622e-01
1.046668941221394311e+00
9.029494169218350574e-01
5.987776561426818578e-01
4.991226359092485465e-01
1.442205068075678387e+00
5.249771253170097962e-01
1.291531842504459737e+00
6.786081324246682200e-01
4.474437019612546584e-01
5.685508509814027889e-01
2.016008951189204090e+00
8.215811971926432200e-01
1.128328321062761042e+00
4.547857827760407035e-01
7.746599254710505589e-01
6.070985623406899290e-01
8.845388188750848979e-01
2.096213855483074706e+00
5.180911405868847686e-01
6.029845552751266213e-01
4.481963347450150792e-01
1.122523739573052293e+00
8.420697835557329203e-01
9.658074463023614831e-01
7.037611884779721994e-01
2.385941953621721012e+00
7.109305876640388266e-01
1.733886283007270990e+00
1.258344916091713284e+00
9.075233145220805708e-01
2.419340728606414803e+00
1.952462046748832281e+00
7.533444723478748273e-01
6.123198873093980144e-01
4.474006856755673445e-01
6.196935891974240107e-01
7.788723520154191560e-01
7.584371257980716541e-01
4.652523656583341660e-01
6.298690694954131031e-01
6.594968401608416464e-01
5.492967711313859747e-01
4.773036876533211514e-01
1.340084526776315288e+00
9.623914467934300276e-01
4.200495806855654157e-01
7.927282215041936420e-01
8.885847038869737480e-01
1.910180802126332900e+00
5.765677764740764211e-01
4.346677528043139671e-01
4.813725874741185962e-01
1.434471062023692900e+00
2.397355802862373597e+00
7.396381482081946235e-01
9.807744769803399265e-01
7.986258740593721317e-01
1.004908318922838051e+00
6.052966424050060246e-01
6.346817033587419665e-01
8.412590023516874904e-01
4.439224359897230299e-01
6.835950816502988081e-01
7.210090456903456291e-01
1.227233278542666506e+00
1.408767242876432180e+00
4.205235872879271031e-01
5.766478761213877924e-01
4.102593253897425796e-01
2.132414937634209195e+00
5.459874530853308094e-01
9.748018735301483551e-01
4.636103349317997058e-01
1.280021754569306891e+00
1.467844228609944013e+00
8.857902480125285916e-01
8.087399325387201188e-01
6.781389140968491214e-01
5.848520883945220739e-01
5.304093599255821356e-01
9.396619476074244970e-01
8.559740459171188975e-01
5.029545324288650088e-01
4.938800055537666545e-01
5.771144668911033504e-01
1.067028508081704352e+00
7.402145536691627781e-01
6.371469794627373506e-01
8.544829577468020521e-01
8.720239849627905437e-01
6.914728631818043425e-01
1.867236830092557032e+00
6.118234024971530571e-01
6.939118666258951018e-01
6.588492337937911225e-01
1.986244591206354437e+00
4.990740640380488258e-01
1.203741302108523259e+00
7.579537914025734624e-01
1.630678816992238156e+00
6.471929158884116573e-01
7.311149210260777798e-01
1.636340085487369755e+00
1.214728948305968670e+00
1.204661920222515059e+00
7.127024345586049359e-01
1.347989331330797347e+00
6.625964213901417432e-01
2.772410748787462076e+00
1.600139535766998300e+00
7.889892170514589687e-01
4.696246814118518742e-01
5.921073693269639504e-01
8.783491632082091050e-01
1.369060704099223313e+00
6.497924666113941150e-01
5.966308066352873363e-01
1.537436394127702499e+00
6.744012332922232345e-01
8.686613067709929581e-01
6.590575158755521690e-01
6.478991375174115719e-01
5.173541067793864245e-01
8.447682685108883760e-01
1.040449119216272811e+00
8.534800204201145046e-01
7.995506934565990154e-01
5.882372447962027628e-01
1.328462759992083964e+00
1.315831270053711144e+00
1.112518191874962481e+00
5.766634750976499246e-01
9.431979532681941114e-01
6.912358598806234156e-01
5.939743500724897762e-01
1.052232898027297248e+00
1.083890551979529659e+00
1.008009838965143068e+00
8.760698699746791718e-01
4.318842866301764727e-01
5.279600126214362144e-01
7.925173118643292769e-01
6.566259282641071504e-01
6.379790660535570312e-01
4.772654596421764817e-01
3.774676518225530408e-01
5.869728442406002555e-01
1.573504677630378268e+00
1.005053605460826116e+00
5.005493742335156426e-01
4.141567164049294592e-01
2.844030979416782401e+00
6.674284486797538163e-01
7.240191994791977947e-01
5.015447167289686092e-01
7.502917077854748262e-01
6.744012332922231234e-01
8.327357751695709798e-01
1.949972932838176076e+00
6.280077951603991737e-01
4.882667553478594047e-01
3.919865476560517314e-01
1.088737641646379206e+00
1.302800774691233565e+00
1.877632566279059667e-01
8.911736948913693279e-01
7.792931774706266523e-01
5.587605956855797862e-01
1.209260277750495050e+00
5.014935172996655144e-01
1.279492654859300638e+00
2.438650230793735219e+00
4.072502940317173636e-01
1.300605381486227952e+00
3.952633441014737903e-01
5.260071501295350282e-01
6.065638495173003575e-01
6.971217138407527214e-01
1.997258331347338434e+00
1.028818894972209685e+00
5.968333823065362642e-01
9.306759300368051546e-01
5.075590632090209997e-01
6.201300136288935283e-01
1.032125585460161199e+00
5.294566282036768934e-01
8.619910199552748287e-01
5.132639015718153397e-01
4.853780837584237284e-01
5.636021297669168151e-01
2.025480160862912271e+00
6.916538787791391973e-01
5.249259258877067014e-01
4.998514865731309986e-01
4.336561335247425819e-01
1.253073558585620084e+00
5.368342590792215541e-01
1.055685182658130605e+00
2.029413449669732028e+00
5.808903757068739626e-01
7.053472315006606985e-01
1.677536614511323299e+00
5.677960574812032091e-01
6.376908633230727874e-01
6.578847034768364743e-01
7.305064996347493400e-01
1.794420436203499225e+00
1.422617678250411410e+00
4.956547523021530011e-01
4.233861652160462730e-01
9.913511039447561179e-01
9.641494363836951020e-01
6.076108902513246424e-01
1.790077569560382775e+00
1.730221412098145173e+00
5.590843988691052147e-01
1.217627745928262950e+00
5.075078637797176828e-01
9.308309452699518038e-01
5.215836349467140032e-01
1.342408404905575336e+00
7.151374867964835902e-01
8.551919859324933482e-01
9.765335106957190314e-01
2.169157193765363534e+00
8.632077667756468120e-01
1.468590708415261625e+00
5.440754461626778893e-01
5.748760292268215721e-01
8.081494866986247416e-01
1.477488926234112876e+00
5.392312845232375418e-01
2.919783680140729754e+00
5.416533653429577155e-01
9.402521888146786466e-01
8.165287534714420481e-01
6.204026173831157509e-01
8.881181131172581900e-01
7.632289433586879612e-01
8.824488752075050346e-01
4.902708172690637967e-01
9.832739012829619929e-01
7.309264895960966291e-01
8.289467441106423973e-01
8.865533754813433864e-01
1.245877147602268309e+00
6.229162863597229594e-01
6.470446941874260505e-01
1.114967632476236981e+00
6.989148661220927483e-01
5.822442037029244011e-01
8.853375467969405443e-01
4.435379769774524528e-01
1.140996932261553187e+00
1.381832147932357424e+00
7.757255507366168645e-01
9.079925328498995585e-01
8.230901690281460237e-01
1.271518838949442509e+00
1.767159084345534037e+00
4.424163640080401305e-01
1.071771227827115647e+00
8.999789127231854202e-01
1.069757159375105404e+00
8.666869598937294583e-01
4.385488670353827056e-01
7.550649408145495567e-01
9.318429603364567493e-01
1.009414801356964153e+00
3.916302228718935852e-01
1.196420646830154366e+00
6.199845984845998581e-01
1.238794118063429428e+00
1.280584194787595331e+00
8.274202344858722080e-01
6.792370609630483669e-01
1.047213154905317190e+00
4.678528345172856540e-01
7.704899307016416232e-01
7.451832763604278043e-01
9.333593983968883068e-01
4.837004525788481946e-01
4.438356864996612083e-01
4.195590569709724549e-01
1.892895165747187525e+00
7.024585599112250778e-01
1.311539699787757529e+00
1.223530186757984417e+00
7.982564270320560151e-01
9.527971214023434054e-01
6.028233621559827560e-01
7.201060304891605535e-01
4.875093342895563397e-01
1.353513266361782597e+00
8.084030071120369421e-01
6.592624644177643711e-01
4.702366873258613245e-01
5.228350640841578079e-01
1.991971202727399026e+00
2.835858582354478852e+00
4.565789350573807859e-01
1.014398015234914574e+00
1.425924462035491613e+00
1.810782466074724706e+00
1.930081415322215443e+00
6.342629453228453285e-01
7.554570450503369505e-01
4.981251326973561988e-01
5.423951874249988148e-01
4.693494500995264995e-01
8.805605890752054021e-01
5.106361662284378822e-01
1.478669274361721575e+00
1.043669282117596353e+00
5.838732630113002697e-01
1.102058619313175614e+00
7.648936031201051255e-01
9.455215289076490670e-01
1.241758803556467061e+00
6.168077241646801046e-01
8.855456498801131948e-01
4.550952908932987540e-01
1.066091244249175896e+00
7.666654500146712348e-01
4.351909771181279307e-01
1.150053889097558013e+00
6.954084822081360029e-01
4.544832849792893592e-01
5.912796654985474909e-01
1.197299800141192971e+00
4.424675634373433919e-01
8.583150332650065772e-01
1.161762118434884306e+00
5.468902892879277111e-01
2.466706347137858746e+00
7.432304138685266182e-01
5.418091243473065477e-01
1.179581052968623478e+00
6.187809739073859561e-01
6.137762649890541322e-01
1.822157751600317344e+00
2.568640962091627955e+00
8.589652671901606418e-01
5.471984934951908963e-01
1.525679420980638135e+00
1.420993874058242401e+00
1.727678467784523830e+00
5.615064796888252774e-01
4.656677569987465182e-01
5.144142357606475979e-01
7.584072317555421439e-01
6.521297881155657672e-01
7.451832763604278043e-01
9.724746542656715897e-01
6.685296743983613066e-01
9.856487620531800831e-01
7.280657409863589002e-01
6.398247414123088284e-01
7.396355206500910828e-01
5.951983619005082327e-01
1.082861305132993834e+00
7.288633611186381422e-01
5.641629362516229484e-01
5.975310152797806973e-01
1.639802654875917032e+00
1.008588150455410171e+00
8.107420884306255626e-01
1.113729504580539098e+00
5.589416112829148631e-01
7.092529564844630707e-01
4.500953702495095743e-01
5.589572102591769953e-01
9.221720265236110770e-01
4.722010383273380629e-01
1.046252339268115561e+00
5.330871218751537244e-01
6.221718367195784305e-01
6.414217847903244119e-01
7.499652770438461902e-01
1.099148642336966075e+00
9.109754201543258656e-01
6.998021033484276288e-01
8.318997373725391942e-01
5.326765188092840164e-01
4.158070811000793565e-01
9.747157194880565756e-01
5.089532799326552670e-01
9.700442394773357568e-01
1.278664772032296115e+00
5.858773249325045507e-01
4.114321377884579967e-01
7.651279788631825118e-01
6.145609525317831112e-01
1.508624621992769477e+00
1.509032268881345340e+00
4.492107605812782345e-01
4.945919335932784655e-01
7.073299880350915059e-01
5.685350730065524827e-01
1.251585624956263576e+00
1.217089487410800697e+00
5.458984924865473154e-01
5.517291958111610883e-01
8.539427175114889801e-01
7.966170238636249845e-01
2.017679502544309056e+00
7.785982653526143382e-01
6.063547691958174335e-01
6.506423939625534114e-01
2.072703378713198319e+00
6.114053835986371643e-01
1.999386217663566168e+00
1.133750239984866903e+00
6.138404358365158187e-01
7.312529203377252651e-01
1.054229271820138703e+00
2.818930553784669168e+00
5.328575344066189823e-01
2.149364673251525915e+00
6.385398725382629426e-01
4.690188875786269751e-01
6.462186997811442124e-01
5.607077517669692979e-01
9.757034058227505025e-01
1.083758049151053227e+00
6.388478977469379538e-01
8.082351137578597244e-01
6.214682426486819455e-01
6.447864340449535048e-01
1.601189804140916717e+00
1.076102724871329075e+00
6.136480622808718755e-01
2.112784910577074182e+00
8.704735423931427851e-01
6.061458306187844647e-01
6.849930987551459127e-01
6.555463436870524463e-01
5.204081949898951009e-01
5.026663296983810980e-01
8.172119602915336456e-01
1.189143165914737565e+00
2.131499049353664521e+00
5.372337438384779951e-01
5.610016609079651051e-01
8.450908988713041747e-01
7.520673550612539948e-01
4.989798483230581949e-01
9.659098451609680058e-01
5.132340075292859405e-01
1.070881469406585573e+00
6.370788574090636702e-01
7.219330058005484219e-01
1.006596021666751994e+00
2.119196619283894911e+00
6.232939165306549123e-01
7.737779433609227597e-01
5.437974082936607445e-01
4.899912031943353119e-01
8.160165188579354689e-01
6.942588349233131950e-01
8.014203299338171771e-01
5.205892105872299558e-01
7.923427242063105780e-01
1.160608014703584434e+00
6.198418108984095065e-01
8.935391315119716182e-01
4.166717181257986735e-01
1.105438220129343785e+00
4.516862015467407176e-01
5.910773445144387184e-01
7.124953252999534081e-01
8.355302310440159141e-01
2.276997805451116630e+00
9.577955591375498789e-01
5.465126591169958692e-01
2.314545226542529921e+00
2.420231451297631953e+00
8.647959705147745257e-01
1.555016773730623081e+00
1.660468434212731603e+00
1.575628879050172237e+00
9.610015126740658609e-01
4.268999649626492587e-01
6.253357396213397035e-01
8.873846250038325278e-01
9.475702690217119306e-01
1.227343178935379031e+00
1.191532452838108158e+00
9.760334210870601490e-01
1.769667687803331058e+00
4.358412110432818287e-01
5.667576987000628730e-01
8.975116549013387734e-01
1.263181910654456619e+00
6.203477521100966285e-01
1.836298846720958222e+00
5.404961519205043752e-01
5.347673806128326879e-01
1.445331182673221804e+00
8.055655349519043051e-01
6.462188787797322753e-01
7.717057593860443543e-01
5.915010698234662856e-01
1.160431532693652068e+00
1.622310258840762964e+00
8.872704078120625670e-01
1.562284644636831255e+00
1.089813310302695015e+00
5.469258897409688958e-01
5.583425767870641154e-01
1.252310431116805400e+00
6.612686870554077556e-01
4.565433346043397123e-01
7.969406480485621280e-01
1.056766227901370980e+00
1.099018826168934204e+00
1.132681987161197279e+00
1.237215395446720878e+00
2.911523775184875262e+00
6.593813190590773754e-01
1.399921254247014302e+00
9.489052033305600542e-01
9.161325742755720425e-01
5.435679998237142874e-01
7.317588615494123871e-01
5.867619346007358905e-01
8.565625857279151045e-01
1.232728107792989025e+00
6.159231144964487648e-01
4.358684775277077428e-01
9.045703212601835519e-01
8.439666583437883673e-01
2.218245837883802363e+00
6.019033310332982945e-01
5.511014119223014429e-01
5.101669479006187835e-01
9.183462221885321242e-01
6.676142525516315374e-01
7.562761602229978175e-01
1.539486789676647316e+00
7.705815188585287689e-01
6.049347902089243778e-01
7.810650243651927616e-01
1.155908834522709538e+00
5.342981622850137002e-01
6.089859303370204202e-01
4.330953270400364485e-01
8.413635619267331167e-01
6.229134798030311337e-01
1.666216360510319294e+00
6.378362784673666797e-01
4.571909409713901251e-01
1.946045646763573611e+00
1.180385937572930422e+00
7.997938981835447381e-01
6.491101779272715477e-01
1.855848544455201976e+00
5.148286392077300322e-01
5.640713480947359137e-01
7.362958572672019253e-01
5.210584289150490545e-01
1.098554396115658083e+00
1.152442340527068509e+00
5.161955894469384409e-01
8.488822755764513506e-01
6.407952328269155284e-01
1.242791791681874924e+00
6.544742904821698737e-01
7.565011859305411646e-01
4.134204217348120824e-01
1.423393848586310240e+00
9.168182578287676909e-01
1.629028556531459060e+00
5.288446222896674431e-01
2.829047087720477194e+00
4.930570899998930612e-01
1.589123455910985694e+00
4.318685086553261110e-01
8.823515806401062145e-01
3.967517765400986329e-01
7.729524002489457368e-01
2.945924258331489298e+00
1.799937650937247335e+00
1.763688836915517255e+00
7.227344814301513987e-01
4.173036966823199800e-01
8.991612213567666823e-01
5.940815372056389432e-01
9.984849026777814496e-01
1.079170500097609509e+00
8.371947118068446825e-01
1.070712740558548148e+00
5.915166687997283068e-01
2.129930385128337100e+00
2.010522361933951174e+00
6.520392382442911083e-01
9.724337986964232128e-01
6.204114570220035096e-01
5.080555480212658459e-01
1.374509704575975766e+00
5.209286127470172945e-01
5.625338769432470798e-01
5.410569584052105085e-01
4.398514956021297162e-01
1.843994871282599757e+00
9.651168236496237007e-01
4.119013561162769843e-01
3.022397830961238707e+00
6.170603264421230527e-01
5.553421844770768390e-01
1.312711518361951768e+00
5.291682464746045866e-01
6.047564021696928416e-01
9.794220032865664782e-01
1.718098632029355644e+00
9.141522944742456191e-01
5.814538097496834146e-01
5.021028956555714240e-01
9.371062279960623576e-01
5.332325370194472836e-01
9.695843489426534401e-01
6.952042728033045460e-01
4.855720707739172859e-01
6.393555230844897297e-01
8.794090820632636252e-01
5.410031314178037620e-01
4.940359153831149763e-01
2.181412741362676933e+00
4.502025573826586857e-01
7.657964393227021382e-01
1.665901226732913631e+00
5.107633548383659905e-01
4.661725757796065794e-01
7.657138911158754002e-01
5.729231667349204971e-01
4.579757793391185938e-01
9.381577371939495702e-01
6.624770999071644129e-01
6.039671810395615958e-01
1.173356302518979488e+00
9.461679624515904052e-01
7.306565133999780581e-01
5.656977798450082418e-01
4.992680510535423277e-01
1.886705646282286430e+00
6.322672173702560405e-01
9.903443071345148230e-01
5.119361672370815741e-01
1.022098326863157602e+00
6.324695383543649241e-01
4.775918903838052842e-01
1.856139733419869264e+00
6.391745074871549859e-01
4.164190870140886402e-01
8.669836755914172022e-01
1.791512155454861199e+00
8.759830700923351143e-01
1.607203701274170227e+00
6.624723222876413020e-01
4.416233424966959364e-01
5.489703403897572276e-01
5.006062800733306339e-01
5.800356600811720220e-01
9.319644425358730722e-01
7.166593589717102919e-01
2.271789235397378537e+00
1.357559618215335995e+00
3.672108057570145911e-01
8.457171998515806699e-01
9.150751321536215732e-01
7.175569400581003343e-01
7.067739698249279057e-01
8.655404201549190546e-01
2.127373109997415135e+00
8.763982824341590705e-01
8.420137958518874033e-01
1.717375509994678806e+00
4.644567165888863758e-01
1.852667229845008423e+00
4.604464320300385438e-01
5.266035570672823463e-01
7.708567501708541991e-01
4.169798934987947736e-01
4.864437090239902006e-01
9.902567574597699318e-01
1.024099761226258565e+00
7.437754423783825564e-01
5.492967711313858636e-01
1.158656785945265666e+00
4.956219584058035310e-01
5.827920387694718318e-01
7.643731853629830431e-01
1.194910758840434850e+00
9.049343341727046353e-01
