3.887755102040816535e+00
7.653061224489795533e-01
8.571428571428570953e-01
2.785714285714285587e+00
3.193877551020408045e+00
1.295918367346938771e+00
8.163265306122449161e-01
6.836734693877550839e-01
1.714285714285714191e+00
6.479591836734694077e+00
1.448979591836734748e+00
8.469387755102041337e-01
7.551020408163264808e-01
1.193877551020408267e+00
7.244897959183673741e-01
7.346938775510204467e-01
9.591836734693877098e-01
9.387755102040816757e-01
8.979591836734693855e-01
8.571428571428570953e-01
3.785714285714285587e+00
2.581632653061224580e+00
5.581632653061224580e+00
1.224489795918367374e+00
2.224489795918367374e+00
8.877551020408163129e-01
1.724489795918367374e+00
9.387755102040816757e-01
1.387755102040816313e+00
9.285714285714286031e-01
9.285714285714286031e-01
1.163265306122448939e+00
1.489795918367347038e+00
1.653061224489795977e+00
5.010204081632653406e+00
1.061224489795918435e+00
9.591836734693877098e-01
9.795918367346938549e-01
1.081632653061224580e+00
3.163265306122449161e+00
1.704081632653061229e+00
7.959183673469387710e-01
7.346938775510204467e-01
1.081632653061224580e+00
1.010204081632652962e+00
1.561224489795918435e+00
1.112244897959183687e+00
8.571428571428570953e-01
9.693877551020407823e-01
8.295918367346938993e+00
7.653061224489795533e-01
2.673469387755102122e+00
1.346938775510204023e+00
8.469387755102041337e-01
2.040816326530612290e+00
9.285714285714286031e-01
3.316326530612244916e+00
9.081632653061224580e-01
3.663265306122449161e+00
8.571428571428570953e-01
1.122448979591836649e+00
1.132653061224489832e+00
2.112244897959183465e+00
2.500000000000000000e+00
1.387755102040816313e+00
6.836734693877550839e-01
1.612244897959183687e+00
8.469387755102041337e-01
7.448979591836735192e-01
1.132653061224489832e+00
2.193877551020408045e+00
9.795918367346938549e-01
1.346938775510204023e+00
9.795918367346938549e-01
3.551020408163265252e+00
1.214285714285714191e+00
2.397959183673469497e+00
1.112244897959183687e+00
3.397959183673469497e+00
1.673469387755102122e+00
4.734693877551020336e+00
9.387755102040816757e-01
2.877551020408163129e+00
1.238775510204081698e+01
1.173469387755102122e+00
2.102040816326530503e+00
1.316326530612244916e+00
2.418367346938775420e+00
1.377551020408163351e+00
6.163265306122449161e+00
1.938775510204081565e+00
1.724489795918367374e+00
2.612244897959183465e+00
5.234693877551020336e+00
1.367346938775510168e+00
1.489795918367347038e+00
1.300000000000000000e+01
1.071428571428571397e+00
9.489795918367347483e-01
9.081632653061224580e-01
7.653061224489795533e-01
8.469387755102041337e-01
2.622448979591836871e+00
1.510204081632652962e+00
8.469387755102041337e-01
1.030612244897959107e+00
8.469387755102041337e-01
9.081632653061224580e-01
4.816326530612244916e+00
1.020408163265306145e+00
8.367346938775510612e-01
1.836734693877551061e+00
3.602040816326530503e+00
1.418367346938775420e+00
1.765306122448979664e+00
1.479591836734693855e+00
3.857142857142857206e+00
1.204081632653061229e+00
1.204081632653061229e+00
8.877551020408163129e-01
1.193877551020408267e+00
1.795918367346938771e+00
2.897959183673469497e+00
5.530612244897959329e+00
1.336734693877551061e+00
1.020408163265306145e+00
2.683673469387755084e+00
1.357142857142857206e+00
3.071428571428571619e+00
2.122448979591836871e+00
2.704081632653061007e+00
2.969387755102040671e+00
1.489795918367347038e+00
1.244897959183673519e+00
2.897959183673469497e+00
8.163265306122449161e-01
1.622448979591836649e+00
1.938775510204081565e+00
1.326530612244897878e+00
2.112244897959183465e+00
2.255102040816326703e+00
2.030612244897959329e+00
1.030612244897959107e+00
8.877551020408163129e-01
1.030612244897959107e+00
1.153061224489795977e+00
1.469387755102040893e+00
1.316326530612244916e+00
1.265306122448979664e+00
2.836734693877550839e+00
4.755102040816326259e+00
2.122448979591836871e+00
1.581632653061224580e+00
1.540816326530612290e+00
9.387755102040816757e-01
1.673469387755102122e+00
1.602040816326530503e+00
2.428571428571428381e+00
1.306122448979591733e+00
1.418367346938775420e+00
2.071428571428571619e+00
1.102040816326530503e+00
8.673469387755101678e-01
3.846938775510204245e+00
2.520408163265305923e+00
3.561224489795918213e+00
1.153061224489795977e+00
2.102040816326530503e+00
6.010204081632653406e+00
3.204081632653061007e+00
3.020408163265305923e+00
1.714285714285714191e+00
1.289795918367346950e+01
2.316326530612244916e+00
1.908163265306122458e+00
8.367346938775510612e-01
2.283673469387755262e+01
8.265306122448979886e-01
1.173469387755102122e+00
2.755102040816326703e+00
2.357142857142857206e+00
1.122448979591836649e+00
1.122448979591836649e+00
2.000000000000000000e+00
1.592857142857142883e+01
2.530612244897959329e+00
1.040816326530612290e+00
1.275510204081632626e+00
9.693877551020407823e-01
1.551020408163265252e+00
1.785714285714285809e+00
2.469387755102040671e+00
2.163265306122449161e+00
8.469387755102041337e-01
2.551020408163265252e+00
2.969387755102040671e+00
1.653061224489795977e+00
1.224489795918367374e+00
7.653061224489795533e-01
1.112244897959183687e+00
1.040816326530612290e+00
1.551020408163265252e+00
1.132653061224489832e+00
2.979591836734694077e+00
2.979591836734694077e+00
1.561224489795918435e+00
8.265306122448979886e-01
1.357142857142857206e+00
9.795918367346938549e-01
4.244897959183673741e+00
1.316326530612244916e+00
1.091836734693877542e+00
1.010204081632652962e+00
3.642857142857142794e+00
1.326530612244897878e+00
6.632653061224489388e-01
1.295918367346938771e+00
4.224489795918366930e+00
1.275510204081632626e+00
5.224489795918366930e+00
1.112244897959183687e+00
7.867346938775510168e+00
6.836734693877550839e-01
1.459183673469387710e+00
2.030612244897959329e+00
1.061224489795918435e+00
1.326530612244897878e+00
1.989795918367347038e+00
1.679591836734693899e+01
4.918367346938775420e+00
1.532653061224489832e+01
1.132653061224489832e+00
1.061224489795918435e+00
1.397959183673469497e+00
1.673469387755102122e+00
1.367346938775510168e+00
5.714285714285714413e+00
3.255102040816326703e+00
2.204081632653061007e+00
4.704081632653061007e+00
3.602040816326530503e+00
7.377551020408163573e+00
1.734693877551020336e+00
3.367346938775510168e+00
1.316326530612244916e+00
1.258163265306122369e+01
6.744897959183673741e+00
7.836734693877550839e+00
1.459183673469387710e+00
1.418367346938775420e+00
3.418367346938775420e+00
3.510204081632652962e+00
4.030612244897959329e+00
3.163265306122449161e+00
7.622448979591836427e+00
4.377551020408163573e+00
4.693877551020408490e+00
3.295918367346938993e+00
5.724489795918366930e+00
1.265306122448979664e+00
1.908163265306122458e+00
1.479591836734693855e+00
2.704081632653061007e+00
1.846938775510204023e+00
2.632653061224489832e+00
2.030612244897959329e+00
1.183673469387755084e+00
1.622448979591836649e+00
3.122448979591836871e+00
3.428571428571428381e+00
1.112244897959183687e+00
5.500000000000000000e+00
2.673469387755102122e+00
1.520408163265306145e+00
1.051020408163265252e+00
1.214285714285714191e+00
2.061224489795918213e+00
8.061224489795918435e-01
9.591836734693877098e-01
1.122448979591836649e+00
1.204081632653061229e+00
1.234693877551020336e+00
8.163265306122449161e-01
2.612244897959183465e+00
1.642857142857142794e+00
2.163265306122449161e+00
9.387755102040816757e-01
1.826530612244897878e+00
1.316326530612244916e+00
1.704081632653061229e+00
1.255102040816326614e+01
2.867346938775510168e+00
4.153061224489795755e+00
1.224489795918367374e+00
1.387755102040816313e+00
7.857142857142856984e-01
6.530612244897959329e+00
8.979591836734693855e-01
3.112244897959183465e+00
1.030612244897959107e+00
1.040816326530612290e+00
8.265306122448979886e-01
2.357142857142857206e+00
1.316326530612244916e+00
1.918367346938775420e+00
1.204081632653061229e+00
4.612244897959183909e+00
1.204081632653061229e+00
8.265306122448979886e-01
2.761224489795918302e+01
2.244897959183673297e+00
2.428571428571428381e+00
8.469387755102041337e-01
1.626530612244897966e+01
5.255102040816326259e+00
7.551020408163265252e+00
3.377551020408163129e+00
2.316326530612244738e+01
9.081632653061224580e-01
2.530612244897959329e+00
7.040816326530612290e-01
3.612244897959183465e+00
1.887755102040816313e+00
3.142857142857142794e+00
1.071428571428571397e+00
1.693877551020408267e+00
8.316326530612244028e+00
1.115306122448979664e+01
9.795918367346938549e-01
2.347959183673469497e+01
3.275510204081632626e+00
1.877551020408163351e+00
5.744897959183673741e+00
7.244897959183673741e-01
1.683673469387755084e+00
1.676530612244897966e+01
2.473469387755102034e+01
1.177551020408163218e+01
6.581632653061224580e+00
2.938775510204081787e+00
1.163265306122448939e+00
7.683673469387755084e+00
2.132653061224489832e+00
1.173469387755102122e+00
9.693877551020407823e-01
6.781632653061224403e+01
2.795918367346938638e+01
1.173469387755102122e+00
7.653061224489795533e-01
5.520408163265305923e+00
1.846938775510204023e+00
3.091836734693877542e+00
7.653061224489795533e-01
1.224489795918367374e+00
3.040816326530612290e+00
2.163265306122449161e+00
1.163265306122448939e+00
2.285714285714285587e+00
1.979591836734693855e+00
9.183673469387755306e-01
1.336734693877551061e+00
1.469387755102040893e+00
7.551020408163264808e-01
8.163265306122449161e-01
1.938775510204081565e+00
1.255102040816326481e+00
1.581632653061224580e+00
1.255102040816326481e+00
9.387755102040816757e-01
2.836734693877550839e+00
1.346938775510204023e+00
2.387755102040816535e+00
3.826530612244897878e+00
9.183673469387755306e-01
1.051020408163265252e+00
1.663265306122448939e+00
1.020408163265306145e+00
7.448979591836735192e-01
1.683673469387755084e+00
6.938775510204081565e-01
1.377551020408163351e+00
6.112244897959183909e+00
3.693877551020408045e+00
9.285714285714286031e-01
1.367346938775510168e+00
2.285714285714285587e+00
1.806122448979591733e+00
6.632653061224489388e-01
5.795918367346938993e+00
9.081632653061224580e-01
8.877551020408163129e-01
7.959183673469387710e-01
2.357142857142857206e+00
3.163265306122449161e+00
7.214285714285714413e+00
1.693877551020408267e+00
1.734693877551020336e+00
7.857142857142856984e-01
4.193877551020408490e+00
3.202040816326530859e+01
2.336734693877550839e+00
3.448979591836734748e+00
3.434693877551020336e+01
3.020408163265305923e+00
4.091836734693877986e+00
3.071428571428571619e+00
1.397959183673469497e+00
2.780612244897959329e+01
2.877551020408163129e+00
4.051020408163265252e+00
2.040816326530612290e+00
3.367346938775510168e+00
7.142857142857143016e-01
2.693877551020408045e+00
4.938775510204081343e+00
8.979591836734693855e-01
9.285714285714286031e-01
9.285714285714286031e-01
7.244897959183673741e-01
9.795918367346938549e-01
2.193877551020408045e+00
1.336734693877551061e+00
1.018367346938775597e+01
1.918367346938775420e+00
1.010204081632652962e+00
7.857142857142856984e-01
4.806122448979591510e+00
7.857142857142856984e-01
7.755102040816326259e-01
1.153061224489795977e+00
8.061224489795918435e-01
8.061224489795918435e-01
1.193877551020408267e+00
3.336734693877550839e+00
1.346938775510204023e+00
2.061224489795918213e+00
1.377551020408163351e+00
1.142857142857142794e+00
1.316326530612244916e+00
8.163265306122449161e-01
1.438775510204081565e+00
2.479591836734694077e+00
1.500000000000000000e+00
6.836734693877550839e-01
2.755102040816326703e+00
1.663265306122448939e+00
2.040816326530612290e+00
5.816326530612244694e-01
9.183673469387755306e-01
8.775510204081632404e-01
3.142857142857142794e+00
5.428571428571428825e+00
1.428571428571428603e+00
1.479591836734693855e+00
2.061224489795918213e+00
1.316326530612244916e+00
1.010204081632652962e+00
5.867346938775510168e+00
1.316326530612244916e+00
9.387755102040816757e-01
2.112244897959183465e+00
1.051020408163265252e+00
1.928571428571428603e+00
6.142857142857143238e+00
9.591836734693877098e-01
6.510204081632653406e+00
1.265306122448979664e+00
1.408163265306122458e+00
2.806122448979591955e+00
4.153061224489795755e+00
4.469387755102040671e+00
9.183673469387755306e-01
1.714285714285714191e+00
6.734693877551020114e-01
1.724489795918367374e+00
8.653061224489796643e+00
2.061224489795918213e+00
9.795918367346938549e-01
1.091836734693877542e+00
1.071428571428571397e+00
2.326530612244897878e+00
1.520408163265306145e+00
1.234693877551020336e+00
3.224489795918367374e+00
1.183673469387755084e+00
9.897959183673469274e-01
9.693877551020407823e-01
8.469387755102041337e-01
3.051020408163265252e+00
5.581632653061224580e+00
7.051020408163265252e+00
1.306122448979591733e+00
1.428571428571428603e+00
8.775510204081632404e-01
3.775510204081632626e+00
8.979591836734693855e-01
1.193877551020408267e+00
1.173469387755102122e+00
6.326530612244898322e-01
1.469387755102040893e+00
9.693877551020407823e-01
8.979591836734693855e-01
2.836734693877550839e+00
6.734693877551020114e-01
1.061224489795918435e+00
2.540816326530612290e+00
1.905102040816326436e+01
1.438775510204081565e+00
7.244897959183673741e-01
9.081632653061224580e-01
2.387755102040816535e+00
1.591836734693877542e+00
1.234693877551020336e+00
7.857142857142856984e-01
1.795918367346938771e+00
2.163265306122449161e+00
6.734693877551020114e-01
1.275510204081632626e+00
1.102040816326530503e+00
1.561224489795918435e+00
1.030612244897959107e+00
1.102040816326530503e+00
1.102040816326530503e+00
2.244897959183673297e+00
2.306122448979591955e+00
9.591836734693877098e-01
2.806122448979591955e+00
8.163265306122449161e+00
1.693877551020408267e+00
3.061224489795918213e+00
2.020408163265305923e+00
1.030612244897959107e+00
3.071428571428571619e+00
7.551020408163264808e-01
1.408163265306122458e+00
1.326530612244897878e+00
1.673469387755102122e+00
1.418367346938775420e+00
2.102040816326530503e+00
2.112244897959183465e+00
1.387755102040816313e+00
2.367346938775510168e+00
1.020408163265306145e+00
8.244897959183672853e+00
5.571428571428571175e+00
1.132653061224489832e+00
2.908163265306122458e+00
4.023469387755102389e+01
5.724489795918366930e+00
2.234693877551020336e+00
4.346938775510204245e+00
1.823469387755102034e+01
1.288775510204081698e+01
5.302040816326530859e+01
1.561224489795918435e+00
1.489795918367347038e+00
2.520408163265305923e+00
2.836734693877550839e+00
1.010204081632652962e+00
1.724489795918367374e+00
6.336734693877550839e+00
2.183673469387755084e+00
2.102040816326530503e+00
1.908163265306122458e+00
1.193877551020408134e+01
3.785714285714285587e+00
1.224489795918367374e+00
1.142857142857142794e+00
1.112244897959183687e+00
2.479591836734694077e+00
1.224489795918367374e+00
2.775510204081632626e+00
8.673469387755101678e-01
1.265306122448979664e+00
2.928571428571428381e+00
1.602040816326530503e+00
1.326530612244897878e+00
1.744897959183673519e+00
1.448979591836734748e+00
8.775510204081632404e-01
8.061224489795918435e-01
1.255102040816326481e+00
1.153061224489795977e+00
8.877551020408163129e-01
8.775510204081632404e-01
8.775510204081632404e-01
8.459183673469388154e+00
1.214285714285714191e+00
3.020408163265305923e+00
4.346938775510204245e+00
2.020408163265305923e+00
3.700000000000000000e+01
3.653061224489795755e+00
9.704081632653061007e+00
8.459183673469388154e+00
1.867346938775510168e+00
3.650000000000000000e+01
2.265306122448979664e+00
3.255102040816326703e+00
1.908163265306122458e+00
9.387755102040816757e-01
1.132653061224489832e+00
1.887755102040816313e+00
9.795918367346938549e-01
1.938775510204081565e+00
8.775510204081632404e-01
2.459183673469387710e+00
1.663265306122448939e+00
2.591836734693877542e+00
1.806122448979591733e+00
4.448979591836734748e+00
2.530612244897959329e+00
1.081632653061224580e+00
9.081632653061224580e-01
1.530612244897959107e+00
3.928571428571428381e+00
2.295918367346938993e+00
2.081632653061224580e+00
3.309183673469387799e+01
4.805102040816326792e+01
2.642857142857142794e+00
3.530612244897959329e+00
5.927959183673469852e+02
6.765306122448979664e+00
4.836734693877550839e+00
7.040816326530611846e+00
9.693877551020407823e-01
8.877551020408163129e-01
2.531632653061224403e+01
1.438775510204081565e+00
2.755102040816326703e+00
2.796938775510204067e+01
1.289795918367346950e+01
7.367346938775510168e+00
4.408163265306122014e+00
3.234693877551020336e+01
1.173469387755102034e+01
2.163265306122449161e+00
8.112244897959183021e+00
2.683673469387755084e+00
9.897959183673469274e-01
1.214285714285714191e+00
2.357142857142857206e+00
5.367346938775510168e+00
1.442857142857142883e+01
1.204081632653061229e+00
4.765306122448979664e+00
3.806122448979591955e+00
1.753061224489795933e+01
1.173469387755102034e+01
2.214285714285714413e+00
8.051020408163266140e+00
8.530612244897959329e+00
1.887755102040816313e+00
1.357142857142857206e+00
2.051020408163265252e+00
1.959183673469387710e+00
7.846938775510204245e+00
6.020408163265305923e+00
1.714285714285714191e+00
1.346938775510204023e+00
1.091836734693877542e+00
1.102040816326530503e+00
1.846938775510204023e+00
1.275510204081632626e+00
1.704081632653061229e+00
1.020408163265306145e+00
4.071428571428571175e+00
1.479591836734693855e+00
2.775510204081632626e+00
1.081632653061224580e+00
1.479591836734693855e+00
9.795918367346938549e-01
8.775510204081632404e-01
1.030612244897959107e+00
1.195918367346938815e+01
9.897959183673469274e-01
1.867346938775510168e+00
2.244897959183673297e+00
1.765306122448979664e+00
9.489795918367347483e-01
6.438775510204081343e+00
8.571428571428570953e-01
1.734693877551020336e+00
2.510204081632652962e+00
4.546938775510204067e+01
9.432653061224490330e+02
2.255102040816326703e+00
1.374489795918367285e+01
1.820408163265306101e+01
3.030612244897959329e+00
1.540816326530612290e+00
1.122448979591836649e+00
1.255102040816326481e+00
1.959183673469387710e+00
4.125510204081632537e+01
1.921428571428571530e+01
4.877551020408163573e+00
2.406122448979591866e+01
6.571428571428571175e+00
3.806122448979591955e+00
9.591836734693877098e-01
1.064285714285714235e+01
8.469387755102041337e-01
4.479591836734694077e+00
1.163265306122448939e+00
5.244897959183673741e+00
2.469387755102040671e+00
3.204081632653061007e+00
1.316326530612244916e+00
3.959183673469387710e+00
6.530612244897959329e+00
1.083673469387755084e+01
4.367346938775510168e+00
1.602040816326530503e+00
9.081632653061224580e-01
3.214285714285714413e+00
6.183673469387755084e+00
5.816326530612244916e+00
1.336734693877551017e+01
1.030612244897959107e+00
6.224489795918366930e+00
2.673469387755102122e+00
5.765306122448979664e+00
2.010204081632652962e+00
3.584693877551020336e+01
6.030612244897959329e+00
5.775510204081633070e+00
3.357142857142856940e+01
6.051020408163265252e+00
4.857142857142856762e+00
2.204081632653061007e+00
1.775510204081632537e+01
2.295918367346938993e+00
1.275510204081632626e+00
2.663265306122449161e+00
1.642857142857142794e+00
1.785714285714285809e+00
1.142857142857142794e+00
2.602040816326530503e+00
1.306122448979591733e+00
1.632653061224489832e+00
5.948979591836734748e+00
1.112244897959183687e+00
8.061224489795918435e-01
4.102040816326530503e+00
2.051020408163265252e+00
1.663265306122448939e+00
7.724489795918366930e+00
4.602040816326530503e+00
5.336734693877550839e+00
3.683673469387755084e+00
3.918367346938775420e+00
4.418367346938775420e+00
2.755102040816326703e+00
1.663265306122448939e+00
8.265306122448979886e-01
3.122448979591836871e+00
2.051020408163265252e+00
1.857142857142857206e+00
2.163265306122449161e+00
1.285714285714285809e+00
1.326530612244897878e+00
1.204081632653061229e+00
1.591836734693877542e+00
2.724489795918367374e+00
9.285714285714286031e-01
1.204081632653061229e+00
1.173469387755102122e+00
2.010204081632652962e+00
1.173469387755102122e+00
2.051020408163265252e+00
1.877551020408163351e+00
1.867346938775510168e+00
5.785714285714285587e+00
3.132653061224489832e+00
2.010204081632652962e+00
8.091836734693877986e+00
2.051020408163265252e+00
3.938775510204081787e+00
1.285714285714285809e+00
5.367346938775510168e+00
1.578571428571428648e+01
3.632653061224489832e+00
4.918367346938775420e+00
4.000000000000000000e+00
1.938775510204081565e+00
8.469387755102041337e-01
2.216326530612244738e+01
1.548265306122449090e+02
6.591836734693877986e+00
1.571428571428571397e+00
1.114285714285714235e+01
3.255102040816326703e+00
1.857142857142857206e+00
2.979591836734694077e+00
2.653061224489795755e+00
8.081632653061223692e+00
5.051020408163265252e+00
7.336734693877550839e+00
2.347959183673469497e+01
1.248979591836734748e+01
3.795918367346938993e+00
2.037755102040816269e+01
7.969387755102040671e+00
2.081632653061224580e+00
3.310204081632652873e+01
3.214285714285714413e+00
1.244897959183673386e+01
6.214285714285714413e+00
3.571428571428571619e+00
2.887755102040816535e+00
1.653061224489795977e+00
9.489795918367347483e-01
9.285714285714286031e-01
7.755102040816326259e-01
1.785714285714285809e+00
3.224489795918367374e+00
1.071428571428571397e+00
1.336734693877551061e+00
1.602040816326530503e+00
5.030612244897959329e+00
1.193877551020408267e+00
1.948979591836734748e+00
1.520408163265306145e+00
1.010204081632652962e+00
1.867346938775510168e+00
6.103061224489795933e+01
1.775510204081632626e+00
2.762244897959183731e+01
1.051020408163265252e+00
2.367346938775510168e+00
1.244897959183673519e+00
1.051020408163265252e+00
1.040816326530612290e+00
2.510204081632652962e+00
2.020408163265305923e+00
1.387755102040816313e+00
1.071428571428571397e+00
1.204081632653061229e+00
1.438775510204081565e+00
2.948979591836734748e+00
4.500000000000000000e+00
1.724489795918367374e+00
2.061224489795918213e+00
1.234693877551020336e+00
1.224489795918367374e+00
1.244897959183673519e+00
2.244897959183673297e+00
1.612244897959183687e+00
5.051020408163265252e+00
3.540816326530612290e+00
8.163265306122449161e-01
8.571428571428570953e-01
4.918367346938775420e+00
5.244897959183673741e+00
8.367346938775510612e-01
1.081632653061224580e+00
1.244897959183673519e+00
1.816326530612244916e+00
3.173469387755102122e+00
1.306122448979591733e+00
1.663265306122448939e+00
2.806122448979591955e+00
1.224489795918367374e+00
1.918367346938775420e+00
2.520408163265305923e+00
1.030612244897959107e+00
7.755102040816326259e-01
2.040816326530612290e+00
1.061224489795918435e+00
1.826530612244897878e+00
1.459183673469387710e+00
8.163265306122449161e-01
1.051020408163265252e+00
1.081632653061224580e+00
1.642857142857142794e+00
1.724489795918367374e+00
3.765306122448979664e+00
9.897959183673469274e-01
2.418367346938775420e+00
1.887755102040816313e+00
7.040816326530612290e-01
1.030612244897959107e+00
8.979591836734693855e-01
1.336734693877551061e+00
1.887755102040816313e+00
8.979591836734693855e-01
8.163265306122449161e-01
1.204081632653061229e+00
9.591836734693877098e-01
6.530612244897958663e-01
8.673469387755101678e-01
1.744897959183673519e+00
2.510204081632652962e+00
9.489795918367347483e-01
2.397959183673469497e+00
2.571428571428571619e+00
9.693877551020407823e-01
6.010204081632653406e+00
1.214285714285714191e+00
9.591836734693877098e-01
9.897959183673469274e-01
1.051020408163265252e+00
8.265306122448979886e-01
2.357142857142857206e+00
1.193877551020408267e+00
1.989795918367347038e+00
9.081632653061224580e-01
4.418367346938775420e+00
8.061224489795918435e-01
1.010204081632652962e+00
9.387755102040816757e-01
8.673469387755101678e-01
7.438775510204081343e+00
1.030612244897959107e+00
2.469387755102040671e+00
7.755102040816326259e-01
2.367346938775510168e+00
1.091836734693877542e+00
4.377551020408163573e+00
1.081632653061224580e+00
4.255102040816326259e+00
1.306122448979591733e+00
8.367346938775510612e-01
6.673469387755101678e+00
8.775510204081632404e-01
2.867346938775510168e+00
2.163265306122449161e+00
9.183673469387755306e-01
1.071428571428571397e+00
8.877551020408163129e-01
1.112244897959183687e+00
1.428571428571428603e+00
1.102040816326530503e+00
1.214285714285714191e+00
1.520408163265306145e+00
1.295918367346938771e+00
4.295918367346938993e+00
1.785714285714285809e+00
2.295918367346938993e+00
1.408163265306122458e+00
8.673469387755101678e-01
1.765306122448979664e+00
7.142857142857143016e-01
1.112244897959183687e+00
1.377551020408163351e+00
1.479591836734693855e+00
1.102040816326530503e+00
9.693877551020407823e-01
1.173469387755102122e+00
1.367346938775510168e+00
9.795918367346938549e-01
1.204081632653061229e+00
1.979591836734693855e+00
1.775510204081632626e+00
1.010204081632652962e+00
1.326530612244897878e+00
1.540816326530612290e+00
1.081632653061224580e+00
7.551020408163264808e-01
1.387755102040816313e+00
6.591836734693877986e+00
1.306122448979591733e+00
7.142857142857143016e-01
1.908163265306122458e+00
1.867346938775510168e+00
1.387755102040816313e+00
2.500000000000000000e+00
7.755102040816326259e-01
8.061224489795918435e-01
8.673469387755101678e-01
9.183673469387755306e-01
1.265306122448979664e+00
7.959183673469387710e-01
1.857142857142857206e+00
1.683673469387755084e+00
1.102040816326530503e+00
7.142857142857143016e-01
1.581632653061224580e+00
9.693877551020407823e-01
3.357142857142857206e+00
1.816326530612244916e+00
7.653061224489795533e-01
3.500000000000000000e+00
1.622448979591836649e+00
1.040816326530612290e+00
1.234693877551020336e+00
7.959183673469387710e-01
1.795918367346938771e+00
4.755102040816326259e+00
1.418367346938775420e+00
9.285714285714286031e-01
2.183673469387755084e+00
9.632653061224489832e+00
1.418367346938775420e+00
2.204081632653061007e+00
7.857142857142856984e-01
1.377551020408163351e+00
1.489795918367347038e+00
9.387755102040816757e-01
3.122448979591836871e+00
8.979591836734693855e-01
2.367346938775510168e+00
7.142857142857143016e-01
1.632653061224489832e+00
9.081632653061224580e-01
5.367346938775510168e+00
1.663265306122448939e+00
9.387755102040816757e-01
7.653061224489795533e-01
1.010204081632652962e+00
1.377551020408163351e+00
1.122448979591836649e+00
9.285714285714286031e-01
2.142857142857142794e+00
1.255102040816326481e+00
1.193877551020408267e+00
1.122448979591836649e+00
1.418367346938775420e+00
8.469387755102041337e-01
1.285714285714285809e+00
1.816326530612244916e+00
2.765306122448979664e+00
2.826530612244897878e+00
8.469387755102041337e-01
1.020408163265306145e+00
8.979591836734693855e-01
9.285714285714286031e-01
9.795918367346938549e-01
2.061224489795918213e+00
1.000000000000000000e+00
1.479591836734693855e+00
1.010204081632652962e+00
1.346938775510204023e+00
1.561224489795918435e+00
8.673469387755101678e-01
7.857142857142856984e-01
7.959183673469387710e-01
8.469387755102041337e-01
9.795918367346938549e-01
8.877551020408163129e-01
1.295918367346938771e+00
9.081632653061224580e-01
7.959183673469387710e-01
1.081632653061224580e+00
9.387755102040816757e-01
1.316326530612244916e+00
3.438775510204081787e+00
1.204081632653061229e+00
9.285714285714286031e-01
1.867346938775510168e+00
1.214285714285714191e+00
9.081632653061224580e-01
9.489795918367347483e-01
1.510204081632652962e+00
1.846938775510204023e+00
1.755102040816326481e+00
1.479591836734693855e+00
8.673469387755101678e-01
2.520408163265305923e+00
1.071428571428571397e+00
7.959183673469387710e-01
1.255102040816326481e+00
1.377551020408163351e+00
1.112244897959183687e+00
8.163265306122449161e-01
9.387755102040816757e-01
1.030612244897959107e+00
1.255102040816326481e+00
1.387755102040816313e+00
1.418367346938775420e+00
8.469387755102041337e-01
8.265306122448979886e-01
6.020408163265305923e+00
7.551020408163264808e-01
4.642857142857143238e+00
8.571428571428570953e-01
2.163265306122449161e+00
8.367346938775510612e-01
1.602040816326530503e+00
1.418367346938775420e+00
1.295918367346938771e+00
9.285714285714286031e-01
1.979591836734693855e+00
3.183673469387755084e+00
2.234693877551020336e+00
1.255102040816326481e+00
1.357142857142857206e+00
1.479591836734693855e+00
8.877551020408163129e-01
6.255102040816326259e+00
3.571428571428571619e+00
1.857142857142857206e+00
4.387755102040816091e+00
2.683673469387755084e+00
4.918367346938775420e+00
8.979591836734693855e-01
9.795918367346938549e-01
9.285714285714286031e-01
1.000000000000000000e+00
8.571428571428570953e-01
1.551020408163265252e+00
1.061224489795918435e+00
8.265306122448979886e-01
1.438775510204081565e+00
1.081632653061224580e+00
3.734693877551020336e+00
2.530612244897959329e+00
9.795918367346938549e-01
8.367346938775510612e-01
1.581632653061224580e+00
1.551020408163265252e+00
9.489795918367347483e-01
9.285714285714286031e-01
1.153061224489795977e+00
8.775510204081632404e-01
2.826530612244897878e+00
7.755102040816326259e-01
1.102040816326530503e+00
2.938775510204081787e+00
1.122448979591836649e+00
2.030612244897959329e+00
1.326530612244897878e+00
1.959183673469387710e+00
1.183673469387755084e+00
1.244897959183673519e+00
1.408163265306122458e+00
1.326530612244897878e+00
2.255102040816326703e+00
3.285714285714285587e+00
8.775510204081632404e-01
1.581632653061224580e+00
1.204081632653061229e+00
1.673469387755102122e+00
1.061224489795918435e+00
2.418367346938775420e+00
1.816326530612244916e+00
1.438775510204081565e+00
7.959183673469387710e-01
7.346938775510204467e-01
4.346938775510204245e+00
9.591836734693877098e-01
7.346938775510204467e-01
1.010204081632652962e+00
1.846938775510204023e+00
7.551020408163264808e-01
2.489795918367347038e+00
9.693877551020407823e-01
9.591836734693877098e-01
8.877551020408163129e-01
1.214285714285714191e+00
1.755102040816326481e+00
8.979591836734693855e-01
2.673469387755102122e+00
1.153061224489795977e+00
2.244897959183673297e+00
7.653061224489795533e-01
7.367346938775510168e+00
1.265306122448979664e+00
2.000000000000000000e+00
5.234693877551020336e+00
1.602040816326530503e+00
2.785714285714285587e+00
1.214285714285714191e+00
3.591836734693877542e+00
2.489795918367347038e+00
8.571428571428570953e-01
1.204081632653061229e+00
1.000000000000000000e+00
1.448979591836734748e+00
7.857142857142856984e-01
1.693877551020408267e+00
9.081632653061224580e-01
1.489795918367347038e+00
3.244897959183673297e+00
9.897959183673469274e-01
9.693877551020407823e-01
2.204081632653061007e+00
3.663265306122449161e+00
1.051020408163265252e+00
1.612244897959183687e+00
1.479591836734693855e+00
1.489795918367347038e+00
7.959183673469387710e-01
1.040816326530612290e+00
8.265306122448979886e-01
1.040816326530612290e+00
7.448979591836735192e-01
4.459183673469388154e+00
6.836734693877550839e-01
1.418367346938775420e+00
1.489795918367347038e+00
1.030612244897959107e+00
1.081632653061224580e+00
9.591836734693877098e-01
1.418367346938775420e+00
3.581632653061224580e+00
1.112244897959183687e+00
1.193877551020408267e+00
1.193877551020408267e+00
1.091836734693877542e+00
2.030612244897959329e+00
9.693877551020407823e-01
1.795918367346938771e+00
8.673469387755101678e-01
2.948979591836734748e+00
1.040816326530612290e+00
1.867346938775510168e+00
7.857142857142856984e-01
2.459183673469387710e+00
8.877551020408163129e-01
6.530612244897958663e-01
2.234693877551020336e+00
1.397959183673469497e+00
1.357142857142857206e+00
7.857142857142856984e-01
2.214285714285714413e+00
1.326530612244897878e+00
7.653061224489795533e-01
2.387755102040816535e+00
7.142857142857143016e-01
1.061224489795918435e+00
8.877551020408163129e-01
1.520408163265306145e+00
4.469387755102040671e+00
1.357142857142857206e+00
7.306122448979591510e+00
2.530612244897959329e+00
1.040816326530612290e+00
8.469387755102041337e-01
1.061224489795918435e+00
2.428571428571428381e+00
8.265306122448979886e-01
2.693877551020408045e+00
1.051020408163265252e+00
7.755102040816326259e-01
1.602040816326530503e+00
9.387755102040816757e-01
1.265306122448979664e+00
1.183673469387755084e+00
2.469387755102040671e+00
9.285714285714286031e-01
1.214285714285714191e+00
1.183673469387755084e+00
8.877551020408163129e-01
1.959183673469387710e+00
8.469387755102041337e-01
1.346938775510204023e+00
2.295918367346938993e+00
1.132653061224489832e+00
1.530612244897959107e+00
8.163265306122449161e-01
3.489795918367347038e+00
8.571428571428570953e-01
1.663265306122448939e+00
7.653061224489795533e-01
9.591836734693877098e-01
1.112244897959183687e+00
2.418367346938775420e+00
3.438775510204081787e+00
9.795918367346938549e-01
4.571428571428571175e+00
8.265306122448979886e-01
1.163265306122448939e+00
5.765306122448979664e+00
1.367346938775510168e+00
1.428571428571428603e+00
1.132653061224489832e+00
1.285714285714285809e+00
1.897959183673469497e+00
4.418367346938775420e+00
1.857142857142857206e+00
1.071428571428571397e+00
2.132653061224489832e+00
1.285714285714285809e+00
1.010204081632652962e+00
1.040816326530612290e+00
8.775510204081632404e-01
1.081632653061224580e+00
1.295918367346938771e+00
1.102040816326530503e+00
9.183673469387755306e-01
3.479591836734694077e+00
1.857142857142857206e+00
1.591836734693877542e+00
3.857142857142857206e+00
3.469387755102040671e+00
6.734693877551020114e-01
1.163265306122448939e+00
1.102040816326530503e+00
9.387755102040816757e-01
3.785714285714285587e+00
1.826530612244897878e+00
1.193877551020408267e+00
8.979591836734693855e-01
1.622448979591836649e+00
8.571428571428570953e-01
2.806122448979591955e+00
2.040816326530612290e+00
1.112244897959183687e+00
2.295918367346938993e+00
9.693877551020407823e-01
6.938775510204081565e-01
7.959183673469387710e-01
6.673469387755101678e+00
9.795918367346938549e-01
1.459183673469387710e+00
9.489795918367347483e-01
1.010204081632652962e+00
9.693877551020407823e-01
1.112244897959183687e+00
1.806122448979591733e+00
1.561224489795918435e+00
5.918367346938775420e+00
1.051020408163265252e+00
1.683673469387755084e+00
1.357142857142857206e+00
7.959183673469387710e-01
9.183673469387755306e-01
1.448979591836734748e+00
1.581632653061224580e+00
9.693877551020407823e-01
1.438775510204081565e+00
1.918367346938775420e+00
8.367346938775510612e-01
1.571428571428571397e+00
1.142857142857142794e+00
1.153061224489795977e+00
1.459183673469387710e+00
1.520408163265306145e+00
1.765306122448979664e+00
1.244897959183673519e+00
2.102040816326530503e+00
1.326530612244897878e+00
2.051020408163265252e+00
8.979591836734693855e-01
1.234693877551020336e+00
2.112244897959183465e+00
2.163265306122449161e+00
3.357142857142857206e+00
9.897959183673469274e-01
2.163265306122449161e+00
8.571428571428570953e-01
9.285714285714286031e-01
1.693877551020408267e+00
2.122448979591836871e+00
7.142857142857143016e-01
2.632653061224489832e+00
1.459183673469387710e+00
7.244897959183673741e-01
2.714285714285714413e+00
1.153061224489795977e+00
2.408163265306122458e+00
1.183673469387755084e+00
1.785714285714285809e+00
3.663265306122449161e+00
4.979591836734694077e+00
1.255102040816326481e+00
3.948979591836734748e+00
3.602040816326530503e+00
2.510204081632652962e+00
7.551020408163264808e-01
2.081632653061224580e+00
1.438775510204081565e+00
1.530612244897959107e+00
8.367346938775510612e-01
4.285714285714285587e+00
1.132653061224489832e+00
1.326530612244897878e+00
1.387755102040816313e+00
1.775510204081632626e+00
3.306122448979591955e+00
1.734693877551020336e+00
1.010204081632652962e+00
7.040816326530612290e-01
1.214285714285714191e+00
1.153061224489795977e+00
9.795918367346938549e-01
9.693877551020407823e-01
1.857142857142857206e+00
8.469387755102041337e-01
1.040816326530612290e+00
1.173469387755102122e+00
1.163265306122448939e+00
3.081632653061224580e+00
1.653061224489795977e+00
2.408163265306122458e+00
2.010204081632652962e+00
5.816326530612244916e+00
1.234693877551020336e+00
9.693877551020407823e-01
1.969387755102040893e+00
1.479591836734693855e+00
9.081632653061224580e-01
1.204081632653061229e+00
7.653061224489795533e-01
8.469387755102041337e-01
1.408163265306122458e+00
8.571428571428570953e-01
1.020408163265306145e+00
8.163265306122449161e-01
1.265306122448979664e+00
1.479591836734693855e+00
7.653061224489795533e-01
1.408163265306122458e+00
1.622448979591836649e+00
1.408163265306122458e+00
1.173469387755102122e+00
7.959183673469387710e-01
1.846938775510204023e+00
1.306122448979591733e+00
1.244897959183673519e+00
1.285714285714285809e+00
2.469387755102040671e+00
1.316326530612244916e+00
1.602040816326530503e+00
1.591836734693877542e+00
6.836734693877550839e-01
1.459183673469387710e+00
9.489795918367347483e-01
1.071428571428571397e+00
2.061224489795918213e+00
1.520408163265306145e+00
1.693877551020408267e+00
8.979591836734693855e-01
7.448979591836735192e-01
1.704081632653061229e+00
1.367346938775510168e+00
8.469387755102041337e-01
1.163265306122448939e+00
2.846938775510204245e+00
7.959183673469387710e-01
8.877551020408163129e-01
1.081632653061224580e+00
1.663265306122448939e+00
1.367346938775510168e+00
2.316326530612244916e+00
9.183673469387755306e-01
7.653061224489795533e-01
7.959183673469387710e-01
1.091836734693877542e+00
2.224489795918367374e+00
1.489795918367347038e+00
9.591836734693877098e-01
3.306122448979591955e+00
7.448979591836735192e-01
5.551020408163265252e+00
1.795918367346938771e+00
1.438775510204081565e+00
5.010204081632653406e+00
3.479591836734694077e+00
8.979591836734693855e-01
8.469387755102041337e-01
2.193877551020408045e+00
7.857142857142856984e-01
1.591836734693877542e+00
8.673469387755101678e-01
1.122448979591836649e+00
5.102040816326530503e+00
1.530612244897959107e+00
9.795918367346938549e-01
7.755102040816326259e-01
7.755102040816326259e-01
1.091836734693877542e+00
4.275510204081633070e+00
1.030612244897959107e+00
9.183673469387755306e-01
8.877551020408163129e-01
1.275510204081632626e+00
9.693877551020407823e-01
1.653061224489795977e+00
1.510204081632652962e+00
1.285714285714285809e+00
3.367346938775510168e+00
7.040816326530612290e-01
6.734693877551020114e-01
9.387755102040816757e-01
9.693877551020407823e-01
2.193877551020408045e+00
8.163265306122449161e-01
9.183673469387755306e-01
1.193877551020408267e+00
1.122448979591836649e+00
1.061224489795918435e+00
8.265306122448979886e-01
8.979591836734693855e-01
9.591836734693877098e-01
1.132653061224489832e+00
1.081632653061224580e+00
9.285714285714286031e-01
9.183673469387755306e-01
4.173469387755101678e+00
3.989795918367347038e+00
3.214285714285714413e+00
1.122448979591836649e+00
2.775510204081632626e+00
2.714285714285714413e+00
1.581632653061224580e+00
1.112244897959183687e+00
1.040816326530612290e+00
1.897959183673469497e+00
1.397959183673469497e+00
8.367346938775510612e-01
3.785714285714285587e+00
1.193877551020408267e+00
1.336734693877551061e+00
9.387755102040816757e-01
1.693877551020408267e+00
1.663265306122448939e+00
1.132653061224489832e+00
8.265306122448979886e-01
1.091836734693877542e+00
3.938775510204081787e+00
8.979591836734693855e-01
1.418367346938775420e+00
9.897959183673469274e-01
8.469387755102041337e-01
1.989795918367347038e+00
8.367346938775510612e-01
2.122448979591836871e+00
1.142857142857142794e+00
1.826530612244897878e+00
1.010204081632652962e+00
6.816326530612244916e+00
1.265306122448979664e+00
1.428571428571428603e+00
2.969387755102040671e+00
2.571428571428571619e+00
7.551020408163264808e-01
1.551020408163265252e+00
2.489795918367347038e+00
7.448979591836735192e-01
8.061224489795918435e-01
1.183673469387755084e+00
2.806122448979591955e+00
1.163265306122448939e+00
8.265306122448979886e-01
2.510204081632652962e+00
1.336734693877551061e+00
8.163265306122449161e-01
1.040816326530612290e+00
7.959183673469387710e-01
2.632653061224489832e+00
8.367346938775510612e-01
8.775510204081632404e-01
2.061224489795918213e+00
8.571428571428570953e-01
1.285714285714285809e+00
6.836734693877550839e-01
9.183673469387755306e-01
3.510204081632652962e+00
1.489795918367347038e+00
1.336734693877551061e+00
7.571428571428571175e+00
1.816326530612244916e+00
9.285714285714286031e-01
1.438775510204081565e+00
1.091836734693877542e+00
9.285714285714286031e-01
7.653061224489795533e-01
2.051020408163265252e+00
8.673469387755101678e-01
3.346938775510204245e+00
9.387755102040816757e-01
1.908163265306122458e+00
1.479591836734693855e+00
6.214285714285714413e+00
9.795918367346938549e-01
9.489795918367347483e-01
7.663265306122449161e+00
2.132653061224489832e+00
2.275510204081632626e+00
9.591836734693877098e-01
8.367346938775510612e-01
1.316326530612244916e+00
9.489795918367347483e-01
2.306122448979591955e+00
1.020408163265306145e+00
4.020408163265305923e+00
2.642857142857142794e+00
8.979591836734693855e-01
1.510204081632652962e+00
1.387755102040816313e+00
8.673469387755101678e-01
1.418367346938775420e+00
7.142857142857143016e-01
5.897959183673469497e+00
7.448979591836735192e-01
1.577551020408163218e+01
3.663265306122449161e+00
1.265306122448979664e+00
2.428571428571428381e+00
1.397959183673469497e+00
1.295918367346938771e+00
9.387755102040816757e-01
1.908163265306122458e+00
8.877551020408163129e-01
9.693877551020407823e-01
6.632653061224489388e-01
9.489795918367347483e-01
8.061224489795918435e-01
4.867346938775510168e+00
1.255102040816326481e+00
1.132653061224489832e+00
2.357142857142857206e+00
8.673469387755101678e-01
1.173469387755102122e+00
8.775510204081632404e-01
2.265306122448979664e+00
1.520408163265306145e+00
1.193877551020408267e+00
8.367346938775510612e-01
2.683673469387755084e+00
1.489795918367347038e+00
2.020408163265305923e+00
3.193877551020408045e+00
1.326530612244897878e+00
2.591836734693877542e+00
3.969387755102040671e+00
7.653061224489795533e-01
8.571428571428570953e-01
7.959183673469387710e-01
1.010204081632652962e+00
8.367346938775510612e-01
1.520408163265306145e+00
8.163265306122449161e-01
2.000000000000000000e+00
2.887755102040816535e+00
1.010204081632652962e+00
9.183673469387755306e-01
1.224489795918367374e+00
1.132653061224489832e+00
2.714285714285714413e+00
1.224489795918367374e+00
2.724489795918367374e+00
2.500000000000000000e+00
8.571428571428570953e-01
6.836734693877550839e-01
1.795918367346938771e+00
1.000000000000000000e+00
1.061224489795918435e+00
1.061224489795918435e+00
