5.614378929259064011e-01
9.849025227916079483e-01
8.636153423907562132e-01
7.892955972415435228e-01
8.721419015502313021e-01
7.513301930843447884e-01
9.492037945181347469e-01
1.413857753598513955e+00
8.139917480417305784e-01
7.538983489044802644e-01
7.247979227984518991e-01
9.596689194660512623e-01
8.354730867870415745e-01
6.804319134505685263e-01
7.117514925399833770e-01
9.358245261798483483e-01
7.144261457604580423e-01
7.706133302057516232e-01
7.193001803916614367e-01
6.924333311898087651e-01
6.370543178745937674e-01
7.399718106656043570e-01
7.827542494434802656e-01
1.053198791012811775e+00
7.508793162952924760e-01
9.691006966868792594e-01
7.306709563307722810e-01
6.596331235239007995e-01
7.016172591288688531e-01
6.037231056320047085e-01
8.005824282951581328e-01
7.887082431200932442e-01
7.584080704258938654e-01
7.387337067520272083e-01
8.298461550702380674e-01
6.280515542419884412e-01
7.334573056348545617e-01
9.654883042570054918e-01
7.943931776366245368e-01
7.418175504455569724e-01
7.185587535351902755e-01
7.938367364799988612e-01
7.546546364821353770e-01
7.623192569068111268e-01
8.220630592153885807e-01
8.466578047420719733e-01
9.019926041103483172e-01
8.117848613040045125e-01
9.052824720857876040e-01
7.528436276646564007e-01
7.178200925637718832e-01
8.298350542187306056e-01
6.905928186933053547e-01
8.449060686648528495e-01
6.490005450892279981e-01
7.310376103335720632e-01
6.417649462261444393e-01
7.381205648660462693e-01
7.954683593606804992e-01
6.286577473594329168e-01
6.661078914255327277e-01
8.100868824478599795e-01
7.832622806464266674e-01
7.191569169519519411e-01
6.630309631778834589e-01
7.360944254272349108e-01
7.748036903637480766e-01
8.168494078558424798e-01
6.100396266673909773e-01
6.562618365961260247e-01
7.155927198322475924e-01
6.743488566900237569e-01
7.084987847444540465e-01
7.928285900797416019e-01
6.736015744373095027e-01
6.511333440814086604e-01
6.799932096286961380e-01
6.852192958967873171e-01
7.176298658019792942e-01
7.964093536981566857e-01
7.808170810612972135e-01
6.719228340731732141e-01
8.174978531628140921e-01
7.226058170467974939e-01
6.432068233204288887e-01
6.027684278422693609e-01
7.070187051286587199e-01
6.281708716984045759e-01
8.142427247670633861e-01
6.716912004651367507e-01
5.968642647176605198e-01
7.911026657591808675e-01
7.023350248441946331e-01
7.712422933210802967e-01
7.725575984741334112e-01
6.281225884865757614e-01
6.721615591707512660e-01
7.231814659630670938e-01
6.601877569590527406e-01
6.975729852558975042e-01
6.361145364676731306e-01
6.627508886439441582e-01
7.541708560293604036e-01
5.945337879173610007e-01
7.285282009960211136e-01
6.942182263604251835e-01
6.521047362449451379e-01
7.347155180129723018e-01
6.689203681510994537e-01
7.653058645746453337e-01
1.044380934497429747e+00
6.497108248685532494e-01
7.339320469248824530e-01
7.442657997190704755e-01
6.982691001740070069e-01
7.052310846625324814e-01
6.146397569978783171e-01
7.622032820479789361e-01
1.025901575229015039e+00
1.494695061704127470e+00
6.990610074834526788e-01
7.910175509064584221e-01
7.259635034347222682e-01
7.233449779082831155e-01
6.333036910064293590e-01
7.836166343494703757e-01
5.531485994194706990e-01
7.746205321151112821e-01
7.467708076665503514e-01
7.450546865606134661e-01
7.528021312106918383e-01
6.654237563070850570e-01
7.277481807002369463e-01
6.798951485613080603e-01
8.043070063909819600e-01
8.224580028856940395e-01
6.718885175171812607e-01
8.853374287216764227e-01
7.120306909009560536e-01
7.671440994172106231e-01
8.483437632307505583e-01
6.939165218186518214e-01
1.113075152323139250e+00
6.617059526794648594e-01
7.917630697118855920e-01
6.913235306585976403e-01
7.391754601691051807e-01
3.763029719595772926e-01
8.963180757745992100e-01
6.745827682904143030e-01
6.922600959038881507e-01
7.610658722134904242e-01
9.625164488353141756e-01
7.945150965044679436e-01
8.725778936973531685e-01
7.730952584057346755e-01
7.314782932632364343e-01
8.355095731307075058e-01
6.857971922841262780e-01
8.522061924385515574e-01
6.741444603408194292e-01
7.000372697924243104e-01
7.225167878966254342e-01
7.041998501081366824e-01
9.241687915143440568e-01
8.387977069946372932e-01
7.295617704566933481e-01
8.080715950834858052e-01
7.322086774773950424e-01
8.002402533016261810e-01
7.269927790143716484e-01
5.292983629728905681e-01
5.996166828699037721e-01
6.154015088051238980e-01
7.413755489505003959e-01
7.331319158638850420e-01
8.130134673332669593e-01
7.154060297872453233e-01
6.751439015390064968e-01
7.242815410771127338e-01
7.030504033470743597e-01
7.566227242193090952e-01
7.391580969008070268e-01
7.190960182458006056e-01
7.890886713023841370e-01
7.282101913289894535e-01
7.027978601313066287e-01
7.505079057382190166e-01
8.782056253777209553e-01
7.411859635625279719e-01
9.077738276437725684e-01
1.230363340021824570e+00
8.010725602711792348e-01
8.515144018644046353e-01
8.198473864188083882e-01
9.384213262745101369e-01
9.375500195731990560e-01
7.135505473680185951e-01
6.412471764302178912e-01
6.551178278295808344e-01
8.420371013851734032e-01
6.069844366576844230e-01
5.817603948580643003e-01
4.288668985193518912e-01
6.682911424708303239e-01
1.226453283854042287e+00
3.451187234666367454e-01
8.540989956641669156e-01
7.365051524496337709e-01
6.524366596250312789e-01
9.156254674569621610e-01
8.491453583231086677e-01
9.100088831485070306e-01
6.665636106038698161e-01
4.671248458838799800e-01
4.767497029788542728e-01
1.018082341455678996e+00
8.978529105642150121e-01
7.140041546713333798e-01
6.872514763374030222e-01
9.783832353789042591e-01
8.060716500047557798e-01
6.809667912993878636e-01
5.675693746439524068e-01
8.423664572013036533e-01
7.127183619581805019e-01
4.629730699491843571e-01
1.003503170623494034e+00
1.135920102283098032e+00
1.091675905276325409e+00
9.848791658895482692e-01
7.450682710034967071e-01
6.048301606681131259e-01
8.577712002634096944e-01
6.062238880410839581e-01
9.407797822695680434e-01
8.336272527883454853e-01
7.253285503155606495e-01
9.511396275966359504e-01
8.062947770266195580e-01
7.113047511402258438e-01
7.514727418987934282e-01
6.820053329275423959e-01
6.872903222793771416e-01
8.691337083104738737e-01
7.991609838268357580e-01
7.236932326271445781e-01
6.166186478829814854e-01
7.732479876296574073e-01
7.609029669831999243e-01
7.666102091324620282e-01
7.554382109124950784e-01
7.541560168749594784e-01
7.877425062852213555e-01
7.323619596765685857e-01
7.698935446964584317e-01
9.056701530015737189e-01
6.935024420829060121e-01
4.736341880011981642e-01
8.729415261228271605e-01
6.924948259837305775e-01
7.307024163399430394e-01
8.386488122488029440e-01
1.001515710331047471e+00
5.738823445630591991e-01
7.635829584673370363e-01
7.630462670098880906e-01
7.229689557124753252e-01
7.688075831521897774e-01
7.382215034555140720e-01
6.202179782054801915e-01
8.541421534212286781e-01
7.705043240187743336e-01
8.129440861510036642e-01
6.805820892033521696e-01
6.666859074368911564e-01
9.857625677880191839e-01
7.284390470141738350e-01
6.949401783052768788e-01
7.366144271440896452e-01
7.143040603035868408e-01
7.455977001256915981e-01
8.326844509153903395e-01
7.077518449962633129e-01
8.364238789461406753e-01
7.839718232263563902e-01
7.201847648052221995e-01
9.763470080530596285e-01
7.877651270095139546e-01
8.931175534272134398e-01
7.198696556979704564e-01
1.047944368002761362e+00
6.794023474204869961e-01
7.645989855173328520e-01
7.255694340573997092e-01
6.892439058687724884e-01
8.520477929519809646e-01
6.583469961794905512e-01
8.073165700616209417e-01
9.455931776939785482e-01
7.861397076267913064e-01
9.679765647421154640e-01
8.321370889432414542e-01
7.061369904684652310e-01
7.124306528361923352e-01
7.692066214929085266e-01
7.781980629138797179e-01
7.544247901050679106e-01
6.944516266303262242e-01
7.653853930713929721e-01
7.408778227213188572e-01
1.096990603748552617e+00
7.626913855630386152e-01
8.248661627360175386e-01
8.605458829920800135e-01
7.628659128035510939e-01
9.487933408726331175e-01
7.876141652859225406e-01
8.919942318041539364e-01
7.406641944707856862e-01
1.001913419719475895e+00
7.678583978483102257e-01
8.042898679262230344e-01
8.689187156385979049e-01
9.462453250221037893e-01
6.860160737795120145e-01
8.063650409425046073e-01
7.169334403333558203e-01
6.927308374250823464e-01
7.052593867643495162e-01
5.752993589775203809e-01
9.668669306344517267e-01
7.328309268333612625e-01
6.642966289231635457e-01
8.945399906091558995e-01
4.633638092781671158e-01
3.900652542786353094e-01
8.022338187713257129e-01
7.578157047152493941e-01
6.115065741342697869e-01
5.443145934509032724e-01
6.324153206612492806e-01
7.692334222625335505e-01
4.834244510852307442e-01
9.095135363457391708e-01
6.956495907998799799e-01
7.801979892052622878e-01
6.597032722917673953e-01
7.800903838718873384e-01
5.262308498502044074e-01
8.250203442711993018e-01
1.020620532922270396e+00
7.425648237529178797e-01
7.443473086599738942e-01
7.840452882845474480e-01
8.207786849186156086e-01
6.748466012933188596e-01
7.945247002228341682e-01
6.426337789625372610e-01
9.446134130301238052e-01
8.387456255438036079e-01
7.026502301672302719e-01
8.809065001935707517e-01
5.694012984119397602e-01
7.687604128422300676e-01
9.282154599545916485e-01
7.797695775230277793e-01
7.946515176187274321e-01
9.517628344546834596e-01
8.451050017868052544e-01
7.706686076823392462e-01
7.134676927513153855e-01
7.961759961598220414e-01
7.660436248185619190e-01
8.120591134083449125e-01
7.587390170345430507e-01
8.313419344556883805e-01
8.896872885783453366e-01
7.229592188269557962e-01
7.539066043420273866e-01
9.000882269794956425e-01
8.469328197433464434e-01
7.892293925350326589e-01
8.958453760402992350e-01
8.459121311993240688e-01
7.884504385270988402e-01
8.904509622871816799e-01
6.521440318850389994e-01
8.881638430197599243e-01
7.262154117781605134e-01
8.778771508947650348e-01
9.030878134950853786e-01
9.357729405134178613e-01
8.959999259491496781e-01
1.168773026303787432e+00
5.080112785114168084e-01
6.870089191357411362e-01
7.091591433918773557e-01
6.204845080112639799e-01
8.355605527906594387e-01
6.030224391812505358e-01
9.311794845546305099e-01
6.156129406328458842e-01
5.575476411143146516e-01
7.780789182756935318e-01
5.113040779908368805e-01
7.166064895976139715e-01
8.731243442406649846e-01
6.621717973529697154e-01
6.991547030889095904e-01
7.800702253308057221e-01
5.699717688701626539e-01
8.043986569742548332e-01
6.713400054141687168e-01
8.173844052372896130e-01
8.777712030974796908e-01
6.382624486477443959e-01
1.136038720691090687e+00
7.971276134097735611e-01
8.143981455091215960e-01
1.072733829198273980e+00
8.765974674542006406e-01
4.761807167859276047e-01
7.436734786496447258e-01
8.307519583744494840e-01
5.956897638900745529e-01
9.156731140756885212e-01
5.754023373726522284e-01
8.546570279130003556e-01
7.399246030452707457e-01
4.923875472190302749e-01
7.390416835308663002e-01
1.357966588496138272e+00
6.761207365009739290e-01
8.140797884691346464e-01
7.993022734932540008e-01
4.172546756456035344e-01
1.262305472225195402e+00
7.891126272311497214e-01
6.400124637384270176e-01
6.751165110421487592e-01
8.735882961570223815e-01
6.181819127107830436e-01
6.915499702090107670e-01
6.286776084041396651e-01
7.106376760964300265e-01
9.878952345866272022e-01
5.150660693394997214e-01
9.488949048687703725e-01
6.818867913602144615e-01
7.217371781055208491e-01
9.509467060274451322e-01
7.563125131628833930e-01
5.806934130129970395e-01
8.863652806304833653e-01
7.837319492017541522e-01
6.739338951061170091e-01
6.511017973307171580e-01
5.935729598446807254e-01
8.346363623078888461e-01
7.419186589928433717e-01
7.475963869267630013e-01
7.023822616812163133e-01
7.549553572902526488e-01
1.346681349114426274e+00
4.690110711959147305e-01
7.904860553676119617e-01
9.725277506479121925e-01
9.800953302139518986e-01
7.347674227807339253e-01
8.264981422270313294e-01
6.709262472367678587e-01
8.791549542276910767e-01
1.324282340569787886e+00
6.571626131514359814e-01
1.125491548774356643e+00
7.272274374224644289e-01
7.651403354522798850e-01
7.547170636964664059e-01
1.089840017746292800e+00
8.226843505750711660e-01
7.459175598041333233e-01
6.341455042516727092e-01
7.153330682211493929e-01
8.088425517831295819e-01
7.129704855333672819e-01
8.109474501292998072e-01
7.899222065333872944e-01
9.068503212182413842e-01
8.391048621541461472e-01
8.365335992226111683e-01
7.915030107327793996e-01
5.654689844842537561e-01
9.891918541532062070e-01
8.999087457173718940e-01
8.839041928913342616e-01
7.549320147088343091e-01
1.086300726908358438e+00
8.428365191007453072e-01
7.926766530862529025e-01
7.949913725400006292e-01
7.777075029177775711e-01
7.763059477843543554e-01
7.555478722049301377e-01
6.425942766911192372e-01
8.409647324771284405e-01
7.294873105758119536e-01
7.640404530058046983e-01
8.262738322181183426e-01
7.944614806915828442e-01
8.197020865816222468e-01
8.017291139451589999e-01
7.365282481361659084e-01
6.941409657199534289e-01
7.171205428735774046e-01
8.069677469276832493e-01
8.330663279475883920e-01
9.539435667502801364e-01
1.048442682436138806e+00
1.533821242523196737e+00
8.656726207960592223e-01
7.750533845364097063e-01
6.845307528925790308e-01
6.966968474725115934e-01
1.184532272375360185e+00
8.837605413585967185e-01
1.134877477154609071e+00
1.286612224798002302e+00
7.213891998380580484e-01
1.004117646004540010e+00
8.307182523009378761e-01
8.864428612418512321e-01
1.608077865659821581e+00
1.093164693314297331e+00
1.669592590765747619e+00
1.079227032798696806e+00
9.453561626681290520e-01
8.603232651133222442e-01
9.809894311237499220e-01
9.258151281250797116e-01
6.475761241609439001e-01
8.578894258824824037e-01
1.032779331175743165e+00
8.737685424402444889e-01
7.808825125238596510e-01
1.221139663996046121e+00
9.225284029437735844e-01
1.101094273955006253e+00
1.185201777273529267e+00
1.349111939968265617e+00
8.840524668626891236e-01
7.841117397409141931e-01
8.344924464283639542e-01
6.101313261227611084e-01
7.698254335912350088e-01
6.900524716592808527e-01
7.000179632856665668e-01
7.246702316804493060e-01
7.523055836584536804e-01
5.817848498937395751e-01
7.162561703578080863e-01
6.100332488152060417e-01
8.137222394013003957e-01
7.423845539350301115e-01
7.293001366915686789e-01
7.016606219767941299e-01
7.308504478108975855e-01
7.313078139933086863e-01
7.680917451771763771e-01
7.630464226525951466e-01
6.428155793436624021e-01
6.597946765211765152e-01
7.263142872134467076e-01
6.308138620160120835e-01
8.571024159546852816e-01
6.950742055468498437e-01
7.356372861718043499e-01
6.909598496432550752e-01
7.852365497028878094e-01
6.562399287831864880e-01
6.881589779641958948e-01
8.272594169293896460e-01
6.835400478546225234e-01
8.460951636995318603e-01
7.214576983100504659e-01
6.895483922752857486e-01
7.182577735045850842e-01
7.797713497671009408e-01
7.007004982464473120e-01
5.822833324526471843e-01
5.290556775272730050e-01
6.385083780788225472e-01
7.552525865614485578e-01
7.137638702890908293e-01
6.213687015292056470e-01
6.588705182023002482e-01
6.716579607811308250e-01
7.552478057151014168e-01
8.091015943802600807e-01
6.919535100425509011e-01
8.292767681343691244e-01
7.613767860944028465e-01
7.913077909506006646e-01
7.619645531394461102e-01
7.403927984599656398e-01
5.636579019221231723e-01
7.125671099171982936e-01
7.220549129814894940e-01
6.812785460598997922e-01
7.570483067322807402e-01
7.030173701694295563e-01
6.255676611144838084e-01
6.051419205465620177e-01
7.257589990082629061e-01
7.342225852367370020e-01
7.672052282888874863e-01
8.088095994925309506e-01
6.172473538830789419e-01
7.756090321636753826e-01
6.288797746594410043e-01
7.567029069533266483e-01
8.470993931412182931e-01
6.684358129339355026e-01
6.424509746974582658e-01
7.833875050456137190e-01
6.555390432520301625e-01
6.346401783976408639e-01
7.870187305439644287e-01
5.379870619574544932e-01
6.421987634543483425e-01
6.910008878191252757e-01
7.231465379032042673e-01
7.518985912158094864e-01
7.565358468357502586e-01
8.688839522488268630e-01
6.038256724751122073e-01
8.303386463502134829e-01
7.654257811878915074e-01
6.920153546991324456e-01
6.363780567177630410e-01
6.172144005483469753e-01
8.570607166850604530e-01
6.580689961083833195e-01
6.849224286411268459e-01
8.301824665153706428e-01
6.874230028222297895e-01
6.695754889830772827e-01
6.315356326532937103e-01
7.163358269730129013e-01
7.163036209361403062e-01
6.974444142475215713e-01
8.379655563874249813e-01
6.576574375353440027e-01
6.234546667225974170e-01
5.656575236304998144e-01
5.703406997340694229e-01
6.672306447972750076e-01
7.431200249252013501e-01
7.432439794894917240e-01
4.899365179513272550e-01
6.950873387180040996e-01
7.405503918368787630e-01
6.589282077291327422e-01
7.755527213500692518e-01
6.589014663656240778e-01
6.635892122048969721e-01
7.498442471596347136e-01
7.394651564752955375e-01
6.412410224811209147e-01
7.716638447402138778e-01
5.721277101212487448e-01
7.171674545522750410e-01
6.171061252642405792e-01
6.966198622434789378e-01
7.024749825376987999e-01
7.160169743510778062e-01
7.576892938268208200e-01
6.738465124513166593e-01
6.720565206250972423e-01
7.221841954677865605e-01
7.854419227571061146e-01
6.517140880603309316e-01
7.601425163813985142e-01
7.633380830438081244e-01
8.064559788001481877e-01
8.258669339519882913e-01
7.703606175908518372e-01
7.511501770483111073e-01
7.076646706922061769e-01
7.293608995715116228e-01
6.466576486054053108e-01
7.321561285701309041e-01
6.948488802351623361e-01
8.249597525511307428e-01
6.988799487043717562e-01
7.244791264480416881e-01
6.122493132913160441e-01
6.849018109555821132e-01
6.801240253265792290e-01
7.441123771280423460e-01
6.969402422978659972e-01
7.933222429680245602e-01
6.644906814787203686e-01
6.621978657429344883e-01
7.563528684674907243e-01
6.887599104889644552e-01
8.402714476472198379e-01
7.003799624887036002e-01
6.909026808722115165e-01
7.155286586387928915e-01
6.729785407975306111e-01
7.179844912121681189e-01
7.379173086259767089e-01
7.190917019091349616e-01
7.142457519041325309e-01
6.224720094939426573e-01
5.084382810885512693e-01
6.257117746983708040e-01
7.617770413399290730e-01
6.842228793351488036e-01
7.599655003446600388e-01
6.184625644102672570e-01
6.349943005974584276e-01
6.688076562058371533e-01
7.944045763825525741e-01
8.422399365178273589e-01
6.720074329346797937e-01
7.745425813540356419e-01
6.079610285985325158e-01
5.526955735727538954e-01
7.273332641201433191e-01
6.578831704602481345e-01
7.250678029496433474e-01
7.538070071491098645e-01
7.351238073927672811e-01
6.480809540948394565e-01
7.021391618630985487e-01
7.010025879179317965e-01
7.121572642187606883e-01
7.045088864650854710e-01
5.797850340319071760e-01
6.954122470378060195e-01
6.198197119726419624e-01
4.734545793720893458e-01
6.346199757564587873e-01
6.522700993670649261e-01
8.477713662868663347e-01
5.412985136684379528e-01
7.006787539462945302e-01
7.253884831546490997e-01
6.965408815903323392e-01
6.546861995891503083e-01
7.276416246430627011e-01
8.152597133149418474e-01
8.220631075715707503e-01
6.973352043983157555e-01
7.626570261103029491e-01
7.696155981094298104e-01
6.946296838440501054e-01
6.841227439176185143e-01
6.558205634758681457e-01
6.789408486864146886e-01
6.869347926589483011e-01
9.293430318687293523e-01
6.492688963354078524e-01
7.153489363159483139e-01
6.675930676589025836e-01
7.309703828921491064e-01
5.629443219686350863e-01
6.479642396635734158e-01
5.231964483419293543e-01
5.979029706077334527e-01
6.928673696788925085e-01
7.352427930489312535e-01
6.481114428639895841e-01
6.648661082001725564e-01
6.016540087518441604e-01
6.678934908420434136e-01
5.348081687863540656e-01
7.217975925394147785e-01
7.228957044030535073e-01
6.747917515591796978e-01
6.881767301258382430e-01
6.833446769642191887e-01
7.424384899567949558e-01
6.780293169022001409e-01
6.661033208178103182e-01
7.442683153522156037e-01
8.143363556388072411e-01
6.792855216204042312e-01
6.049883986462643026e-01
7.952042250738259321e-01
7.204891639076652643e-01
7.320292996112746087e-01
6.709462080900707726e-01
7.457593032617964024e-01
6.756624894717471186e-01
7.181246835585736177e-01
7.915459976755704341e-01
7.042072675509324364e-01
7.331184512368733586e-01
5.418535725561772765e-01
7.728143014363030305e-01
6.985612106717759007e-01
6.620499584700013651e-01
8.117775045482737983e-01
5.640398122625243094e-01
8.756720133206568057e-01
7.024282613623161753e-01
6.396585952937698938e-01
6.728778376569987119e-01
6.931047473923807045e-01
6.541248376593545855e-01
6.857929220000079651e-01
7.969072060395949730e-01
7.671023356079404998e-01
6.333391974067805741e-01
7.264350763410244438e-01
6.843631440849211600e-01
6.432852373210906638e-01
6.774792810250092057e-01
7.920177816149813754e-01
8.580138104285567335e-01
7.144379322165750335e-01
7.265642421886751023e-01
8.270961480407993394e-01
6.934247952429316575e-01
6.875885076073597890e-01
6.655377450409349915e-01
7.941618613235670310e-01
7.881032570048446262e-01
7.931509317089544542e-01
6.209526582754447688e-01
6.776557985077426016e-01
5.040547384050750868e-01
5.674315871542435774e-01
7.050797036139150320e-01
7.101579490618384893e-01
8.416551341769926697e-01
7.744084002219889795e-01
7.279184354016544622e-01
6.927107048128646749e-01
6.368345543278987053e-01
7.568763811253061968e-01
6.731489616675274679e-01
6.855463608223016925e-01
7.885695881374886751e-01
7.080193296208313614e-01
6.726316547469211038e-01
8.334372848635026587e-01
6.411830261059275893e-01
6.998387511875474587e-01
7.127791958589585475e-01
8.142238259448514315e-01
7.116295604980645839e-01
7.631177571370779678e-01
5.414532489420813555e-01
6.595502985936791962e-01
7.753618119513691065e-01
7.542842989547601240e-01
5.871145838096305525e-01
6.377589975680139078e-01
5.992718829953675996e-01
7.123894230427842977e-01
7.000703328331723263e-01
6.909821207749156091e-01
8.322823161352326249e-01
8.518767053172411341e-01
7.309702807988882611e-01
7.369287829151203173e-01
6.861438651231737129e-01
6.451964913072731900e-01
6.236674885229275267e-01
7.051710974044405056e-01
8.328697320386762026e-01
6.158574131258630624e-01
7.168712255498309593e-01
7.369167882022741312e-01
8.249793318367329986e-01
6.619568086233141857e-01
5.253296093128699829e-01
9.160267342688408476e-01
7.025580180566521893e-01
3.908951652702734036e-01
6.023948523517428377e-01
6.319849783210068628e-01
7.394283810383455169e-01
7.515499938531224888e-01
6.799389124150820862e-01
8.324801501155046912e-01
6.931836724489067736e-01
6.957054491834223642e-01
7.704573747294813924e-01
6.026592277505156137e-01
5.609887400611892616e-01
6.285322419334122834e-01
6.814612224107576832e-01
6.325471085289361417e-01
6.879163648779993423e-01
7.584235016798434037e-01
7.224900376490288600e-01
7.185809911600379296e-01
7.878452451440918214e-01
6.618048850032386410e-01
7.154174009015611402e-01
7.786224436721386200e-01
6.407840194213791918e-01
8.407924571238133415e-01
7.202477330450198778e-01
7.427074779256632731e-01
6.544056442625437731e-01
6.560458840283024395e-01
7.373805913747659702e-01
6.528784774991217565e-01
7.817823074784139292e-01
7.448878162533180136e-01
8.581229427239219776e-01
7.065258799419585900e-01
7.334983510932187034e-01
7.910903353302194407e-01
6.832248649593072320e-01
7.069503626988498102e-01
6.366020558471392476e-01
8.140871821602538860e-01
6.106215559019870787e-01
5.590207952178448680e-01
8.052160432027759551e-01
7.431081031863924213e-01
7.916038462257968256e-01
7.503402227011204406e-01
6.474645105602814255e-01
6.688521155801038232e-01
6.336143215644918225e-01
7.610166884525397801e-01
7.033839374669569322e-01
6.228492164244305851e-01
7.829791955877014598e-01
6.572955686765236116e-01
8.062566068619919646e-01
8.629527760084281240e-01
7.603723451279547074e-01
5.456791919433646720e-01
6.867569928553590719e-01
6.524509799843856150e-01
7.130506828425404731e-01
6.877210876293469166e-01
7.089295645701383375e-01
5.516015196656059993e-01
7.874485766006501519e-01
7.314829798800490668e-01
7.624459191703178984e-01
7.698545821965933067e-01
6.664248915079548086e-01
6.491905840033665998e-01
7.355541757418632143e-01
6.227792326567350711e-01
5.607182139131197118e-01
6.133337370598348492e-01
5.402023294050641855e-01
7.030142427405132732e-01
6.419300434548522727e-01
5.994109879145399500e-01
7.107546411660051744e-01
7.295866944163553747e-01
7.853674390077819423e-01
7.245096695912617291e-01
6.599493436866930018e-01
6.850835052290209504e-01
6.859652483807617829e-01
6.048578927032851604e-01
6.791778105412938915e-01
6.518929271319495733e-01
6.491421948636684203e-01
6.733318483477381822e-01
7.026227683460414264e-01
6.876686558872199262e-01
5.626690970920739110e-01
6.754399015574357179e-01
6.841058838623342853e-01
7.735087951966825859e-01
6.896808441845381221e-01
7.056045814820391948e-01
6.531935538797044583e-01
8.156768387547332910e-01
7.232943948348754537e-01
7.195961718352735792e-01
7.590163726747217732e-01
6.033529008392732873e-01
6.599728908704359798e-01
5.680552925013222509e-01
7.419685186503427454e-01
