-3.169625271225875167e+02
-1.471079711267830135e+02
-3.351237629401215941e+02
-3.127454304031244874e+02
-2.232608467999634172e+02
-1.380181326184935244e+02
-2.321742716949609360e+02
-2.081012260650155952e+02
-2.338167541325816217e+02
-1.390356305968519450e+02
-2.763013143392493021e+02
-1.273927273363602126e+03
-1.557542413604743956e+02
-1.367782091528252408e+02
-1.761341779365890829e+02
-2.444569077621389681e+02
-1.313080348682198064e+02
-1.925150988680659623e+02
-1.320523208067816370e+02
-1.442884390485798463e+02
-1.616814310665070025e+02
-1.347203975983792930e+02
-2.340963605164677119e+02
-3.017316654199751724e+02
-3.611739937053452536e+02
-1.811993529838964037e+02
-2.185285916272456461e+02
-1.579093203512839523e+02
-2.829400967436512246e+02
-1.275698723328159474e+02
-2.574647257742057604e+02
-1.448400107611112446e+02
-2.097054012052106486e+02
-1.633666682190851134e+02
-1.784308540824719671e+02
-3.280968587695776932e+02
-1.219922237874430664e+02
-1.674061044234752273e+02
-1.540712536568468920e+02
-1.755872672295194832e+02
-2.553021477263267229e+02
-1.706610906030110755e+02
-1.810030815305649128e+02
-1.282497803371009581e+02
-1.365781813578011565e+02
-1.223107641213917560e+02
-1.631312922336051088e+02
-1.857263970958644563e+02
-1.442692967463601406e+02
-1.244668302449189099e+02
-1.467666867620727658e+02
-1.715145353490090656e+02
-3.895734794896740709e+02
-1.470457153422083536e+02
-2.949180109371297931e+02
-1.370221341063576403e+02
-5.768124152229521542e+02
-2.335776637528280446e+02
-4.326475678556205366e+02
-2.391803366171494361e+02
-1.579161181762199533e+02
-1.422236316180070048e+02
-1.657967047264731377e+02
-1.611146201077493458e+02
-1.946301088710466445e+02
-2.181881049553789467e+02
-1.899083649748235416e+02
-1.424819916274814489e+02
-1.745987583397723597e+02
-1.667589336210521083e+02
-1.609855802619408962e+02
-1.288976470437622197e+02
-1.684204899079591939e+02
-1.953222009250897315e+02
-1.409122790930992721e+02
-2.613671285878783692e+02
-1.477921741132798843e+02
-2.831935356245364801e+02
-1.231216943376080764e+02
-1.506313140599603173e+02
-1.835528560060869268e+02
-1.359807218131544175e+02
-2.482006503662570367e+02
-1.362754059519900807e+02
-1.545791812011013349e+02
-3.259890504755361462e+02
-2.454350373952243558e+02
-1.673162605095009781e+02
-1.472481470970502926e+02
-2.837986113358876423e+02
-1.965411300887152777e+02
-2.955070794213523300e+02
-3.596332579269659959e+02
-1.546920887916854781e+02
-2.492751749778732631e+02
-2.086944112262546582e+02
-2.395894724413637960e+02
-2.640320905331169570e+02
-3.188044795749112836e+02
-2.198323010591402920e+02
-1.867278742791609716e+02
-2.519679952957202431e+02
-2.888442286655063640e+02
-1.829676255309807118e+02
-2.647633583841426343e+02
-6.067653715372873648e+02
-1.455422624221730246e+02
-1.694627817290939333e+02
-1.558034240160376385e+02
-2.563508547788955525e+02
-2.123856065610924588e+02
-1.830851950376413697e+02
-1.548064260035686743e+02
-5.654401180029786929e+02
-2.098810252865784776e+02
-3.669627939667933560e+02
-1.669327307680456727e+02
-3.481557971970713652e+02
-4.076759343370363808e+02
-1.464156366181225337e+02
-2.484073895341315108e+02
-1.767554731706539712e+02
-2.699566552150088228e+02
-3.473454628858448245e+02
-2.493637980300993604e+02
-1.330705067529090400e+02
-1.502302865058925363e+02
-1.485373702189860694e+02
-1.488723618072028785e+02
-2.837006593499228302e+02
-2.568867608316971882e+02
-3.511601866966083776e+02
-1.183805641816940266e+02
-2.566374490513301225e+02
-2.097638819988557373e+02
-1.445014471899932005e+02
-2.135975796490053256e+02
-2.561195012953224932e+02
-2.755742758314307252e+02
-1.820073579228311473e+02
-2.714887190324106996e+02
-1.397003381191241544e+02
-3.939985488073326110e+02
-1.920230204301649337e+02
-1.642776108325385280e+02
-2.461405644595223805e+02
-1.825378466302012441e+02
-3.177074837773182594e+02
-2.119009563778157599e+02
-3.406172957180413050e+02
-1.986054142146370509e+02
-3.119993623356191961e+02
-3.083479960979796033e+02
-2.592865102946437901e+02
-2.043310205147503211e+02
-2.499363694815248209e+02
-2.674702469399231290e+02
-1.451039331222216902e+02
-1.937268224276572539e+02
-2.516754831044723915e+02
-2.312674749823336811e+02
-2.225952427564494656e+02
-2.591322404981218597e+02
-2.012258845565329182e+02
-1.890043408762927868e+02
-1.791757576487937342e+02
-1.643211528193230890e+02
-2.708047360764169298e+02
-3.754929196946126808e+02
-2.305073748908182552e+02
-1.671635697462975827e+02
-2.258852258969294837e+02
-1.461279439619297875e+02
-1.995926237026814363e+02
-1.969260014228002547e+02
-1.974004537259627057e+02
-2.215783494414203290e+02
-2.335810378558599325e+02
-2.635206374903256119e+02
-2.756640386638889595e+02
-3.467506974087715435e+02
-2.492645053545720941e+02
-2.407785229168205205e+02
-2.876332918738411877e+02
-1.741789490941577299e+02
-2.449361209201103975e+02
-2.298185013035233339e+02
-3.161472448639100890e+02
-2.139828156322622306e+02
-1.193150318478377585e+02
-2.364361723851428110e+02
-2.785950656342841398e+02
-2.265793883026590834e+02
-2.741386794244800740e+02
-3.071806439796660015e+02
-3.161959847259424237e+02
-2.740280968444785685e+02
-1.752168132129650076e+02
-1.739712414544902401e+02
-2.637785438807164837e+02
-3.564423763493479100e+02
-3.271468563017213000e+02
-1.744945385489109810e+02
-3.195140320165348840e+02
-2.573114859713780902e+02
-6.215387114852483137e+02
-3.604729827130016702e+02
-3.299349692920740154e+02
-1.618967644060087423e+02
-7.130898770105204676e+02
-1.770673300415451763e+02
-1.334559763642660641e+02
-2.692583192820194995e+02
-1.604470737044328814e+02
-1.944360630355673720e+02
-1.152346232735965970e+02
-1.738758295538419247e+02
-2.720107283273724761e+02
-3.018202818851547136e+02
-2.258090514834080409e+02
-1.506618847471292213e+02
-1.990240992140472827e+02
-1.160482001933255845e+02
-7.039951980971414969e+02
-3.327944196300825752e+03
-2.526913844858707989e+02
-2.297070832892635224e+02
-2.064333006437569509e+02
-2.062697123801906685e+02
-2.362909477841585897e+02
-2.737304091898295155e+02
-1.284196793738963720e+02
-1.540802649269027143e+02
-2.530509818061717340e+02
-1.588542074312012744e+02
-1.838562781475142174e+02
-3.033008018190161579e+02
-1.378257180097158994e+02
-2.083348084734925294e+02
-2.900887419190494825e+02
-2.913415542483836589e+02
-1.991772976016131906e+02
-1.773154484485748412e+02
-1.626619766154568367e+02
-1.538138054443486737e+02
-2.003722332507878434e+02
-1.894659182981260130e+02
-1.753426194826992344e+02
-2.505259313200311908e+02
-1.644204029514272349e+02
-3.070112121826451812e+02
-1.673503593681053019e+02
-1.667232486229167989e+02
-3.437488247512084172e+02
-2.493561994807658380e+02
-1.414252040313437817e+02
-2.240471014592424694e+02
-1.686168733835968396e+02
-2.921584543840388619e+02
-3.081350774658177443e+02
-1.885900030714249738e+02
-2.201949971080451007e+02
-2.388609794092128311e+02
-2.871161179903640459e+02
-2.168518368327715393e+02
-1.807030473857865900e+02
-1.314657200988679335e+02
-2.843767699856596778e+02
-1.808771634151960654e+02
-1.636032065195021232e+02
-3.044469123895026996e+02
-7.525407238448185581e+02
-1.764518706597430082e+02
-4.419336644231819378e+02
-3.125789850011487943e+02
-1.412773943464145816e+02
-2.447796582294785139e+02
-2.160448779006644600e+02
-2.553962475822434612e+02
-2.296115462254484783e+02
-1.842338229902303510e+02
-2.286630555971333081e+02
-4.593082686590590242e+02
-5.846302734516352757e+02
-4.720213551784137849e+02
-1.861081693744686447e+02
-6.184883182526953078e+02
-2.178745410966617158e+02
-1.796940775151775824e+02
-3.091115573909181080e+02
-2.363146035846916959e+02
-2.561925748656242376e+02
-2.173345044860335236e+02
-3.511926618205478690e+02
-3.034278659871418427e+02
-3.116740357136948774e+02
-1.519223471039526601e+02
-3.149109107586805294e+02
-3.600176077079461834e+02
-4.762230669286300326e+02
-2.577091067076698891e+02
-3.504148030868574892e+02
-2.224756060541643023e+02
-4.554993992438773489e+02
-5.374865770545123951e+02
-3.652861952934572400e+02
-2.131022180978428651e+02
-1.576594215907178125e+02
-2.552647112936888902e+02
-3.445224088755177831e+02
-3.386758096238532403e+02
-3.374386504886293210e+02
-4.705486016539245497e+02
-1.361930269558717441e+02
-3.139812383145818444e+02
-3.933884558389807466e+02
-3.787132066476361274e+02
-3.301217262798686534e+02
-3.359189600767264778e+02
-3.361537511002385941e+02
-2.217157694028263393e+02
-2.371239317894025191e+02
-2.699117345684217071e+02
-3.035987488837945421e+02
-3.817002865548053592e+02
-2.972250335791200655e+02
-1.990965341105504365e+02
-2.727717884653081342e+02
-2.383105519949430970e+02
-2.967752218408024873e+02
-3.473282344040866292e+02
-3.273171927161158692e+02
-2.116156076932519170e+02
-3.811212831917115977e+02
-3.180828047539802128e+02
-2.572935368179332727e+02
-1.317139351734533079e+02
-3.104039630956920064e+02
-2.082675046294923504e+02
-1.298353175252374285e+02
-2.630517535449944262e+02
-3.041082275442608989e+02
-1.454808076614163781e+02
-1.503964747462691491e+02
-1.666779439696466056e+02
-1.081840479245492816e+03
-2.665360622685242333e+02
-2.421596684221196938e+02
-1.815519708740549163e+02
-1.738865355835053776e+02
-3.237675279606821277e+03
-2.735100008665574478e+02
-3.309480479783152873e+02
-1.767138259814870196e+02
-2.041678904075010053e+02
-1.475532217917399862e+02
-3.749558685122208885e+02
-3.571663942267327343e+02
-1.881549236960124745e+02
-1.730218346361391468e+02
-1.506798529871956589e+02
-1.624668928555352920e+02
-1.368803022138242227e+02
-2.185103508801382191e+02
-1.362580447694416534e+02
-2.323092001746357198e+02
-2.108714330962733641e+02
-1.335548686106355945e+02
-3.244219676574679170e+02
-1.522715684223015273e+02
-1.813745025424569235e+02
-1.318696669197279334e+02
-6.426864914433690501e+02
-2.420803120550673384e+02
-2.893431868048022579e+02
-1.261835779716960388e+02
-1.422881701391445972e+02
-4.853584812404249647e+02
-3.398978283707839410e+02
-3.106776767639849481e+02
-1.739689175139650388e+02
-8.913158322391872161e+02
-5.067777063465849778e+02
-2.291646639605008602e+02
-3.527561083092513741e+02
-1.234093764100598634e+02
-1.631939547208564250e+02
-1.392730875242292825e+02
-1.368644056838352583e+02
-3.425547606830060090e+02
-1.843672043201575832e+02
-2.407966412838918018e+02
-1.760842565163033555e+02
-1.394363725732896739e+02
-2.758374360445574212e+02
-4.036568687391865069e+02
-2.028357038067391613e+02
-1.983541593629270494e+02
-1.609099027789237084e+02
-4.664639808006642738e+02
-1.459203484123064527e+02
-4.838509675625685418e+02
-1.637312304578170199e+02
-5.552533663381785800e+02
-4.875105235610301406e+02
-1.280379332560208923e+02
-3.872126760552930023e+02
-4.309761164939685614e+02
-1.351904292502635769e+02
-2.232660685947871571e+02
-2.609783194907016082e+02
-6.901335167183904105e+02
-2.759676471837332883e+03
-4.239169984439848236e+02
-3.211636244653440144e+02
-2.774960226426805434e+02
-2.443306194873137827e+02
-5.515984197376873226e+02
-2.809054991194440731e+02
-1.625494498821755371e+02
-2.277736118301862689e+02
-1.106588800477900776e+02
-2.016033879405798359e+02
-2.035343024698353929e+03
-1.613913705523503950e+02
-8.495357246095846904e+02
-2.320181231922800862e+02
-3.504212161145401296e+02
-2.888667452030215941e+02
-2.642340777571512831e+02
-2.647573152734272526e+02
-1.649047596521668879e+02
-1.680950860380496295e+02
-1.369363086863563979e+02
-2.186754476496161033e+02
-2.129998991157878834e+02
-2.512118120086705915e+02
-1.315432967415191001e+02
-2.465796370114011609e+02
-1.819096920006088283e+02
-1.986724200982949640e+02
-2.698947980440214565e+02
-2.526899575267670457e+02
-5.172261994377597603e+02
-1.508668633349641084e+02
-1.944903741227160765e+02
-1.399696980725333049e+02
-1.912353874429163056e+02
-3.153504690258716323e+02
-2.032080387839190223e+02
-2.263183939574661565e+02
-1.780031319846628151e+02
-2.220413962824786154e+02
-2.525498557352855755e+02
-1.374545921589395334e+02
-1.949997639980259407e+02
-1.877704432232478950e+02
-2.505942992887444234e+02
-1.895538608123594031e+02
-2.764179021372275997e+02
-2.817781377133291016e+02
-2.618530663028423078e+02
-2.556451944313743923e+02
-2.505955597191140498e+02
-1.751098143123144837e+02
-2.304263739231733723e+02
-1.440903691348177347e+02
-3.546777562930753334e+02
-1.469801051598348067e+02
-1.504431955461643611e+02
-1.264327436697121385e+02
-1.823354468042768701e+02
-1.715514982780115645e+02
-2.155218612802921143e+02
-3.912606317936202345e+02
-1.833952744783474031e+02
-3.189222410795908900e+02
-3.389012634172846674e+02
-1.475099430223912691e+02
-1.513402095974883821e+02
-2.546243530098860788e+02
-4.253910298428426131e+02
-1.435691039846066417e+02
-1.486197001426030511e+02
-2.695099257956001111e+02
-5.321503779347997352e+02
-2.021164355518746731e+02
-1.415319421023955613e+02
-2.797511472303352775e+02
-3.223641801126623250e+02
-1.984821494146490863e+02
-4.464449270999436976e+02
-1.996985538665462059e+02
-3.475919876551201355e+02
-2.045259997972773931e+02
-2.017332818573968041e+02
-1.741055084919803164e+02
-2.518118113995674037e+02
-1.705884426771418703e+02
-1.261231511882093059e+02
-1.757742999259020564e+02
-1.496097828343571905e+02
-3.645231349919272930e+02
-1.891265383205620481e+02
-2.776744637688373132e+02
-1.493489249119433566e+02
-2.344006415868991269e+02
-3.431279755425154576e+02
-1.690957732190830427e+02
-1.357430018193990406e+02
-1.275525111364514004e+02
-1.389257011863828382e+02
-1.826464182100138203e+02
-1.459649311898042185e+02
-1.983714712728625500e+02
-1.656501823812602652e+02
-2.229993781584001624e+02
-2.123749803280762478e+02
-1.354236603338979421e+02
-1.541426673464751786e+02
-1.465297375598311760e+02
-2.674218880269806391e+02
-1.648694601937554580e+02
-2.579168136374313463e+02
-2.178517779855298215e+02
-2.601024441418734341e+02
-2.082039984514538844e+02
-2.669114374572554311e+02
-2.607104456088007964e+02
-1.700657572884995261e+02
-1.701974817264595004e+02
-1.528231956697431713e+02
-2.543380317087240883e+02
-1.575489761512883149e+02
-1.677336681307381241e+02
-1.550264899722543532e+02
-1.618231990661604414e+02
-3.365795631177884388e+02
-1.831271630403534800e+02
-2.993994923751391752e+02
-1.394464577159541818e+02
-1.690155805513413441e+02
-1.480793531813820607e+02
-2.516642194555758465e+02
-1.461652831653503313e+02
-1.725186454466642374e+02
-5.157680203272828976e+02
-2.492121048959699294e+02
-1.305980226231195900e+02
-1.933805531594935871e+02
-1.477631900470929622e+02
-2.345663226751035779e+02
-2.702178971042770854e+02
-6.694088193258454567e+02
-1.719247036952561700e+02
-1.501043051332182188e+02
-1.727998068961575484e+02
-2.014811735736181504e+02
-1.631435246677709188e+02
-1.557151863628676836e+02
-2.909653789331306939e+02
-1.390536340688837811e+02
-1.836337234007328618e+02
-1.510794712940600846e+02
-2.582420004106608644e+02
-1.650565381641900160e+02
-1.614574654176153103e+02
-1.453393211752330103e+02
-1.479688495530618866e+02
-1.677832287275860210e+02
-2.423002765817680029e+02
-3.057545108166024761e+02
-1.501559114771843610e+02
-2.960357305343992493e+02
-2.212883366610206224e+02
-1.902484329065355269e+02
-1.646044044645595932e+02
-1.608958842983840896e+02
-2.931038695086309076e+02
-1.529359473027271576e+02
-1.272821332127633696e+02
-1.542382546141307103e+02
-1.711978591173562165e+02
-1.759633187993468653e+02
-2.230272212411189798e+02
-3.493121344677535944e+02
-3.863933764484027051e+02
-1.474065182152157263e+02
-2.831307429746205457e+02
-3.070102117716024850e+02
-1.741035989082962203e+02
-1.598227546344365066e+02
-1.896742192632467550e+02
-2.097204984772970988e+02
-1.811689997825533567e+02
-1.276270436002860862e+02
-2.119473269861989877e+02
-1.623025605889714313e+02
-2.417563864178147242e+02
-2.225151279460730223e+02
-2.587574373177552047e+02
-2.586754135144647080e+02
-1.585705911874497076e+02
-1.417478772741033026e+02
-1.617678635941436482e+02
-2.316828932559652401e+02
-3.515857145231667573e+02
-2.021434521109983677e+02
-2.774278593252601013e+02
-2.127269206666477430e+02
-1.441847056233708031e+02
-2.035606629704338673e+02
-3.084165070197453815e+02
-2.201306822540694839e+02
-1.894201262046788088e+02
-1.830513940001147546e+02
-2.083242037850986605e+02
-2.406200406577983131e+02
-2.070103340432184780e+02
-1.261238737063013389e+02
-1.348717504083218159e+02
-2.113675806355666111e+02
-2.476893191353944985e+02
-1.978087581023974622e+02
-2.261689494446949311e+02
-2.058947933954482608e+02
-5.237197983389056617e+02
-3.454626559011860536e+02
-1.955583461602074919e+02
-2.453229556971635645e+02
-6.308605636560375842e+02
-3.797105849721522759e+02
-2.942713877253931969e+02
-1.618788186765411865e+02
-3.492748193746771221e+02
-9.172854028499641572e+02
-4.918973201608722547e+02
-1.139118665487957742e+03
-3.249386160442454070e+02
-2.766746677337005735e+02
-1.633393954630483051e+02
-2.511233044452360446e+02
-3.551332573747321248e+02
-1.745846492763647291e+02
-3.395930072238693356e+02
-8.446391381707229584e+02
-3.098350181441001610e+02
-3.563407707895523799e+02
-1.830885201385864036e+02
-2.570685636095311679e+02
-5.713799688363538962e+02
-8.686267871100599223e+02
-1.095952122171212523e+03
-2.747123967957181208e+02
-2.033723418352102783e+02
-1.540299957339697698e+02
-2.180853850129547880e+02
-1.614936635493602068e+02
-2.388087494859277342e+02
-1.397571772519335980e+02
-2.270079989944467798e+02
-1.896010105835524655e+02
-3.454259820440267958e+02
-2.059545319132992347e+02
-2.097345770390341784e+02
-1.681111558690346328e+02
-1.869072252793679922e+02
-2.733868732933241290e+02
-2.214540338092636773e+02
-1.469413979269571939e+02
-1.256445244233625544e+02
-1.469266211592268689e+02
-1.675548288738966960e+02
-2.558049464898008125e+02
-1.972055793954771730e+02
-5.591209603095823013e+02
-3.124887520099795779e+02
-1.512676668820421355e+02
-1.561207326709543395e+02
-1.761466004565876631e+02
-1.419655780874703908e+02
-1.244026281830701492e+02
-1.450336188585835373e+02
-1.701260968617647791e+02
-1.375749157775296112e+02
-1.797643562827652772e+02
-3.422867557959976921e+02
-1.794507274471931737e+02
-2.390186593632696486e+02
-2.519373928424719793e+02
-2.640352054266473374e+02
-5.016156160938921857e+02
-2.615040789267009700e+02
-3.437455168448046265e+02
-3.036960832604252687e+02
-1.567747362221813034e+02
-4.821957394637325365e+02
-1.889200191498439096e+02
-2.509359740554660050e+02
-1.314938390717319407e+02
-1.673354198909917159e+02
-2.053530634989765247e+02
-1.869574989035878616e+02
-2.252830902502341530e+02
-1.693015327473646039e+02
-2.365934719949844691e+02
-1.417513801862822902e+02
-2.985063814204656865e+02
-2.135890283913253143e+02
-6.745257874802482547e+02
-3.606869961923502501e+02
-3.065620552701407746e+02
-4.911468190264170062e+02
-1.844754558018853459e+02
-1.863301403396555145e+02
-6.377949069824767321e+02
-1.884697966547279577e+02
-8.871651694275597038e+02
-1.934476599937262620e+02
-3.382825288791971730e+02
-3.845098729258451726e+02
-4.807503494568701171e+03
-6.604777283523305869e+02
-2.961591287482332291e+02
-3.701329222855259786e+02
-2.089099458400538936e+02
-1.677128151522062751e+02
-4.952698761435041206e+02
-4.187999833333040556e+02
-3.100017605850874816e+02
-9.044115445292512732e+02
-1.211452647177536051e+02
-7.667275813579018404e+02
-3.307558056573387830e+02
-3.202132007747994180e+02
-9.514160566817772633e+02
-7.300221799903303008e+02
-2.922518214818458659e+02
-3.413830976541539144e+02
-2.724105988657520356e+02
-1.938422482783772978e+02
-2.739562511218286431e+02
-3.527413607108406381e+02
-3.695475493123340698e+02
-4.396851723895969712e+02
-1.579861121788172227e+02
-2.319391855255677228e+02
-3.161004127783476747e+02
-3.024292776876320659e+02
-6.312583870772189130e+02
-4.294027900592097922e+02
-4.682842651784792452e+02
-4.793362278860499828e+02
-3.518779023582438867e+02
-1.549462864658439401e+02
-1.671134377835162752e+02
-2.591981554504811243e+02
-1.523134246058460519e+02
-2.001674288813825058e+02
-4.698255909974432143e+02
-2.625835165700292464e+02
-3.334987431737084762e+02
-4.629699034937906390e+02
-1.892037816865073410e+02
-2.623096614630007934e+02
-1.392661995629942453e+02
-1.752836770094536121e+02
-1.818362659103901535e+02
-1.834416976910368078e+02
-2.595664686892712893e+02
-2.418598471718038638e+02
-2.405877900987045450e+02
-1.711820949268828258e+02
-2.281306483237941904e+02
-3.173585388411179338e+02
-2.291601908287996139e+02
-3.098059428421141774e+02
-2.199622238707453050e+02
-2.027117608037154923e+02
-1.658144743855452532e+02
-2.074510761559517675e+02
-2.280518309494431151e+02
-1.995947068220013421e+02
-1.529174794652378466e+02
-4.350925846540697535e+02
-1.763770226700112858e+02
-1.834586775217726711e+02
-1.848198982453404540e+02
-2.506372557765720330e+02
-2.021708665343907967e+02
-2.818711799818158283e+02
-1.846002499182320946e+02
-2.865417450839852336e+02
-2.464698025546693430e+02
-1.069000483492493913e+03
-1.280648925520129922e+02
-1.635505199377067947e+04
-3.145567352633553355e+02
-6.941513418306363974e+02
-6.740750122997807239e+02
-3.189915578161492249e+02
-2.296300497164150443e+02
-2.326929754326179989e+02
-1.358210860594587359e+02
-1.637924620569209253e+02
-2.337914363245973846e+02
-2.500633300353656239e+02
-6.821904509238286209e+02
-7.776422926998142202e+02
-3.425013496562084470e+02
-3.263788150290183239e+03
-3.426905316347985035e+02
-2.896004896082137634e+02
-1.638115735390036036e+02
-3.924674418054379430e+02
-1.454314475324006537e+02
-5.237460549903776155e+02
-2.067064238624361963e+02
-1.712042985509320943e+02
-3.055188743676309855e+02
-2.375838616557450678e+02
-2.167617180918802831e+02
-1.865014499283144289e+02
-2.792236347810936650e+02
-4.181544382689360191e+02
-1.622662631375083606e+02
-3.421258754062137655e+02
-1.118334258919344393e+02
-3.091014638091687061e+02
-2.061466037502286781e+02
-1.859896874404497851e+02
-2.467041721360423594e+02
-3.735331769820918453e+02
-3.534984382483051490e+02
-1.641077607678958259e+02
-3.804997262107841038e+02
-1.402783666243414871e+02
-3.098543947398316618e+02
-2.324703010905058989e+02
-2.961314242889743582e+02
-2.284454604559072379e+02
-6.839482999469964852e+02
-4.133948355046140364e+02
-2.608675078426956020e+02
-7.952673938810505661e+02
-3.787466896283930851e+02
-2.476212660165302566e+02
-2.380157634094341006e+02
-5.146953735962886185e+02
-3.119029032959023766e+02
-1.547896925818727425e+02
-1.359915061626003308e+02
-2.089996029070971701e+02
-2.291554356709772264e+02
-2.247977225226988764e+02
-1.366130912555543375e+02
-2.507333721700544515e+02
-1.904203175143107956e+02
-1.493466543604654646e+02
-2.790070994361116163e+02
-1.787487317924841648e+02
-2.569821020666200866e+02
-1.265998527604063639e+02
-2.008968092189055596e+02
-2.144711408565304396e+02
-4.039576402348606052e+02
-2.902022196323389949e+02
-2.874426972009626411e+02
-2.374127928479137211e+02
-3.366848434343680196e+02
-2.851337559006339575e+02
-2.068630212581854835e+02
-2.582430337937270792e+02
-1.522369541869588829e+02
-2.287574283310217993e+02
-2.614937842057718171e+02
-2.029355785210640022e+02
-1.558391306506147487e+02
-1.962689852988987411e+02
-1.605522694591673201e+02
-1.342536845741378215e+02
-1.810766303207802537e+02
-1.853775976005715904e+02
-1.599414448383946592e+02
-2.906773176326445878e+02
-1.591588499920792685e+02
-7.260849536254333998e+02
-1.646878069398632931e+02
-1.810795521167978848e+02
-1.545250367893970633e+02
-2.072672425572752672e+02
-2.184312921238489764e+02
-1.750885780245930619e+02
-3.573238436037858605e+02
-1.552326864605128662e+02
-2.377805809469946325e+02
-1.603709062781910006e+02
-2.887942329517572375e+02
-1.585240689761677970e+02
-6.617894873932668816e+02
-2.346624290004485260e+02
-2.639364020419961889e+02
-2.702087529831017036e+02
-1.961889319541193117e+02
-6.976960429163913204e+02
-4.651987001511628478e+03
-3.427513009827141559e+02
-1.941147388017923845e+02
-4.882475718709633838e+02
-2.609676468874964144e+02
-1.703593230415124253e+02
-2.297270493684177950e+02
-2.965482287289408987e+02
-5.069438208319069759e+02
-4.811682302463593146e+02
-3.568626411933136069e+02
-6.509972961765046193e+02
-4.862879025502761579e+02
-3.505917833677065119e+02
-6.159160771275879824e+02
-5.501911367210516346e+02
-2.971574070321298109e+02
-1.875896571633714984e+03
-3.568662972885136924e+02
-6.334723684883297210e+02
-3.615738943493106490e+02
-3.970384522738028181e+02
-2.876717740691974541e+02
-2.474647908632411202e+02
-1.783112174781663271e+02
-1.637122404018541033e+02
-1.866215873113337409e+02
-1.342231760656546271e+02
-1.774552742935251786e+02
-2.414537875074305475e+02
-2.257384738820204575e+02
-3.200278783583827362e+02
-1.329451507405000825e+02
-1.852727594599305405e+02
-1.718369594377505507e+02
-1.860836705592102760e+02
-2.074789548073106857e+02
-2.581156795720100945e+03
-2.595621401210671024e+02
-1.771425656690171763e+03
-1.691958497540224755e+02
-1.532966074667231737e+02
-1.945680122990894461e+02
-3.566451378928535405e+02
-3.146129138331049262e+02
-6.460154115205289145e+02
-1.588585809066947263e+02
-5.338173133663195813e+02
-1.563371446843893295e+02
-4.056845321892584479e+02
-1.540961613455561121e+02
-4.691223245418050283e+02
-2.275893171578443059e+02
-2.161551883024031611e+02
-1.550949380752742570e+02
-2.966672241881636296e+02
-4.161397401242575711e+02
-2.526562270722873791e+02
-2.696292358362042592e+02
-3.421515671540369681e+02
-8.420931920639163764e+02
-5.672107791353828361e+02
-2.536528409936926209e+02
-3.212769163661566836e+02
-8.216535465507396339e+02
-9.462449106321104182e+02
-1.953580910935083352e+02
-1.466475185873074167e+02
-1.604819126125304365e+02
-1.433608180987163792e+02
-2.020860964588619026e+02
-1.307699804312716196e+02
-1.985366814366142307e+02
-1.646827457427986587e+02
-1.933112927439350130e+02
-2.093275694517450063e+02
-2.373714811228527140e+02
-1.481882878976722964e+02
-1.614654926723935091e+02
-1.642751175644933710e+02
-1.212906686656553887e+02
-2.012485993770112316e+02
-2.767502241666045961e+02
-1.870281321680511155e+02
-1.450291235307989552e+02
-2.576032406985002581e+02
-2.194646730672270110e+02
-2.079917245722010648e+02
-2.172867118901576760e+02
-2.531287084689459448e+02
-2.064797501498802887e+02
-1.676416607215413705e+02
-1.835155393930589298e+02
-1.846549375701845861e+02
-1.565995129672894564e+02
-2.219087169402484676e+02
-1.860217844032524681e+02
-2.206903047865656049e+02
-1.258261667960151442e+02
-1.912419294103858931e+02
-3.617992723800914519e+02
-1.400190004327973554e+02
-2.085575182300122208e+02
-1.537963869509538029e+02
-1.572521140241122737e+02
-2.029898544865664007e+02
-1.245741400592619357e+02
-1.991679723619695324e+02
-1.835922231541577503e+02
-1.398059674161030159e+02
-2.522774801908025495e+02
-1.384467312122824012e+02
-1.540701819956109375e+02
-1.485631784381486966e+02
-1.311401692649274366e+02
-1.716989356506851152e+02
-1.503008751931691904e+02
-1.907035560361482851e+02
-2.778034738187806738e+02
-1.393844669108510743e+02
-1.498980716425017761e+02
-1.298353175252374569e+02
-1.807086192489783514e+02
-1.761103498807361234e+02
-1.824012415264820675e+02
-1.223769154819257210e+02
-2.035561857422638639e+02
-2.442502392979909303e+02
-1.323826264322571262e+02
-3.630465000595742140e+02
-2.032176354369539126e+02
-1.281871386806538737e+02
-1.238382215854965125e+02
-1.593753305646554850e+02
-1.785251814718039896e+02
-1.234754707229930375e+02
-1.630488905965584934e+02
-1.550717952967486895e+02
-1.839615628481667216e+02
-1.483897070604035946e+02
-2.779527584636225583e+02
-1.495020151866728213e+02
-1.399051595513957125e+02
-1.209773819445309186e+02
-1.215527460894344784e+02
-3.378996997990548721e+02
-1.340248722398813470e+02
-1.557241204827884360e+02
-1.184531715874708198e+02
-1.466731464633031408e+02
-1.644294008062005048e+02
-1.429174239539567566e+02
-4.891536156988937591e+02
-3.484881639253017624e+02
-2.082057818139919618e+02
-1.295734330417737965e+02
-1.485632583593898346e+02
-3.208516835199737329e+02
-1.451785418970407591e+02
-2.291623827082197238e+02
-2.979450052083157630e+02
-1.837860766869802092e+02
-2.339608933001269691e+02
-2.821741841310134760e+02
-1.588949997583814309e+02
-1.547026978328114524e+02
-1.176815450785266108e+02
-1.136097282986716692e+02
-3.767813903857835385e+02
-1.141360109849284754e+02
-1.264139534609172557e+02
-2.470414721940466620e+02
-1.352729981901532881e+02
-1.579766154455258800e+02
-1.638168679295570200e+02
-1.363663436189133620e+02
-1.548023247524155579e+02
-1.522870264289111333e+02
-1.334033815766163684e+02
-2.273515342171063196e+02
-1.705760764469014248e+02
-1.960640093244945774e+02
-1.745372796124728723e+02
-1.356443804059969125e+02
-2.384902875472413939e+02
-1.723332126290002577e+02
-2.209237393598589847e+02
-1.333010534280371360e+02
-1.222054036057339346e+02
-1.572000270025980058e+02
-3.174999502095432717e+02
-1.236296214028203053e+02
-1.771952792591810919e+02
-2.610678584173573995e+02
-1.402895114558851617e+02
-1.326333252590229961e+02
-1.372437480647495249e+02
-1.613748854097035519e+02
-1.448613061314308368e+02
-1.356399789352577159e+02
-3.163589875044721111e+02
-1.726362123420821035e+02
-1.186244256209201069e+02
-1.442839013265352150e+02
-1.402320332350005287e+02
-1.588295028614262492e+02
-2.041688073786050666e+02
-1.952954241058105538e+02
-1.401966101940104750e+02
-1.209380782372588357e+02
-1.340174251365783107e+02
-1.901630642708813070e+02
-1.354281080916028372e+02
-2.048983023574814410e+02
-1.338822494786840309e+02
-1.308006918911720220e+02
-1.721392646598272336e+02
-2.139432127727855573e+02
-2.296274688472923344e+02
-1.840033697228473102e+02
-1.750823530066470539e+02
-1.552488899696379860e+02
-2.637380896965517536e+02
-2.287516703323003640e+02
-1.975718356318098472e+02
-1.684362595513273675e+02
-1.379425640282517520e+02
-1.157331257487780647e+02
-1.941424233466962050e+02
-1.458618527359303982e+02
-1.598375555961399357e+02
-1.993691522864241392e+02
-1.800726773181287683e+02
-1.963488856867760717e+02
-1.638886309407437807e+02
-1.887569850226370249e+02
-1.278049596176180245e+02
-1.576620624621945410e+02
-3.615657794661223647e+02
-2.511836600839912705e+02
-1.524406298839298302e+02
-1.387924876966265799e+02
-2.545964290128746939e+02
-1.587895880352077711e+02
-2.653109479810626681e+02
-1.414082999310514879e+02
-1.397307769489783595e+02
-2.671916757035984915e+02
-1.902660394190953923e+02
-1.200486686926582109e+02
-2.462767519329748325e+02
-1.265983231674840255e+02
-1.351768002559664126e+02
-1.211200624220801103e+02
-1.324629030994654784e+02
-1.228985507862938675e+02
-1.827702820609548269e+02
-1.334189849516940001e+02
-1.352549677714011693e+02
-1.400220055699315651e+02
-1.732145613099763182e+02
-1.673737899945426761e+02
-1.656284016502187910e+02
-1.356876258797323942e+02
-1.430041793661482075e+02
-1.503651217853607704e+02
-1.698148334556728400e+02
-2.297210895864537576e+02
-2.070186682308351465e+02
-1.258826738928996605e+02
-1.668760859595803367e+02
-1.803478252731992200e+02
-1.367498639315851676e+02
-1.690853355654261065e+02
-1.698603549204057686e+02
-2.005680543773736701e+02
-3.274414704959419282e+02
-2.242610820961295701e+02
-1.326555193693631054e+02
-2.622983188534199712e+02
-2.298189012888892080e+02
-1.512372488920327385e+02
-2.251146757297003944e+02
-1.857512745578501381e+02
-1.566632584882528363e+02
-1.574657309717691476e+02
-1.645441537093293789e+02
-1.990846977914192735e+02
-1.296834895814262438e+02
-1.294117338842440859e+02
-2.878248076265081181e+02
-1.247968567281681516e+02
-2.279045900236391446e+02
-2.151596360818034270e+02
-2.682608464853772716e+02
-3.686770201908212243e+02
-1.510143511034567609e+02
-2.767822281481135178e+02
-1.191051594015378470e+02
-1.253422989822727942e+02
-1.364145687372475493e+02
-1.588508196343116197e+02
-1.867548552092930265e+02
-3.264666420271449283e+02
-1.345927892814818563e+02
-1.253298830549187102e+02
-1.758981679824073296e+02
-1.192081502576700274e+02
-2.264985700415133465e+02
-1.962069771510766998e+02
-2.173288621163562766e+02
-1.756466809515034129e+02
-2.604662834810869754e+02
-1.219300403205759551e+02
-2.224973500572461376e+02
-2.683216463729654038e+02
-1.515438362216715120e+02
-1.271216359315023112e+02
-1.746050120937352403e+02
-1.394773402862566343e+02
-1.246773086376793742e+02
-1.740876728025596094e+02
-2.369726121754680719e+02
-1.836237035911487112e+02
-1.221028330361772589e+02
-2.125039385144513915e+02
-1.363331261158176630e+02
-1.952816665651301093e+02
-1.141038980626779704e+02
-2.521250404768425142e+02
-1.697274791179199553e+02
-1.237884721997047706e+02
-2.054726579753376257e+02
-2.496237241204849795e+02
-1.964238760956081364e+02
-1.190273497753859857e+02
-2.281724768042226970e+02
-2.046580584068543658e+02
-1.827194032376802113e+02
-1.616397869744092475e+02
-1.616158575275605926e+02
-2.697201806989191937e+02
-2.284835005493907261e+02
-1.602734816396024087e+02
-2.367765436330882380e+02
-1.302351578333571069e+02
-1.515433163841500175e+02
-1.556793754912071677e+02
-1.285972998127566882e+02
-1.652250449543327875e+02
-2.182944073722366909e+02
-1.738793775014057132e+02
-1.746200502039592948e+02
-1.601880334809035560e+02
-1.911068569100219179e+02
-1.318037737512709668e+02
-1.386632447055085606e+02
-1.572387193526281521e+02
-1.835795577968436589e+02
-1.809929300878646643e+02
-1.359966009995862635e+02
-2.472777644524337859e+02
-1.438286680597018972e+02
-1.506377462183340583e+02
-1.635623881857211188e+02
-1.870652543080290684e+02
-1.464677253893171667e+02
-1.802581859906722457e+02
-1.749197645451662027e+02
-1.760986642804849396e+02
-1.500303717160573740e+02
-1.352741317560489733e+02
-1.509878754881183056e+02
-1.292475308603353028e+02
-2.114127926390614789e+02
-1.340415710919278069e+02
-1.763768631226168964e+02
-3.208931380322576956e+02
-1.671670835655973804e+02
-1.896358744845864237e+02
-1.383870225885183913e+02
-1.354376303670406401e+02
-2.464752199890206441e+02
-1.354966508306222579e+02
-1.616838351069334578e+02
-1.392233141646399588e+02
-2.058939156453996588e+02
-2.149174589517762683e+02
-2.051013503452585667e+02
-2.240840930128916284e+02
-1.731675883317333842e+02
-1.444164110506351051e+02
-1.540900000934654202e+02
-2.158767374159531016e+02
-2.826872703447056665e+02
-1.499221839317015679e+02
-1.624908900093202533e+02
-1.695792584874463671e+02
-1.299740652220902177e+02
-2.355685969338445602e+02
-2.129364072047211494e+02
-2.254999043540616697e+02
-1.549846463092094950e+02
-1.384842115761207140e+02
-2.054643748146999087e+02
-1.645724623074494275e+02
-1.666471008637993521e+02
-2.715142260429810790e+02
-1.605493984368073370e+02
-1.749429534165664109e+02
-1.133220462262198822e+02
-1.751522746918274152e+02
-3.297054106424574229e+02
-1.640969988214955606e+02
-3.255489445053979125e+02
-2.241761254899521987e+02
-1.425965243784092422e+02
-1.346443895307309049e+02
-1.712576421230041035e+02
-1.591764530175200036e+02
-1.785483972140350204e+02
-2.372229681361333462e+02
-2.070658901978982840e+02
-2.599787764799933143e+02
-1.534433729285403842e+02
-1.793862500825543691e+02
-2.734127570816085608e+02
-1.567531041846520736e+02
-2.433099836196041963e+02
-1.806251313566689305e+02
-1.654855499725752850e+02
-1.374744400937661624e+02
-1.533091136047999896e+02
-1.913217455125615913e+02
-1.474207438569592910e+02
-2.024223525970477340e+02
-1.719474384949269279e+02
-1.789994760569331333e+02
-1.363805238290927377e+02
-1.127373934752240672e+02
-1.794610748848002970e+02
-1.288976536364066590e+02
-3.107955899482947757e+02
-2.887889000209686969e+02
-1.771012407655342713e+02
-1.796872777744087557e+02
-2.565154183159320951e+02
-1.614768769385886742e+02
-1.646105015812192960e+02
-2.147413834600126563e+02
-2.826298922768907573e+02
-1.374972139427438549e+02
-1.456991713143727623e+02
-1.466729007005648953e+02
-1.461282480155617520e+02
-1.529288863832490506e+02
-2.006572112749282724e+02
-1.653478178796690941e+02
-1.469511330935199283e+02
-1.983854585656103779e+02
-1.480530266813196647e+02
-1.791467835401992659e+02
-3.054542699327837454e+02
-2.374284688270920753e+02
-2.100978399165102530e+02
-1.893555080311159031e+02
-1.317392286374889068e+02
-1.544656428652500608e+02
-1.754251496701563724e+02
-1.866529637203789491e+02
-2.013977710975831883e+02
-1.407867966691147501e+02
-2.241491389548181417e+02
-2.016012288552037433e+02
-2.925667150544915671e+02
-1.466119660717151021e+02
-1.491448477570939986e+02
-1.759130163181764885e+02
-1.579836809868149317e+02
-2.665795584080362346e+02
-1.788508204405042648e+02
-1.222458932699944398e+02
-1.967079275821948556e+02
-2.265377820335686465e+02
-1.692318717993221355e+02
-1.708378425029426637e+02
-2.469002400383523081e+02
-1.412747685384269403e+02
-1.726528164470424827e+02
-2.298019974077617462e+02
-2.406557175603132919e+02
-2.392033636739135716e+02
-1.438659727209933124e+02
-1.670308673365357492e+02
-2.020523834429186252e+02
-2.020655955850430416e+02
-1.666287517251311385e+02
-2.180608578886021860e+02
-1.311292478622467002e+02
-1.897939969281863739e+02
-1.667465134743875410e+02
-2.014461470002688941e+02
-1.938465820398408255e+02
-2.225870953197391486e+02
-1.177600244069108726e+02
-3.111610807328983697e+02
-1.399237504517593891e+02
-1.468086792062321422e+02
-1.237922102335490564e+02
-2.560173758760142846e+02
-1.758577893019911471e+02
-1.232655282539537041e+02
-1.306565390500623494e+02
-1.367610933179502410e+02
-1.810015199257474592e+02
-3.475824427526704312e+02
-1.930996254112468193e+02
-1.625048849362202645e+02
-1.633643163732086236e+02
-1.477406381855198845e+02
-1.657187651101958181e+02
-2.020698004822435792e+02
-2.114410023118563231e+02
-2.024153487886631808e+02
-1.356268630490123996e+02
-1.542525035524048747e+02
-1.680471033706562025e+02
-1.492146045496436670e+02
-2.364412339556328106e+02
-1.146916847275800819e+02
-1.380071025493893444e+02
-1.512979188213796533e+02
-2.828995468002059397e+02
-1.707071709742113228e+02
-2.138889042484253480e+02
-1.745541439391643053e+02
-1.592806906150558461e+02
-1.535400797477650201e+02
-1.980255626803254927e+02
-3.443446002759865792e+02
-1.209649594245323669e+02
-1.330973587142865995e+02
-2.161204392236100489e+02
-1.796133749185242436e+02
-1.934047492875617706e+02
-1.526272485016094436e+02
-3.338336313098630512e+02
-1.432922973669568307e+02
-1.565212693629282796e+02
-2.579579502511794544e+02
-1.865913704087852238e+02
-2.110414000057766373e+02
-3.130336042443601627e+02
-2.773219924523650661e+02
-1.419667012863940272e+02
-1.587241423457683993e+02
-1.840272707822445568e+02
-1.250419517512672769e+02
-1.352467526380742697e+02
-1.973466947705237544e+02
-1.543445958208779984e+02
-1.570413457195685112e+02
-1.412813765570365376e+02
-1.360968666782581522e+02
-1.612096485170650055e+02
-1.209905640732050500e+02
-1.987746451517770083e+02
-1.888640698196648202e+02
-1.292543219877009335e+02
-2.299873365930016007e+02
-1.591633245685354154e+02
-1.601498472159648259e+02
-2.112701218360455471e+02
-3.284947140297300052e+02
-1.278038255647322927e+02
-1.546531053229952022e+02
-2.852908699614734473e+02
-2.785404649535999511e+02
-1.541171457415047712e+02
-1.661776682399778622e+02
-2.080684033485323425e+02
-1.989700905168825784e+02
-1.371309404457886671e+02
-1.647383459997355146e+02
-1.306406163488208279e+02
-1.218638979209193423e+02
-1.208611171961226916e+02
-2.079370105319679567e+02
-1.490238147902229287e+02
-2.341269014106620716e+02
-1.377063045906922412e+02
-1.339658187926121684e+02
-1.357785569540112363e+02
-3.131810777090661304e+02
-1.355198582680848176e+02
-1.464296741822612660e+02
-1.272802409616789419e+02
-2.022714839344003792e+02
-2.126377167527094230e+02
-1.387727351217766056e+02
-1.832052128642003481e+02
-1.955092644667937520e+02
-1.605589747871649990e+02
-1.913330444651491007e+02
-1.396979029736987741e+02
-3.085315951556231653e+02
-1.479280592480530174e+02
-2.428373371156382348e+02
-1.545193657879079865e+02
-1.492315404759529827e+02
-2.328763957500370054e+02
-1.940656665782553034e+02
-2.391551364812115708e+02
-1.944714085932630496e+02
-2.468980886031637283e+02
-1.424044061096043663e+02
-2.891830231190182303e+02
-1.404718330126790988e+02
-1.788535215755451304e+02
-1.369458027091980341e+02
-1.896159886985509502e+02
-1.314447554376715175e+02
-1.748063166532076593e+02
-1.438372249185032103e+02
-1.193162178048261666e+02
-1.550197728530079360e+02
-2.596073521204168060e+02
-1.346228092680194948e+02
-1.168962195109829452e+02
-1.294742242556088172e+02
-2.071047821810320215e+02
-1.262459245555932057e+02
-2.723302369782765595e+02
-1.369230210730349029e+02
-2.005411970675654061e+02
-1.791186083593313469e+02
-3.597968092752650477e+02
-1.844069508776236717e+02
-1.638567045498840571e+02
-2.005059861201619071e+02
-1.858364323661903939e+02
-1.425091020993503435e+02
-2.138623027809706798e+02
-1.184547755765835859e+02
-1.345158215776105237e+02
-2.994579223095973930e+02
-1.399926306273440559e+02
-1.490199116803669881e+02
-3.431774794055554594e+02
-2.689366463558903320e+02
-1.623825812857027984e+02
-1.398786774652961356e+02
-1.233600503550220111e+02
-1.622210870502859450e+02
-1.957437224944096101e+02
-2.100582739242572927e+02
-1.494263045767451956e+02
-1.182803789824632332e+02
-1.253850702754782844e+02
-2.538458219850006401e+02
-1.672077961389115615e+02
-1.313837667604932733e+02
-2.145940186878487168e+02
-1.414615444455702686e+02
-1.298935696301332143e+02
-1.662641848643960998e+02
-1.824562057732071594e+02
-1.605982834307451412e+02
-1.505097332388684208e+02
-2.041740127844778385e+02
-1.244208188929714538e+02
-1.749598477087851904e+02
-1.585052087279657371e+02
-1.548974963016744937e+02
-1.958244227761369416e+02
-2.441953619263093458e+02
-1.387533105353942062e+02
-2.146094583904459228e+02
-1.897200731799013340e+02
-1.397547774417314201e+02
-2.403939853114151219e+02
-1.256299876473690205e+02
-2.180535413572633843e+02
-1.235283454027046446e+02
-1.724073584420555107e+02
-2.258110103936947155e+02
-2.496710322741352002e+02
-1.678021882560673816e+02
-1.284933950025971114e+02
-1.702299235215529905e+02
-1.250419517512672911e+02
-2.042729191074171524e+02
-1.404479246222913673e+02
-1.509987245911619027e+02
-1.427037645888272550e+02
-2.116969677164461530e+02
-1.671950817725567902e+02
-1.352457931274533678e+02
-1.656765237378327242e+02
-2.270257356665554198e+02
-2.516188891082984185e+02
-1.420641035964314085e+02
-1.279103201332758601e+02
-1.916847771168076804e+02
-3.122032216898592765e+02
-1.598368569752675512e+02
-1.699573539079360671e+02
-1.539699507285092466e+02
-1.926866087133746817e+02
-1.944967474425133389e+02
-3.183940497825181524e+02
-1.891192987651961062e+02
-2.292938948080626460e+02
-1.324439568648433010e+02
-2.087762780507909497e+02
-2.356595950153285344e+02
-1.151946221651658817e+02
-1.697807764696412391e+02
-1.875946020812170900e+02
-1.114887422443795373e+02
-1.617367370418583903e+02
-2.183150266594394111e+02
-1.330365958835665765e+02
-1.122234339375517607e+02
-1.316528745834535812e+02
-2.628394980197645623e+02
-3.264128538394041357e+02
-2.077585821173231011e+02
-1.166085944861319490e+02
-1.831689796595690325e+02
-2.320651693085091551e+02
-2.587856187820478340e+02
-2.108972302639145937e+02
-1.514748141349119805e+02
-1.354801594724881966e+02
-1.973507186905006563e+02
-1.568698305487702385e+02
-1.282202548128148578e+02
-1.298832671064121485e+02
-1.386995563637025555e+02
-1.505010717705207810e+02
-2.164049575119631470e+02
-1.143604310143614811e+02
-2.119387791865040924e+02
-1.491580531130911424e+02
-2.115262065024793117e+02
-1.517681964241253922e+02
-1.392708955869888996e+02
-1.808335448374245686e+02
-2.943917495976500618e+02
-1.365198491433507968e+02
-1.651997376254515473e+02
-1.221408650845963564e+02
-1.503488205614198989e+02
-2.323078345711526822e+02
-2.416353811305066017e+02
-2.877277695440317302e+02
-1.498255724176553940e+02
-1.888626469237764240e+02
-2.932331286345806234e+02
-1.346863450911468476e+02
-1.685425912909012709e+02
-2.044664400937852520e+02
-1.741730838331848474e+02
-1.455973032780922836e+02
-3.157583378899464606e+02
-2.446435334286030638e+02
-1.690419703443636479e+02
-1.276714801290961674e+02
-2.002882243965247540e+02
-2.287309153854587578e+02
-1.489570335098443650e+02
-1.262363956038068693e+02
-2.875701622474376791e+02
-2.645011625364641077e+02
-1.743602901290747695e+02
-1.385146189823891518e+02
-1.278422989654200848e+02
-1.855407821240894179e+02
-1.847861313828696552e+02
-2.417847291295990431e+02
-1.410552938955070204e+02
-1.734580698925970808e+02
-1.461244545203354335e+02
-1.794760306331763218e+02
-1.223512537856522471e+02
-3.050560040205544965e+02
-1.633536647912529531e+02
-1.712990166988244596e+02
-2.106795765856822413e+02
-1.447568201463918456e+02
-1.862584779948356299e+02
-1.558294809984462859e+02
-1.551495176601991375e+02
-2.081840266253163350e+02
-1.438394070168154713e+02
-2.381129910598966433e+02
-1.485551616214654587e+02
-3.851905554197006722e+02
-1.459188188911551833e+02
-1.769360245335281832e+02
-1.250676044866633703e+02
-1.830599491095459541e+02
-1.711475403895446448e+02
-2.285622558095385557e+02
-1.311257133114258693e+02
-2.049403391612722771e+02
-1.379447176965119866e+02
-1.578587565397063202e+02
-1.267694153379129460e+02
-2.370276492346201849e+02
-1.810350272279668218e+02
-1.168940846213433531e+02
-1.275043506162584634e+02
-1.710218254401166291e+02
-2.279765526741829547e+02
-1.738885026854152045e+02
-1.966890557505965660e+02
-1.693452442524001924e+02
-1.297243256169466861e+02
-2.411640241184446154e+02
-1.518152500996336585e+02
-1.508143623743758894e+02
-2.185030462373479736e+02
-1.952944374337810700e+02
-1.939813603246174978e+02
-1.845284821492828939e+02
-2.577772530524761123e+02
-2.481177534864296206e+02
-2.202589916538207433e+02
-1.551311069339816129e+02
-2.202540204997065132e+02
-1.175893666915428923e+02
-1.672203280801162180e+02
-1.597661155015549639e+02
-2.226684518177799532e+02
-1.693923063498930048e+02
-1.994404257012768369e+02
-1.240486999782570052e+02
-2.967148147319543341e+02
-2.132618710617824433e+02
-2.819549816101240935e+02
-1.753749302959163856e+02
-1.923663454670309818e+02
-2.607950362637668604e+02
-1.621266831513265458e+02
-2.143153273626341218e+02
-1.625322703640410680e+02
-1.486241279721331239e+02
-2.917407705799877817e+02
-1.618209240318699074e+02
-1.204148300934942739e+02
-2.635509105730270107e+02
-2.245097337159485278e+02
-1.275268584010552928e+02
-2.580824617734807020e+02
-1.807063193791276490e+02
-2.135619731851864458e+02
-1.491009682175434534e+02
-2.012702973203017223e+02
-1.359931365459675874e+02
-1.850285538299111465e+02
-1.649139179756320743e+02
-1.412827632288954192e+02
-1.651337473516498733e+02
-1.179439499528176043e+02
-1.770076940017205516e+02
-1.839807059608981774e+02
-2.939852779221840819e+02
-1.341317623484614785e+02
-3.966350457277962960e+02
-2.593249996582705421e+02
-2.968973689824039184e+02
-2.929390442773411678e+02
-2.797183172459773459e+02
-1.281430445404790817e+02
-1.893094765322201454e+02
-1.446135810672117543e+02
-1.522364635647099647e+02
-1.483294557245878877e+02
-1.630913263358672509e+02
-3.703798982304238052e+02
-1.908701631692246110e+02
-1.400241592381917997e+02
-1.191463187680307669e+02
-2.170482390640649726e+02
-2.341867602517914690e+02
-2.101843851863611121e+02
-2.332445178467906715e+02
-1.374159900475175959e+02
-1.553407880587173224e+02
-1.966668497062895540e+02
-1.473216312683139790e+02
-1.746902135738896789e+02
-1.759271222325747885e+02
-2.282303359417721822e+02
-1.443824693462483708e+02
-2.287996260580148373e+02
-1.320269173025851615e+02
-1.723515131938705736e+02
-2.064602240803482118e+02
-2.687184264429023415e+02
-2.497845925004519927e+02
-1.725131622718174071e+02
-2.412110570816639381e+02
-1.512405905227146548e+02
-1.559338310259945786e+02
-1.696541817968377188e+02
-1.038059885011795416e+02
-3.385848175001168556e+02
-1.963300137701023971e+02
-1.599823258888763178e+02
-1.667794993107806647e+02
-2.535758823384049379e+02
-1.262879552919339829e+02
-1.268339604516949777e+02
-2.314139390778652512e+02
-1.286257199209230180e+02
-2.193351607870557700e+02
-1.427300557710337614e+02
-2.030495899688078225e+02
-1.791487285035420314e+02
-2.086971483824242171e+02
-1.536357448211878420e+02
-1.620357057388824273e+02
-2.352049901072402349e+02
-1.923990954642358702e+02
-2.029159882867466536e+02
-2.028166661081684765e+02
-1.553286890826054218e+02
-1.510003947275886560e+02
-1.606285224679080557e+02
-1.732606752048479279e+02
-2.074053019351174498e+02
-2.971274108467882797e+02
-1.449614439031549011e+02
-1.372645278243900862e+02
-1.683276445067912448e+02
-2.175494824344689562e+02
-1.774289375543558265e+02
-1.551956454551192337e+02
-2.085195208846584762e+02
-1.711685868495157479e+02
-2.710901250559371078e+02
-1.224670205577359070e+02
-1.537004469469501942e+02
-1.773624374313642420e+02
-1.215274688912737133e+02
-1.773846926814146912e+02
-1.986064418000573255e+02
-1.399562629831731897e+02
-1.417923478992492505e+02
-1.826539638746384639e+02
-1.416468846569119933e+02
-1.305500449685088142e+02
-1.202547026470404035e+02
-1.224690368213086344e+02
-2.279766954367390497e+02
-2.116502642428841341e+02
-1.516490126776122906e+02
-1.767272729399072659e+02
-1.912463460227744179e+02
-1.400647072592119855e+02
-1.819757364753658351e+02
-1.229646450992270559e+02
-1.665701945618317268e+02
-2.002646087525150165e+02
-1.857739825041579707e+02
-1.429372302538480142e+02
-1.564874391978079302e+02
-1.414613607364964309e+02
-1.860593646027541013e+02
-2.993061968093072664e+02
-1.698747444612959896e+02
-1.888021858084130997e+02
-1.909417058407020136e+02
-1.390562872936181691e+02
-2.289147108519984783e+02
-2.592614267460750170e+02
-1.208202952016024483e+02
-1.452143250405519552e+02
-1.581940400979225672e+02
-1.347280896741227423e+02
-1.877353578805492589e+02
-1.906433332990693827e+02
-2.630900366603787575e+02
-1.749281334317751373e+02
-1.411048695016315264e+02
-1.189639972112368298e+02
-1.742986537473219926e+02
-2.799107120155128996e+02
-1.492964561967233408e+02
-1.506991416842828926e+02
-1.442210172815647695e+02
-3.077471081302018661e+02
-2.414734296636507622e+02
-2.078340287728987335e+02
-2.190143393997048520e+02
-3.616070288681552825e+02
-3.638232949220194996e+02
-1.615183087310285543e+02
-1.354698961893884359e+02
-1.817362652228887896e+02
-1.587593539069726205e+02
-1.349969143223337653e+02
-1.673354495583318737e+02
-2.080465397899861557e+02
-1.609219664446132185e+02
-1.425191510306442808e+02
-1.505218366461710957e+02
-1.981995624867962249e+02
-1.581261535615902858e+02
-2.659697031485519005e+02
-1.581047184967079886e+02
-1.388959753617002661e+02
-1.705088796322799283e+02
-2.877330630409906576e+02
-1.842422299994234152e+02
-1.820761949076629378e+02
-1.487180029849129426e+02
-1.801536206802130948e+02
-1.579836809868149032e+02
-1.507891460913099877e+02
-1.675614692431863659e+02
-2.296049140180225834e+02
-4.048584368709956607e+02
-1.668706219133827915e+02
-2.297402477900281781e+02
-1.893447957929833763e+02
-1.268887207898465590e+02
-1.478936376793364786e+02
-2.024200161779107816e+02
-1.817894528079431211e+02
-1.684535293418265098e+02
-2.099777010824064121e+02
-1.261952362373139351e+02
-1.166630161073555314e+02
-1.884138663592976002e+02
-2.076720958978617375e+02
-2.625500767015446968e+02
-1.101024478832596429e+02
-1.686072620489898668e+02
-1.488482495180030583e+02
-1.193613934347057466e+02
-1.350332819665046031e+02
-1.731239925447592327e+02
-1.978611529686593258e+02
-1.483339175408776498e+02
-1.053489551805381694e+02
-1.301337949429366461e+02
-2.095945198853186753e+02
-2.159917613194888588e+02
-1.733067827608552420e+02
-1.861801368431304979e+02
-1.395442850079707569e+02
-1.473285675172865581e+02
-1.915652884783986849e+02
-1.545874216422744212e+02
-1.300584610765516516e+02
-1.680691281759369531e+02
-1.334952134304851938e+02
-1.574826190093828870e+02
-1.191020672239201730e+02
-1.404293503727999166e+02
-1.872463976944500814e+02
-3.109843273159561363e+02
-1.692308734676645940e+02
-1.737865959571710732e+02
-3.176174336539011733e+02
-1.165829327898584893e+02
-3.133407090675855216e+02
-1.792449105250490788e+02
-3.491960935942688025e+02
-2.910876993685351977e+02
-2.410876990537449558e+02
-2.033326362487144081e+02
-1.608419154646203424e+02
-1.616837598058182834e+02
-1.264187171606008206e+02
-2.180631363722303888e+02
-1.863543305540377162e+02
-1.241934206197368553e+02
-2.146518711712471656e+02
-2.935468816741637283e+02
-1.346692292562718762e+02
-1.799814527420263062e+02
-2.378469944871325765e+02
-1.453717389086366722e+02
-2.623363782531821471e+02
-1.292010840658265636e+02
-1.344890591491913199e+02
-2.153350427428535454e+02
-1.553378470593080465e+02
-1.336781367201603814e+02
-1.615390290483043430e+02
-1.455938107987149408e+02
-1.908841216924055004e+02
-3.163012862563342082e+02
-1.361630433699484115e+02
-1.883408899486296662e+02
-2.057126607478209053e+02
-1.630923808957360848e+02
-2.412714438945132827e+02
-1.186623743315383166e+02
-1.479762042568326308e+02
-1.257901085011784517e+02
-2.005387064347964667e+02
-1.761680459957372591e+02
-2.590489299305642135e+02
-2.049561466835719159e+02
-1.301801349950128497e+02
-3.300741946156723543e+02
-1.772295871585089060e+02
-1.938209434687734927e+02
-2.131457116082666232e+02
-1.379447539078825287e+02
-2.327777683805587685e+02
-1.827364580218003596e+02
-1.425476813346296581e+02
-1.277094225964044085e+02
-1.470846644861444474e+02
-2.139122760994412999e+02
-1.846181294151972736e+02
-1.326978118760578695e+02
-1.280281031689322617e+02
-1.314631276118315668e+02
-1.970176003499601336e+02
-2.256608113140920295e+02
-3.135764834907397471e+02
-1.483201406983131108e+02
-1.164908114504755758e+02
-2.111106842366899059e+02
-1.917126875355047559e+02
-1.783758898357468752e+02
-1.113958478615757599e+02
-1.343871630871521461e+02
-1.579959172891873891e+02
-2.499293794238545843e+02
-1.656211411100428563e+02
-1.155216404630817379e+02
-1.899026094419250512e+02
-2.419880936186907547e+02
-1.411449060541966958e+02
-1.490734337293093006e+02
-1.586892392093936621e+02
-1.210529677047030077e+02
-2.160846139760101039e+02
-1.574017401608823832e+02
-1.687126543083222145e+02
-3.368487500089315745e+02
-2.031324127540182758e+02
-2.165211967913786850e+02
-2.362982435346419265e+02
-1.434096082628858255e+02
-1.140175630663054704e+02
-3.094726814969015436e+02
-1.469246131323176030e+02
-1.231216943376080764e+02
-1.817081347127019058e+02
-1.313996632904822093e+02
-1.702505822180799555e+02
-2.367105715267944106e+02
-1.898261844941160348e+02
-1.785210676263088203e+02
-2.339981241042147246e+02
-1.823340682578124188e+02
-1.693062656528436491e+02
-1.468974957131947576e+02
-1.224285471570481292e+02
-2.581690650234269242e+02
-1.967519451043879997e+02
-2.332940196311272985e+02
-1.439333352091130109e+02
-3.385235742350135979e+02
-1.468210911424897631e+02
-1.502383914937795453e+02
-2.594383609164015070e+02
-1.544999993632154940e+02
-1.573002974525889499e+02
-2.040607111411288770e+02
-3.858394469526346029e+02
-2.742114119017471126e+02
-2.662895918744458754e+02
-1.558161892254206009e+02
-1.337496839003262892e+02
-1.214477179040364092e+02
-1.301673714361687644e+02
-1.718522042556090526e+02
-1.280651383187208125e+02
-2.012823497041034670e+02
-1.704558565459304020e+02
-2.657691059115189205e+02
-1.856664168429694541e+02
-1.940644159022301949e+02
-1.492147690425778421e+02
-1.284954431523699157e+02
-2.984295969569559475e+02
-2.693701236892048314e+02
-1.724184228442007054e+02
-1.568434064507297876e+02
-1.513368669642098325e+02
-1.404616342328246787e+02
-1.293688637399509958e+02
-1.349844217706744871e+02
-2.216691708630212361e+02
-1.344212459794167103e+02
-1.276226380608240731e+02
-1.313603595832101121e+02
-1.317932939373131376e+02
-1.224519272243766466e+02
-1.112580617470308937e+02
-1.498053622443974575e+02
-3.031881009105831595e+02
-1.895611082360317141e+02
-4.186777765886600378e+02
-1.309783016523850847e+02
-1.550220356219049904e+02
-2.659429440493895527e+02
-1.929123587379962999e+02
-2.114715724195131941e+02
-2.640305492740358773e+02
-1.816579063914578853e+02
-1.482649172034503238e+02
-1.464849229595004374e+02
-1.613142443692170502e+02
-2.332475100846648104e+02
-1.432525184728432350e+02
-1.834845091620268249e+02
-1.812584814063240799e+02
-1.826822420762887589e+02
-2.141799840621305577e+02
-1.289116236695493569e+02
-1.666563581994786603e+02
-3.134310491729733030e+02
-1.257350989318272241e+02
-1.645236721432799811e+02
-2.070221737997534603e+02
-2.754205156574949456e+02
-1.339480342616195685e+02
-1.650033215607664658e+02
-2.161911883441857469e+02
-1.596347846721386929e+02
-1.458189405433965931e+02
-2.135520287607889713e+02
-1.353674078395042386e+02
-2.046515518923766876e+02
-1.824290723443520790e+02
-1.254647690948626320e+02
-2.008804671732513611e+02
-2.579586357874725877e+02
-1.327828246804572245e+02
-2.226416866149956206e+02
-1.639251558743783335e+02
-2.469049327627293735e+02
-2.079461108049736708e+02
-2.945649758429798339e+02
-1.433142958874344686e+02
-1.503443587451301653e+02
-2.007458055057719264e+02
-1.539230340278332676e+02
-3.575334034790729447e+02
-1.807497258782248082e+02
-1.495716082355217509e+02
-1.438023768774953624e+02
-2.163737344554761535e+02
-1.815337409587773436e+02
-1.859737663344980376e+02
-2.405945991497314083e+02
-1.393684763182710640e+02
-1.807587198849036554e+02
-2.633733048113271025e+02
-1.836072944950327042e+02
-1.390381711797856497e+02
-1.241259036579482995e+02
-1.813564457600783726e+02
-1.501457364701842323e+02
-1.475891914324390370e+02
-1.763578858905225388e+02
-1.727746125110290905e+02
-3.015985034438562025e+02
-1.871285593559509266e+02
-2.094050680152053019e+02
-2.581503719413362887e+02
-1.275268584010552928e+02
-2.702016440210067572e+02
-1.514603924433469615e+02
-1.513570681017136224e+02
-1.539553050066223818e+02
-1.996577890700239379e+02
-1.436455610609528719e+02
-2.140252402350306511e+02
-1.615659767701618819e+02
-1.455236238720734150e+02
-2.294690691495173951e+02
-1.580852059039904134e+02
-1.879507506765981475e+02
-1.348622662221370945e+02
-1.315886100358160604e+02
-1.707279810264492426e+02
-2.240122761204607968e+02
-1.531286264334379439e+02
