-2.266045544201466555e+02
-1.257607425642583081e+02
-1.360389746729975968e+02
-1.853591882487218356e+02
-2.081686857179680601e+02
-1.512946007290441912e+02
-1.309200382586900560e+02
-1.251594027526341648e+02
-1.612301929835251997e+02
-2.512055421030449338e+02
-1.536925585634148206e+02
-1.307918343271463186e+02
-1.339425209118412567e+02
-1.439604508739218716e+02
-1.297097181916749378e+02
-1.273854541830839509e+02
-1.383793902121137194e+02
-1.313142221975336383e+02
-1.321044288021876980e+02
-1.339288818644346861e+02
-2.252387916659827454e+02
-1.891746432163522798e+02
-2.613578795452947929e+02
-1.443183623240709039e+02
-1.774664200364157693e+02
-1.343501474464688386e+02
-1.627393266995120200e+02
-1.307881232581401036e+02
-1.538701537916882955e+02
-1.361085485383317177e+02
-1.307639398897804881e+02
-1.460736459798424107e+02
-1.556403704538946329e+02
-1.612227317632024892e+02
-2.515556850559145232e+02
-1.401177444268676027e+02
-1.316260078194884215e+02
-1.401563095592086654e+02
-1.384720467527181142e+02
-2.072217905714698531e+02
-1.614067406497798061e+02
-1.308543267543568902e+02
-1.250460583026119679e+02
-1.402054295756807960e+02
-1.402726000681410596e+02
-1.578128057830483613e+02
-1.415012462032991607e+02
-1.336021088473140708e+02
-1.383999741878058956e+02
-3.414041081838751097e+02
-1.295249163249197863e+02
-1.916885114166418020e+02
-1.515387453669648892e+02
-1.370802782220696940e+02
-1.673856102627196947e+02
-1.332748227115290263e+02
-2.009357854783687571e+02
-1.379706476260806767e+02
-2.216710861357334750e+02
-1.277172010170278043e+02
-1.441110908769740320e+02
-1.462140949213434169e+02
-1.731750465434071771e+02
-1.871014823526182909e+02
-1.493763703636167293e+02
-1.236685332954613870e+02
-1.553229307186722963e+02
-1.304852063952758670e+02
-1.293837067493030020e+02
-1.411220356659467541e+02
-1.786659520252693483e+02
-1.353205311195287663e+02
-1.472061647718724942e+02
-1.402655267054320802e+02
-2.175270850292510261e+02
-1.397591359847930619e+02
-1.818355450559504050e+02
-1.424800013167610473e+02
-2.132600216702251430e+02
-1.605872946471709781e+02
-2.501321049974906146e+02
-1.378937795081112085e+02
-1.974524530662226596e+02
-4.086508639967285603e+02
-1.404820978230209505e+02
-1.730091098537231176e+02
-1.485318521882236666e+02
-1.836579320739540719e+02
-1.526048682195967672e+02
-2.901470280159888944e+02
-1.690755043649795084e+02
-1.636054449475327033e+02
-1.902031272780332074e+02
-2.616489677498150854e+02
-1.503157474839872805e+02
-1.566215302601657413e+02
-4.165286877126911236e+02
-1.432368620635007801e+02
-1.365066217420894645e+02
-1.358978800300031651e+02
-1.338827525363827533e+02
-1.339578417582289376e+02
-1.906779370317770486e+02
-1.570013153779813422e+02
-1.339824443982110154e+02
-1.422714061692160499e+02
-1.348455019190854216e+02
-1.320440226365072931e+02
-2.536068112501964151e+02
-1.391678506221053340e+02
-1.298875483408866671e+02
-1.645731224913706399e+02
-2.155866720578404738e+02
-1.518759428528488513e+02
-1.616690572363690421e+02
-1.538304432722868000e+02
-2.259957888367951284e+02
-1.441939432905725766e+02
-1.455457959235648673e+02
-1.318578747818471868e+02
-1.408161893436062257e+02
-1.645575682248244789e+02
-2.007333405986093453e+02
-2.717887911023485685e+02
-1.478980876474621198e+02
-1.352670240589004038e+02
-1.915560288770776367e+02
-1.459080628080248232e+02
-2.033151372072949528e+02
-1.764267558653488095e+02
-1.924926313239254227e+02
-2.000374318063980468e+02
-1.549673018235159248e+02
-1.452248574454578431e+02
-1.988810515950179649e+02
-1.339266540275585839e+02
-1.541832069334474795e+02
-1.702900033621804994e+02
-1.447241273922747666e+02
-1.741424763271575955e+02
-1.794157510072840296e+02
-1.727376016508433452e+02
-1.360888813245003917e+02
-1.343682866450982658e+02
-1.371144650881341818e+02
-1.427427926507091911e+02
-1.558596557723865033e+02
-1.500114091339488027e+02
-1.462516538108412760e+02
-1.959781711333799876e+02
-2.536670829757269132e+02
-1.766154611902207137e+02
-1.581048973056187492e+02
-1.562042778460197212e+02
-1.394570464867396709e+02
-1.590423232236823026e+02
-1.603399646125525919e+02
-1.832057663873895592e+02
-1.506841385030529068e+02
-1.509875978052773462e+02
-1.734566362854359056e+02
-1.420913891951560686e+02
-1.363109517412049456e+02
-2.278972374351340306e+02
-1.863007475816017973e+02
-2.188408201577742602e+02
-1.444212267729127461e+02
-1.756114459309785332e+02
-2.864182181177495750e+02
-2.073968256662158751e+02
-2.025271606173884607e+02
-1.623953566730063756e+02
-4.281970153362162250e+02
-1.811869105044561650e+02
-1.656596429888119815e+02
-1.318566132695983413e+02
-5.610661195730345980e+02
-1.275895329478197482e+02
-1.392680149643257437e+02
-1.943048728514116590e+02
-1.802828111419918287e+02
-1.417099150056073995e+02
-1.457698044229479137e+02
-1.562229880634022265e+02
-2.655525476586637978e+02
-1.863010675235403255e+02
-1.390035582098078351e+02
-1.457759586794331312e+02
-1.348570162962974734e+02
-1.521886971241273443e+02
-1.617979440393734478e+02
-1.833137671102634272e+02
-1.740951499240742351e+02
-1.283972388815774366e+02
-1.895096400551529712e+02
-2.020871881525160632e+02
-1.613173507888433846e+02
-1.473107694379217776e+02
-1.253091195214197029e+02
-1.401441602627780298e+02
-1.412231163653113128e+02
-1.574452778710678160e+02
-1.437568603800795017e+02
-2.012746051911232712e+02
-2.006209587217727517e+02
-1.554624258364299294e+02
-1.359748817100349925e+02
-1.520675954846510649e+02
-1.361542745589516983e+02
-2.373816596133409291e+02
-1.508924538370447408e+02
-1.445392690792905910e+02
-1.410760903913984805e+02
-2.187935491393608061e+02
-1.515267304610248118e+02
-1.280747695585198471e+02
-1.498067714052710642e+02
-2.297756844375427079e+02
-1.502738918019873609e+02
-2.229314732974162609e+02
-1.437018718652308280e+02
-3.123398191854429342e+02
-1.252700525360106525e+02
-1.515477899132567643e+02
-1.697059807414532884e+02
-1.325049687050434102e+02
-1.453819638686312885e+02
-1.656819247186228381e+02
-4.973191898192076223e+02
-2.507981940563620924e+02
-4.699136968964813263e+02
-1.409285937231147159e+02
-1.323111269546371034e+02
-1.540216679640089126e+02
-1.605255607583681297e+02
-1.490749567187532705e+02
-2.710574955079430310e+02
-2.087638140892977958e+02
-1.789115508794851053e+02
-2.423612800988110791e+02
-2.195401644289993612e+02
-3.109217164414844774e+02
-1.623118393253428167e+02
-2.101010207681007387e+02
-1.489202011943218338e+02
-4.113162569117409930e+02
-2.906722792071270192e+02
-3.294569451824640964e+02
-1.545935197106506962e+02
-1.504972645041569024e+02
-2.154614887357056148e+02
-2.180757770364477608e+02
-2.290802203376385080e+02
-2.074528334076287024e+02
-3.246248052098048902e+02
-2.432370606918235296e+02
-2.520667088557261479e+02
-2.101426474249035152e+02
-2.794292698470602545e+02
-1.482004324642190909e+02
-1.660753717073577604e+02
-1.539635290888072916e+02
-1.911974354301693779e+02
-1.654405896407858165e+02
-1.907973107115203959e+02
-1.707563642615290576e+02
-1.402830240597538136e+02
-1.571036513342727972e+02
-2.065168433875092262e+02
-2.144007464701878121e+02
-1.444169552592345269e+02
-2.719886866694283185e+02
-1.900810764462435714e+02
-1.545971821968041695e+02
-1.434458119059994772e+02
-1.419234568647755452e+02
-1.719884840947499072e+02
-1.323767929441589501e+02
-1.391050192476118070e+02
-1.434403678226536272e+02
-1.466512364246603113e+02
-1.486441091290281804e+02
-1.365080925117206618e+02
-1.722110754757364077e+02
-1.597616562940567917e+02
-1.718199253708142464e+02
-1.382357437576565644e+02
-1.658430355927579001e+02
-1.510034533549659557e+02
-1.561812355803940591e+02
-2.916097497272307919e+02
-1.914429686539636180e+02
-2.245810079932976180e+02
-1.490657199572241325e+02
-1.527159029401597934e+02
-1.286065722015926269e+02
-3.035645678009083213e+02
-1.318574682049201670e+02
-2.023781074229048329e+02
-1.422579045832309816e+02
-1.417601621422729181e+02
-1.364964943441552521e+02
-1.801105785189700157e+02
-1.511761229860628930e+02
-1.691700636988037161e+02
-1.455646009717359277e+02
-2.462407739868988301e+02
-1.414720438397962710e+02
-1.313645274036460080e+02
-6.388245297058365395e+02
-1.775184425816329963e+02
-1.834571269435094507e+02
-1.295765015500093398e+02
-4.819763390537718806e+02
-2.653977825467334242e+02
-3.268570504633455016e+02
-1.925324691432720101e+02
-5.914046200838738514e+02
-1.374276003988991874e+02
-1.823445395299741278e+02
-1.209902291741768749e+02
-2.180831965518263189e+02
-1.639014277392260510e+02
-1.994553990520580271e+02
-1.430114060871571837e+02
-1.620904981594426886e+02
-3.373869051483223984e+02
-3.965035798599021177e+02
-1.401432440700214386e+02
-5.898019264887799409e+02
-2.022376984368652302e+02
-1.679560852985149211e+02
-2.767177741994291864e+02
-1.268882839528392310e+02
-1.611272732465832007e+02
-4.977336673512652965e+02
-5.766234422278740794e+02
-4.134680939179493180e+02
-3.027719390615883412e+02
-2.015536688799910223e+02
-1.461428290868370254e+02
-3.105907704727323448e+02
-1.755844237126361236e+02
-1.436492144463041996e+02
-1.349795578600666488e+02
-9.162122656688910638e+02
-6.338894894330393299e+02
-1.457149949798894966e+02
-1.346764393097440973e+02
-2.686512181279165361e+02
-1.645354773751741391e+02
-2.038305577735353040e+02
-1.258487599672219659e+02
-1.440012713634634167e+02
-2.034626806484639019e+02
-1.747547884978565662e+02
-1.469499332879200608e+02
-1.794833069544279454e+02
-1.713573879713281372e+02
-1.360263475613851369e+02
-1.483868131979146199e+02
-1.527435163914514646e+02
-1.312218174222031166e+02
-1.271670975424885057e+02
-1.698506489977219758e+02
-1.425982627164644043e+02
-1.586315192836748622e+02
-1.492211139021819690e+02
-1.357453005648845306e+02
-1.963170891677190752e+02
-1.507785045960243053e+02
-1.841326600736658747e+02
-2.261499212215946955e+02
-1.387504510919226846e+02
-1.392028165786570071e+02
-1.619093493976263005e+02
-1.429125351693206767e+02
-1.339977231289232122e+02
-1.629363210367493764e+02
-1.286966109812686909e+02
-1.516164723052567922e+02
-2.899223212091687287e+02
-2.214863585389327625e+02
-1.368616966587984507e+02
-1.493043625305476212e+02
-1.805463530764252766e+02
-1.634602409472795443e+02
-1.198889257275930476e+02
-2.737380471865904497e+02
-1.373977547135919224e+02
-1.377042662664940735e+02
-1.307508909640076809e+02
-1.763413202329809621e+02
-2.066481790515478849e+02
-3.126153439236189229e+02
-1.610388739216767533e+02
-1.623377023444845122e+02
-1.326459187138158313e+02
-2.389673820847782508e+02
-6.861478473509711193e+02
-1.821103948599779869e+02
-2.063973761909543327e+02
-7.000506052178510572e+02
-2.001851605183406377e+02
-2.322441842324161314e+02
-1.949794016511260111e+02
-1.527768690694389022e+02
-6.200616584346261106e+02
-1.962697499835045960e+02
-2.214750678848762959e+02
-1.746103995341898383e+02
-2.138255818174989429e+02
-1.312075257410732263e+02
-1.920808480687528288e+02
-2.571291808401391563e+02
-1.364685844618556132e+02
-1.342595370751221253e+02
-1.310157992487737317e+02
-1.284071234057225297e+02
-1.372096731517016508e+02
-1.772641824982362380e+02
-1.450056121503477868e+02
-3.776822949183493847e+02
-1.680468626000571533e+02
-1.414144580576576971e+02
-1.349334267340543931e+02
-2.523000140837317247e+02
-1.316315302473477686e+02
-1.287097870175814194e+02
-1.465537551301960093e+02
-1.345242387838769105e+02
-1.331725228965460417e+02
-1.472068082533961899e+02
-1.947334216416937522e+02
-1.526922504024539933e+02
-1.734645362036301890e+02
-1.518900628958816981e+02
-1.444853207682642449e+02
-1.499247892979953747e+02
-1.354397909712793080e+02
-1.519345136086315335e+02
-1.866221380879811989e+02
-1.571889849441485865e+02
-1.234290456195797390e+02
-1.947615392942917367e+02
-1.611188958440179135e+02
-1.720020955117474273e+02
-1.177442631172204699e+02
-1.384738819544913895e+02
-1.369062990308590315e+02
-2.037842521275364049e+02
-2.634045183792860030e+02
-1.524713352468475875e+02
-1.542464016802176161e+02
-1.710380148490881140e+02
-1.465011791298100832e+02
-1.349091126087513715e+02
-2.720391447015730364e+02
-1.491083662690571146e+02
-1.328246284203460732e+02
-1.748919669820231775e+02
-1.403255644693600175e+02
-1.699285387233431379e+02
-2.898346635242000389e+02
-1.403539178019484268e+02
-2.967841601405724532e+02
-1.452365136299155495e+02
-1.516174222608813693e+02
-1.965025444583677086e+02
-2.200840139021543678e+02
-2.452085039456420077e+02
-1.323712755563468022e+02
-1.636769117108799776e+02
-1.280807648177508042e+02
-1.574762222552575963e+02
-2.798959358018171315e+02
-1.731486045982714757e+02
-1.339602460098761014e+02
-1.418831375615023944e+02
-1.347305854676141621e+02
-1.827350515035344642e+02
-1.511756700088656942e+02
-1.440702063254305756e+02
-2.081119039830538782e+02
-1.475362607921352662e+02
-1.372514846313263774e+02
-1.408310283098723801e+02
-1.358022357723208131e+02
-1.920305593908131812e+02
-2.770096703811570364e+02
-3.109314091673156781e+02
-1.491445469252314524e+02
-1.508226172105960643e+02
-1.358919276254449358e+02
-2.238069515876869957e+02
-1.386820397140318164e+02
-1.478713215127370404e+02
-1.459778299563884900e+02
-1.212960158612413011e+02
-1.528917817496850375e+02
-1.392176813781100293e+02
-1.330517505451628892e+02
-1.970591998198525800e+02
-1.319939730599665495e+02
-1.437649581463730897e+02
-1.824001505999258654e+02
-5.116950064569298888e+02
-1.540781063128483481e+02
-1.285951487301117595e+02
-1.380922508291284316e+02
-1.823781598055597044e+02
-1.577484653917322817e+02
-1.474054450608245475e+02
-1.233287335349557594e+02
-1.644431087197417867e+02
-1.764723303053326902e+02
-1.268427428974798374e+02
-1.472140012850288144e+02
-1.439486465156756481e+02
-1.576442339244855475e+02
-1.428069950320965233e+02
-1.428284650116639796e+02
-1.437653086372399684e+02
-1.777463979842282242e+02
-1.805403156837310803e+02
-1.391457790601461397e+02
-1.947242651066923997e+02
-3.149424182666613206e+02
-1.617534700348113574e+02
-2.027445602644634164e+02
-1.709645782349679735e+02
-1.377578735784361470e+02
-1.914593943330470438e+02
-1.302019828908411796e+02
-1.530257476028822055e+02
-1.510434648257532615e+02
-1.577867338232425993e+02
-1.515477793746435111e+02
-1.735877813486812897e+02
-1.722645665239411699e+02
-1.469162644873526062e+02
-1.829292665648839318e+02
-1.375004187677861580e+02
-3.325156575162641275e+02
-2.733609294510699783e+02
-1.419440661581908785e+02
-1.983838978713343693e+02
-7.640817368903044553e+02
-2.755807158705384268e+02
-1.794907177962895162e+02
-2.425958789162141329e+02
-5.034254129023992164e+02
-4.263286014341246641e+02
-8.751956003945148268e+02
-1.581355806227876997e+02
-1.556812391864017684e+02
-1.860414643082026203e+02
-1.966187400446066533e+02
-1.349315661559503212e+02
-1.619976831774423260e+02
-2.888888752994315041e+02
-1.770150148475392484e+02
-1.735889537514156302e+02
-1.677270441957083733e+02
-3.694928226617836913e+02
-2.234091982868497155e+02
-1.485710461407064997e+02
-1.430960089242117590e+02
-1.435425616757794955e+02
-1.873181507471901739e+02
-1.462514568646309101e+02
-1.944415865112294455e+02
-1.340578985901537408e+02
-1.452263351076127265e+02
-2.008862399371638787e+02
-1.582353430391638085e+02
-1.480044300045964292e+02
-1.642605713350675387e+02
-1.531940943570910179e+02
-1.379819375691142227e+02
-1.329936682047328134e+02
-1.491065993820743358e+02
-1.420081591211534828e+02
-1.316111731129382179e+02
-1.370252027078452954e+02
-1.349306083818125899e+02
-3.245902331808827057e+02
-1.419014832202954892e+02
-2.029613604427960922e+02
-2.423509884291368337e+02
-1.716338680360141211e+02
-7.235336100977297065e+02
-2.205919013966182547e+02
-3.654416317471130924e+02
-3.367443004613148787e+02
-1.654315315379697040e+02
-7.137365029412608237e+02
-1.791828405732631211e+02
-2.088904304152624434e+02
-1.660332649305961752e+02
-1.346292602105191918e+02
-1.453593088242252236e+02
-1.681148439392677005e+02
-1.325685469049822700e+02
-1.702953845804666742e+02
-1.341647628381788593e+02
-1.849646448587467376e+02
-1.599483078464571975e+02
-1.878926116113646856e+02
-1.657001855101696037e+02
-2.429333174243605526e+02
-1.855066851775652310e+02
-1.421112513213917339e+02
-1.369337911445661291e+02
-1.564067716367033256e+02
-2.288664113997118932e+02
-1.801440032711649621e+02
-1.740213233840207465e+02
-7.052300198326101963e+02
-8.351478658117691793e+02
-1.916388787650732581e+02
-2.170645310552999376e+02
-2.060445868951690954e+03
-2.902000123179522006e+02
-2.544545114802415071e+02
-3.118067847895025011e+02
-1.381032009650619727e+02
-1.356159334720184972e+02
-6.151023995159067681e+02
-1.529344677842429405e+02
-1.949631998928269638e+02
-6.358446875447621096e+02
-4.149721286221819696e+02
-3.216301422789142066e+02
-2.460994421158593752e+02
-6.819769887828095989e+02
-3.982367084880759194e+02
-1.762048248389747016e+02
-3.399042266114662993e+02
-1.917799505170052896e+02
-1.326869217687503522e+02
-1.464836884063387856e+02
-1.823761589607212841e+02
-2.703917309332583727e+02
-4.619467999880188245e+02
-1.452850739743979318e+02
-2.518525666632662023e+02
-2.258597937431041203e+02
-5.056931400476173621e+02
-4.096636484975106214e+02
-1.793244991187797552e+02
-3.276659206954290084e+02
-3.456384946426882721e+02
-1.664544031627913512e+02
-1.521187567743217812e+02
-1.723012081648872709e+02
-1.697135275185591468e+02
-3.325410164160533668e+02
-2.874320051064215704e+02
-1.583336371725714287e+02
-1.505109611242132246e+02
-1.436224815948961293e+02
-1.443029925671839635e+02
-1.676184440613185984e+02
-1.494990606887283775e+02
-1.595987592427613322e+02
-1.375869652779476837e+02
-2.345732216414850200e+02
-1.552677615146525341e+02
-1.947466453090803782e+02
-1.418303276823686190e+02
-1.561271594480909641e+02
-1.408710404534089946e+02
-1.313413778038220698e+02
-1.409645229160096562e+02
-3.644008013899717753e+02
-1.343416331819527443e+02
-1.675442328550863635e+02
-1.775449168267991524e+02
-1.633284483192169603e+02
-1.371351972551466929e+02
-2.950242732039363318e+02
-1.307791049776070054e+02
-1.636759414172268521e+02
-1.877396104851522409e+02
-7.927981033135266671e+02
-2.369611135588122579e+03
-1.785922533820757394e+02
-4.421614805918069351e+02
-5.257415688685121040e+02
-2.027210918650074802e+02
-1.547243576685978326e+02
-1.421386467396746696e+02
-1.483702126297128814e+02
-1.681016611921566835e+02
-7.727245904101213227e+02
-5.263805357405458381e+02
-2.554224554189056278e+02
-4.733023357727947769e+02
-2.955634865878035953e+02
-2.255447570626470224e+02
-1.356899953265672707e+02
-3.864322776929511178e+02
-1.353449995242506816e+02
-2.401741823911363554e+02
-1.437297109427078681e+02
-2.645108009504457414e+02
-1.863601498617913421e+02
-2.081185628387628697e+02
-1.502296656330279063e+02
-2.253890750050710210e+02
-3.007196648632346410e+02
-3.887771862624005053e+02
-2.412525473894976358e+02
-1.591456446701613743e+02
-1.349657658662735855e+02
-2.099307457943899067e+02
-2.851990563325193762e+02
-2.794967621298396239e+02
-4.384828189112482733e+02
-1.398203193905182502e+02
-2.871183508728772722e+02
-1.907329458309509107e+02
-2.777152732335746919e+02
-1.711037973660524187e+02
-7.204293264734116065e+02
-2.766462684317133949e+02
-2.741961285429622990e+02
-6.505191805206317213e+02
-2.810873212494522022e+02
-2.517232826162779702e+02
-1.771771295590102397e+02
-4.987865493592636881e+02
-1.793480217722367058e+02
-1.431959696813528637e+02
-1.920539386735524374e+02
-1.610167284450308216e+02
-1.637916867360112576e+02
-1.460919815155495201e+02
-1.882967385072599882e+02
-1.510986454894191411e+02
-1.596713236948335464e+02
-2.803861394405836904e+02
-1.414768713070301942e+02
-1.343900643680735811e+02
-2.329271631830816034e+02
-1.732629002371440095e+02
-1.609712343397600307e+02
-3.262897780846979572e+02
-2.460765793438958724e+02
-2.657851220782646919e+02
-2.226596338638788097e+02
-2.227282798628553735e+02
-2.462288306090608785e+02
-1.952125497801010567e+02
-1.604529685398637184e+02
-1.274423281129720209e+02
-2.046365474759448091e+02
-1.742175776481606135e+02
-1.660502104205638716e+02
-1.768382897844609545e+02
-1.495376989697394663e+02
-1.489236290632454427e+02
-1.412192668165116913e+02
-1.585268658264895407e+02
-1.922509748245313119e+02
-1.394063272355365086e+02
-1.464175051452844514e+02
-1.462690312886352046e+02
-1.716755664864864173e+02
-1.459357634710335958e+02
-1.730819005668173531e+02
-1.679808988496766062e+02
-1.647694369998483239e+02
-2.684116098970822009e+02
-2.051873110041388486e+02
-1.695705207801567553e+02
-3.252388903209416071e+02
-1.718250766169745987e+02
-2.294342474395473062e+02
-1.473940004595213509e+02
-2.677631053222723381e+02
-4.063304694471947300e+02
-2.182172270390973949e+02
-2.266683294772160764e+02
-2.299476146719293297e+02
-1.700869793712084856e+02
-1.308964888512918776e+02
-5.622181457706640231e+02
-1.311133595671730291e+03
-2.971899024165411447e+02
-1.580691437106862054e+02
-3.827923118107758000e+02
-2.091545423432439748e+02
-1.656278795256699254e+02
-2.014731607903137558e+02
-1.912028410666197829e+02
-3.332487804550435158e+02
-2.596365006022471107e+02
-3.210033556499406586e+02
-5.919852857087178108e+02
-4.253087865232258764e+02
-2.264517133200768342e+02
-5.444112175324064538e+02
-3.245931969367248939e+02
-1.739036953723828560e+02
-6.634578061519773655e+02
-2.074102141841774767e+02
-4.130686569415034342e+02
-2.875553706184179532e+02
-2.167378899669350005e+02
-1.990590010967252681e+02
-1.594418799155945123e+02
-1.331636930254336448e+02
-1.330873084745041410e+02
-1.255377131763446528e+02
-1.636499032801403928e+02
-2.043771732308033506e+02
-1.366668237800360259e+02
-1.474743767456133980e+02
-1.585465748715764391e+02
-2.476973789271882254e+02
-1.448976172203138049e+02
-1.712007177851158417e+02
-1.571044834448195786e+02
-1.357414329030883664e+02
-1.674309050774063508e+02
-8.900851009915554641e+02
-1.647464411655522269e+02
-6.088152427764516688e+02
-1.387532236719333696e+02
-1.775777524734854751e+02
-1.487317736786817761e+02
-1.416776140562460000e+02
-1.325000120368043497e+02
-1.747037687954160106e+02
-1.717191830977209577e+02
-1.377723372906725103e+02
-1.345727360603765135e+02
-1.432095671473783227e+02
-1.455308060174565412e+02
-1.913777089315724709e+02
-2.259048149289368155e+02
-1.627467353366113230e+02
-1.724625408410326770e+02
-1.500594536523421993e+02
-1.474743161320083402e+02
-1.477611105436780861e+02
-1.762011129812874515e+02
-1.564083655648661022e+02
-2.222026309814558260e+02
-1.896475173089117447e+02
-1.343469595438076567e+02
-1.371376201470789056e+02
-2.047260617682802888e+02
-2.439282852664801169e+02
-1.276350000400812092e+02
-1.413825213595267485e+02
-1.481370394690266039e+02
-1.626645784766567147e+02
-2.071503345266516192e+02
-1.481240957990832214e+02
-1.599035716870508281e+02
-1.969066738689638498e+02
-1.419469814972024437e+02
-1.669466798261731810e+02
-1.875770806321875455e+02
-1.360930480245014280e+02
-1.319726149395745551e+02
-1.720433726706991422e+02
-1.403834532841019325e+02
-1.635354673955091585e+02
-1.547057577375594519e+02
-1.286107700862390857e+02
-1.424134006846176135e+02
-1.395049428877698858e+02
-1.615490017706911772e+02
-1.618736032467900259e+02
-2.255291573808191572e+02
-1.400919675699930167e+02
-1.835496049669661431e+02
-1.667770386216087104e+02
-1.287847760328008064e+02
-1.398010659685297981e+02
-1.314475833159144145e+02
-1.497988191771697188e+02
-1.677401223328004676e+02
-1.351368599223032732e+02
-1.267748407647478075e+02
-1.476348699141954910e+02
-1.313681532012641924e+02
-1.197600878350878730e+02
-1.332715564754425088e+02
-1.618206878525510035e+02
-1.871473595653609152e+02
-1.310467167074417603e+02
-1.834352691335959378e+02
-1.891111815519673769e+02
-1.318650645031504212e+02
-2.826075678872929871e+02
-1.476830092437744213e+02
-1.399776648137408301e+02
-1.334691511340070065e+02
-1.425713698175516697e+02
-1.321584413436106615e+02
-1.808550982788705426e+02
-1.407591315404570764e+02
-1.720224451280012090e+02
-1.331589724596157680e+02
-2.420497701666278942e+02
-1.291486807108806545e+02
-1.327795857744339969e+02
-1.325650439809612067e+02
-1.357135596334244099e+02
-3.190283982603746153e+02
-1.393239928383610504e+02
-1.842332505908633209e+02
-1.283113561473959408e+02
-1.827931552513889244e+02
-1.387538325802961765e+02
-2.419861605549198487e+02
-1.355996396466362910e+02
-2.396801148200617888e+02
-1.499398919112022952e+02
-1.295015145660900657e+02
-2.994573087487735279e+02
-1.269263147133251834e+02
-1.987115655534577172e+02
-1.764435601827004518e+02
-1.326300478388623389e+02
-1.423472799637420678e+02
-1.373031602778564775e+02
-1.448855874402063080e+02
-1.509211963803659557e+02
-1.380556805697157188e+02
-1.449566932194331343e+02
-1.508130807713513093e+02
-1.470588055191035721e+02
-2.377283973587273920e+02
-1.614031374313808556e+02
-1.795166470430913819e+02
-1.528980639663183183e+02
-1.309426458641315492e+02
-1.638471725351765826e+02
-1.298695849756128382e+02
-1.434951459753869187e+02
-1.523476723373053403e+02
-1.507025358580907834e+02
-1.416592717333116980e+02
-1.340714068806169337e+02
-1.416961690879091122e+02
-1.463582882838531702e+02
-1.357417166064182368e+02
-1.444896098010371190e+02
-1.714692792215141992e+02
-1.646735538639655374e+02
-1.385627870467794764e+02
-1.451631265929959795e+02
-1.578903948091021903e+02
-1.392350176559391173e+02
-1.253392981490103040e+02
-1.502795791046206375e+02
-2.991023675849654637e+02
-1.492631498970064285e+02
-1.209554039438663011e+02
-1.679676093895979534e+02
-1.618095935030320902e+02
-1.509723223718746965e+02
-1.884888434337997865e+02
-1.278835353082672839e+02
-1.282233387444322830e+02
-1.259479594074375512e+02
-1.325073274418792550e+02
-1.498858179918217104e+02
-1.285167574240444992e+02
-1.667140551415087941e+02
-1.591818703785875471e+02
-1.375624248804662386e+02
-1.264255391453307880e+02
-1.540780297281305593e+02
-1.323293113881063903e+02
-2.116425379344806004e+02
-1.644371366938195536e+02
-1.279357364908371437e+02
-2.172315883574749193e+02
-1.589833398691491766e+02
-1.340983543419202135e+02
-1.448850607786455669e+02
-1.258371271151877977e+02
-1.654553681520540636e+02
-2.565611823239132718e+02
-1.526957521161592126e+02
-1.341663365697968686e+02
-1.772991970917978506e+02
-3.698942543364143489e+02
-1.531345525416059274e+02
-1.787883523423709562e+02
-1.336936415136268010e+02
-1.525426096113857568e+02
-1.557087789849757655e+02
-1.361849330892611931e+02
-2.062722605415680164e+02
-1.299436101139053505e+02
-1.825535348007123844e+02
-1.244189604517095944e+02
-1.579002060569096670e+02
-1.304541362479921816e+02
-2.694386729853101770e+02
-1.596067672796614545e+02
-1.350355383973874552e+02
-1.279204168415208471e+02
-1.407901800926412079e+02
-1.541346505694628490e+02
-1.415725779111544682e+02
-1.338898139397250873e+02
-1.761560176587807689e+02
-1.470252484630166521e+02
-1.440126520564917598e+02
-1.398795715542454161e+02
-1.478832458695646324e+02
-1.298525442773622558e+02
-1.452005185763078714e+02
-1.665641397013732501e+02
-1.959643513365742535e+02
-1.949072971737806768e+02
-1.319680018840522848e+02
-1.359995152650257069e+02
-1.348245562906568296e+02
-1.355626117637934556e+02
-1.374190768322286544e+02
-1.676062481982235113e+02
-1.347575622406887135e+02
-1.527210961617513760e+02
-1.348501040100811679e+02
-1.482963885949329779e+02
-1.556097713975187560e+02
-1.285794477799496178e+02
-1.262293838929284817e+02
-1.315851454907949858e+02
-1.300637619800278628e+02
-1.371521354458336077e+02
-1.362121939593975242e+02
-1.471612890150945816e+02
-1.363827700057355230e+02
-1.304152542278437465e+02
-1.370179589987301654e+02
-1.330223046166030088e+02
-1.510687155511069193e+02
-2.162771234782195222e+02
-1.444823831133143983e+02
-1.359853482386297401e+02
-1.680594085056548010e+02
-1.457844049215423468e+02
-1.342068559898333717e+02
-1.360558362683975133e+02
-1.561631036867242415e+02
-1.671818116183144127e+02
-1.636971456270530325e+02
-1.550895912359626152e+02
-1.335083239288325672e+02
-1.869849642769542868e+02
-1.433324809741572778e+02
-1.269268710355293734e+02
-1.478208357979936522e+02
-1.484341441347980890e+02
-1.412290242301167780e+02
-1.320127074015651090e+02
-1.336020267208693042e+02
-1.403740788546477347e+02
-1.421182162794732164e+02
-1.486526014085667384e+02
-1.481986070090114538e+02
-1.285030632290200856e+02
-1.339307231183600493e+02
-2.903059148224236310e+02
-1.269936773080622174e+02
-2.503688905317890203e+02
-1.365161741846396524e+02
-1.770599377370571688e+02
-1.304098128344296015e+02
-1.579295345736327647e+02
-1.513433434108876838e+02
-1.501760950975169351e+02
-1.378816667810791330e+02
-1.719689726024043352e+02
-2.063470317271326735e+02
-1.798594649947784490e+02
-1.491401977111791268e+02
-1.502571999079192153e+02
-1.532933462699569134e+02
-1.315304430287937691e+02
-2.940420174947223586e+02
-2.192554935503419813e+02
-1.659198019259341379e+02
-2.450434156804480494e+02
-1.927976536310400206e+02
-2.602832270141992694e+02
-1.317105222984310160e+02
-1.396102958222784594e+02
-1.328584626605733945e+02
-1.343112023953563607e+02
-1.254849556715705887e+02
-1.586544720019339536e+02
-1.344333323421513455e+02
-1.250045026576523810e+02
-1.544051297015836042e+02
-1.430156631229811808e+02
-2.227149112742898751e+02
-1.871572686058585191e+02
-1.336262589997282078e+02
-1.304389692872915418e+02
-1.582365609630315078e+02
-1.566198386141795709e+02
-1.318904176948071267e+02
-1.352293635847229609e+02
-1.453066347571865435e+02
-1.337878257097544861e+02
-1.961451501517500446e+02
-1.347396885946190821e+02
-1.421858817600695772e+02
-1.999252236618395386e+02
-1.389815825340276945e+02
-1.725756413361789896e+02
-1.505029576500026849e+02
-1.684957465291272172e+02
-1.421841206012888676e+02
-1.426219349974597321e+02
-1.495006155817186198e+02
-1.464473282212241259e+02
-1.804065572202674730e+02
-2.108133858848912041e+02
-1.350670306284682738e+02
-1.562947461307669812e+02
-1.409092110157176023e+02
-1.604929446631848009e+02
-1.381322433165531436e+02
-1.834183727010608322e+02
-1.640748797104556047e+02
-1.512196193291259192e+02
-1.286747829540570081e+02
-1.224083958376550498e+02
-2.389023581352452652e+02
-1.338442841184941585e+02
-1.295049756509591816e+02
-1.351263255706479356e+02
-1.673977533610504054e+02
-1.252916702433684861e+02
-1.863381044378212152e+02
-1.378291079043605123e+02
-1.365184334273374986e+02
-1.341454360903984764e+02
-1.428734505084954378e+02
-1.586924721079335825e+02
-1.336490274349023935e+02
-1.916116860653688150e+02
-1.400833169728311702e+02
-1.780480929285198783e+02
-1.307878292599823737e+02
-3.222262564815104042e+02
-1.478052691732873427e+02
-1.691036760843441584e+02
-2.681048678152466778e+02
-1.537934182191926311e+02
-1.944159332569397236e+02
-1.439410929414960947e+02
-2.203598780253386451e+02
-1.864283352114091485e+02
-1.316985877395858040e+02
-1.456001579195151123e+02
-1.371200537704381759e+02
-1.541761142516576797e+02
-1.243430105686591389e+02
-1.635710735336304822e+02
-1.358213166458597811e+02
-1.546465330300522396e+02
-2.074654889026720355e+02
-1.404340509153934704e+02
-1.382971159093752078e+02
-1.745328901050577599e+02
-2.222281306808979764e+02
-1.409727340874039498e+02
-1.592878310586758914e+02
-1.557307400380864237e+02
-1.527555510309387046e+02
-1.268444912253689409e+02
-1.385164512007259248e+02
-1.266216406706691515e+02
-1.381626007773575964e+02
-1.286872105967853486e+02
-2.448946454601819767e+02
-1.232468367212075719e+02
-1.544051196676869893e+02
-1.527258345802131885e+02
-1.388554668953142652e+02
-1.371011509657599561e+02
-1.339264117696488086e+02
-1.532509460484929207e+02
-2.191338163413118423e+02
-1.390158538985214705e+02
-1.426277086450242848e+02
-1.449282024248313689e+02
-1.370546928834152709e+02
-1.717145987655742374e+02
-1.339836905471582895e+02
-1.612676699590046496e+02
-1.286434606477675118e+02
-2.008455931388628812e+02
-1.371942285974881202e+02
-1.680980003662623403e+02
-1.283289109328691211e+02
-1.864601151974990216e+02
-1.292351234429257545e+02
-1.257984972540451736e+02
-1.798706340755639985e+02
-1.452948086735894151e+02
-1.524426551433463146e+02
-1.283710234819988898e+02
-1.765902574959899880e+02
-1.494402559639851802e+02
-1.295339844552526642e+02
-1.837293076266779508e+02
-1.210842418363714756e+02
-1.374185989554892444e+02
-1.297215717160749193e+02
-1.511361669911897536e+02
-2.448087736709226476e+02
-1.504626744826386471e+02
-3.163877348963489453e+02
-1.871126805557950377e+02
-1.423137440589191840e+02
-1.298372246280459308e+02
-1.375769261923127829e+02
-1.859072615948588805e+02
-1.269268710355293877e+02
-1.908834607303672044e+02
-1.407533052133440492e+02
-1.234401221494096887e+02
-1.551058965899895554e+02
-1.356931482928138735e+02
-1.452978368711349333e+02
-1.431805105953686166e+02
-1.857299777214500978e+02
-1.387678001176793146e+02
-1.471652185538654578e+02
-1.455019513735678061e+02
-1.292119310646493773e+02
-1.702946743446953235e+02
-1.254141353876523652e+02
-1.513738136827828669e+02
-1.808609470842608573e+02
-1.446104959401357917e+02
-1.540781852289208871e+02
-1.310244718084751980e+02
-2.169587461022938442e+02
-1.376500179154115813e+02
-1.551649479671122265e+02
-1.231639005888429210e+02
-1.369191229319018248e+02
-1.378808079006620630e+02
-1.845870673961001103e+02
-2.125452617095197354e+02
-1.322768580465307195e+02
-2.443054633834983065e+02
-1.298060861950175138e+02
-1.422075651385710557e+02
-2.822564855072207024e+02
-1.486532913291449347e+02
-1.518012383671695886e+02
-1.453030272250827011e+02
-1.494945519378122469e+02
-1.673171277854844448e+02
-2.425383858857334758e+02
-1.639529162575464909e+02
-1.389962454787113302e+02
-1.721187144463511061e+02
-1.445426084144808385e+02
-1.379892811761044698e+02
-1.364917799641919487e+02
-1.340804322324973441e+02
-1.352934182916928307e+02
-1.468436488601500116e+02
-1.381441778753982987e+02
-1.309229564098762353e+02
-2.164703871760285381e+02
-1.665408321907878531e+02
-1.573396261479560962e+02
-2.263871369364616442e+02
-2.176011393019377635e+02
-1.244851079883096361e+02
-1.413670876088396824e+02
-1.448469466595014694e+02
-1.378040576246046101e+02
-2.251195327510685047e+02
-1.628032772588888406e+02
-1.465736004444310652e+02
-1.332002728518761501e+02
-1.596837679597046531e+02
-1.284740544247266314e+02
-1.953887923395018902e+02
-1.728738175244902493e+02
-1.413773744729689099e+02
-1.802962188330496929e+02
-1.335856173434005711e+02
-1.229244092373019157e+02
-1.294012789009513824e+02
-3.060106561026743179e+02
-1.339433811449811174e+02
-1.524413285301435508e+02
-1.329773174270604272e+02
-1.384005341856694429e+02
-1.322229270428001655e+02
-1.403864686507558304e+02
-1.655951275142275563e+02
-1.549880776233383415e+02
-2.781671421447093735e+02
-1.388738827481560349e+02
-1.622023422814540083e+02
-1.489821939750004844e+02
-1.288386249100865939e+02
-1.320089452471909226e+02
-1.553260173551679202e+02
-1.529489784007497803e+02
-1.336721638535620968e+02
-1.547090129671499881e+02
-1.659153848432110294e+02
-1.322934533285606733e+02
-1.579537489409873103e+02
-1.410276907496016747e+02
-1.409511273654582908e+02
-1.550204936595962408e+02
-1.559902971150841040e+02
-1.616798467468883871e+02
-1.423051029652106934e+02
-1.734061841684372212e+02
-1.494956824881816146e+02
-1.731644363396200106e+02
-1.335388575542448280e+02
-1.446769636947981041e+02
-1.744993220924698107e+02
-1.746720273905892498e+02
-2.139944877095968820e+02
-1.339554205739422912e+02
-1.763087549057555066e+02
-1.249685076040447029e+02
-1.328062614780035346e+02
-1.594071584008800073e+02
-1.740316066830114607e+02
-1.286385621880363033e+02
-1.906428210968034875e+02
-1.541898567998833585e+02
-1.180840415950831215e+02
-1.936977875351902583e+02
-1.461370039250417108e+02
-1.842838826321910517e+02
-1.404304566383146664e+02
-1.643656239653604416e+02
-2.221057612961577661e+02
-2.558755337592112653e+02
-1.446021528754866381e+02
-2.317623528814311840e+02
-2.196326231218107807e+02
-1.872878186986630169e+02
-1.228656564732968661e+02
-1.698268402317780215e+02
-1.524652910771174277e+02
-1.553033545618072822e+02
-1.359510305958258414e+02
-2.403620839271811747e+02
-1.449463743394069013e+02
-1.502572710186001643e+02
-1.502182631728712465e+02
-1.624207755489573799e+02
-2.101397626174599509e+02
-1.596624200507211810e+02
-1.350390891399082420e+02
-1.167889697238849465e+02
-1.433357643237842183e+02
-1.461553708673842209e+02
-1.357244207493035901e+02
-1.314261708098511576e+02
-1.670282821872518468e+02
-1.250926988938299189e+02
-1.345270928453401780e+02
-1.436456077441667674e+02
-1.451969113127887283e+02
-2.037706129229930809e+02
-1.573875219808331849e+02
-1.836006649573666891e+02
-1.715068469842978232e+02
-2.822593590771381855e+02
-1.376494811136042813e+02
-1.335963393004961404e+02
-1.693914394024127148e+02
-1.530889780432230509e+02
-1.376660502033816158e+02
-1.447471321651109122e+02
-1.293319854694520359e+02
-1.302580103073611326e+02
-1.535047178755050368e+02
-1.309134582266242148e+02
-1.349859770623997690e+02
-1.294070953269684594e+02
-1.448587643446218181e+02
-1.552330046887047104e+02
-1.273388172675253855e+02
-1.522935944949349789e+02
-1.597369601323578081e+02
-1.520718397773285346e+02
-1.464612247482276643e+02
-1.286864158060911620e+02
-1.662452179644815544e+02
-1.461142844534432470e+02
-1.423643325382412854e+02
-1.483658987062663925e+02
-1.868041755934309265e+02
-1.497696384160789478e+02
-1.533958249181538065e+02
-1.592658437807174607e+02
-1.206978014846478828e+02
-1.540478295876633297e+02
-1.356641394885203908e+02
-1.375525150802400276e+02
-1.748361606821651435e+02
-1.578168392264265947e+02
-1.610731473716135724e+02
-1.318327316080497269e+02
-1.301379700230232856e+02
-1.612389529881471901e+02
-1.485365661913928363e+02
-1.347200313020832425e+02
-1.394152197991734567e+02
-1.973796848176958747e+02
-1.324210299589803128e+02
-1.317116609370826836e+02
-1.372173650161477383e+02
-1.584853317469714682e+02
-1.527248928093808900e+02
-1.820271257198019725e+02
-1.359161776807275430e+02
-1.298037308538695811e+02
-1.239902256239489873e+02
-1.377046254461662613e+02
-1.774603483463612008e+02
-1.538622897388898707e+02
-1.376352661539542055e+02
-2.110346803894695427e+02
-1.283179673641072043e+02
-2.756030173500137153e+02
-1.637807234893848545e+02
-1.546105942624441241e+02
-2.596913043352230375e+02
-2.147718921785318003e+02
-1.338489133550389170e+02
-1.301649085401051309e+02
-1.765304289498689059e+02
-1.315433340111702023e+02
-1.565366712742413142e+02
-1.336246424896576741e+02
-1.449996630831299456e+02
-2.596176948778169162e+02
-1.553932864631731547e+02
-1.296279937217593385e+02
-1.256317258385392677e+02
-1.255969006082287081e+02
-1.396387850494227791e+02
-2.394700919846104625e+02
-1.374286386784301044e+02
-1.320853297981204264e+02
-1.377237818813850083e+02
-1.497762770271066586e+02
-1.309981711375086206e+02
-1.604754220870626682e+02
-1.557664311827294057e+02
-1.503040568771616563e+02
-2.130370641276584252e+02
-1.240975239578871623e+02
-1.228603963694839933e+02
-1.378418372538998824e+02
-1.403723065891007309e+02
-1.755422938706277307e+02
-1.309430829883979754e+02
-1.355094195911403290e+02
-1.444707502612802159e+02
-1.417698834097153906e+02
-1.344507082944106742e+02
-1.275305243491495446e+02
-1.333569809100231396e+02
-1.390890223188187065e+02
-1.431715065347209475e+02
-1.427117057154843565e+02
-1.352050013831494937e+02
-1.304422512369522451e+02
-2.340503897596163085e+02
-2.325041395411937231e+02
-2.099594993249130539e+02
-1.377729037520544466e+02
-1.935421022159102336e+02
-1.937757733239413653e+02
-1.587948003790389464e+02
-1.352825975965280350e+02
-1.338760637850839714e+02
-1.639135472633318784e+02
-1.488560684527650153e+02
-1.348420929631335241e+02
-2.244353458712888312e+02
-1.403231858133625565e+02
-1.469116240166793546e+02
-1.356653093118175093e+02
-1.610321482727397608e+02
-1.606280766970360503e+02
-1.447581810142751806e+02
-1.309319300390827152e+02
-1.391813455805670685e+02
-2.305163516780395980e+02
-1.335736827845553591e+02
-1.497585502950875025e+02
-1.392539285630024608e+02
-1.256195366643009237e+02
-1.679265480846943888e+02
-1.299639328918161709e+02
-1.712272311354226986e+02
-1.444639250964771975e+02
-1.623166988972266722e+02
-1.402680267634920028e+02
-3.041907973186388290e+02
-1.472638146317147232e+02
-1.519940891274926571e+02
-1.992586188861562846e+02
-1.896743072154351921e+02
-1.249110463176619561e+02
-1.566976940579112636e+02
-1.854417115897557835e+02
-1.222911907971840577e+02
-1.343406301110669006e+02
-1.417767203388397093e+02
-1.971545825926625355e+02
-1.464795957258744181e+02
-1.365858728839808407e+02
-1.864466934418845483e+02
-1.501855986594603394e+02
-1.336165982267645234e+02
-1.312735842168654017e+02
-1.327664721168181075e+02
-1.917118011600834109e+02
-1.269848886441163529e+02
-1.293233196791033208e+02
-1.736687883735787068e+02
-1.337352922730341902e+02
-1.447319512107356161e+02
-1.200351395723575365e+02
-1.331627020353504065e+02
-2.150010849459048927e+02
-1.554852551805849146e+02
-1.473574306335009112e+02
-3.247892772493501639e+02
-1.659931953259682871e+02
-1.376126592135397004e+02
-1.509852893433285317e+02
-1.422596681129997478e+02
-1.367612400192994073e+02
-1.259903272092664963e+02
-1.710005238807484318e+02
-1.323855806688042662e+02
-2.113763328085403259e+02
-1.346126230893373190e+02
-1.651361361746426724e+02
-1.535508671685883542e+02
-2.865086292140892965e+02
-1.346007065339732947e+02
-1.345290313147332313e+02
-3.257596293263196685e+02
-1.755237714814519165e+02
-1.794880503231797775e+02
-1.363123000889642356e+02
-1.338420469794636176e+02
-1.495365447746135601e+02
-1.361087400662410687e+02
-1.798109110629598888e+02
-1.393387277379483464e+02
-2.310034660996327318e+02
-1.921271817992658555e+02
-1.365283251145671954e+02
-1.569927246249377220e+02
-1.502310726175552418e+02
-1.342983166250221814e+02
-1.476589977478546132e+02
-1.240673453302965754e+02
-2.842810271547542698e+02
-1.249934261278224028e+02
-4.896780276155250249e+02
-2.203609049738188617e+02
-1.494413762410843844e+02
-1.833674909991752315e+02
-1.472962296771262913e+02
-1.506281025252014842e+02
-1.328410867083140943e+02
-1.675146646210823747e+02
-1.335766080070888506e+02
-1.356368832490588545e+02
-1.225551660046237430e+02
-1.312453838937819057e+02
-1.287342714554461054e+02
-2.565762324676501294e+02
-1.468193254867587711e+02
-1.454168043068832787e+02
-1.818378168842075979e+02
-1.321569870138793306e+02
-1.418586134769284683e+02
-1.313407190678892960e+02
-1.788980169465503138e+02
-1.558476587878116959e+02
-1.438552852624120248e+02
-1.335660042521107016e+02
-1.926331698216698953e+02
-1.566653246348780613e+02
-1.699480796869832204e+02
-2.079204937359632481e+02
-1.498550333022313055e+02
-1.878596976195433683e+02
-2.309634429459490832e+02
-1.226486223446141679e+02
-1.314293524283332601e+02
-1.289106639278011528e+02
-1.399265736013109631e+02
-1.301224383245476020e+02
-1.572840290286617346e+02
-1.274015076234305042e+02
-1.681783079510676941e+02
-1.988585753872467308e+02
-1.363105192774505667e+02
-1.360330816516935215e+02
-1.417497051085197484e+02
-1.417273642836586305e+02
-1.917356057051132439e+02
-1.441823104385383942e+02
-1.917654259443323213e+02
-1.854632058666112471e+02
-1.257483745568060698e+02
-1.270810186089178870e+02
-1.660475561014124537e+02
-1.369931501103832545e+02
-1.323354891562105990e+02
-1.396820196741334428e+02
