-2.897423243821240249e+02
-1.454235431684256810e+02
-5.326605214617685533e+02
-1.975568943398903912e+02
-1.603691985028733598e+02
-1.406596022067064951e+02
-1.309243319470797076e+02
-1.432404701016856450e+02
-1.643194541086479319e+02
-1.452810126270606474e+02
-3.490001158229732710e+02
-2.993334967778022246e+02
-1.654065621040116696e+02
-1.413568868442903010e+02
-1.329712822870116895e+02
-1.288616804441908528e+02
-1.500373538455603466e+02
-1.265485947172048782e+02
-1.554555273172760792e+02
-1.314626094756048360e+02
-1.294772898671103576e+02
-1.307214458459741877e+02
-1.372419729871452319e+02
-1.798171117466395117e+02
-1.805027593667104213e+02
-3.153796968351301757e+02
-1.557395404702339476e+02
-1.311502352181211108e+02
-1.873282289371039155e+02
-1.312717347729538915e+02
-1.404551556247457142e+02
-1.459714837357837496e+02
-2.238839989052104897e+02
-1.263626686025604471e+02
-1.328781616119178750e+02
-1.366898406749217258e+02
-1.536576395683428871e+02
-1.470351033162677368e+02
-1.516483008454207777e+02
-1.270489715054400790e+02
-1.240021656850793477e+02
-1.330891203862249483e+02
-1.644367784360785549e+02
-1.321454426620794322e+02
-1.810936872852134059e+02
-1.458302423386848261e+02
-4.485557913382434094e+02
-3.883111633673788674e+02
-1.341567882207115190e+02
-1.387436593139532306e+02
-2.361763954375218191e+02
-1.505839119211284185e+02
-1.654700674631627066e+02
-1.399459896594414943e+02
-1.446411530229833886e+02
-1.933938673431593429e+02
-1.389795772102378066e+02
-1.470095217441990769e+02
-1.277747417687936320e+02
-2.484238725755216990e+02
-1.710078404017140201e+02
-1.403538784490580440e+02
-1.350718986054417599e+02
-1.463122109297421218e+02
-1.787324362118501426e+02
-1.341068688800731366e+02
-1.337624626486205841e+02
-2.872782245869046278e+02
-1.748836575645127880e+02
-1.328510885349591319e+02
-1.308195053278678586e+02
-1.293123025030762960e+02
-2.192701436538594635e+02
-1.455730893985114278e+02
-3.681009853705987211e+02
-4.662439753087732583e+02
-1.457187924053858978e+02
-1.617416401903009842e+02
-1.512391345908299058e+02
-1.804900213105613602e+02
-1.434102892042732265e+02
-1.742583090818587266e+02
-1.304814925281397677e+02
-2.770543475556085582e+02
-1.553731684514395681e+02
-1.348781876467557197e+02
-1.864056652319444538e+02
-2.409158436736659894e+02
-1.331381155355539363e+02
-1.317377599509437403e+02
-1.233602697633243110e+02
-3.180836653365361713e+02
-1.948836304049187902e+02
-2.247913692222364830e+02
-1.277352820329095664e+02
-1.372273769282737987e+02
-1.306946529461607440e+02
-1.268825062913467150e+02
-2.242253213536213252e+02
-1.328951566644407478e+02
-1.449864650463076998e+02
-2.248094663007894098e+02
-1.364645514360095433e+02
-1.242795870109953569e+02
-4.004196410347266237e+02
-1.260914863892701021e+02
-1.329431654698190357e+02
-2.000932171833481448e+02
-1.414973145769812959e+02
-2.999706544137788455e+02
-4.417384056267868004e+02
-2.706091585572966096e+02
-1.249570899625177134e+02
-1.274059919476673031e+02
-1.322520963767312878e+02
-2.215950120308516205e+02
-1.719946738909458759e+02
-2.894645364559664813e+02
-1.422823373382206569e+02
-2.733654487794614170e+02
-2.357906253657292268e+02
-1.413812230602469242e+02
-1.569442000614211281e+02
-2.126208509042556614e+02
-1.707315301572863007e+02
-1.463335288588732510e+02
-1.644487118108980042e+02
-1.358343541795539409e+02
-4.360744507795584468e+02
-1.360269864336196690e+02
-1.550479638038634675e+02
-2.246762097187742029e+02
-1.361200485828471187e+02
-2.478352672742073537e+02
-1.698423798027010889e+02
-3.217826740545835946e+02
-1.576992132917709739e+02
-2.846280128044855360e+02
-3.103827333635594528e+02
-2.836637429980766569e+02
-1.635341273994474136e+02
-2.323046988447704280e+02
-3.161729642461312437e+02
-1.658546674699855146e+02
-1.718815265797685186e+02
-1.860395501076041285e+02
-2.475323250476171495e+02
-1.769715463469539714e+02
-1.907233932940968373e+02
-1.326785767612864220e+02
-1.480314920848963709e+02
-1.181773034360039958e+02
-2.808640336256967771e+02
-2.897753680278551656e+02
-2.286035425671885264e+02
-1.892324119424232549e+02
-1.471901050707050160e+02
-1.397007822351183677e+02
-1.400681051033324991e+02
-1.748673471484474078e+02
-1.732445279409930663e+02
-1.734101766126993880e+02
-1.822615774199972520e+02
-2.149986347933470370e+02
-3.623893732023701091e+02
-2.876003725395558490e+02
-1.886888528573596773e+02
-2.444103249214686286e+02
-1.384108374240103103e+02
-2.082047933996987013e+02
-1.993588831780286341e+02
-2.829949918735902656e+02
-1.887435879187083287e+02
-1.986471240686473720e+02
-3.222824723507595195e+02
-1.732923795750456009e+02
-1.630391611363066886e+02
-2.798924231245447345e+02
-2.805074877339171167e+02
-2.879860235218978346e+02
-1.914139089213117870e+02
-2.137467554270887149e+02
-4.862606020460876266e+02
-2.775625490855338171e+02
-1.306247249142565465e+02
-1.808031501215403409e+02
-1.759862416655114146e+02
-4.613987886511006877e+02
-2.244929720420031174e+02
-1.585853678410621797e+02
-1.491636459522383689e+02
-6.798913362124950481e+02
-1.552638114892765770e+02
-1.390873107275689904e+02
-1.614412079482866318e+02
-1.652246064590249830e+02
-1.268846600876786965e+02
-2.296401728596199803e+02
-2.424248884626438496e+02
-1.494958542307263940e+02
-1.564771538317744728e+02
-1.452971755869988328e+02
-1.790028704537861586e+02
-2.336430377092006552e+02
-2.637809473844867512e+02
-1.881532227362451408e+02
-1.372438845311291686e+02
-1.410715735390175496e+02
-1.942951773223124690e+02
-1.827323166067098441e+02
-1.542455998672313910e+02
-1.912758588929772827e+02
-1.710306307974252320e+02
-3.101925659233347687e+02
-1.323878788929181383e+02
-2.773776070028135905e+02
-3.860435937375639242e+02
-1.892514817102749021e+02
-1.330975531130486331e+02
-1.347246365360728930e+02
-1.817273632256595306e+02
-1.628693902335753307e+02
-1.966300173258616155e+02
-1.833945361032192523e+02
-1.911034527509364978e+02
-1.243243353812718652e+02
-1.300103631393385797e+02
-3.169821355090080601e+02
-1.433640665349323058e+02
-1.379410271410486359e+02
-1.426787317146185501e+02
-1.315595893356810393e+02
-1.413216466475216464e+02
-2.761203193646872478e+02
-1.873447896588688195e+02
-1.720609868749871794e+02
-1.971034708108729490e+02
-1.579396333785779802e+02
-2.044251676941433686e+02
-1.405054288171207020e+02
-2.374536603408130020e+02
-1.354732866317854700e+02
-1.605611991218603691e+02
-1.635219388485439254e+02
-1.383330483488133780e+02
-3.341319050016818437e+02
-1.940388750839137231e+02
-1.468233325441597401e+02
-1.514888601889575455e+02
-1.942272699570766576e+02
-1.308103448170739398e+02
-5.583130781261087350e+02
-3.127083647676000169e+02
-1.206917109203893830e+02
-6.050828600300620792e+02
-1.461775758471036113e+02
-1.871084210406326349e+02
-1.332843872794494757e+02
-1.371317507074139144e+02
-1.464974041141275336e+02
-2.337971887130251787e+02
-1.933065441393100343e+02
-1.915701034599591424e+02
-4.834668837185503776e+02
-2.797644921432284946e+02
-3.048759922765040074e+02
-1.484325623265541765e+02
-4.984354911901151581e+02
-3.597461985089158816e+02
-5.231659174132714725e+02
-2.926687143854410351e+02
-3.347865185920723547e+02
-2.669643732106437710e+02
-6.425916974788290190e+02
-3.339435173805642876e+02
-1.357996405569492424e+02
-5.317065916799756451e+02
-1.337008206485137123e+02
-2.327875770068990846e+02
-2.286485116663607187e+02
-3.055796430029522526e+02
-3.527887305443578043e+02
-3.893525683931212598e+02
-3.371948326229801296e+02
-5.684907275809306384e+02
-3.965198349072809378e+02
-3.634632644077951227e+02
-2.914992313301441982e+02
-4.627154836478319453e+02
-1.778389310389836453e+02
-2.448596749123740324e+02
-2.270319056958662998e+02
-3.604951733650277674e+02
-2.202635695734654462e+02
-3.126636947022693107e+02
-1.519650427690941399e+02
-3.043302269434668119e+02
-1.659228581491754255e+02
-2.949702020331564540e+02
-3.654489567502596401e+02
-3.468436511232773114e+02
-2.184378068116041618e+02
-4.816115299550497184e+02
-3.197613084262126790e+02
-2.577678545492991589e+02
-1.278180036368261057e+02
-1.302504227295632973e+02
-1.309573204668608355e+02
-1.257670026024214138e+02
-1.300302329957565917e+02
-1.241292623868937852e+02
-1.380333336905407293e+02
-1.277917769944690747e+02
-1.675734997964088677e+02
-1.406195890728312179e+02
-1.327370416961938986e+02
-1.351354014966920261e+02
-1.665235592872870427e+02
-1.361769595808198403e+02
-1.726653743521540605e+02
-1.345493212903356834e+02
-3.072839252665327194e+02
-1.232703684623354690e+02
-1.452783718899581800e+02
-1.428345149746730272e+02
-1.291556745400740169e+02
-1.380464271460952261e+02
-1.409669746884541723e+02
-2.077299418027974127e+02
-1.474182323263922001e+02
-4.673252119778902625e+02
-1.249050092566327947e+02
-7.112780994401221051e+02
-1.376208990481486865e+02
-2.283875520780502200e+02
-1.347462786840278284e+02
-6.361179167492217630e+02
-3.416628312996737691e+02
-4.229611442695025403e+02
-1.345592070950239645e+02
-2.001970079247229535e+02
-7.452042377545219551e+02
-1.464211293213141971e+02
-2.962495488291331753e+02
-1.729940483892549139e+02
-1.278101100912962522e+02
-1.267860325229235059e+02
-1.420724641606854277e+02
-1.472257450928487117e+02
-1.615805343580597082e+02
-2.580591594703173541e+02
-1.843246183703895440e+02
-5.124514699152016419e+02
-6.074105384736458291e+02
-1.284640173192879899e+02
-8.549523123696001221e+02
-1.405400353576893338e+02
-1.512624129707910754e+02
-2.082040092386974095e+02
-1.358978913863973901e+02
-5.290718069222747317e+02
-2.507995423607793555e+02
-5.000646642427543043e+02
-1.057651766301537464e+03
-5.211921589796622811e+02
-3.975229042890510982e+02
-2.537027908368402791e+02
-1.307587171867880897e+02
-4.256492466763459106e+02
-2.520472172651741118e+02
-1.459686311594100516e+02
-1.565718730462030521e+02
-9.273312614482072149e+02
-1.250235372801947022e+02
-4.395907488892875676e+02
-2.035014559667352785e+02
-2.667693826901734155e+02
-1.183776420869759107e+02
-2.177609656782366869e+02
-1.476498794626271263e+02
-1.267391509671883512e+02
-1.835531759954443487e+02
-1.529891924146809004e+02
-1.916864253594661704e+02
-1.207685264635385778e+02
-1.706522254103313685e+02
-1.239826412118260635e+02
-1.280248361685405314e+02
-1.337805895511460506e+02
-2.151592890661419233e+02
-1.262008187007810562e+02
-1.531711020704896953e+02
-1.296064865392727938e+02
-1.689355928817479366e+02
-1.411049760633954122e+02
-1.386770888216098854e+02
-1.845837561094221826e+02
-2.292842841197201551e+02
-1.377487493897052389e+02
-1.365807061044624220e+02
-1.843388994834110974e+02
-1.336081231509219265e+02
-1.524813028207272794e+02
-2.550342926289452237e+02
-1.582547257463947403e+02
-1.195255824491183176e+02
-2.205771946580572944e+02
-1.343098385971593700e+02
-2.644528658126418463e+02
-1.356715445897857251e+02
-1.353616541264077000e+02
-1.355525304525738477e+02
-1.344582696846326826e+02
-1.595009605184002055e+02
-1.959317733954474079e+02
-2.340025781701332335e+02
-1.310406589066857350e+02
-1.389793209884287535e+02
-1.701131498761868386e+02
-6.592257135353873991e+02
-1.551509734820177471e+02
-1.445898510487874091e+02
-6.410360415825496148e+02
-1.580571835802449243e+02
-1.299462822896905436e+02
-2.248978170666218261e+02
-1.408049890841703871e+02
-1.245172486009330868e+02
-5.566164964849394892e+02
-1.852310199750040738e+02
-1.837257922924849254e+02
-1.422373613807382640e+02
-1.637091834656224023e+02
-1.550209714257191820e+02
-2.282554777232067806e+02
-1.262300577719054928e+02
-1.346852132264845920e+02
-1.618909023957396869e+02
-1.242493825041558893e+02
-6.854575951328357633e+02
-1.195457033667714057e+02
-1.327343287782373409e+02
-2.127654601180434497e+02
-1.624186182699492633e+02
-1.286896758976897956e+02
-1.416233529094754715e+02
-1.333297048245250664e+02
-1.277889777740977735e+02
-1.480837388401489534e+02
-1.993312969322961692e+02
-1.299226833268038490e+02
-1.734425173636526267e+02
-1.752219581762708742e+02
-2.533045317344802640e+02
-1.723991878659525128e+02
-1.801008196727763391e+02
-1.374066113276550141e+02
-1.982476184340490022e+02
-1.316549829758560577e+02
-1.291514473496669950e+02
-1.490674737644079642e+02
-2.618885855400861260e+02
-1.335810971634227826e+02
-1.307887457034999841e+02
-1.974151675196127371e+02
-1.603336961077054355e+02
-2.282547462100420432e+02
-1.330300440033188636e+02
-1.859322988599151927e+02
-1.385410499676515315e+02
-1.387698925085223323e+02
-1.643792551242525519e+02
-1.598079904397558550e+02
-1.308067631312400465e+02
-1.344105237460268825e+02
-1.422046058117611835e+02
-1.404499278459460072e+02
-1.386265109963606506e+02
-1.146931746512472046e+02
-1.517288200982241335e+02
-2.852570782338040658e+02
-1.231232369532796724e+02
-2.144575924418823547e+02
-1.863219735256114973e+02
-1.416599742158625190e+02
-1.188467727643946290e+02
-1.871863421440597222e+02
-1.657930242380703021e+02
-1.700551561326251147e+02
-1.260490987919750978e+02
-1.324555372399921964e+02
-1.306443618677677136e+02
-1.636601453555825003e+02
-1.295580751563227011e+02
-4.519185760605290056e+02
-1.264483579388366365e+02
-1.567262613945101180e+02
-1.663137185076320463e+02
-1.454434883065913198e+02
-1.844781046219857785e+02
-1.682965465073357336e+02
-1.879283951011375677e+02
-1.397940236625999546e+02
-1.752901220008807854e+02
-1.353275746844318235e+02
-1.317717339196795763e+02
-1.263546053182300994e+02
-1.616568036962837596e+02
-1.389861878061276457e+02
-1.323811410444748162e+02
-1.368853498771978536e+02
-1.326737257603769820e+02
-1.914357176170632044e+02
-2.539366342902923463e+02
-1.437157945496713296e+02
-1.775878621527010921e+02
-1.311650691206908448e+02
-1.568471891928093953e+02
-1.275343063846206206e+02
-1.813981252727434708e+02
-1.653335850776985296e+02
-1.839890649685188748e+02
-1.367658929793840343e+02
-2.189615648725674362e+02
-2.174998546232256160e+02
-2.080942924915879075e+02
-1.398664703704710917e+02
-1.464693976694474031e+02
-1.917275401766565039e+02
-1.539257400219273393e+02
-2.407258503790478414e+02
-1.886967652540214431e+02
-1.906868620012259328e+02
-1.541554873365976164e+02
-2.642802960980806120e+02
-1.366391748130454289e+02
-6.269418009917179688e+02
-5.182066100736384442e+02
-1.700937505275012711e+02
-2.300602421773750450e+02
-7.533077794218623922e+02
-4.166643058603481222e+02
-3.605558954505060001e+02
-1.301645984691326987e+02
-2.760968269719887189e+02
-6.239631415488660195e+02
-5.587268488631724495e+02
-9.586956384958552917e+02
-1.873666417489214098e+02
-1.749219253844364061e+02
-1.264541507262178186e+02
-1.694403529431120887e+02
-2.212312617261188166e+02
-1.285507471538622326e+02
-2.602208472917885160e+02
-1.984862673141723803e+02
-1.304916891371048848e+02
-2.079760511116460293e+02
-2.825916745754566932e+02
-3.864860164955820778e+02
-1.539756089600005566e+02
-1.299935006715099632e+02
-1.394192028693002499e+02
-1.845618843703017831e+02
-1.594755082483779631e+02
-1.642515393988432209e+02
-1.510733377071485393e+02
-1.558579871397230363e+02
-1.728242851601981442e+02
-1.936887396485043382e+02
-1.270311408951449295e+02
-1.288448637883958270e+02
-1.365607438540579892e+02
-1.485560165896544333e+02
-1.219105252994110629e+02
-2.405358100326838269e+02
-1.858729437730106042e+02
-1.291123196185120037e+02
-1.584748932130365802e+02
-1.409627751611226643e+02
-3.605026364729970965e+02
-1.199710313995120998e+02
-2.140978806443545466e+02
-1.939598489850720853e+02
-1.866830788617676546e+02
-5.374545239893476491e+02
-2.052258113160543473e+02
-3.017611305784259343e+02
-3.268096676366460542e+02
-6.250460074113308337e+02
-1.689532256819153986e+02
-2.258148384437039908e+02
-1.309622224115906306e+02
-1.324173275421467224e+02
-1.492925077637889899e+02
-1.988903800860882143e+02
-1.684466452811525983e+02
-1.943290116466793336e+02
-1.666835064650317406e+02
-1.655731213867898077e+02
-1.468772094302001392e+02
-2.829368498614538794e+02
-1.996985045752477106e+02
-1.471625427439210512e+02
-1.434361226352216079e+02
-1.513070456266174517e+02
-1.691465492106348449e+02
-1.480598380904537805e+02
-1.804342471890597892e+02
-5.814157213185309274e+02
-6.258996576943601440e+02
-2.335751707206035519e+02
-2.444329564807777047e+02
-1.824542264453397138e+03
-3.787203250783445583e+02
-1.781792333978830243e+02
-3.001778256185424425e+02
-1.398983534786046050e+02
-1.250101821530093957e+02
-5.089320498958811072e+02
-2.608030466029161971e+02
-1.695096914904947596e+02
-7.334622930369691858e+02
-4.162693298991567303e+02
-3.342039017206873268e+02
-3.085204181723113948e+02
-6.945717252303109035e+02
-4.873221191235342076e+02
-2.134376506117150427e+02
-3.457786533578522494e+02
-2.216408099753580245e+02
-1.377226744406825674e+02
-1.634356316675494156e+02
-2.474753722577735573e+02
-3.312432260395183903e+02
-5.117822695359459999e+02
-1.714859902716672195e+02
-2.103084932773892035e+02
-3.347557225787898005e+02
-3.236873734247384391e+02
-5.166082307480697864e+02
-5.658148959628945249e+02
-2.986025754884776120e+02
-4.644107489365325705e+02
-4.487943524725029647e+02
-1.366957140421175723e+02
-1.966315017297229133e+02
-1.302420106962857744e+02
-3.357430038283936824e+02
-2.754839450157553529e+02
-4.801315454196046062e+02
-4.564117092903263710e+02
-1.671375110522247383e+02
-1.884733909486589027e+02
-1.502032924025371301e+02
-1.466417684619641193e+02
-1.471456558503566612e+02
-1.617299453997872263e+02
-2.117757475741599933e+02
-1.700858080458887400e+02
-1.744062575065945850e+02
-1.551657639137278011e+02
-1.367866107479507320e+02
-3.296993753224835473e+02
-2.238132210240663085e+02
-3.422540517575909007e+02
-1.445855661126363998e+02
-2.214170597284620214e+02
-1.460882129809089633e+02
-1.489264785561289273e+02
-1.387233003767572654e+02
-1.867759734117057064e+02
-1.445772889169635391e+02
-1.570071363348329498e+02
-4.903677801809755010e+02
-1.529328325500406152e+02
-2.008451219820971971e+02
-2.140690984627416071e+02
-2.602541013358342070e+02
-1.339729541412725098e+02
-1.536537194141321550e+02
-3.826141502374115930e+02
-1.390570860613435116e+02
-2.286077363237317570e+02
-2.674926749957610355e+02
-1.010790213198853962e+03
-1.919602241555557782e+02
-1.402060286609275579e+02
-2.793393856218932797e+03
-2.867365639776063517e+02
-7.068074079970034518e+02
-6.791801754338814590e+02
-2.439358583534272213e+02
-1.813167918018532419e+02
-2.028216027834765214e+02
-1.358060774369851345e+02
-1.581648014670630289e+02
-1.991472883589800631e+02
-1.357430934081058922e+02
-1.665582847294044200e+02
-1.078793746934321234e+03
-6.713917182649397546e+02
-3.519674373148000655e+02
-4.246349473440687348e+02
-4.386562504622008873e+02
-2.308612261855008967e+02
-5.746877856855502387e+02
-1.326637445335182406e+02
-3.077358443029975206e+02
-1.618404209883991598e+02
-1.429631092673537296e+02
-2.459351286662676728e+02
-2.257854682434033009e+02
-1.764925077892718832e+02
-1.674166978612794878e+02
-2.028772287817212430e+02
-4.056199798206833975e+02
-1.566622126432467326e+02
-4.283498051817505257e+02
-1.202649299818431956e+02
-2.369111357438591483e+02
-1.460019564195821147e+02
-1.686759097042937583e+02
-2.125187107176695349e+02
-2.543175388253953031e+02
-2.899544578669995758e+02
-1.717436153886777674e+02
-4.824352179385526256e+02
-3.312565663238928551e+02
-1.604366192742657518e+02
-2.548423287574167091e+02
-1.917942256761291162e+02
-8.858294803980553525e+02
-2.514754494960276929e+02
-2.796409383357626552e+02
-1.320792590344625523e+02
-5.954851730695907008e+02
-2.690274824284331885e+02
-2.091027164006847272e+02
-2.443710521980306680e+02
-5.138317615507838809e+02
-1.459370437774960010e+02
-1.253618389000549627e+02
-1.377098540394975146e+02
-1.908021267936186121e+02
-1.616516590393345894e+02
-1.733432842158067047e+02
-1.400670474425202201e+02
-1.342524370287074476e+02
-1.307831480010450207e+02
-1.674269249114345826e+02
-1.502184799086754197e+02
-1.443128365639255435e+02
-1.395167592486591559e+02
-3.255041114383256513e+02
-1.348241337899272594e+02
-1.908488561985890328e+02
-1.311407369938513909e+02
-1.696211122015992885e+02
-1.396156474206815972e+02
-1.586149279639164718e+02
-1.263050920602768770e+02
-2.134248192326066658e+02
-1.681636401630064483e+02
-2.203838900778677896e+02
-1.378599528096527820e+02
-1.602696774687255754e+02
-1.707232755539999687e+02
-1.840572061423682158e+02
-2.206480542693109612e+02
-1.937387242991073606e+02
-1.304360936992381141e+02
-1.420538932134704453e+02
-1.365097625508662702e+02
-1.281227294945230710e+02
-1.291577749423912280e+02
-1.223145250601756828e+02
-1.448883184748046062e+02
-1.524170199992978780e+02
-1.554544036697826073e+02
-1.353555957377421635e+02
-1.372919505701491119e+02
-1.451608964657505396e+02
-1.324171390795606271e+02
-1.361458859762169595e+02
-1.607091877168860208e+02
-1.534140480016741321e+02
-1.880116006930420269e+02
-1.993683712608236078e+02
-1.438133016120582965e+02
-1.847362985078770521e+02
-1.474198934899443429e+02
-1.553245078375625212e+02
-3.261244648619444888e+02
-1.557205159481304122e+02
-2.017932633627899008e+02
-1.309463093177902522e+02
-2.680608155006495394e+02
-1.437575924647438796e+02
-3.186481126223227989e+02
-2.845456656278959144e+02
-2.382752953699291822e+02
-3.258452160075885899e+02
-1.952028227897861541e+02
-1.654350331232086546e+02
-5.901562001895747471e+02
-1.288823717112927397e+03
-3.878076869199127259e+02
-2.020335982542678437e+02
-6.032425027184256123e+02
-2.723810563499962996e+02
-1.893826745649136285e+02
-2.240032967988077814e+02
-1.679491258297965146e+02
-2.708270334660327308e+02
-5.632665346260242814e+02
-4.104891480566972746e+02
-3.244173767709798994e+02
-9.282244209962497052e+02
-5.613484292303205621e+02
-2.699517199351453201e+02
-6.795689051663472355e+02
-1.349904439784018280e+02
-5.699522136018883884e+02
-2.799588042005472062e+02
-9.376279250267876932e+02
-2.404633009862658923e+02
-6.332904441162293097e+02
-5.198450767894310047e+02
-4.113720046243237789e+02
-2.031519904301473787e+02
-2.440942514736235864e+02
-1.743164521335938559e+02
-1.414432281750408151e+02
-1.405990996653681293e+02
-1.597028144599109396e+02
-1.569999380050716979e+02
-1.408829317874363198e+02
-1.550298123132825481e+02
-1.561708733751746649e+02
-1.319812759707286034e+02
-1.567228164591717814e+02
-2.645170373407938769e+02
-1.437059825363425603e+02
-1.700974325565661616e+02
-1.429399795550158672e+02
-2.934170040001463917e+02
-1.790389643040334704e+02
-2.113522398903737667e+02
-2.055458693270855406e+02
-1.464197577330558317e+02
-1.543577083365386216e+02
-1.719671340984335473e+02
-1.627331675990139388e+02
-2.830932647193156981e+02
-1.444975389634360454e+03
-2.088621809766786157e+02
-1.468601388856311871e+02
-2.317345328869369325e+02
-1.474851101164863962e+02
-9.896829364613194002e+02
-1.544516699181413344e+02
-1.925838571404560469e+02
-1.640731035058217913e+02
-2.201899160353934519e+02
-1.557388881070704940e+02
-1.360624701997041086e+02
-1.748367658288387361e+02
-1.535914068633613851e+02
-1.193017299416183477e+02
-1.212248329381167764e+02
-1.843413215846813955e+02
-1.324826363359784409e+02
-1.211688890417114521e+02
-1.502288400525238217e+02
-2.251539027396594292e+02
-1.426541924477441228e+02
-1.229064234968333977e+02
-1.369610560081409858e+02
-1.652746603493628754e+02
-1.303620075397104756e+02
-1.242420859733965983e+02
-1.228527551204315529e+02
-1.386544842662028145e+02
-1.303571690629951831e+02
-1.563873325579737354e+02
-1.543737220439948601e+02
-1.496080747453605397e+02
-1.345416841003079753e+02
-1.351765710321069207e+02
-1.450913200545835195e+02
-1.881502426766450924e+02
-1.384593293488052268e+02
-1.731255781266489180e+02
-1.426717761802268285e+02
-1.511703834187452742e+02
-1.354483027476523489e+02
-1.201812540492912120e+02
-1.344789935302001425e+02
-1.768106182352572660e+02
-2.311139018436650190e+02
-1.407709590970704312e+02
-1.309973871826692289e+02
-1.303492391452127208e+02
-1.565816469947119174e+02
-1.324416128285033665e+02
-1.345059990591458643e+02
-2.073390273347879145e+02
-2.175243820002388020e+02
-1.318372311725687211e+02
-1.699293053982558490e+02
-1.354206201740715017e+02
-1.787820532259492836e+02
-1.261465549574708405e+02
-1.560012401350902564e+02
-1.343446285797054429e+02
-1.254415739389961999e+02
-2.068509456143133889e+02
-1.736034184842422690e+02
-1.752303159591095039e+02
-2.403687676616241333e+02
-1.441263704816457789e+02
-1.323975923675403692e+02
-1.205913801908430258e+02
-1.232636002652237863e+02
-1.278857175338973207e+02
-1.861610945381185900e+02
-1.297332433769695399e+02
-1.787272533912843357e+02
-1.558833923521661973e+02
-1.612458978410101054e+02
-1.516787334364096012e+02
-1.298063459339024632e+02
-1.790646695018884884e+02
-1.470644015236280211e+02
-2.261693126890723136e+02
-1.586480096211635100e+02
-1.294094250954063625e+02
-1.683185856465208019e+02
-2.054379962710860354e+02
-1.483148799364009278e+02
-1.662109715875015752e+02
-2.192470785028889395e+02
-1.279890804268501654e+02
-2.455586747006523183e+02
-1.294069740903554475e+02
-1.362764901938062962e+02
-1.465049541965143192e+02
-1.325524032235164213e+02
-1.269380894500745711e+02
-1.693393170765974105e+02
-1.268448615117230247e+02
-3.579172563718572633e+02
-1.580412625568868350e+02
-1.570852975922794599e+02
-1.475122973689983041e+02
-1.384615559617199665e+02
-1.941806451329850915e+02
-1.631781253573336699e+02
-2.808168564333302015e+02
-1.139666787043528302e+02
-1.180842817638926192e+02
-1.387833007064716071e+02
-1.259264391952419402e+02
-1.265593534721613622e+02
-1.305306080027673943e+02
-1.255673624129946546e+02
-2.698117043356627391e+02
-2.048258664921575303e+02
-1.441299785987955033e+02
-1.204946058718732900e+02
-1.297604311408623516e+02
-1.323395121561988503e+02
-1.475549606290217639e+02
-1.269372506368356994e+02
-1.479330495680565036e+02
-1.839053314970913959e+02
-1.981231149610967179e+02
-3.889056709525194719e+02
-1.524576882994353753e+02
-1.257717385927566909e+02
-1.318046185012604212e+02
-1.222809335329244789e+02
-1.274419870012749669e+02
-1.314561777129289055e+02
-1.508765210972100306e+02
-1.235806764221353404e+02
-1.307704774992266437e+02
-1.199297092686359179e+02
-1.247448855672326005e+02
-1.345380256751573427e+02
-1.816163740082311620e+02
-1.589308296074600833e+02
-1.209021897919775768e+02
-1.855011686137890763e+02
-1.215311651126090453e+02
-1.331225857727113180e+02
-1.435804582227755191e+02
-1.496342590701600841e+02
-2.725946502132115370e+02
-1.288596302092012991e+02
-1.283796273250430602e+02
-1.411300103869338045e+02
-1.344327849642141359e+02
-1.285328260074352897e+02
-1.406765968207347726e+02
-2.566825224135469625e+02
-2.303591306315597080e+02
-1.412697844884549454e+02
-2.197030247301978534e+02
-1.492616850487173679e+02
-1.655614357517395661e+02
-3.210816799429808839e+02
-1.325572286594502316e+02
-1.717119038503206241e+02
-2.380736347549170375e+02
-1.309131335523528890e+02
-1.255372314471820374e+02
-3.386682399509818424e+02
-1.274027888047231869e+02
-2.274045898303773470e+02
-1.257137645370026604e+02
-1.503214042674042616e+02
-1.414503603846984561e+02
-1.410913473988242401e+02
-1.437479929997785177e+02
-1.545084093049168530e+02
-1.918135973975224715e+02
-1.200357830984074496e+02
-1.682258769858726453e+02
-1.261578947714386771e+02
-2.071870595136958855e+02
-1.357636730558061231e+02
-3.455478911584256707e+02
-1.307375925733378494e+02
-1.397242432792642148e+02
-2.630880080347558874e+02
-1.316224323802018432e+02
-1.320669215251577953e+02
-1.438191381140741214e+02
-3.166740316783013895e+02
-1.290351050172650957e+02
-1.761353260983917153e+02
-1.349049188388963785e+02
-1.362087408415502239e+02
-1.249975292874095061e+02
-1.323740442556267283e+02
-1.325171959114854019e+02
-1.762003098264250127e+02
-1.380266793453014600e+02
-1.691435888493769824e+02
-1.463688154893921194e+02
-1.920187860707948460e+02
-1.619610916209797438e+02
-1.269550152725739594e+02
-1.232406791834934268e+02
-2.139970598109805451e+02
-2.564132830744630382e+02
-1.289192099298304015e+02
-1.603951964219090769e+02
-1.335783210975968416e+02
-1.235345731843138282e+02
-1.291047303389637477e+02
-1.316818129060659146e+02
-1.602838027189892500e+02
-1.219046551404329222e+02
-2.110274828394191502e+02
-1.140548749405303681e+02
-1.282443440435469881e+02
-3.417584776064962853e+02
-1.907804659323604710e+02
-1.406528242073387105e+02
-1.948213583158895119e+02
-1.366463921624172428e+02
-2.240777452860142489e+02
-1.606357003463255921e+02
-1.437704322745088348e+02
-1.944839165655569957e+02
-1.687431266773657228e+02
-1.267935847198895232e+02
-2.651531244137350427e+02
-1.477371453000056931e+02
-1.553520142965900845e+02
-1.312877067281281711e+02
-1.242720949797134011e+02
-1.304317940587887961e+02
-1.247747886008133662e+02
-1.272371888182630784e+02
-1.307434223903311761e+02
-1.332750596731004293e+02
-1.545958297854680268e+02
-1.352184818387903817e+02
-2.098076289178555385e+02
-1.540046273819307316e+02
-1.208447321812542015e+02
-1.329674541780063919e+02
-1.314895712694259657e+02
-1.580045611837337844e+02
-1.414776401019794037e+02
-1.559548734403375363e+02
-1.293914970839058185e+02
-2.871821335133698767e+02
-2.385742142498657472e+02
-1.289632008100116138e+02
-1.489058673317459238e+02
-1.785598263875332066e+02
-1.378430728799190774e+02
-2.239868001178806480e+02
-2.259280556021189739e+02
-1.222618737478458684e+02
-1.376164338007064600e+02
-1.593513640320913680e+02
-1.463604523742971821e+02
-1.856782819560005748e+02
-1.986408444663221644e+02
-1.702715616957422924e+02
-2.097638001377760304e+02
-5.137916938561971847e+02
-1.291139810666844312e+02
-2.799989169224890020e+02
-1.304706464923572184e+02
-1.258735316071346517e+02
-1.285863800498432852e+02
-1.218865253878331458e+02
-1.388365059607949377e+02
-1.872026695433641805e+02
-1.295441860906201725e+02
-2.199724657574172397e+02
-1.287948785103059777e+02
-1.361123781221049569e+02
-1.490014932614081715e+02
-1.184138743303263368e+02
-1.276645270404400492e+02
-1.429012909373242337e+02
-1.542676336187794846e+02
-1.653080784728007870e+02
-2.250181991550023213e+02
-1.660853024989131654e+02
-1.695801968037829965e+02
-1.249852241906096708e+02
-1.867365624607832046e+02
-1.306945453749023898e+02
-1.288439934281179546e+02
-1.356212980092219311e+02
-1.932825073295117591e+02
-1.679690645012439347e+02
-1.372395089539141679e+02
-1.263059177129440087e+02
-1.400913332445715866e+02
-2.497810007996918671e+02
-1.691715627892507428e+02
-1.443217486047157365e+02
-1.605085593647594067e+02
-1.296919994140376104e+02
-1.561661101500262703e+02
-1.535905919127305879e+02
-1.347084793176099140e+02
-2.469068657434557110e+02
-1.820741015396994840e+02
-1.412403981028679993e+02
-1.474792906817815492e+02
-1.151857900998155202e+02
-1.566458031514215747e+02
-1.431408114038984536e+02
-1.400274266336521123e+02
-1.676889725291219406e+02
-1.359714461442942479e+02
-1.562113509239548819e+02
-1.310279161900699592e+02
-1.456108985424748994e+02
-1.288007140738633041e+02
-1.535925564348615922e+02
-1.211839756195556106e+02
-1.254381750559991815e+02
-1.583981147062438026e+02
-1.428717474070305116e+02
-1.361249040627810132e+02
-1.188641487166539576e+02
-1.551204861712581931e+02
-1.342625206915382705e+02
-1.638694613443919650e+02
-1.294724048450923704e+02
-1.307106560877591903e+02
-1.691836401923088715e+02
-1.246769103081227286e+02
-1.354901377360930042e+02
-1.408945646394704454e+02
-1.316642403105993822e+02
-1.587717259920208335e+02
-2.794355254190683127e+02
-1.328379998583091606e+02
-1.870669946029836979e+02
-2.051659055304209005e+02
-1.267094374386207392e+02
-1.508215976029683816e+02
-1.965444178427447355e+02
-1.664833061876771581e+02
-1.615902010851641535e+02
-1.720808825438350027e+02
-1.310925231625547269e+02
-2.492601855559228170e+02
-1.322396473127078025e+02
-1.277749830213396365e+02
-1.593038651448423479e+02
-3.338357032629718333e+02
-1.788489936366306381e+02
-1.251535449959969668e+02
-1.582835209261978378e+02
-1.607030880025094746e+02
-1.285246822529702229e+02
-2.174409034870043058e+02
-1.323972851246092546e+02
-1.434921866844519229e+02
-1.638881727498772420e+02
-2.156163868060319260e+02
-1.527222232409230571e+02
-1.213139833353578894e+02
-1.568476577629928670e+02
-1.306915331039993475e+02
-1.335458023810786869e+02
-1.704939742449596451e+02
-1.401995090564318502e+02
-1.350376705074284587e+02
-1.356130824931812811e+02
-1.578088790820027327e+02
-1.414501240698623121e+02
-3.698884389343226644e+02
-4.130075181207213291e+02
-1.277656436970411704e+02
-1.554283331734977764e+02
-1.373964128474990218e+02
-1.398375472745377408e+02
-1.636098732671277958e+02
-1.315073644123859253e+02
-2.092201621165050369e+02
-1.567823004841741295e+02
-2.269527068181241418e+02
-1.574289877963847744e+02
-1.205515506913847474e+02
-1.487802328290441380e+02
-2.394310639141157537e+02
-1.493470077346432276e+02
-2.800914472248028915e+02
-1.482984051532717729e+02
-1.371125038239660796e+02
-1.392970969972729733e+02
-1.263422897278742028e+02
-2.065042122526080846e+02
-1.422722882199219043e+02
-1.455618972972110896e+02
-1.377840048796503254e+02
-1.172997682084112938e+02
-1.267911232653997331e+02
-1.178742338845240880e+02
-2.886687449567587009e+02
-3.864217473099134281e+02
-1.591646190021345149e+02
-1.366527368861385128e+02
-1.969662935074422876e+02
-1.324154480948154458e+02
-1.188107777107869794e+02
-1.345673038487964845e+02
-2.976177149802801978e+02
-1.217236744218867841e+02
-1.928367886212096494e+02
-1.433787427717229264e+02
-1.280333473152417412e+02
-1.357592963379457842e+02
-2.638173574524039395e+02
-1.281672206615400569e+02
-2.248670137793167214e+02
-1.264631815656273801e+02
-1.794329857071178367e+02
-2.440717577520938448e+02
-1.853704627413675610e+02
-1.760096147846790302e+02
-1.375198972144820289e+02
-1.314615459363864716e+02
-1.574850397521129821e+02
-1.256232585947841187e+02
-1.605284598370132585e+02
-1.616974490210636191e+02
-1.745851513246490754e+02
-1.963459766869718521e+02
-1.649068530578526008e+02
-2.659116069827325077e+02
-1.578368803398536784e+02
-1.180844605971064709e+02
-1.268856361084988862e+02
-1.251795958948794976e+02
-1.750003977807303670e+02
-1.405727046722575722e+02
-1.529052908506746746e+02
-1.458047478117104561e+02
-1.610033697513732136e+02
-1.629879587803532104e+02
-2.186271098985350818e+02
-1.543826868452038923e+02
-1.372932151360895148e+02
-2.126069503469294659e+02
-2.267569921048698518e+02
-1.209271119914146482e+02
-1.445073138482336219e+02
-1.501281536995069530e+02
-1.663174609485371604e+02
-1.362810008336251713e+02
-1.301641609416680296e+02
-1.687275776602819235e+02
-1.411262527242794818e+02
-1.323286677952178820e+02
-1.233576470342216851e+02
-1.906051294238157539e+02
-1.484857681244122034e+02
-2.083941065158809351e+02
-2.799826595493526042e+02
-1.360265967723536562e+02
-1.315084033107914365e+02
-2.166667153847426448e+02
-1.522928492470101673e+02
-1.482608694185947229e+02
-1.441911378586793830e+02
-1.272901355637072669e+02
-1.202346683369500795e+02
-1.474382800452518723e+02
-1.347848934841438790e+02
-1.523268881928257770e+02
-3.074921132819466720e+02
-1.888298950228259798e+02
-1.488289300343802495e+02
-1.410050920189615056e+02
-1.347366589955460938e+02
-1.848416878266276910e+02
-1.671656088802077988e+02
-1.245822091370363438e+02
-1.237146303790922985e+02
-2.054084041624847430e+02
-1.201883027179375745e+02
-1.925521517231002235e+02
-1.375725145855756182e+02
-1.264763596332402074e+02
-1.367653205912689600e+02
-2.919087779160832383e+02
-1.576615535006440325e+02
-1.771686939143569361e+02
-1.329346982496138878e+02
-1.541679041720734915e+02
-1.346466572153495918e+02
-1.662377906331755071e+02
-3.086284505463011669e+02
-1.268994756666790380e+02
-1.421764104032855300e+02
-1.272720008933537628e+02
-1.717657032057602180e+02
-1.498872597127104314e+02
-1.615615968633147190e+02
-1.404584331219047897e+02
-3.630410109479383323e+02
-1.334237550082103780e+02
-2.466503703617783287e+02
-2.009523251942275124e+02
-1.484155010690048471e+02
-3.854170279424748742e+02
-2.840151392375744308e+02
-1.444574175519571213e+02
-1.331391241558239642e+02
-1.251223264678239246e+02
-1.362093202032467332e+02
-1.593857358537673576e+02
-1.499791453888171304e+02
-1.232072664894561314e+02
-1.465702126104876299e+02
-1.332076317744662219e+02
-1.296588400295497081e+02
-1.221695269314739392e+02
-2.183792582866226724e+02
-1.626912143225317209e+02
-1.243531089230230151e+02
-1.464976668776951101e+02
-1.604182418767754825e+02
-2.884865567779386311e+02
-1.411964172514846894e+02
-1.317812161051247131e+02
-1.299704982519077134e+02
-2.045148687076613783e+02
-3.794048103846001254e+02
-1.459420424334282416e+02
-1.810453284282386051e+02
-1.545558577345480558e+02
-1.792317726378957161e+02
-1.404926266665389960e+02
-1.503672557608820455e+02
-1.519364108877059039e+02
-1.322833368082559389e+02
-1.461443993195779001e+02
-1.389034908066554408e+02
-2.039027220732778858e+02
-2.083241503395637721e+02
-1.296900977097078282e+02
-1.251629928805009087e+02
-1.220677967348972146e+02
-3.107446377377768840e+02
-1.194664533737631587e+02
-1.707326481487494902e+02
-1.252392632294824892e+02
-2.116659622014185516e+02
-2.309417966067356929e+02
-1.519049753961047315e+02
-1.510748020197497112e+02
-1.335414251477043308e+02
-1.432935936364026759e+02
-1.317919566094778645e+02
-1.599536792146592177e+02
-1.526128280830169786e+02
-1.368499089328867910e+02
-1.355183756803524489e+02
-1.266689000315876399e+02
-1.683430199683078570e+02
-1.516869333164533487e+02
-1.415053159245282473e+02
-1.501863987152342474e+02
-1.599460254069958864e+02
-1.441265267453347008e+02
-2.815241782326617113e+02
-1.282853774731056546e+02
-1.525601128745123560e+02
-1.455448194252953442e+02
-2.870108504780552607e+02
-1.311871529350495962e+02
-1.934710028098432133e+02
-1.342974898967557920e+02
-2.343936172811035306e+02
-1.276583188411919281e+02
-1.412778781917754429e+02
-2.366959978412912733e+02
-2.000080729147503007e+02
-1.941212637132537964e+02
-1.353164781644450159e+02
-2.145194937755852322e+02
-1.406619215141227812e+02
-4.463420287054768778e+02
-2.335353583994362623e+02
-1.382932524629817976e+02
-1.264336052446411003e+02
-1.410836611548481585e+02
-1.493874066252199100e+02
-2.138025687462970268e+02
-1.453060002009529512e+02
-1.284668623440963131e+02
-2.225167162487603321e+02
-1.268032562983384537e+02
-1.487039478490038675e+02
-1.424787237839720149e+02
-1.293475834819559225e+02
-1.387858552912295806e+02
-1.713815862177704901e+02
-1.814061410645592218e+02
-1.685310218454158928e+02
-1.599617266814492780e+02
-1.443863385365154386e+02
-1.951552573143823963e+02
-2.219972315599445096e+02
-1.873292851230984866e+02
-1.396325106775796883e+02
-1.647049471329852395e+02
-1.460815053327594342e+02
-1.173658448553879055e+02
-1.714893475880898563e+02
-1.938558514353233022e+02
-1.814178515163880263e+02
-1.532442890872275143e+02
-1.187118812561296295e+02
-1.359060615782314869e+02
-1.419271023314376521e+02
-1.499044117715087054e+02
-1.428417234540200127e+02
-1.243414524051726602e+02
-1.256738286226030112e+02
-1.332386521745306425e+02
-2.474905574579909455e+02
-1.817094259838716539e+02
-1.328958695875155058e+02
-1.261557649118915947e+02
-4.731170557526688185e+02
-1.458021281564998617e+02
-1.565990631511579352e+02
-1.278777576467747537e+02
-1.523034760647594226e+02
-1.382564986912799441e+02
-1.482733831215673774e+02
-2.843827288008491223e+02
-1.392393646369864086e+02
-1.304319728920026762e+02
-1.347284307898139275e+02
-1.681950012029493280e+02
-1.963288027142089902e+02
-1.268811481141740103e+02
-1.679026558748892057e+02
-1.428998039247154281e+02
-1.319409353839060373e+02
-1.979111499952220186e+02
-1.200834110040492533e+02
-1.934853841407090442e+02
-3.811266409378292224e+02
-1.279983567841529464e+02
-1.869170681470983197e+02
-1.256902575803883337e+02
-1.369958054985730200e+02
-1.291018236314881449e+02
-1.425276670933024548e+02
-2.886825938008375374e+02
-1.639180501884336536e+02
-1.443076982173448641e+02
-1.700903212296319396e+02
-1.330403128700545778e+02
-1.316729840978985067e+02
-1.750357085985643266e+02
-1.317768581653340902e+02
-1.623718741059613251e+02
-1.344745298444920536e+02
-1.293959010470331066e+02
-1.210610125095964236e+02
-2.940302700888348681e+02
-1.438273717348500895e+02
-1.241019647292909980e+02
-1.166196570180697023e+02
-1.267915166947901326e+02
-1.836607111061197202e+02
-1.386084780746093941e+02
-1.696126241339104297e+02
-3.196879468115917007e+02
-1.256833146128660132e+02
-1.362191877504805859e+02
-2.542692563931317409e+02
-1.259836803228037923e+02
-1.308751959987102111e+02
-1.441562393025769495e+02
-1.503415320082378628e+02
-2.739358035777356690e+02
-2.089864590967259801e+02
-1.321654779176141403e+02
-1.328384546859997499e+02
-1.713432325985445175e+02
-1.806698449671846731e+02
-1.452648176142244552e+02
-2.813312251257473804e+02
-2.489027918128895465e+02
-1.225780172712030947e+02
-1.985400632657937479e+02
-1.400488900614696490e+02
-1.677075783755219049e+02
-1.314595814142554673e+02
-2.169952751968773157e+02
-1.444651915428479754e+02
-1.554831083553710300e+02
-1.554865952893204337e+02
-3.207288366596967535e+02
-1.473686408984050331e+02
-2.317802225667275309e+02
-1.262463262701585620e+02
-1.264745622586557658e+02
-1.610486332770018123e+02
-2.268620699281218549e+02
-1.247332292801944220e+02
-4.907576626017869330e+02
-1.240664807630476787e+02
-1.728045791129234203e+02
-1.458721090420596624e+02
-1.265047749930496366e+02
-1.650194188663900547e+02
-1.406563765420063135e+02
-1.577239256855679628e+02
-1.349080247973478208e+02
-1.593790120781452231e+02
-1.376475163731908253e+02
-1.531860636595000926e+02
-1.555756780051438284e+02
-2.030866599568068693e+02
-1.314617011037841507e+02
-1.408189619220872260e+02
-1.867358106467111725e+02
-1.385873836538746957e+02
-1.232755044138040148e+02
-1.467765546298563208e+02
-1.324365850744706847e+02
-1.790750324802706928e+02
-2.211977485827714816e+02
-1.420391377653448330e+02
-1.475112896666645383e+02
-1.630581624541185306e+02
-1.898165087201507504e+02
-2.678754429039029219e+02
-1.258974168951506840e+02
-1.718753154445434177e+02
-1.665107139373527616e+02
-1.819854855403540341e+02
-1.723748635277300991e+02
-1.291757113132263726e+02
-1.572379464439761421e+02
-1.616900487188287059e+02
-1.870074353325430536e+02
-1.259838486604344183e+02
-1.802321469631452260e+02
-1.334773141977451303e+02
-2.058492335603057768e+02
-1.877142243643024813e+02
-1.442073369246238030e+02
-1.569112229856864644e+02
-1.679328157882025891e+02
-1.283483821405004903e+02
-1.362366072555728636e+02
-1.386622733096131128e+02
-1.551839520151732756e+02
-1.325436811615928434e+02
-1.271814473904887848e+02
-1.323014962280616658e+02
-2.729929602006870368e+02
-1.407130219958602879e+02
-1.952033226763015819e+02
-2.007432710061485750e+02
-1.369495616960585380e+02
-1.630446694958802141e+02
-1.397778124821780068e+02
-1.475462406890711407e+02
-1.168123289451788906e+02
-1.947077147872095111e+02
-1.491475991940009749e+02
-1.330964456590423879e+02
-1.333091201282995826e+02
-1.299345031983000354e+02
-2.898205587991486709e+02
-4.750758966553214009e+02
-1.301529891557022722e+02
-1.679758471654788252e+02
-2.088405737932897352e+02
-2.571684901929586431e+02
-2.928827411949594079e+02
-1.437159966238772029e+02
-1.441077734912157098e+02
-1.313443232758222621e+02
-1.241713141204071036e+02
-1.313626656425153953e+02
-1.650630863345305954e+02
-1.373523858442966628e+02
-2.208212402756703057e+02
-1.795291546560163169e+02
-1.362663413821109089e+02
-1.617798440970864533e+02
-1.604383417216053545e+02
-1.801272800911802960e+02
-1.815545458714047413e+02
-1.275052975803271380e+02
-1.609462984191294481e+02
-1.200597169844382108e+02
-1.862217571040398525e+02
-1.431830767649022675e+02
-1.250005237351321625e+02
-1.921757687892767024e+02
-1.542838872157793446e+02
-1.271596212888165809e+02
-1.263809805886807993e+02
-2.003944864402579356e+02
-1.294233911612547558e+02
-1.486413013635507241e+02
-1.959009757437761436e+02
-1.328889010270489450e+02
-3.941691013794638252e+02
-1.376719126815676759e+02
-1.214475261871119329e+02
-1.918144377214450742e+02
-1.471213350026602882e+02
-1.234697744797530703e+02
-2.743428208756572531e+02
-4.042049968935897937e+02
-1.465440220186435170e+02
-1.177047306272615970e+02
-2.361651287122952851e+02
-2.021917186970877935e+02
-2.556821522750640554e+02
-1.276519424173113038e+02
-1.313667143479697756e+02
-1.334127607598993563e+02
-1.550491686910070541e+02
-1.462963918102694265e+02
-1.419512856997972676e+02
-1.568928043926235603e+02
-1.263926325782552453e+02
-1.617719664639315056e+02
-1.566367245773656975e+02
-1.310092970887216381e+02
-1.306927784941651964e+02
-1.257487686005270859e+02
-1.813911489342541756e+02
-1.538195016515150257e+02
-1.299687169971299170e+02
-1.333600855186382432e+02
-2.469125220920139157e+02
-1.628403259134832695e+02
-1.640623834923092090e+02
-1.761810182200157726e+02
-1.219397175604862156e+02
-1.349239544240026305e+02
-1.167484949105748626e+02
-1.388437990980983727e+02
-1.535022615237823516e+02
-1.360353124854217128e+02
-1.805168254803080572e+02
-1.196254698938589200e+02
-1.294348929773447310e+02
-1.447389235738571074e+02
-1.540645404145254531e+02
-1.716456126053815012e+02
-1.537078781615757919e+02
-1.534601401677572596e+02
-1.526036250468053765e+02
-1.315132534896274876e+02
-1.304394505022909527e+02
-1.598883819833888538e+02
-1.299255905687575137e+02
-1.754412171910641689e+02
-1.877809153134654707e+02
-1.244601786606315130e+02
-1.263106702514815254e+02
-1.403050052841130650e+02
-1.427878716290396142e+02
-2.290985418183582567e+02
-2.265669764893762874e+02
-1.283982189933651057e+02
-1.207265020438966729e+02
-1.424733304379699632e+02
-1.417205524377207269e+02
-1.964310924832477951e+02
-2.113098018491608912e+02
-1.335156882890331644e+02
-1.223204148119846764e+02
-1.576979013290836349e+02
-1.412445375536967163e+02
-3.055473409754912950e+02
-1.631453136479841817e+02
-1.485626729466597169e+02
-1.264037054324258236e+02
-3.010614887394637549e+02
-1.249046366209420427e+02
-2.903332285983582892e+02
-1.784327082039988568e+02
-1.307756991646489553e+02
-1.371586473410079350e+02
-1.651793721178763974e+02
-4.652848875665840751e+02
-1.380451592864793326e+02
-3.329036052589188444e+02
-1.474930614377457516e+02
-1.326835834551777111e+02
-1.436368488003086838e+02
-1.419607161431491988e+02
-1.758223297869604096e+02
-1.825768472288237092e+02
-1.465370455584092610e+02
-1.588761989675448660e+02
-1.252555129112776200e+02
-1.423340541501182486e+02
-2.431002451182773143e+02
-1.920302282716000093e+02
-1.458999562777163135e+02
-3.255878586803953567e+02
-1.462740967868126916e+02
-1.305419639394463900e+02
-1.520454183064146321e+02
-1.420225572487690044e+02
-1.232167044213066731e+02
-1.345551069360954841e+02
-1.481644993839520623e+02
-1.869281955931986943e+02
-3.373322482505091102e+02
-1.327880646091985284e+02
-1.245254252315087768e+02
-1.465933485608004787e+02
-1.563075991422517461e+02
-1.329429508736425305e+02
-1.509672546924902292e+02
-1.246633999863594511e+02
-1.879473154818244893e+02
-1.293695719301319116e+02
-1.562787367845850497e+02
-1.779901443869948992e+02
-3.262305482041977598e+02
-1.396555115961639899e+02
-1.568305912501960506e+02
-1.371899353971566882e+02
-1.308503355325313748e+02
-1.430450511946893357e+02
-1.612586525678397606e+02
-1.371491465466899911e+02
-1.229175494108220335e+02
-1.569435690638145502e+02
-1.925298106568861272e+02
-1.286252201282592864e+02
-1.475089159132670318e+02
-1.318604334496347121e+02
-1.738431608114472624e+02
-1.312873526527400259e+02
-1.391780063176383067e+02
-1.471582067032549048e+02
-1.493951074782233661e+02
-3.402337847715186285e+02
-1.758719572270545370e+02
-1.399004960703904885e+02
-3.518620092335914933e+02
-3.686236894151759884e+02
-1.502591987525875368e+02
-2.424514191102906864e+02
-2.405403639374297597e+02
-2.408584721281411021e+02
-1.540031726089352730e+02
-1.282860679091978398e+02
-1.301149308418944202e+02
-1.521188332690250320e+02
-1.547026552275004292e+02
-1.858502573467693253e+02
-1.874463673883832371e+02
-1.677639890323574434e+02
-2.620813462651836971e+02
-1.237210397340794685e+02
-1.344589326238926503e+02
-1.489657344662587946e+02
-1.844636958835687892e+02
-1.467561205093970500e+02
-2.878974301101064839e+02
-1.315811631725868551e+02
-1.289824164131470638e+02
-2.306000605033096917e+02
-1.552984547199982899e+02
-1.321587424504694468e+02
-1.480327425188521033e+02
-1.246757324504824140e+02
-1.855143810889875340e+02
-2.502583649530246817e+02
-1.618849853346421241e+02
-2.242902956260180645e+02
-1.912285291573611516e+02
-1.210378201313200321e+02
-1.228358718894272954e+02
-1.923326915529254677e+02
-1.475683386422379897e+02
-1.281135585253742875e+02
-1.588341164578329483e+02
-1.697229453503752836e+02
-1.727292322608482777e+02
-1.808497578162616151e+02
-2.052163886296468434e+02
-4.845564847906651380e+02
-1.409387840120089663e+02
-2.217187129554145031e+02
-1.630860968336160965e+02
-1.677689261835715797e+02
-1.274767686787525776e+02
-1.555991240465602061e+02
-1.217584996521973295e+02
-1.636041385670293380e+02
-2.008449818801169613e+02
-1.285662115295891113e+02
-1.264704985000510646e+02
-1.709302979089229950e+02
-1.467301623544743165e+02
-3.388928250349472364e+02
-1.368467094113461826e+02
-1.345418551383025942e+02
-1.350143251366111201e+02
-1.518734914742709634e+02
-1.410415035887024260e+02
-1.398812468956909356e+02
-2.424997276753572919e+02
-1.389920042321446658e+02
-1.339043962057963597e+02
-1.511185682225078608e+02
-1.824334873228139600e+02
-1.272358270065322188e+02
-1.315988401943511974e+02
-1.243658146067461701e+02
-1.505447840397102652e+02
-1.463372293163746463e+02
-2.533548159976385818e+02
-1.460712506188393718e+02
-1.297067105747842106e+02
-2.836053108222561718e+02
-2.102078019837900911e+02
-1.440072721712734278e+02
-1.431979916109329736e+02
-2.695936775857643397e+02
-1.335887964108248127e+02
-1.280297879175563480e+02
-1.500453623487061634e+02
-1.167971956052921740e+02
-1.880964615864012615e+02
-1.776004482701339953e+02
-1.347870231128788134e+02
-1.624490606174308311e+02
-1.469067720430548434e+02
-1.867800501837047591e+02
-1.417219295751589812e+02
-1.558007727918445084e+02
-1.274331656293605590e+02
-2.235930997913486635e+02
-1.565482749514897023e+02
-2.468529503449574634e+02
-1.294396101011808184e+02
-4.682660672761617775e+02
-1.190575011183117198e+02
-2.516148638830580921e+02
-1.302283462126250413e+02
-1.670660824621059533e+02
-1.280745258910041002e+02
-1.398994498085155271e+02
-4.932605935884400310e+02
-2.716777606177560642e+02
-2.680996197927314597e+02
-1.472401362701327230e+02
-1.277989609001158868e+02
-1.699748793270657075e+02
-1.307850589062178415e+02
-1.637012420570030145e+02
-1.793036192803497499e+02
-1.553156355777467184e+02
-1.941121521505068017e+02
-1.339697905208178099e+02
-3.104605725773476479e+02
-2.883112508600230512e+02
-1.339466470530406639e+02
-1.635587419276403693e+02
-1.448703832746237765e+02
-1.296882679095833453e+02
-1.965840640981259071e+02
-1.275954118213331299e+02
-1.260690161335121786e+02
-1.394254502875370179e+02
-1.240782123531510450e+02
-2.763673312476149704e+02
-1.496791446553135358e+02
-1.248245622549967777e+02
-5.112657517943636094e+02
-1.363614795354205853e+02
-1.364443404375541888e+02
-1.917611183292310102e+02
-1.330188547808922408e+02
-1.344563846960743092e+02
-1.732279107731484942e+02
-2.477044606787756891e+02
-1.574190599920538318e+02
-1.377723588800795937e+02
-1.231068829146062029e+02
-1.697976450579474204e+02
-1.334480671586392475e+02
-1.713874787359254128e+02
-1.480611989636403507e+02
-1.337341917500795034e+02
-1.324264727621165889e+02
-1.622126059199912618e+02
-1.226601598916207649e+02
-1.266283899040217875e+02
-3.264561022127013530e+02
-1.249954393708397902e+02
-1.551613640226907762e+02
-2.390696367695650224e+02
-1.375485911477514094e+02
-1.217297155738833823e+02
-1.415584570077135140e+02
-1.254430881059069378e+02
-1.270508253093530300e+02
-1.598652390376560106e+02
-1.298962160636930889e+02
-1.413968016215976320e+02
-1.925910175671488958e+02
-1.707785552201771964e+02
-1.397773704216114083e+02
-1.185194228103334950e+02
-1.300697159086387273e+02
-2.750024198010522696e+02
-1.443302993337694033e+02
-1.723862400327576268e+02
-1.286202834125353718e+02
-1.630559203340092722e+02
-1.297091476225837994e+02
-1.322875029543794483e+02
-2.783872434302759871e+02
-1.338475445142743467e+02
-1.266482893043846900e+02
-1.470066191775834454e+02
-2.665927904516493072e+02
-1.504904019389662722e+02
-2.362602410656588461e+02
-1.502721031080242540e+02
-1.245657005268826651e+02
-1.211779803603246819e+02
-1.189629868147824112e+02
-1.404253759604181653e+02
-1.676630705534408321e+02
-1.444189683452852364e+02
-3.445473232871182176e+02
-2.029517287675132309e+02
-1.271600050706292251e+02
-1.665406318190051138e+02
-1.607569501634848734e+02
-1.313618168303362381e+02
-1.512695692336384639e+02
-1.531122886323411194e+02
-3.228270893771057217e+02
-1.728573531040891567e+02
-1.450452948117640233e+02
-2.430156856536881662e+02
-1.272095002828276904e+02
-2.665281852543832315e+02
-1.256092546436919690e+02
-1.184707221156161978e+02
-1.433790306860080079e+02
-1.272137732669074950e+02
-1.195845910477885212e+02
-1.766117121784992605e+02
-1.601540336423875033e+02
-1.496284900651586440e+02
-1.234465821014766647e+02
-1.923106914062708483e+02
-1.340759399401544556e+02
-1.226899075269917034e+02
-1.399576462503163441e+02
-2.004653978926951936e+02
-1.689646712217003426e+02
