2.951294043612976203e+00
2.467651842805565376e+00
1.557543210337416717e+00
6.104323433575272739e-01
1.751125521963810439e+00
4.422498706756331499e-01
6.698031603142182711e-01
2.903734674395908599e-01
1.013275879539018653e+00
1.205185773786350723e+00
1.085294352924863981e+00
9.845312058363953067e-01
2.303127783140368923e+00
1.817708638867705284e+00
1.649944270530576462e+00
2.298946739692714569e+00
1.685483139835638022e+00
1.569668236335614031e+00
1.157939982827857373e+00
8.883672065403465101e-01
2.116130614944030430e+00
2.017457989579389377e+00
1.331453285905510597e+00
6.809874515366934888e-01
9.494104408760992708e-01
6.153450694085209616e-01
6.630089647117799467e-01
5.738482131905521255e-01
1.000210118765098910e+00
4.273026403502690473e-01
1.556497949475503129e+00
5.901542826364039040e-01
6.709529472623231294e-01
6.328009258024777095e-01
1.281803394964615705e+00
8.121676897068470513e-01
6.199442172009407281e-01
3.690816103416829641e-01
5.458352220912683350e-01
3.103379499021401422e-01
4.870915616517255131e-01
7.149584295488846664e-01
9.448112930836795043e-01
3.391871496909547590e-01
9.644621972876546989e-01
7.137041165145883159e-01
7.074325513431068968e-01
9.973879144379322881e-01
6.973980470687365374e-01
9.460656061179758547e-01
3.656322494973681669e-01
7.687893639374336896e-01
6.307104040786505328e-01
4.695311791715774397e-01
5.127004527686080948e-01
6.395951214049159228e-01
8.749878675078528456e-01
8.035965506391556934e-01
4.589740444662503416e-01
9.605947320985744886e-01
1.273127729810733078e+00
6.038471999274717117e-01
7.499746684229893212e-01
7.596955944387855375e-01
8.205297766021556471e-01
1.305739868702436635e+00
8.126903201378037345e-01
6.369819692501319519e-01
1.308666599115794638e+00
4.761163226016329464e-01
9.718835494072410874e-01
1.532352423565299437e+00
1.094179070251129371e+00
1.226195517110813649e+00
7.156901121522241116e-01
7.333550207185635106e-01
9.017465455728402857e-01
1.580538949299515217e+00
6.791059819852490742e-01
8.710158762325812543e-01
1.074214587788580033e+00
1.449149658956979003e+00
1.184594134806653321e+00
6.759701993995083091e-01
1.025191853364833428e+00
8.227248244121740939e-01
1.011707988246148382e+00
9.508738060827782723e-01
7.309509207361623018e-01
1.059476409635598637e+00
1.223059734525072884e+00
1.384238959432146032e+00
9.775279580615744424e-01
6.245433649933604947e-01
8.138401070859087039e-01
1.245741895228597462e+00
1.610224357777860771e+00
9.202476628287105109e-01
