-2.976408474943581837e+02
-1.993818020684239798e+02
-7.797908698093548310e+02
-2.293299290427617905e+02
-2.379610754978189675e+02
-1.930121496870066835e+02
-1.582903663544521180e+02
-1.838333677205660592e+02
-2.686006730950869610e+02
-1.915339283200946170e+02
-3.440313441917170394e+02
-9.688049180307756387e+02
-2.503852237205269091e+02
-1.889839197345941386e+02
-1.840621395821971475e+02
-2.411760388306708194e+02
-2.330390151457188210e+02
-1.612940570345118090e+02
-2.195756819371550250e+02
-1.593103468502338274e+02
-1.608085613097389626e+02
-1.665466747156055760e+02
-1.865200921220498458e+02
-1.975743590606548423e+02
-2.446195315817426490e+02
-4.235438520192796545e+02
-1.774890014117797534e+02
-1.615310011109667698e+02
-2.391036037753975450e+02
-1.737339790350092983e+02
-1.828079826914136561e+02
-2.007012185650571894e+02
-3.544514853158204915e+02
-1.455856677072967784e+02
-1.560681960108846340e+02
-1.416323262227365660e+02
-2.037277510288413964e+02
-2.390967009779444368e+02
-2.587859339464422419e+02
-1.321169844081800022e+02
-1.451651405968302413e+02
-1.543060543630096220e+02
-2.583820788336341820e+02
-1.547360073463690355e+02
-2.202184529900558800e+02
-1.943521974636560969e+02
-4.244381820554793876e+02
-4.343669008605867248e+02
-2.125277058767448750e+02
-2.400081943055193392e+02
-3.456551208808410820e+02
-1.608967519313709147e+02
-2.339727787765567655e+02
-1.864962688395843600e+02
-1.485833941462144026e+02
-3.037432947706200821e+02
-1.461854350437198491e+02
-1.584351207232602121e+02
-1.316653299176024348e+02
-3.022391837213625081e+02
-2.845675263975909957e+02
-1.837216750882253962e+02
-1.731215071414994782e+02
-2.012301647299364049e+02
-2.408873533504726652e+02
-1.749463653933451042e+02
-1.762576436994367555e+02
-3.106489062647863193e+02
-2.581544549775138648e+02
-2.047752686035486533e+02
-1.722206927248967077e+02
-1.506908321369087389e+02
-2.959931669587249985e+02
-1.971766421622345717e+02
-3.612674389098095276e+02
-6.190585110077523723e+02
-2.132438654828191034e+02
-1.933587712417100306e+02
-2.101863070067309991e+02
-2.791172855892041866e+02
-2.144181981059587088e+02
-2.460841662720013687e+02
-1.660788325606152966e+02
-3.206993623177793324e+02
-2.394670746668711843e+02
-1.748120626520866665e+02
-2.799120610039107078e+02
-2.973931545068211335e+02
-1.632849257768406233e+02
-1.447287658410376423e+02
-1.393598313205187651e+02
-4.807131053440105006e+02
-3.177365289037202274e+02
-2.448203204211514503e+02
-1.535237403971703145e+02
-1.954600968943248631e+02
-1.589767942164088197e+02
-1.445527834248081831e+02
-2.566595251572314282e+02
-1.747453399291342464e+02
-1.691261619158585461e+02
-2.934030277784319765e+02
-3.874948619000658141e+02
-2.053311006043098814e+02
-3.708162666158344791e+02
-1.465678408732926528e+02
-1.610380093104606090e+02
-2.624371542700338864e+02
-1.502242171609294132e+02
-3.848854311209909724e+02
-3.733781778144595478e+02
-3.647411437702450598e+02
-1.258953614717323291e+02
-1.318861163664359140e+02
-1.379332771491390019e+02
-2.238907210048130878e+02
-1.709667023005324893e+02
-2.954471878170845116e+02
-1.940296524462207230e+02
-4.293950438804500322e+02
-2.858853537859658900e+02
-1.977787206314358173e+02
-1.799171400366088278e+02
-2.580378001202630003e+02
-2.043256111880279775e+02
-1.803246961636633898e+02
-2.613673392594812981e+02
-1.626812072900454780e+02
-4.471707843695115798e+02
-1.290124969415223859e+02
-2.089150035213118031e+02
-2.615554112230665851e+02
-1.427644511453792120e+02
-2.269954587498314993e+02
-2.144159551607556295e+02
-3.660839225704768296e+02
-2.042944670122811317e+02
-5.234576705115259756e+02
-3.686244453394982656e+02
-2.655103891761023078e+02
-1.693461406761041417e+02
-2.909494461477777918e+02
-3.238872014655950125e+02
-2.567082825473931962e+02
-2.288973000892129335e+02
-2.200133650994663128e+02
-2.681534893732788873e+02
-1.939022595057596163e+02
-1.931643721347209350e+02
-1.516467943260767584e+02
-1.627614026617368665e+02
-1.091372725216259028e+02
-3.087048388101683258e+02
-4.013046685709794019e+02
-2.884660340529313771e+02
-2.547522342368184525e+02
-1.851677156307350174e+02
-1.700523445938015357e+02
-1.684993268281928636e+02
-1.709418496997396062e+02
-2.351736536806594415e+02
-1.917626093950914026e+02
-2.025576321764009720e+02
-2.250995035315906989e+02
-2.498186285280445134e+02
-4.073277813421545943e+02
-2.473702127684414620e+02
-4.081902078754223453e+02
-1.656351286132374980e+02
-2.095414503113226772e+02
-2.286687418107190410e+02
-3.003155413311849884e+02
-2.410576316060154909e+02
-2.590226440071729144e+02
-4.061351718998237175e+02
-2.399530743947419182e+02
-1.881407982661415019e+02
-2.367169872623808260e+02
-3.262533041192580754e+02
-2.572950166106220991e+02
-2.322392645141271146e+02
-2.765483504570511286e+02
-3.993284383984007491e+02
-3.336160075106171803e+02
-1.272412108755041373e+02
-1.945626267253944093e+02
-2.147196560152355005e+02
-4.409850885230735003e+02
-2.980656266163490500e+02
-3.653288874676989053e+02
-1.808140928701408541e+02
-8.519945137677116236e+02
-2.471432387260720418e+02
-1.674055924339935189e+02
-2.436157888432253174e+02
-1.818176712328338738e+02
-1.300587029498947800e+02
-2.160008493939646144e+02
-2.415913449497396357e+02
-1.649445764779581225e+02
-2.221729302121190415e+02
-2.050063861942054757e+02
-2.937657738971018375e+02
-1.031903879170093205e+03
-2.869910293526199894e+02
-3.047288053136242070e+02
-1.409896597273773011e+02
-1.441149695781650735e+02
-1.987175791244461607e+02
-2.138509395349993554e+02
-2.021109132670010808e+02
-2.002492444577537469e+02
-2.424803207539778498e+02
-3.173714135416880140e+02
-1.594440286837734675e+02
-3.223407366856641829e+02
-3.746229278445863429e+02
-2.666213314144288233e+02
-1.644507711200998301e+02
-1.480344900952433989e+02
-2.600555344175776895e+02
-2.194703225964326236e+02
-2.817468397386002721e+02
-2.770480846944136033e+02
-2.530503432167724327e+02
-1.299593509034408214e+02
-1.375312079691873635e+02
-4.259668062357420126e+02
-2.276824148431891501e+02
-1.764943939560110664e+02
-1.950108233624826539e+02
-1.643889054534578236e+02
-1.514448768133247540e+02
-3.235855830503798529e+02
-2.556001473966932735e+02
-2.691481261321618490e+02
-2.990796569407129368e+02
-1.897716908346865807e+02
-3.150031752878261955e+02
-1.770018025799419945e+02
-3.100613526717379500e+02
-3.205060019700696330e+02
-4.414231614693517827e+02
-2.164774587435677233e+02
-1.809514729822138008e+02
-4.392026977822510503e+02
-2.121110221490178844e+02
-2.119936722836904437e+02
-1.571404397605532210e+02
-2.093536261860997740e+02
-2.882209062600690572e+02
-4.313088001775871021e+02
-4.250703670598579720e+02
-1.169974575790980822e+02
-4.665001220798603754e+02
-2.390083460218810671e+02
-2.599832380031652974e+02
-2.106403833252598758e+02
-1.453394791544415625e+02
-1.984170608229739514e+02
-2.928323179435560633e+02
-2.521901835705356802e+02
-2.575467310613674954e+02
-5.012643051109257044e+02
-2.859260787912338628e+02
-3.862971410108627310e+02
-2.201269676076982478e+02
-5.243448315530336004e+02
-4.238540487560933343e+02
-4.373801005415429017e+02
-3.304942113542080051e+02
-3.499611921694657326e+02
-4.022821339633179605e+02
-5.149681058482096887e+02
-4.419031888725849626e+02
-2.525693373013331211e+02
-3.968129296303926026e+02
-2.115327720175516788e+02
-3.063080445250460571e+02
-4.089011393137104164e+02
-3.346263693326085331e+02
-3.211295885649645925e+02
-5.048919939884894461e+02
-3.409628314690249340e+02
-4.458093678248905007e+02
-3.579039022274419608e+02
-3.188894528437248255e+02
-3.175423987548015816e+02
-4.167417254907656456e+02
-2.739016405185449798e+02
-3.075264083248133602e+02
-2.880506291759508599e+02
-3.512911154956297537e+02
-3.972101843524472429e+02
-2.945651236744812422e+02
-2.075253437290116381e+02
-3.433783709233310333e+02
-2.403514075867543625e+02
-3.439497217334490529e+02
-4.527493138705497699e+02
-3.755991510670397133e+02
-3.665040535972476050e+02
-5.523605593282421751e+02
-3.260407901630282481e+02
-3.560896804146653380e+02
-1.564719755560269903e+02
-1.638335862039607775e+02
-2.010063718598243554e+02
-1.211982186803315074e+02
-1.547746615307389106e+02
-1.619465817406201325e+02
-4.080313203828334849e+02
-1.760866265726465372e+02
-3.575223702758107720e+02
-1.938621516835274576e+02
-2.063660535740735895e+02
-1.962128795691877201e+02
-1.393084302668738928e+03
-1.741600378121402741e+02
-3.183929603395848176e+02
-1.778471699757745625e+02
-3.394364093659816604e+02
-1.224286722373089162e+02
-1.934446377242698816e+02
-2.086832954134418969e+02
-1.568841157843122289e+02
-1.525965592102001267e+02
-1.952000081809795518e+02
-2.506521207391647295e+02
-2.050024533244843497e+02
-5.875359436664817849e+02
-1.435921568791139578e+02
-8.181081187443448925e+02
-1.496461829664860375e+02
-2.853243901900779633e+02
-1.897439851577235004e+02
-5.092032201067987103e+02
-3.544536707805143010e+02
-3.654806518429633115e+02
-1.931772718099795156e+02
-5.425670078628805868e+02
-5.086676734728837914e+02
-3.120134177365875416e+02
-4.625859181034769563e+02
-1.890080391783542950e+02
-1.533632669673008309e+02
-1.529467628798910255e+02
-1.980980718272769536e+02
-1.901192793020842089e+02
-3.039054680814815015e+02
-3.273806015521660129e+02
-3.138971745060065359e+02
-8.408166753093670422e+02
-1.367374475329725783e+03
-1.582077484654916191e+02
-9.352197095790297681e+02
-2.835944535669281663e+02
-2.269328430710014288e+02
-3.429934717543014244e+02
-1.710080570115543992e+02
-6.227973678086859763e+02
-3.229505246913726637e+02
-5.186130510569362286e+02
-3.896540495772008398e+03
-4.158781241697766973e+02
-3.149743557159611669e+02
-2.891582232131720502e+02
-2.642761162476626282e+02
-5.915405352466636941e+02
-2.226142635888921575e+02
-1.588923468068586828e+02
-1.690526913657593298e+02
-1.095942610862676929e+03
-1.355748179348342148e+02
-2.086813056327841878e+03
-5.358853207477753813e+02
-3.177309563775299353e+02
-1.126919515705053385e+02
-3.108694665666558876e+02
-2.113348444585629693e+02
-1.354949833318573837e+02
-2.351806135936689088e+02
-1.771720213069826571e+02
-2.675435012249336637e+02
-1.220726313943318928e+02
-2.439464520438540660e+02
-1.811240808027731077e+02
-1.449685234049661062e+02
-2.042921201865575824e+02
-3.440974491900583985e+02
-1.210315625085871574e+02
-2.268914885372427648e+02
-1.661068786762869536e+02
-1.689582285089644813e+02
-1.868160945536736222e+02
-1.791474030866618818e+02
-2.521824020966618320e+02
-3.099555205834407161e+02
-1.767476369971944621e+02
-1.913504627643546314e+02
-2.868477310912151097e+02
-1.835614193661695310e+02
-3.351327893467646390e+02
-2.932428880240787521e+02
-1.718550258900258143e+02
-1.158888624165545025e+02
-3.175817537080257580e+02
-1.621909466991010333e+02
-3.183359125099060520e+02
-1.689122409200916195e+02
-1.717102954812841062e+02
-1.677380319666111461e+02
-1.544150868011157911e+02
-3.404486467829498793e+02
-2.732841737662164405e+02
-2.797703176825683613e+02
-2.475245020591796958e+02
-1.763494127785104126e+02
-2.147073409455769593e+02
-3.963018498855695952e+02
-2.071995222724991947e+02
-2.731020880137602944e+02
-5.961957884166523627e+02
-2.112213467279962060e+02
-1.745767726951985424e+02
-4.082096144029885068e+02
-2.178492697702535850e+02
-1.612988067002897026e+02
-4.311496167846364642e+02
-2.860118542076385779e+02
-3.055436454521046130e+02
-1.622267259854070289e+02
-1.821946337256870834e+02
-2.265603996875455550e+02
-2.806898769892833343e+02
-1.572834895639682884e+02
-1.777825763827521541e+02
-2.117939758701324990e+02
-1.289295138805935608e+02
-7.812290412541175328e+02
-1.189245499323625523e+02
-1.685837883629006626e+02
-2.827324672338502864e+02
-2.865509373635382531e+02
-2.259052120912376154e+02
-1.902191546084564777e+02
-1.742433932581161002e+02
-1.490525930951384339e+02
-2.299292501201257437e+02
-3.195051301885590078e+02
-1.603841965036478143e+02
-2.152848735816526187e+02
-2.631040302524257868e+02
-3.242233186451198321e+02
-2.354139448719419363e+02
-2.280133428270654292e+02
-1.839043243081931962e+02
-2.501869010389278003e+02
-1.512525127357061763e+02
-1.649579209450316455e+02
-2.150429006812485966e+02
-3.563754809165365600e+02
-1.808654146671249237e+02
-1.419235518914817931e+02
-3.172121513675275537e+02
-2.084762066207122757e+02
-2.505552052047524114e+02
-1.634250445606885762e+02
-2.107426075847519655e+02
-1.787239881717510173e+02
-1.517577950713789789e+02
-4.045373130366828036e+02
-1.834046273930561313e+02
-1.663075493717491327e+02
-1.432111936139200168e+02
-2.524641290486005971e+02
-1.606926186215103201e+02
-1.897676052496535988e+02
-1.025072164412200948e+02
-2.053897961114756754e+02
-4.138291059209965965e+02
-1.242757711361021222e+02
-2.162101703779881348e+02
-2.115073871555046026e+02
-1.658701694794984860e+02
-1.155579187034593929e+02
-2.539624897423543359e+02
-2.408923685131858576e+02
-2.846702812057135930e+02
-1.426756157844508550e+02
-1.829299950432821902e+02
-1.689956262566545320e+02
-2.096743814798603012e+02
-1.835793522665653086e+02
-4.654107470629130034e+02
-1.507311783070016418e+02
-2.434067755174365573e+02
-2.552480912389895593e+02
-2.363266545211265566e+02
-2.864640247636296522e+02
-2.529120998003322711e+02
-3.055768276323669284e+02
-1.530085761456643070e+02
-2.379864456882752961e+02
-1.730037241058431334e+02
-1.763446354174457440e+02
-1.505796392657593401e+02
-1.932442290463851862e+02
-1.640771964022161171e+02
-1.883880854180981999e+02
-1.940578124504424125e+02
-2.907633336884198343e+02
-2.862092905022628315e+02
-4.896588412171964819e+02
-1.819924611975656319e+02
-2.639554711947716896e+02
-1.769028930491765266e+02
-2.302129370600061691e+02
-1.236823885374279683e+02
-4.189621721094690656e+02
-2.856593055893604856e+02
-2.077776511333708243e+02
-1.771410211209361307e+02
-2.889465880185797459e+02
-3.803804183682776738e+02
-3.037238650236937474e+02
-1.772193824707138106e+02
-1.719477516747901404e+02
-3.078523936385137176e+02
-2.328608374587242054e+02
-3.356859233303835595e+02
-1.996207594649665111e+02
-2.401358888085876515e+02
-1.634369252821695966e+02
-3.287346133531366945e+02
-1.848287047434535282e+02
-7.320333886495938032e+02
-5.134951129442188176e+02
-2.129853647720566130e+02
-2.768493180342147753e+02
-5.625492438374974427e+02
-4.317227928436598177e+02
-4.489861775866825155e+02
-1.816537529250385887e+02
-2.643392080918823126e+02
-1.007937701513823185e+03
-4.443653157494434822e+02
-9.475806403742622024e+02
-2.566939181492188595e+02
-2.290490265875321825e+02
-1.520291572248587215e+02
-1.872853971671424631e+02
-2.228476268222310352e+02
-1.366090695880804162e+02
-3.108275496184776898e+02
-2.289902793989868144e+02
-1.380734116799129936e+02
-2.207686159578377385e+02
-3.705353027744192218e+02
-3.876197443792715944e+02
-2.346740372591901007e+02
-1.518179627852731528e+02
-1.888913249942968378e+02
-1.958117368808183869e+02
-2.365339943302546146e+02
-2.381437516562661472e+02
-1.672729881047958997e+02
-3.060533080784946947e+02
-1.831263894972535127e+02
-2.485428401431255168e+02
-1.246251417171492477e+02
-1.478667073292697296e+02
-1.645433474016173250e+02
-1.968521093236087722e+02
-5.433847964295617885e+02
-4.102701946626819449e+02
-3.166076675275755292e+02
-1.649397018297396471e+02
-2.175104485898716575e+02
-1.707944333572001767e+02
-3.354223473924440100e+02
-1.133486272691885830e+02
-3.278279832312766189e+02
-1.922983952696958738e+02
-2.981971322819781562e+02
-3.286549348335606737e+02
-2.872285787334732277e+02
-2.691468893598877798e+02
-3.611654545711957667e+02
-4.627090326639076920e+02
-2.234273306531027856e+02
-3.197485895526053810e+02
-1.406094421221191908e+02
-1.772738015314497773e+02
-2.543672165901778044e+02
-2.480665549778465220e+02
-2.388242962288646822e+02
-1.971029728294791994e+02
-2.539627383801720555e+02
-2.356143634791672810e+02
-2.074264395440584963e+02
-2.887336350197320485e+02
-1.926857960079212546e+02
-1.879645089181718163e+02
-2.288720746874759584e+02
-3.296947881688207644e+02
-2.985537874420515436e+02
-1.728871430656204495e+02
-2.327369124249424033e+02
-5.806243100130108132e+02
-7.507343789985881131e+02
-2.443457562460671681e+02
-3.276959534392150886e+02
-7.109819389881919960e+03
-5.358006413860443899e+02
-1.923151604401761858e+02
-2.801709693118531277e+02
-1.601690597485829528e+02
-1.273323637236893262e+02
-6.071718556519725780e+02
-4.092750863389444476e+02
-2.011542023785763433e+02
-6.288108447889702575e+02
-3.910521517947670986e+02
-2.548510741600228755e+02
-2.790586333420886831e+02
-7.181358048684777486e+02
-8.470880411741633225e+02
-2.971032141354609166e+02
-2.906453201926560155e+02
-2.236842108809672709e+02
-1.549064944703564493e+02
-2.344512506038577158e+02
-3.023165480994300083e+02
-3.050452299352932641e+02
-3.823931252634165503e+02
-2.709202873005978631e+02
-3.837597163102226432e+02
-2.574148119036095750e+02
-3.609164672609647937e+02
-4.964117513272015003e+02
-4.023242967730911914e+02
-3.871705321049568624e+02
-4.974181136315390859e+02
-3.080556167397251670e+02
-1.836080607425388678e+02
-2.941748646207316256e+02
-1.472855405334258592e+02
-3.804662896727334669e+02
-3.366262518205032279e+02
-3.897300743370157647e+02
-3.970569311125341301e+02
-1.761599284986852467e+02
-2.549614788753851258e+02
-2.146418060465990152e+02
-2.018526601687240429e+02
-1.904447907509600668e+02
-2.301111648133233132e+02
-3.282609102482707613e+02
-2.416194079683746452e+02
-1.988299332530482104e+02
-2.296090055940263710e+02
-1.498895145378841107e+02
-2.602185494462804058e+02
-3.202085907660734847e+02
-3.394409029166632195e+02
-1.689030183645443230e+02
-2.548912566247725522e+02
-1.672085554435163601e+02
-1.924347949575378607e+02
-1.971569910859402910e+02
-2.667852671428040026e+02
-1.860580457879435130e+02
-2.215129215862180274e+02
-1.202468402080467740e+03
-1.953226025653844431e+02
-2.865493511709212839e+02
-2.935175088997739294e+02
-3.096117735869453895e+02
-1.761033425786944520e+02
-1.992463402019265573e+02
-4.229054857811676129e+02
-1.915887558284192096e+02
-2.442836845331077882e+02
-3.410864207027225348e+02
-9.624859338141642411e+02
-2.374155242177560012e+02
-1.918461474748588103e+02
-1.025793358546815398e+04
-4.206518571548703562e+02
-1.080956907485751799e+03
-6.494901671197013684e+02
-2.981372955942417207e+02
-2.519893223203213211e+02
-3.194669595949062000e+02
-1.673493230232924134e+02
-2.060483639868685373e+02
-2.688168646809214692e+02
-1.788753556594424481e+02
-2.104407157037161653e+02
-1.320900823777677260e+03
-1.220055987708324210e+03
-3.515327928429682629e+02
-2.954404503674833450e+03
-4.131329030631460455e+02
-2.920105426594398637e+02
-5.945097921664707883e+02
-1.659851866688727853e+02
-4.573658714783911137e+02
-1.737053673924520183e+02
-1.981110586110855536e+02
-3.080299451297161113e+02
-2.887736938505254329e+02
-1.881046196541934421e+02
-2.568820295043691999e+02
-2.934352048810314386e+02
-4.301854954220565901e+02
-2.006944141422828807e+02
-4.112211420498740040e+02
-1.148002330017618675e+02
-2.853672463415593938e+02
-1.923768061116965669e+02
-1.695668816162269081e+02
-2.771496605955650239e+02
-5.008682776097014084e+02
-3.568452201682587202e+02
-2.442803788112101131e+02
-3.748456121560034831e+02
-4.034311273120021610e+02
-2.048702763380975398e+02
-3.242002162234442721e+02
-2.752716382146882097e+02
-8.185412415030182274e+02
-4.002854958454780672e+02
-3.195296341256499772e+02
-1.657361600395291248e+02
-5.378699844431824886e+02
-3.762626484421468831e+02
-2.772874424381741960e+02
-3.532943229104628244e+02
-4.097986349490359999e+02
-1.844664890078395274e+02
-1.262334578858821743e+02
-1.683318595192091038e+02
-2.564460049058624804e+02
-2.160040322642868489e+02
-2.587042355298506209e+02
-2.073867270200361475e+02
-1.800161686042592635e+02
-1.732465854278217705e+02
-2.129350620975811523e+02
-2.264113650406578984e+02
-1.874443242946952921e+02
-2.129697142393544027e+02
-3.969576766309597815e+02
-1.854797415587059959e+02
-2.821855728346142769e+02
-1.562909625250267140e+02
-2.064533100260965170e+02
-2.151272969406144568e+02
-2.183628696127522915e+02
-1.451421840371307042e+02
-2.092435556092842432e+02
-2.201866801373057569e+02
-3.056242649248059706e+02
-1.491398983406050718e+02
-1.869732791940296011e+02
-1.937449861501791872e+02
-2.525229360955513584e+02
-3.644044005990860455e+02
-2.744621632429366969e+02
-1.350340081090241995e+02
-1.527229807717420158e+02
-1.992246546047585696e+02
-1.567248960067674091e+02
-1.648372090117376274e+02
-1.227224158125067675e+02
-1.563643559624294994e+02
-2.145357919914894467e+02
-2.187591484581932093e+02
-1.810680197360524062e+02
-7.231155729444731151e+03
-2.051069974315842614e+02
-1.562894309216646604e+02
-1.791785180175662902e+02
-2.275290186537477553e+02
-2.162064430398149568e+02
-2.607129524893192638e+02
-2.910069110180011194e+02
-1.987001075963654273e+02
-3.451286850172255072e+02
-2.117306281654130942e+02
-1.640451541954436721e+02
-4.338832136654094711e+02
-1.737484041907104881e+02
-2.659476632225729986e+02
-1.367812221515025612e+02
-3.474817011190342555e+02
-1.886378963683780228e+02
-5.807777441160583294e+02
-4.501189265809824178e+02
-4.839077775996399851e+02
-4.048272843880002370e+02
-2.892559536920102232e+02
-2.897782813495027767e+02
-9.225630124034977371e+02
-1.793867726230403832e+03
-4.290761854371019126e+02
-2.989485098995382373e+02
-6.797994407093630116e+02
-3.012218672580148109e+02
-2.103106222116625759e+02
-2.179861492636607068e+02
-2.574860144340551074e+02
-2.936153207913637289e+02
-6.818181915503693062e+02
-4.654516546055392610e+02
-2.397604921761250125e+02
-8.868904458535004096e+02
-3.643611880033355419e+02
-3.117964368856422652e+02
-5.377189291964399445e+02
-1.462288059607368780e+02
-5.771682330330258992e+02
-4.482002644889533371e+02
-1.513473476048605562e+03
-3.153204461238013323e+02
-5.052285148269105548e+02
-5.983677982983350603e+02
-4.599020499084007270e+02
-2.098738622435600121e+02
-3.083911453980982742e+02
-2.387741295870589795e+02
-1.605416937920509497e+02
-1.626788778913291935e+02
-2.372753855305352317e+02
-2.598652672259284486e+02
-1.847154924131524467e+02
-2.240384192966497778e+02
-2.877916868994174138e+02
-1.471918946416833194e+02
-2.318666365338588378e+02
-4.193374296545737252e+02
-1.717461786764238525e+02
-2.032994174458293628e+02
-1.990499796049584518e+02
-4.319470526680775606e+02
-2.880642848271762659e+02
-2.301252142978224811e+02
-2.958630763876798255e+02
-2.191005209396023190e+02
-2.320579073643852723e+02
-2.046097204085040175e+02
-1.986681781246275023e+02
-5.769439002558273160e+02
-4.186497978675974082e+03
-3.477992760439653352e+02
-1.840401075969253952e+02
-2.765503507752202950e+02
-2.050554840960571710e+02
-2.349113444411744240e+03
-4.720465149942571088e+02
-4.700724266782232235e+02
-2.066228886543296142e+02
-6.566393350447006014e+02
-2.044321784301453420e+02
-1.973869580403435009e+02
-3.311347063426605928e+02
-3.484606422373144596e+02
-4.096659001122158088e+02
-3.325800072728991381e+02
-5.000115205178775568e+02
-1.521865621754434130e+02
-2.993605234951826333e+02
-2.241954016913643102e+02
-6.367216703196750132e+02
-2.070492705596352039e+02
-2.783522237508111630e+02
-1.964457919356674722e+02
-3.474696610037935898e+02
-4.656567418558641407e+02
-5.423101901233292210e+02
-3.684245578324191115e+02
-2.492837198803646572e+02
-4.336552551424637386e+03
-5.822838468744301281e+03
-5.666380171152909497e+03
-1.390389657534205980e+04
-4.135675086486137388e+02
-2.107791729670271366e+02
-3.872123374260334003e+02
-1.236821180462548000e+03
-2.820497613009996485e+02
-4.019003093887417322e+02
-3.198779095486596589e+02
-2.767161051937335401e+02
-2.120977202078431674e+02
-1.326110588831738824e+02
-1.698977282897966177e+02
-5.030269843817724791e+02
-4.622365427292023696e+02
-2.616944020017024286e+02
-1.705896920671321766e+02
-2.415998539068422701e+02
-5.862861386076759800e+02
-3.268761667842650240e+02
-2.092148588489312431e+02
-4.764031017711836853e+02
-3.056727820414136545e+02
-2.004500188973226784e+02
-3.605960957641145797e+02
-2.276761755694459453e+02
-2.674659014189455206e+02
-2.212689095046209786e+02
-2.559892591062139218e+02
-2.379272238433211157e+02
-1.502691543016407536e+02
-9.374989131457363101e+02
-5.538863325069954726e+02
-1.250747058510113447e+03
-5.404338851939010056e+02
-2.305939244704354962e+02
-5.125707005875599407e+02
-1.212383146873130784e+02
-1.186786899335593262e+02
-1.560987506969796925e+02
-3.105316851676799956e+02
-1.524618783460443865e+02
-2.470514112107844369e+02
-2.126001309283697651e+02
-1.639140208909129512e+02
-1.659580799517704861e+02
-1.333400256337351664e+02
-2.444083743688122468e+02
-1.508148866858373083e+02
-2.662800728952856844e+02
-2.295350961621257966e+02
-1.345478982156319034e+02
-1.929207155797149369e+02
-2.806823643734521738e+02
-1.765216430206935740e+02
-2.338074710775193239e+02
-2.974278524486431934e+02
-1.546695186207471693e+02
-2.422425191538955289e+02
-1.565617856569093362e+02
-1.380822123785378039e+02
-1.753871702692724739e+02
-1.604085425590167517e+02
-1.288903840928819591e+02
-2.303066819719840908e+02
-1.232745215701067991e+02
-3.524442008933023089e+02
-1.706826665581300801e+02
-2.023950612269101725e+02
-2.013709208077360415e+02
-1.868920895259066981e+02
-3.158678170727839642e+02
-2.360988454241598902e+02
-3.277930591629591390e+02
-1.042155803736093702e+02
-1.112560668845487584e+02
-1.804167934151536485e+02
-1.439888809124162208e+02
-1.457189536315076452e+02
-1.328046606249368722e+02
-1.199711813669917433e+02
-2.370136883577640390e+02
-3.219290534445181038e+02
-2.141429149695598255e+02
-1.196364864586009560e+02
-1.246523906544446447e+02
-1.520583016058964176e+02
-1.846489701595018005e+02
-1.501921818062689624e+02
-1.998294924584945988e+02
-2.193522576344897743e+02
-2.343733562139190383e+02
-3.426301799207562908e+02
-2.046234123375156457e+02
-1.241081252519645233e+02
-1.742614715981370637e+02
-1.325886220844541583e+02
-1.306243346797787126e+02
-1.391668156098608620e+02
-2.132375951445069688e+02
-1.301335498626434344e+02
-1.541041446652863840e+02
-1.145412804396465845e+02
-1.488702762849453052e+02
-1.677728066369032263e+02
-2.724121014938834833e+02
-1.816772720811420925e+02
-1.218903098375379699e+02
-2.541470028024308192e+02
-1.398887756685432464e+02
-1.595538435497806802e+02
-2.076866589067095674e+02
-2.113515481116838828e+02
-4.076222135016438415e+02
-1.333039177872038579e+02
-1.353424969400918769e+02
-1.781419392222570082e+02
-1.347826936807433356e+02
-1.512140802806733006e+02
-1.896301850357780836e+02
-2.581189887940925018e+02
-2.576604076991163197e+02
-1.468245475144475165e+02
-2.373415296572752879e+02
-2.055446468775369624e+02
-1.819093048454582515e+02
-2.530034553382521096e+02
-1.509625260982647319e+02
-2.076051127376707086e+02
-2.515562332063117310e+02
-1.568405225256009601e+02
-1.519204883991678798e+02
-3.966528299414196113e+02
-1.565842523204045733e+02
-2.798368516042342549e+02
-1.301416123138240550e+02
-1.809887752526218208e+02
-2.285021234172973266e+02
-1.866963830327329106e+02
-1.887208670610247054e+02
-2.132362340517029509e+02
-2.604104945414655390e+02
-1.112291365833043102e+02
-1.798921340723786386e+02
-1.265593844437019015e+02
-1.924166270597692403e+02
-1.440171065741573670e+02
-3.728436247614096146e+02
-1.618347916689153578e+02
-1.501368058829345102e+02
-3.640598023779193682e+02
-1.575047274805602910e+02
-1.468116111845542378e+02
-1.908613057385614127e+02
-3.171732947277567973e+02
-1.335233007709177855e+02
-2.412567813192453343e+02
-1.724617861603520339e+02
-1.506377965209895819e+02
-1.477982197258411929e+02
-1.719707442384249134e+02
-1.489295531441187279e+02
-2.826598255883563979e+02
-1.708345303504758306e+02
-2.228164225074921774e+02
-1.671004729311584640e+02
-2.675409124869244692e+02
-1.674138280041173630e+02
-1.230445886058874692e+02
-1.259156330781607096e+02
-3.365846046528272950e+02
-2.951108160228846486e+02
-1.555899160739284355e+02
-1.908681216792953421e+02
-1.888515399655133820e+02
-9.522982143458590372e+02
-1.674842345110020574e+02
-1.661951138325882482e+02
-1.787727587838068928e+02
-1.201397023986449426e+02
-1.946777726571827429e+02
-1.076439828115256319e+02
-1.240661003210100546e+02
-3.089350639465662312e+02
-1.914774630433379912e+02
-1.798823873711389751e+02
-2.053276864330130707e+02
-1.564299898216580686e+02
-2.322673725834988829e+02
-2.271033420279611619e+02
-1.890543671563750081e+02
-2.132456599799502897e+02
-2.302367823527823418e+02
-1.437635070592783677e+02
-2.843840867135464237e+02
-1.702297365973370518e+02
-1.699751774608286041e+02
-1.590974734715815089e+02
-1.244648001959032513e+02
-1.354498116360446147e+02
-1.255785551906901389e+02
-1.556955638231206365e+02
-1.684462317392939497e+02
-1.604661071293426176e+02
-2.142989674070285560e+02
-1.378125908810191049e+02
-3.016589050659255236e+02
-1.651242437382897208e+02
-1.153233525782133313e+02
-1.317224228860517599e+02
-1.302915830981821728e+02
-2.403764535450282835e+02
-1.834366852133444183e+02
-1.616681630983367768e+02
-1.582922582723565768e+02
-2.891215283697763994e+02
-2.173851741286580932e+02
-1.691083322435032983e+02
-1.977707645413021282e+02
-2.177095747139437094e+02
-1.704601987647755266e+02
-2.780725165882306555e+02
-2.209313835862329256e+02
-1.198188364655073030e+02
-1.765755537585842205e+02
-2.048431172933133269e+02
-1.850372612273233699e+02
-2.306908949150425769e+02
-2.704601193181718486e+02
-1.993144354429034593e+02
-2.397892957855921736e+02
-4.631588751463046378e+02
-1.523389999434062645e+02
-2.941320418822554075e+02
-1.530946835237398886e+02
-1.436339831205681321e+02
-1.608327475624539602e+02
-1.206305517508283742e+02
-2.106754114957212494e+02
-2.207180828747521275e+02
-1.596910493230878387e+02
-2.827287940321339761e+02
-1.317315413016897310e+02
-1.554989175138796327e+02
-2.061428871080058229e+02
-1.152702366310075917e+02
-1.320227241441022272e+02
-1.584223088960488610e+02
-1.836030331637288384e+02
-2.320028811066914898e+02
-2.629627425465033639e+02
-2.005019210297725181e+02
-1.970759014432319987e+02
-1.431352712079280138e+02
-2.394971798087198351e+02
-1.577106749483595536e+02
-1.725023350153125534e+02
-1.893245007425558128e+02
-2.300182263274744798e+02
-2.369494392819681252e+02
-1.429162152089782296e+02
-1.447161654353234326e+02
-1.487993016859840054e+02
-3.150236069833756574e+02
-2.270209444440913558e+02
-1.694821810454077990e+02
-1.732576942059619682e+02
-1.307601912928226682e+02
-2.063443691819723824e+02
-1.772338200029335269e+02
-1.385936547426056222e+02
-3.089287659979916043e+02
-1.913963428302687646e+02
-2.127833565682197730e+02
-1.736797241431686132e+02
-1.104365440515205705e+02
-2.276517325478592113e+02
-1.520758391937276315e+02
-1.610155384338788167e+02
-2.394939811364553179e+02
-1.996728040243675082e+02
-1.873248687766408693e+02
-1.413467206181803704e+02
-1.551530382907567116e+02
-1.243864527534080651e+02
-1.650217178109665213e+02
-1.200873732627916581e+02
-1.479525458530147262e+02
-1.867599946928812642e+02
-1.890695462693333582e+02
-1.470774194382793496e+02
-1.156757017391157660e+02
-1.876917636930618016e+02
-1.393408134122028912e+02
-2.224351104290497005e+02
-1.560962646169435004e+02
-1.299805519278645818e+02
-2.670936280529506917e+02
-1.396692065380850067e+02
-1.772915504041444592e+02
-1.657748592996941568e+02
-1.772533122970390593e+02
-2.294741693351994911e+02
-2.942579853200903131e+02
-1.598748585006549661e+02
-2.397541404902684121e+02
-2.458505705429401473e+02
-1.322922911269484700e+02
-2.127345126051357056e+02
-2.426634603265434862e+02
-2.298264930484437798e+02
-1.980835926198740822e+02
-1.885349942415275279e+02
-1.309614059535253716e+02
-2.430559523971997464e+02
-1.757267579999573286e+02
-1.292345024001228921e+02
-2.211987148277771666e+02
-3.263907613287919389e+02
-2.253328317913070862e+02
-1.415080630448921397e+02
-1.894356282169850942e+02
-2.200556087471642854e+02
-1.466519594550215970e+02
-2.634004944248060838e+02
-1.433165541295778382e+02
-1.830495692439044717e+02
-2.107527893427197228e+02
-2.355259065704190959e+02
-1.982044090958953007e+02
-1.311761420773729867e+02
-2.086145132781307439e+02
-1.395061033656274958e+02
-1.432415190264306943e+02
-1.893286284911816324e+02
-1.730324474247186970e+02
-1.573196246033222110e+02
-1.579922670665739304e+02
-1.887626837437427127e+02
-2.001776398573010454e+02
-2.971973857786090321e+02
-3.996481990769227082e+02
-1.434949931306603332e+02
-1.931491627922253826e+02
-1.707522276478595131e+02
-1.577895136144527726e+02
-2.337546496672817966e+02
-1.905699494851167799e+02
-2.698679596865749772e+02
-1.522130621459911310e+02
-2.758991977232230397e+02
-2.259963828949873346e+02
-1.190002681154565920e+02
-2.319802207704341015e+02
-3.029018375172114474e+02
-2.162285259847356826e+02
-2.806963113824240281e+02
-2.144723753772327939e+02
-1.471306218833678088e+02
-1.993017718826011730e+02
-1.437209835586001248e+02
-2.954635982162230903e+02
-2.079814227340385457e+02
-1.553688582652234516e+02
-1.692099290382629988e+02
-1.160523269576472529e+02
-1.343461733785145213e+02
-1.160329062389379686e+02
-2.905671786190602006e+02
-4.014862667836396781e+02
-2.068267710113792646e+02
-1.426366502782072416e+02
-2.334125794594372678e+02
-1.779161969384669248e+02
-1.127853299812195758e+02
-1.432673085994960047e+02
-2.579806586645933635e+02
-1.232257945836613260e+02
-1.930457505786234833e+02
-1.870366247432883711e+02
-1.325154387227160555e+02
-1.421126351599241673e+02
-3.345838259864342490e+02
-1.315991479908419137e+02
-2.648468765261632143e+02
-1.265660869630803518e+02
-2.368283887489238566e+02
-3.143697517642086723e+02
-2.616133622478925531e+02
-2.439223016483300057e+02
-1.458429546110453146e+02
-1.526654875547270080e+02
-1.901384681040550504e+02
-1.541234801859156960e+02
-1.854985238288101641e+02
-2.184490239037126003e+02
-2.255540945161183402e+02
-2.124540348808981776e+02
-2.324354414189795932e+02
-2.693932490662153896e+02
-2.101722338793933602e+02
-1.167643311539084010e+02
-1.313960604707877451e+02
-1.261159159787685127e+02
-2.597612020119814247e+02
-1.488890308944726542e+02
-1.619074002981899127e+02
-1.568063512329453602e+02
-2.696141722600509070e+02
-2.288922808102488773e+02
-2.041660729323911596e+02
-2.158596653961519678e+02
-1.414198976978894109e+02
-2.800458852588450327e+02
-2.701990642127108799e+02
-1.157698851492553445e+02
-1.969089562283430723e+02
-1.831838172659725501e+02
-2.353661307174237152e+02
-1.677388386370163573e+02
-1.741175190100102554e+02
-1.992563194404580713e+02
-1.595880852356770276e+02
-1.417767051149371866e+02
-1.264729957134383653e+02
-2.052824274154952775e+02
-1.560219181784336797e+02
-2.226902727480315036e+02
-2.923131187683708845e+02
-1.913056707140754042e+02
-1.470275622289982493e+02
-2.380220086046035419e+02
-2.034561569956463813e+02
-1.876262273170815433e+02
-1.986457365300960589e+02
-1.444472573930421788e+02
-1.175522332139171482e+02
-2.332278576295836103e+02
-1.508136890473408300e+02
-1.894322077446293804e+02
-3.441301492478719410e+02
-2.443243295011182283e+02
-2.352146387131420795e+02
-1.468514192537889471e+02
-1.781966817440476234e+02
-2.750261138999264858e+02
-2.244330237477064713e+02
-1.261573899908922129e+02
-1.186024411411827941e+02
-2.009935897927219060e+02
-1.183013516613891767e+02
-2.011480952216593323e+02
-1.583930510829606817e+02
-1.552056551746851483e+02
-1.800069038336557412e+02
-2.522741994297032022e+02
-2.078366122771800519e+02
-1.935866640378303885e+02
-1.816640189282143183e+02
-2.060508470361225477e+02
-1.536334749598713074e+02
-2.279567481723195499e+02
-2.671248341512136903e+02
-1.324187791249455870e+02
-1.913396983264726714e+02
-1.430577528021935336e+02
-1.785008845534512432e+02
-1.718622024887233124e+02
-1.797654999230737474e+02
-1.661113315363153617e+02
-3.036840078293423062e+02
-1.309884537109715268e+02
-2.265756717025864475e+02
-2.536494317886662770e+02
-1.508424150309222966e+02
-4.433828869606520016e+02
-2.683106782919718967e+02
-1.684852635361840782e+02
-1.446143866072179947e+02
-1.404676701932741025e+02
-1.488516812382039234e+02
-2.279314592876214647e+02
-1.858652861877392866e+02
-1.362531151016989099e+02
-1.991323542879641764e+02
-1.416837918919270010e+02
-1.481978379265187300e+02
-1.204098369050365562e+02
-3.012353055626654736e+02
-1.894554655685062698e+02
-1.412511858223119816e+02
-1.632536849875548342e+02
-2.036675086804094690e+02
-3.268318551210554119e+02
-1.933560152426705088e+02
-1.743518916539220527e+02
-1.679850755094675492e+02
-1.960717113145732640e+02
-3.850709824791298956e+02
-1.819627215329494732e+02
-2.695547973842108149e+02
-1.988967203900372738e+02
-2.703908072848241204e+02
-1.746877128558810455e+02
-2.367120918519912891e+02
-1.808531153309388912e+02
-1.772243257111315131e+02
-1.867205685342709103e+02
-1.510933600794243148e+02
-2.814368117518091594e+02
-2.162052828395801782e+02
-1.582841356747652242e+02
-1.243307646411766854e+02
-1.246943055336564612e+02
-2.440031973042731579e+02
-1.108292342694953589e+02
-2.299579360288306304e+02
-1.413385163782315317e+02
-3.542127496550020851e+02
-2.969124821759750148e+02
-1.648544683019560182e+02
-1.787314845921370932e+02
-1.423564095825296647e+02
-2.026114850914757426e+02
-1.559897238952530074e+02
-1.868075417378022109e+02
-1.771922240143001659e+02
-1.925043968519270265e+02
-1.831637299810049058e+02
-1.240957027319659574e+02
-1.795348678952673254e+02
-1.976158354180450658e+02
-1.834433979813277631e+02
-1.605268758176391657e+02
-2.045879001419014287e+02
-1.806167983049004420e+02
-3.053607837354912249e+02
-1.344326147388620143e+02
-2.152671543380246533e+02
-1.887878872915738100e+02
-2.302525133094324019e+02
-1.591123454558892831e+02
-2.652882123703928983e+02
-1.297083465915756335e+02
-2.275892402815351261e+02
-1.205384579512932959e+02
-1.605578248392923228e+02
-2.218809401123285454e+02
-2.669750347763708191e+02
-2.401779184632499664e+02
-1.417542402508156840e+02
-2.922661157144572144e+02
-1.640120898825241227e+02
-3.130988672444089502e+02
-2.419990635433829027e+02
-1.469267348572603566e+02
-1.388219086776977633e+02
-1.903784528932883688e+02
-1.644357956751937309e+02
-2.610674836806296071e+02
-1.952999974128996712e+02
-1.337502048898322755e+02
-2.200426418995934625e+02
-1.231889066546336124e+02
-1.595654577160530607e+02
-1.775962623065327648e+02
-1.348850403602602626e+02
-1.888166483558306368e+02
-2.756468302752570025e+02
-2.445870690008245276e+02
-2.576857664340001293e+02
-2.281468187121630820e+02
-2.062777557645150637e+02
-1.990888246364160068e+02
-3.433203133723407063e+02
-2.546519131988987681e+02
-1.764319359852966613e+02
-1.999048176507443770e+02
-1.932283402609452310e+02
-1.078338543660761530e+02
-1.943336196850215742e+02
-2.839444787615328210e+02
-2.610447732028051746e+02
-1.792423078533579144e+02
-1.175066483695414945e+02
-1.718045503719643818e+02
-1.504837283564145309e+02
-2.194741078374057395e+02
-1.904457217485679053e+02
-1.334523555024924235e+02
-1.603909672307712526e+02
-1.520409356796153304e+02
-3.653193949663243529e+02
-2.823153278086599016e+02
-1.649395994913554944e+02
-1.432340469817196436e+02
-4.143034349932096347e+02
-1.901451941158204875e+02
-2.458627979203942289e+02
-1.409283793141079002e+02
-1.984275526472094953e+02
-1.568598635884762871e+02
-1.707795956916494617e+02
-2.678949670058070751e+02
-1.710944718881074778e+02
-1.589663874988128214e+02
-2.189923099131081585e+02
-1.796390718530216759e+02
-2.119208041691428264e+02
-4.378203741102964273e+02
-2.369247043944316999e+02
-1.564445588964586022e+02
-1.562042731133243194e+02
-2.555503488082425747e+02
-1.149172431871024429e+02
-2.164640212237062826e+02
-3.463860986967348481e+02
-1.570715966785760997e+02
-1.857186502459304904e+02
-1.426588144991722231e+02
-1.751705964513561185e+02
-1.321283444573996348e+02
-1.699992769322318509e+02
-2.295945438186249419e+02
-1.798575104178363233e+02
-2.063543716894410522e+02
-2.419660325764599236e+02
-1.567903651291272240e+02
-1.455576979408488967e+02
-2.179867632707457972e+02
-1.570104215623964024e+02
-2.130851886490030154e+02
-1.713086856863999117e+02
-1.567599716493584481e+02
-1.164642218148572823e+02
-2.614032152738780610e+02
-1.815128863294571033e+02
-1.256463171402538848e+02
-1.071940378445103761e+02
-1.489565079511972669e+02
-1.845550050571762881e+02
-1.887801092291934140e+02
-2.018684791175552675e+02
-4.018768628420060622e+02
-1.224862648195318542e+02
-1.443427555354054732e+02
-3.207616652296215989e+02
-1.306924455616921819e+02
-1.377472412411897267e+02
-1.880779922537126652e+02
-1.959964615851275482e+02
-3.243275835258010602e+02
-2.184145627329421586e+02
-1.573496451717550144e+02
-1.788421318732361271e+02
-2.185340235261085695e+02
-2.818921143749305998e+02
-2.105941748969024729e+02
-3.896666056327487127e+02
-2.361898301147271297e+02
-1.228923148493021671e+02
-2.617741111990973764e+02
-2.030792246379740789e+02
-2.292470871114450119e+02
-1.605834629669618039e+02
-2.901849786730821279e+02
-1.751406871751943868e+02
-1.882746596724536801e+02
-1.582888935514241382e+02
-2.632444525557033330e+02
-1.522426435162776102e+02
-3.275805118226690524e+02
-1.320736708250944957e+02
-1.251780625015638861e+02
-2.258458424930546755e+02
-2.736513087578284740e+02
-1.256839157063479604e+02
-4.031657777599949668e+02
-1.206356818461576381e+02
-2.511229007756889757e+02
-1.648133592753956691e+02
-1.250480676557985475e+02
-2.290275652563237259e+02
-1.519177733247627486e+02
-1.911710459322797817e+02
-1.793877564250333023e+02
-1.656995889247920957e+02
-1.434915769072441947e+02
-1.836721105831656189e+02
-1.809739514650633225e+02
-2.599412631776217495e+02
-1.435030151875693889e+02
-1.693698517217170831e+02
-2.463815377028473392e+02
-1.540727366228286144e+02
-1.229320477600582393e+02
-1.488337109620793228e+02
-1.711924392495246252e+02
-2.043813198302082981e+02
-3.021055057008999825e+02
-1.498611017825217857e+02
-1.508634891169934633e+02
-2.399159994389889050e+02
-1.971643543253107111e+02
-3.272598810933994287e+02
-1.461794648786081439e+02
-1.922119834650095811e+02
-2.293926127610822618e+02
-2.412204263011160492e+02
-2.732452208227316532e+02
-1.604125068138942254e+02
-2.220990416145928634e+02
-1.971980735466666488e+02
-2.982103265698667656e+02
-1.495272169569113601e+02
-1.894924590215840396e+02
-1.476497906000823264e+02
-2.813512643289984680e+02
-1.883635039749636917e+02
-1.489747464045158551e+02
-2.614045438016253797e+02
-1.831410646472921826e+02
-1.463644952385647855e+02
-1.424652654720387943e+02
-1.470171115985563404e+02
-1.692247239300113790e+02
-1.607701579035733346e+02
-1.471647484819692409e+02
-1.806363385424404271e+02
-2.379898319888970661e+02
-1.650088443454531273e+02
-2.065576199303214935e+02
-2.743191570597153941e+02
-1.400343872887915495e+02
-1.907332470099543968e+02
-1.721290884134277519e+02
-1.867554255501858620e+02
-1.073530954192800806e+02
-1.871567595148598571e+02
-1.717840308661496920e+02
-1.364027566189354843e+02
-1.718947817466561219e+02
-1.582958097582078381e+02
-2.595968782909981201e+02
-4.120294012861111810e+02
-1.601115709697559453e+02
-1.946211362873912947e+02
-2.247977442841635707e+02
-2.111006170358912755e+02
-3.342910354763176883e+02
-1.916088725583736050e+02
-1.606464985068807323e+02
-1.583014111952196004e+02
-1.262435314942834168e+02
-1.632522114843789325e+02
-2.232473121514011041e+02
-1.848476206624533518e+02
-2.555019469880181475e+02
-2.404963646233439931e+02
-1.666332680974009008e+02
-1.544623244647707452e+02
-2.429434273102853012e+02
-3.034740888809906210e+02
-1.810658216684670663e+02
-1.243755357179879155e+02
-2.042528059398689493e+02
-1.275124483231536203e+02
-2.659157651565434435e+02
-1.601087078496190657e+02
-1.382644791505572925e+02
-2.605899812568571292e+02
-2.282362389403129441e+02
-1.477434883727096633e+02
-1.262698255300530548e+02
-2.760368419769250750e+02
-1.636809372878169597e+02
-1.629021165765776118e+02
-2.796922230663022901e+02
-1.575566148841443237e+02
-4.272897677115777242e+02
-1.464574958106209976e+02
-1.191473528063494882e+02
-2.493039282032888480e+02
-2.175877677698326806e+02
-1.144843516022309728e+02
-3.196855767103004382e+02
-3.417783796684058757e+02
-1.550382670868185926e+02
-1.121275655574872587e+02
-3.049609394333473915e+02
-1.899675540633580511e+02
-3.107718328318229624e+02
-1.379377948209967144e+02
-1.720017652478044567e+02
-1.718964723513020090e+02
-2.092774848592808894e+02
-1.999633354906558793e+02
-1.597655675127015513e+02
-1.628608559863739060e+02
-1.232274236127459943e+02
-1.828085234313446676e+02
-2.294295371062148092e+02
-1.366610514725201995e+02
-1.291924079038844582e+02
-1.328496625149262798e+02
-2.458883925973419196e+02
-2.183982990192871227e+02
-1.428507303958012926e+02
-1.490086236803240070e+02
-3.031751152545906507e+02
-1.745219956297829640e+02
-2.426182412841073130e+02
-2.014013048902733942e+02
-1.215673161442688155e+02
-1.453591726611743695e+02
-1.124314745543076697e+02
-1.870467250793599305e+02
-1.663712589042345371e+02
-1.925289353502604968e+02
-2.505663000031885588e+02
-1.142949701722951090e+02
-1.294697782032159239e+02
-1.924874915082966993e+02
-2.166458422779433022e+02
-1.845346457782030427e+02
-1.697173700517378450e+02
-2.294781055406872667e+02
-1.870449505043007719e+02
-1.570281149054723926e+02
-1.749693520255628982e+02
-1.702418860260166298e+02
-1.567432019949017103e+02
-2.494717699823590351e+02
-1.847236319817814945e+02
-1.274547861175280588e+02
-1.456683098986889320e+02
-1.502772716531696915e+02
-1.917562132707674323e+02
-2.859953496907190811e+02
-2.440714569574194002e+02
-1.585654456401649099e+02
-1.128241372715135498e+02
-1.698989600110024298e+02
-1.970914171590569595e+02
-2.305719455918785741e+02
-3.402674682994319255e+02
-1.525043682055836030e+02
-1.228358274697323083e+02
-1.994724138371092010e+02
-1.478446710267992330e+02
-3.218112255682962086e+02
-2.839867678274518994e+02
-2.349936812795819776e+02
-1.286311014949518778e+02
-2.481857995351049340e+02
-1.244037065949546417e+02
-2.545621942142081195e+02
-2.021510976798517731e+02
-1.367869367945249905e+02
-1.424186131067347674e+02
-1.701277915990187921e+02
-4.184686126319446089e+02
-1.829037461312257449e+02
-4.137318985775355600e+02
-2.127260401774036040e+02
-1.661818039554283644e+02
-1.804880862931926231e+02
-2.001569185344877724e+02
-2.458788827895846794e+02
-2.358404599039714640e+02
-2.034026746606873246e+02
-2.163257897151125633e+02
-1.262058727817786234e+02
-1.767542721773251060e+02
-2.910166156391619552e+02
-3.068696387685434956e+02
-2.125309964797789917e+02
-3.624489255683341185e+02
-1.549147876678770217e+02
-1.370592495484787037e+02
-2.442507858262501657e+02
-1.762794573438301313e+02
-1.232895853520262222e+02
-1.702374412545618156e+02
-1.633245821000549824e+02
-2.203730325705976441e+02
-4.710478479193660633e+02
-1.644838731391083684e+02
-1.278127530630465856e+02
-1.591971501701783041e+02
-2.299895493382598488e+02
-1.642737231995015179e+02
-1.502668819082741436e+02
-1.277257586819337405e+02
-2.755166787273467435e+02
-1.305778697360287026e+02
-2.348276998077325288e+02
-2.388766520091947996e+02
-3.626475688190789128e+02
-1.770168582066022793e+02
-2.131474271240738290e+02
-1.786343177327300396e+02
-1.656634257909327061e+02
-1.524688817818372968e+02
-3.130280315181056494e+02
-1.410663103440859913e+02
-1.178627407537830578e+02
-2.207803783846473209e+02
-2.531925882146769311e+02
-1.291412741362438794e+02
-1.520737561263896964e+02
-1.777234732905205306e+02
-1.939701587605447628e+02
-1.693042811456361960e+02
-1.822732288221961028e+02
-1.915276546826599997e+02
-1.703970445243333813e+02
-2.716335381989043753e+02
-2.550018115626160977e+02
-1.906741476788737089e+02
-3.016588066260000573e+02
-2.662508817566496191e+02
-1.688558957429327734e+02
-3.142528564502345034e+02
-2.534951612978077833e+02
-2.959487169199032905e+02
-1.601797846300126480e+02
-1.593204733984734958e+02
-1.323895408413530674e+02
-1.687593764193200343e+02
-1.599603537294885314e+02
-1.966035387009911517e+02
-2.132183038772808175e+02
-2.080152095532857004e+02
-3.002613993728909350e+02
-1.384186298303845604e+02
-1.636930391302236671e+02
-1.521799192278727730e+02
-1.793120350467041249e+02
-2.165777165070926173e+02
-3.733185909860067113e+02
-1.543688548685396427e+02
-1.393679144431617658e+02
-3.477873415609482208e+02
-2.027560595716109901e+02
-1.447485170369679395e+02
-1.786856281671785780e+02
-1.210881722896911867e+02
-2.162992957814262240e+02
-3.460665914599759958e+02
-2.080633543723643299e+02
-2.135479744705748431e+02
-2.890023985937200450e+02
-1.185719886614459568e+02
-1.254105334632750157e+02
-2.168361442701555291e+02
-2.106596794918463615e+02
-1.540099206969919408e+02
-2.264364401612634481e+02
-1.873126927270429860e+02
-1.856621063432723133e+02
-2.160421343216414414e+02
-2.921054131868189074e+02
-3.801816667312527898e+02
-1.692233983187201147e+02
-2.775531919614825256e+02
-1.954541826154797377e+02
-2.223202873392633592e+02
-1.380908237571227914e+02
-2.317570361950126596e+02
-1.166007457097438618e+02
-2.339984944256899553e+02
-2.745290820535685157e+02
-1.304630299762262098e+02
-1.453039521002255583e+02
-2.400315708275398947e+02
-1.523753719158652302e+02
-3.377202043883006581e+02
-1.693659332867396472e+02
-1.694922631816884859e+02
-1.695827381570256023e+02
-1.646864041905475062e+02
-1.726785449685391995e+02
-1.548441277974097829e+02
-3.141027804437911755e+02
-1.415240501552158037e+02
-1.541085289657729902e+02
-1.845324308152469825e+02
-2.106105688796200184e+02
-1.291761867734600457e+02
-1.420309888459925389e+02
-1.469191592861671438e+02
-1.643939105918900623e+02
-2.046645905003136079e+02
-3.023979268698738565e+02
-1.965964732721919006e+02
-1.515274620751263228e+02
-2.667749085597178009e+02
-3.582267737720086416e+02
-1.555860437100939748e+02
-1.832116131148498539e+02
-2.486708132781863867e+02
-1.678475141514126108e+02
-1.303319274583303695e+02
-1.886256137918635432e+02
-1.131385505208756683e+02
-2.730071912170220116e+02
-1.875507018873726395e+02
-1.753700684103239382e+02
-2.274894103194271224e+02
-2.012446852705074036e+02
-1.997531363654931340e+02
-1.778876667562827549e+02
-2.203160662823530060e+02
-1.497275238280030294e+02
-2.975274049005260508e+02
-1.762491446747695534e+02
-3.155802445234421043e+02
-1.408806427085605435e+02
-3.922564260387562740e+02
-1.107754108669102067e+02
-3.676780175100360566e+02
-1.677068951762646520e+02
-2.361286310074968640e+02
-1.558114536027831036e+02
-1.458180553798046901e+02
-4.184074021405953658e+02
-2.857044346239244987e+02
-3.123185507815996971e+02
-1.857072748017138508e+02
-1.608423514447574973e+02
-2.467246030122020386e+02
-1.429254419438326238e+02
-1.872130431920834042e+02
-2.185475354997591921e+02
-1.895046413817150324e+02
-3.318820786962295415e+02
-1.604125453979788745e+02
-2.381659079013837186e+02
-2.239640068647925375e+02
-1.475889755111741692e+02
-1.910131515185350111e+02
-1.927815564782782189e+02
-1.449885514259359525e+02
-1.903066510092982924e+02
-1.386404995171060364e+02
-1.270914350055199691e+02
-1.869992198944634367e+02
-1.424825732138163517e+02
-3.241684569835035177e+02
-1.468913992312081120e+02
-1.427107988379550818e+02
-3.808564867474274251e+02
-1.602432966931320948e+02
-1.762380820216299639e+02
-1.901226531518330773e+02
-1.564008870244758214e+02
-1.524452505125135531e+02
-2.255090165073608830e+02
-2.433928201206394988e+02
-1.769338179925804582e+02
-1.729086302306755272e+02
-1.200136805725417162e+02
-2.320938793895042807e+02
-1.551879924701120501e+02
-2.302802112499549878e+02
-1.929010407771211248e+02
-1.691168317133833341e+02
-1.443636464434134723e+02
-2.174303994032517267e+02
-1.208100352333024290e+02
-1.434585623087655222e+02
-3.043189705629790183e+02
-1.399080544053386745e+02
-2.043696092991424393e+02
-2.374866486913171286e+02
-2.062476763634152803e+02
-1.187127855630735098e+02
-1.515945731428026022e+02
-1.225689518695482860e+02
-1.564372139343156221e+02
-1.911328553618344870e+02
-1.318643385172935893e+02
-1.887050177713553580e+02
-2.457906316387418144e+02
-2.330275795255207356e+02
-1.536576550396860910e+02
-1.134968148462120894e+02
-1.535403819002846433e+02
-2.581200094199448927e+02
-2.033498453456886352e+02
-2.341280053488538613e+02
-1.504721429359439071e+02
-1.696936818924806687e+02
-1.339861771953185041e+02
-1.637846509002616244e+02
-3.125511579523952719e+02
-1.393091005713538664e+02
-1.496585309565161026e+02
-1.538035242616552978e+02
-2.998328419199067980e+02
-1.670110994823270403e+02
-2.461519964765726627e+02
-2.179134212929914725e+02
-1.437692763327858927e+02
-1.131492168050192220e+02
-1.165919924709899220e+02
-1.878369098304690112e+02
-2.165977539503168714e+02
-1.817283439908772209e+02
-3.109907590874460084e+02
-2.138204830031206427e+02
-1.598963713278205603e+02
-2.431337722078053787e+02
-1.960392906244770188e+02
-1.314596702569832587e+02
-2.124807195127521027e+02
-1.720378882632392106e+02
-3.353013048834168330e+02
-2.584396764151308616e+02
-1.525740651319296433e+02
-2.222934034330760653e+02
-1.512812096492584146e+02
-2.329055783430773658e+02
-1.412298542863496209e+02
-1.100127412589798013e+02
-1.583543141445298943e+02
-1.530100305188991570e+02
-1.145671065765721721e+02
-2.467896275928909233e+02
-1.633036178400733149e+02
-1.916849981294025156e+02
-1.222055286859946932e+02
-2.651211054961261198e+02
-1.846396365008144471e+02
-1.140576615560707410e+02
-1.536010750389184523e+02
-2.831320805788051302e+02
-2.374286740883052005e+02
