1.318865239908295850e+00
4.059888354196908855e-01
3.981142486537413427e-01
8.518748674347557115e-01
1.168674241686280313e+00
5.486153742960755419e-01
4.035057103316119775e-01
3.752594412306895499e-01
5.843825703522798065e-01
9.577505117957368919e-01
5.279895453284213502e-01
4.142205136178739866e-01
3.512203636030072906e-01
5.106049814314856938e-01
3.683472083368956040e-01
3.759179975688279329e-01
4.477920675254781768e-01
4.787053240155271783e-01
4.483948134191305668e-01
3.994137638238692833e-01
1.340320176446184952e+00
9.532477420983417327e-01
1.489833156606969800e+00
6.083902024030497513e-01
9.133784521943628665e-01
4.497095934672952766e-01
6.975277770189652893e-01
4.984802421727327904e-01
5.300446564777618885e-01
4.411927899689928045e-01
4.839178303804862469e-01
4.806219282139945204e-01
5.936778654216900986e-01
5.475237684807493510e-01
1.420246543434126707e+00
4.803260753189112497e-01
5.014157735242815717e-01
4.123321006248570897e-01
5.675571905242963178e-01
1.117823946620777331e+00
6.989791063603996157e-01
3.878323359377571777e-01
3.746348220044855570e-01
4.679951859854897811e-01
4.849590005711827412e-01
6.604965938187428165e-01
5.235035219938748430e-01
4.084762113229249980e-01
4.577763233302400980e-01
2.036503829293003331e+00
4.007763290547317059e-01
9.680367002045892066e-01
5.469154888603308118e-01
3.681805101805721847e-01
5.760723991703369240e-01
4.469031551520072365e-01
8.499932606965623361e-01
3.865593593564054520e-01
1.228464613239504288e+00
4.911175212025118975e-01
4.872964512853035779e-01
4.430565878257221035e-01
8.652073397471218286e-01
1.042749990237858526e+00
6.575338677054370917e-01
3.512658161575927807e-01
7.919607473085301663e-01
4.389158149555825172e-01
3.365766439571978297e-01
5.564400987853743707e-01
8.961765230547081851e-01
5.183704052954356545e-01
6.716639622753847183e-01
4.535595346013918117e-01
1.199797600172688883e+00
6.043321930072415027e-01
9.295801148147334603e-01
4.898046593413901695e-01
1.177087675657207066e+00
6.825297319304590715e-01
1.476363703780961822e+00
4.369528364591798719e-01
1.077061166605252751e+00
2.318617870414299897e+00
5.676408310059715134e-01
8.544333522085622024e-01
5.870901033078557152e-01
8.782491773193504825e-01
6.044135008608045867e-01
1.740979351807423470e+00
6.993162676583718484e-01
6.073465406773310704e-01
9.883319780554346012e-01
1.526099389366302406e+00
6.104378625608266606e-01
6.714358049725019928e-01
2.260268330288467187e+00
3.102425017031040233e-01
4.342466199632643575e-01
4.106580304120090452e-01
3.722262624197922309e-01
3.893239942048805080e-01
1.035712915122959155e+00
6.026318931304275317e-01
4.242720953097730563e-01
4.681673989482237341e-01
1.668313673779503736e-01
4.700278229971416866e-01
1.475545545555109195e+00
5.055531725866097004e-01
4.430532140179106459e-01
7.627253440147644392e-01
1.128934332620869618e+00
6.172560970830447413e-01
8.176205762395964971e-01
7.240189675192387764e-01
1.263191336425700584e+00
5.491586856687165064e-01
5.553776820007564341e-01
4.337869490722986443e-01
6.083088945494866673e-01
7.688044749795734933e-01
1.118382080050982497e+00
1.592883378393922023e+00
6.496713697301177426e-01
5.307032128159003825e-01
1.051272085731015382e+00
6.736649948032144009e-01
1.145073206637175822e+00
7.964146438819361684e-01
1.005938476282954852e+00
1.186936148543935809e+00
7.025176253375124968e-01
5.915962681519785216e-01
1.092360068781389026e+00
3.898799960955341981e-01
7.561861277179203755e-01
7.973725880320267079e-01
6.773858429010503057e-01
8.843203277583773225e-01
9.269078354307523915e-01
7.942188083561310119e-01
4.971200095699825350e-01
4.483111729374553156e-01
5.210997865723159261e-01
5.790688259994963838e-01
6.181566587948295055e-01
6.220042673008138179e-01
5.817866918337255555e-01
1.115376075104293596e+00
1.556122791984369869e+00
8.132696541772089782e-01
6.118609034923999657e-01
5.986005812303053508e-01
4.273343870694703561e-01
7.982144238641856182e-01
6.813151737016668319e-01
9.708497666991505737e-01
5.838647813999630065e-01
6.502983215844339027e-01
8.518294148801701660e-01
5.409178246559945835e-01
4.327912314361878621e-01
1.383301643650066692e+00
1.029755637578162242e+00
1.278751782345709964e+00
5.423069284756332209e-01
8.672578495448838298e-01
1.712145219400122098e+00
1.150572129750667472e+00
1.203210977383029734e+00
8.003623058413349423e-01
2.430609559702515465e+00
9.416095392422502153e-01
5.742458978233824229e-01
4.273343870694703561e-01
2.894013013707125825e+00
4.388345071020194887e-01
6.364260706141482427e-01
1.145788345965832677e+00
1.028205836238440529e+00
5.496091737451435089e-01
4.306221028651165961e-01
3.658299074958281660e-01
1.068556005512988571e+00
1.029997642951808290e+00
4.964136680491462172e-01
6.464799849341595905e-01
5.156429422055984757e-01
7.367441200435319582e-01
8.561288279222417641e-01
1.061870761778990646e+00
9.256562643502321830e-01
4.514887096626501450e-01
1.023778646619768695e+00
1.139894912664112470e+00
6.758394153691401618e-01
5.151425918525209813e-01
4.333322101807164928e-01
5.321135632294605733e-01
4.902319826368523592e-01
6.922622512103044912e-01
5.037192871264678518e-01
1.076520270685725533e+00
1.020612764498332936e+00
7.299925846698210874e-01
3.737992285404785342e-01
5.544804363629328714e-01
5.170055074364610093e-01
1.338127883094148984e+00
5.736027988182401671e-01
4.980775392790036116e-01
4.380152532437979196e-01
1.258064213686089561e+00
5.488197745496591340e-01
2.905449737842486502e-01
5.496450290441210473e-01
1.234836856100064217e+00
5.066918569275122852e-01
8.505393266619782899e-01
4.235946250058251206e-01
1.763899468585845787e+00
3.629740044518534048e-01
6.756406638176297719e-01
8.735335333287537196e-01
5.501524851177844733e-01
6.510023304771580532e-01
5.455390755587050666e-01
2.727769038787269285e+00
1.408621386168831258e+00
2.609730517434359687e+00
5.333967387938030047e-01
5.585425282079383713e-01
5.974872412645787501e-01
7.459938036514468518e-01
6.456152785213524758e-01
1.573406668214477167e+00
1.098428566576336252e+00
7.971638922272820116e-01
1.364112141210044093e+00
1.221058772342810350e+00
1.814104531280469335e+00
7.520444778404368202e-01
1.115480711911176481e+00
6.038027297053637499e-01
2.307357893873777765e+00
1.657445176335417880e+00
1.956022132803543423e+00
6.665920643893376019e-01
6.351112905659835883e-01
1.237248158886237404e+00
1.271295581906293881e+00
1.278273280313936500e+00
1.187706581305205900e+00
1.932386300599326701e+00
1.442111785256773082e+00
1.523212649320334622e+00
1.160593504845662371e+00
1.698731356981488583e+00
5.766535751352865891e-01
8.021838607789349984e-01
6.572421589620500715e-01
1.085868637667242620e+00
6.994538003974901663e-01
9.863746151885540714e-01
8.650167298304513031e-01
5.994568479402548888e-01
7.305855994122028019e-01
1.149871769945715938e+00
1.197707259540754965e+00
5.233428244737917678e-01
1.609291853516693349e+00
1.072434050359708513e+00
6.728796780569273883e-01
3.940944074602643066e-01
5.817866918337255555e-01
6.601138791430734010e-01
3.585491474612936269e-01
3.857109925493837910e-01
4.195608215706807531e-01
4.890987322616231481e-01
5.386673882313605111e-01
3.148865324862875625e-01
4.719385066634643744e-01
5.880487633562326844e-01
6.202872794228436737e-01
4.216528931033441951e-01
6.603880912034227890e-01
4.424551333804828124e-01
4.408813552707632200e-01
1.214261300924716513e+00
8.560114606512871926e-01
1.083243656006280142e+00
4.366526880129353860e-01
5.767232336505357937e-01
3.794350282201074953e-01
1.850103555839137215e+00
4.586567960008534617e-01
9.810346397740606905e-01
4.115244961049490668e-01
4.076223600660895396e-01
2.886573025051687447e-01
1.013303930520109475e+00
5.542709702143031603e-01
7.953667838094673481e-01
5.343461268679845499e-01
1.447357873438414710e+00
5.965552537006404421e-01
3.966389299924035772e-01
3.222246296778898067e+00
9.337249124002200418e-01
9.865114917546915496e-01
4.697265169981468258e-01
2.650870456665978203e+00
1.583744282952178395e+00
1.994493508002314508e+00
7.587952629276135674e-01
3.066725043851048937e+00
3.390069179675328503e-01
7.128342101524539620e-01
4.014348853928702554e-01
1.186299687524458912e+00
8.782936334302428039e-01
9.780965896217505007e-01
4.820142864050951381e-01
6.773285821012411390e-01
1.980496408670529673e+00
2.278450023661549029e+00
4.775870967864230821e-01
3.059397986978001249e+00
9.286788928162694745e-01
7.061255610979629838e-01
1.582025758355086964e+00
3.585491474612936269e-01
6.676556562493172198e-01
2.722671102990321668e+00
2.955430886661637224e+00
2.382668059918350956e+00
1.863086705869737347e+00
1.079877920276582470e+00
4.403140765785125144e-01
1.827969296950243683e+00
8.981182549571889995e-01
5.864176988989540096e-01
5.192824824498712966e-01
3.942495917323138421e+00
3.173688276991441182e+00
3.785967500076904968e-01
3.068410492172644055e-01
1.589475300258632595e+00
8.323795408509033766e-01
1.132648318932178322e+00
4.113281021927984726e-01
6.191026730611994822e-01
1.084738125824392885e+00
9.408443365483818432e-01
4.940099326275873559e-01
8.957586556305553449e-01
8.734091055487174238e-01
4.087636692511565917e-01
5.905616814045495655e-01
3.939137995306786211e-01
3.380343651123866033e-01
4.425553551998552271e-01
7.538884033766594106e-01
6.221672974490090047e-01
5.689206380279480113e-01
5.418322344385425593e-01
4.512012517344184959e-01
1.103005079656738996e+00
5.984611303041438291e-01
9.166797899609639977e-01
1.306912713612277122e+00
3.599571652467417060e-01
5.206588957514970417e-01
6.890392619305240052e-01
4.124032094954293015e-01
3.525429910856949234e-01
6.783607283843087199e-01
3.516823671220852265e-01
4.691781397304597423e-01
1.732257745214569100e+00
1.257169459583288518e+00
4.206822584352409855e-01
6.330878363688704491e-01
9.262354310218507969e-01
8.030443163765867975e-01
3.766220064615520280e-01
1.606756181038469622e+00
4.231199309687344035e-01
3.807744286700052716e-01
3.762077881251718603e-01
6.236271901232529613e-01
1.165593970701967574e+00
1.843628857219843376e+00
5.388437995408448256e-01
6.102297942991151691e-01
3.683472083368956596e-01
1.446603426936796222e+00
3.377742761977311936e+00
9.020506790202104108e-01
9.669260662525492878e-01
3.404127843004408849e+00
1.009496708673664811e+00
1.321891401089054563e+00
8.055010842396919113e-01
4.269649126462897737e-01
3.133335309023137061e+00
9.351132628424668747e-01
1.118234738680941254e+00
8.128810140906431725e-01
1.283296090380916743e+00
3.304762663984670557e-01
9.343397807293514212e-01
1.516118530126290276e+00
3.900217796498078870e-01
4.660056689003109209e-01
4.792486353881680872e-01
3.592077037994321209e-01
4.914886196124187978e-01
8.983997122491804710e-01
6.795699946182466311e-01
2.175599428756145759e+00
7.172144221608740544e-01
4.498386865035560733e-01
3.669846431060330705e-01
1.500632620183102839e+00
3.824930691646495351e-01
3.828641675745564910e-01
4.257134768591763763e-01
3.664867842879776516e-01
3.417575458383346754e-01
3.798865574762335662e-01
7.608615877891858892e-01
5.823754557609520655e-01
7.883709104339980955e-01
5.714094642865051865e-01
4.770703240025582215e-01
6.056990090532592408e-01
3.498079360954941541e-01
6.495900618765546586e-01
9.131629854094929222e-01
5.980256653738421635e-01
3.652849165771982487e-01
1.089198596382018325e+00
7.098941943784965458e-01
8.948243157137463211e-01
3.265681821917721384e-01
3.688928523376487356e-01
4.209514585706441436e-01
1.080828680422031729e+00
1.555227020918072300e+00
5.801366686746314283e-01
5.649936398554435968e-01
7.116751490267503311e-01
5.981282198213268009e-01
5.343427530601730924e-01
1.630906667229328644e+00
5.912517083308477250e-01
4.903345370843371076e-01
8.249729913128234227e-01
5.300214916967972423e-01
7.664122550006656764e-01
1.768558148498827975e+00
2.759950936031051461e-01
1.792807224175365199e+00
5.908945918873668157e-01
6.640857745202939366e-01
1.085501110061053209e+00
1.030680231408708236e+00
1.462983659037913498e+00
4.826820255577723984e-01
7.545773062982563673e-01
3.311221322185927129e-01
8.394185341528459521e-01
1.349762231067910268e+00
9.215976816064448407e-01
5.118766415531771363e-01
5.544178196636230238e-01
5.658574639954614405e-01
9.056352583701834380e-01
7.449376103146253536e-01
5.868839532331872055e-01
1.115376022635888198e+00
4.298822386734151291e-01
4.983195446526496597e-01
3.709098914574524564e-01
3.333536546774175102e-01
8.121103060494118120e-01
1.707607894065440002e+00
1.869541554430282471e+00
5.720903083982644688e-01
6.989398772536106197e-01
3.980280338120422146e-01
1.224633069059344326e+00
4.119866585309369111e-01
4.488113643836229016e-01
4.535777399258153486e-01
3.600724102122391801e-01
6.297380866809414446e-01
4.248967145359770492e-01
4.869801221401836577e-01
1.101322294461072326e+00
2.583601910681708191e-01
4.416093409334851949e-01
7.625787693699075387e-01
2.762277115816214490e+00
5.289530506624355866e-01
3.496157929984987089e-01
3.989159050058138645e-01
9.634439258024563024e-01
5.961047656242136616e-01
5.011385145790405726e-01
4.430986665724961360e-01
7.554685512998395858e-01
8.838201363122095700e-01
3.338515134954728736e-01
6.148385135907227239e-01
4.712320233360333122e-01
6.712158068270700495e-01
4.333926858814270422e-01
4.701241539968298300e-01
4.851511436681780198e-01
9.273022627939794260e-01
9.291161931086125980e-01
4.279381741428219255e-01
1.021991312707665855e+00
1.699639755900892668e+00
6.069008767640386992e-01
1.040517811606052723e+00
7.165747797885450021e-01
5.142445216757585147e-01
7.359620561596890154e-01
3.735597147018546726e-01
5.430217716267800032e-01
5.092424162006232713e-01
7.534228093291054362e-01
6.126069911318979822e-01
8.232410774931391284e-01
9.149121892082603402e-01
6.640276314476954989e-01
9.922838658187416172e-01
4.834696749321717446e-01
1.942012295062902627e+00
1.620781853852456766e+00
5.419589948466910778e-01
1.088092126327476983e+00
3.600977685043716292e+00
1.614564168946276634e+00
8.904661578716935866e-01
1.459068558026526574e+00
2.706534349902454561e+00
2.421646290841512617e+00
3.916707433438979535e+00
6.672190162436536509e-01
6.823690344103762184e-01
1.039461618269231113e+00
1.103444520122234707e+00
5.280551393925831949e-01
7.355329356225510651e-01
1.706135640512057350e+00
8.993353875460052826e-01
8.469589768013197073e-01
8.489078905062944491e-01
2.066318499918184948e+00
1.270333450845694934e+00
5.212803945019016671e-01
5.053111672129636522e-01
5.303635599829058522e-01
1.041427970573445494e+00
5.837191070260050463e-01
9.459164605342373910e-01
4.146347319542541543e-01
6.337803298189433887e-01
1.103745985028139698e+00
6.803047929149019790e-01
6.484240494647528497e-01
7.124156663005749568e-01
6.373670189854722112e-01
3.636009563061696204e-01
3.837785773571041892e-01
5.109316684665062835e-01
5.745488130846102548e-01
4.575701732555715884e-01
3.964642254946473265e-01
3.923408334099922623e-01
1.878481643461353157e+00
5.814992339054939618e-01
1.124174335894587040e+00
1.440075341075885085e+00
7.879916703892515528e-01
3.474089334147620445e+00
1.201326294905043168e+00
2.137924053082993048e+00
1.984998315255116275e+00
6.480213465710236154e-01
3.429286759322187628e+00
8.728259969867536716e-01
1.116828387891576568e+00
8.497144538465032371e-01
4.392869133654893621e-01
5.001368487750943448e-01
7.978044563429607106e-01
5.022010902705684732e-01
7.199996505211474496e-01
4.126136103852532377e-01
9.971053436395324043e-01
7.065943069672182553e-01
9.048068216974229916e-01
7.185402498199696675e-01
1.419766900431159495e+00
1.060845357846100567e+00
4.930649595409165031e-01
4.042701949250466220e-01
5.421528972238194299e-01
1.255625417147895329e+00
9.677561121875426497e-01
8.150663422809453218e-01
3.440106957707263380e+00
3.803419094461531813e+00
1.089105475017786429e+00
1.206659204334691537e+00
6.276533104828433629e+00
1.642288054667612851e+00
1.530767352278493698e+00
1.896543541697168545e+00
4.543113286768135639e-01
4.371971744609381982e-01
3.151286541709210631e+00
5.981789643707666748e-01
1.074467862446722322e+00
3.186045655799059961e+00
2.319284877044172077e+00
1.955004832416497251e+00
1.510759364564823848e+00
3.345443834266712102e+00
2.205529395292834316e+00
8.785978737847325304e-01
2.038308038094353680e+00
1.083504653629791203e+00
5.006304567779944481e-01
5.233651122474125561e-01
9.500116711230344180e-01
1.675362924482575622e+00
2.596840840820663132e+00
5.601154943286247301e-01
1.490446477936633762e+00
1.325938170322172871e+00
2.760843186073064004e+00
2.338243442085271351e+00
8.959680403519272307e-01
1.910984395180096884e+00
2.051176629871276802e+00
7.284122200259762758e-01
5.658440648360627545e-01
7.582724980801055503e-01
8.475476579035443603e-01
2.005069154562731715e+00
1.749806485151255364e+00
7.901882145564428361e-01
5.859960820394153336e-01
4.630756523551728954e-01
4.934781366975973804e-01
7.490318894504801595e-01
4.638545325516995610e-01
7.573856628005875002e-01
4.814801578469929955e-01
1.413941892010029955e+00
6.374415844888577931e-01
1.043952899128337108e+00
4.807784815823812341e-01
6.515341264071479177e-01
3.598346556537483365e-01
4.303535589026944441e-01
4.839443689692624062e-01
1.891380726867672335e+00
5.146156200856654150e-01
7.803477149385956713e-01
8.837222471209492669e-01
7.650836268817376995e-01
4.414825805253365654e-01
1.741450733739202228e+00
4.416906487870482234e-01
7.139267063652278145e-01
9.986412969084905722e-01
3.644268666947940716e+00
6.769168377999275954e+00
9.468536500910316178e-01
2.462027290851795502e+00
2.831776658015698001e+00
1.104821092330770416e+00
7.089028864644508765e-01
5.263692609345115292e-01
4.843088391998958686e-01
8.841646961333404775e-01
3.627498541957207667e+00
2.797937176153921790e+00
1.505777765696322268e+00
2.234672594570213722e+00
1.747242323072987213e+00
1.280408503118975583e+00
4.498386865035560733e-01
2.235549355226358337e+00
3.920302107007960224e-01
1.317991308844383314e+00
5.411736781004040653e-01
1.526103724560990971e+00
9.256736545947648054e-01
1.225694444664263250e+00
5.829968403404525157e-01
1.212520945062142363e+00
1.816444052820948007e+00
2.232861334881420579e+00
1.411508852010158188e+00
6.987651727558542580e-01
4.696567245872347862e-01
1.205468161423286944e+00
1.639938250099109318e+00
1.680815251312021585e+00
2.498837725041434421e+00
4.643556457412169602e-01
1.697547993488597307e+00
9.654874179700800862e-01
1.655534443317987936e+00
7.666213394308292184e-01
3.466890968933237449e+00
1.610232675579703621e+00
1.600472782045997855e+00
3.224690106681232571e+00
1.652988734417019767e+00
1.434809931164776842e+00
8.342829259193846880e-01
2.720570209855961874e+00
8.433342429825074760e-01
6.441259528823416458e-01
9.963694549830250935e-01
6.664779944992016425e-01
7.335699571261484753e-01
4.678261552010540281e-01
9.666055623741824920e-01
5.726089993691724223e-01
5.726424443742546000e-01
1.659253126803721390e+00
5.198639817496020221e-01
3.828641675745564910e-01
1.301160058307173628e+00
7.938045900197508997e-01
6.892861742923063195e-01
1.959584795168736404e+00
1.460869739183945804e+00
1.546359803825503976e+00
1.295568881377745729e+00
1.226735617945817314e+00
1.498907606790473190e+00
1.033416592782314680e+00
7.608171347831486075e-01
4.413534874890758242e-01
1.068517824518173898e+00
8.248329128436288071e-01
7.972379801893550999e-01
9.249019787397882997e-01
5.294781803241561668e-01
6.445043159197441085e-01
6.056153685715838231e-01
6.712794647060790210e-01
1.000801551589833416e+00
4.041326621859281931e-01
4.488821979742341206e-01
5.000532082934190381e-01
7.505604441962802076e-01
4.985904212431840898e-01
7.042727616720118045e-01
7.675000528213091755e-01
8.356522335004246127e-01
1.454313680515396001e+00
1.134793626549303935e+00
8.897525517233617620e-01
1.866052059318088485e+00
8.932409917031592927e-01
1.301043549350420658e+00
6.180615028705030989e-01
1.580294075079357929e+00
1.990592975476494830e+00
1.234229450771034742e+00
9.841452189494384051e-01
1.308379890638775356e+00
7.959894848486284147e-01
4.120702990126122178e-01
2.950446974561061086e+00
4.894173057723556930e+00
1.727535731743103709e+00
6.861376676909096695e-01
2.164244707116756317e+00
1.179757979120295008e+00
8.238869433132648412e-01
1.105219606336797389e+00
1.002972155527474873e+00
1.976581543518044715e+00
1.520651392466099372e+00
1.962485998528623599e+00
3.054948767977708979e+00
2.408968611875893284e+00
1.283619130530311958e+00
2.868878985914634416e+00
1.828028215433258552e+00
8.565241322928125456e-01
3.211189500355016158e+00
1.103182718509990279e+00
2.298879849855796298e+00
1.682655169491650060e+00
1.170612856237354782e+00
1.111994199828014063e+00
7.056270461069265032e-01
4.940553851821728459e-01
4.628281321751160915e-01
4.380014051730345970e-01
7.747568455362341400e-01
1.031986046664124412e+00
5.591216948795568742e-01
5.967656545904642673e-01
7.388106941671184202e-01
1.355286750096613257e+00
5.286439033198095938e-01
8.404481889008911244e-01
6.311248578724678593e-01
5.005965196660600025e-01
6.701647465781931379e-01
3.897222937948778831e+00
6.885645678934332325e-01
3.040852168840655789e+00
4.876864636610198644e-01
6.839741367512508496e-01
3.800006273663692480e-01
4.334192244702031460e-01
1.342704328981653150e-01
5.687347927096400024e-01
7.032232582169627433e-01
1.300092226188057642e-01
1.269578752663497456e-01
5.571822956051882825e-01
2.315201899316112755e-01
8.042017279764740456e-01
1.055155704738499622e+00
5.237663200498127170e-01
8.219810667097612322e-01
4.746199609510520778e-01
4.056159871886988455e-01
3.451422290818914052e-01
8.067809113363750839e-01
3.830520134859545789e-01
8.590829867025278066e-01
6.753670214215840018e-01
2.245601718551195891e-01
2.751201882073074922e-01
6.512495306412475760e-01
1.278884768491870050e+00
4.586884004846757401e-01
5.107656789515687690e-01
5.707940278748400154e-01
8.391287435965020247e-01
1.226705067182939812e+00
6.226396588579875546e-01
7.656850813269769906e-01
1.088876401894064871e+00
6.142612651061473139e-01
8.446310405178050207e-01
8.972672802420940119e-01
5.164760441345833675e-01
3.906411068811574960e-01
8.460201443374435470e-01
5.126303538156419259e-01
8.435062298454332197e-01
5.567258068925209358e-01
4.541367830859672772e-01
4.687548464157899053e-01
5.222318618721832895e-01
7.143712462738193159e-01
7.765370029112882433e-01
1.327572355255250969e+00
4.675786350209972797e-01
1.028793442612916609e+00
8.514746560760485528e-01
3.469222670205960313e-01
4.824400201841263502e-01
4.745363204693768822e-01
5.753630010477857049e-01
7.206308709973101578e-01
4.547953394241059377e-01
4.507033929163630215e-01
5.307032128159002715e-01
5.162201906901738857e-01
3.642098092745674198e-01
4.604220641254450630e-01
8.051266567579796751e-01
9.909491556363155818e-01
5.047678558403226878e-01
9.172978257439007299e-01
1.057776323736225876e+00
5.200677991961583091e-01
1.625106874030362247e+00
5.586692886160867788e-01
4.501261444317876670e-01
5.375226224134802555e-01
3.690554680447748481e-01
4.221218807045112320e-01
1.030317862916612537e+00
5.914379032600077801e-01
7.853109513024131294e-01
4.622848208024751826e-01
1.389823925870643295e+00
4.112826496382129271e-01
5.470424081753891832e-01
4.984347896181471338e-01
4.332054497725679187e-01
1.933417951712243843e+00
4.621695758369776530e-01
1.034251444532384490e+00
4.124845173489923855e-01
9.750410580189217136e-01
5.603574997022707782e-01
1.408876215369632368e+00
5.446864579365282566e-01
1.496006151125446326e+00
5.707031227656689243e-01
4.416791333443972345e-01
1.767029456482427818e+00
4.631155901033477962e-01
1.081353397844830200e+00
9.180069677245691340e-01
4.634866885132545855e-01
4.829263635595306692e-01
4.041840629083490732e-01
4.212595069198165065e-01
6.313541727281010152e-01
5.518406962039682506e-01
5.931333789736872308e-01
7.370339105998757745e-01
6.294101081975078671e-01
1.380676792821468712e+00
7.455889020252680632e-01
9.034228415066810625e-01
5.593858291199138577e-01
4.410660295608442305e-01
7.744122857151032324e-01
3.729011583637162341e-01
5.312233594075765897e-01
6.461470744513425624e-01
7.048467952556857208e-01
5.429886495947363612e-01
4.917784101687627252e-01
5.764115697616403189e-01
6.714334723443897701e-01
4.872244601419419840e-01
6.083902024030497513e-01
7.903107241494361501e-01
7.667020455570094928e-01
4.855362490557580957e-01
6.478807380921118853e-01
6.393614430587871711e-01
5.183025310715666523e-01
4.094676781438805202e-01
6.781479948663725610e-01
1.785570905535889707e+00
6.061926170561593441e-01
4.125184544609268866e-01
8.383225946973625886e-01
8.756139555231033933e-01
6.205943313283226459e-01
1.002933286416156866e+00
4.106240933000744331e-01
4.495828330591467026e-01
4.736558477987635185e-01
4.711842381533355995e-01
5.423616977404202011e-01
4.306410168309260378e-01
8.136226281034296681e-01
7.645834354355700579e-01
5.751619168681632033e-01
3.756759921951819403e-01
7.729758111538362897e-01
4.948861544830455150e-01
1.142656780697604235e+00
8.431975253232800727e-01
3.989972128593768375e-01
1.300319384223626917e+00
7.127770335592112927e-01
5.314526742632098566e-01
5.874928062015848385e-01
4.513619492545016265e-01
7.175464503709019226e-01
1.598263542095348377e+00
5.983677336599506624e-01
4.818967088114853303e-01
8.823460308152295539e-01
2.185785305752493191e+00
6.058257694614077593e-01
9.092412759435907210e-01
3.447512202624818389e-01
5.516659917062120000e-01
6.381256382360732671e-01
4.441283213205415858e-01
1.126725855506659713e+00
4.549560369441889018e-01
9.306487725697594193e-01
3.812912014538701877e-01
7.870380314999149141e-01
4.607233701244399238e-01
1.603083819004083699e+00
7.493119488555534113e-01
4.364804750502014330e-01
3.706623712773956525e-01
4.545078814958741775e-01
5.760404713517335296e-01
5.521281541321998443e-01
4.927244244351325908e-01
8.781957442389826118e-01
5.823565417951425127e-01
5.862570013788708234e-01
5.783987542187069009e-01
6.928966015877789930e-01
4.654738729703211120e-01
6.277031170411772054e-01
7.606065749864149295e-01
1.075408810818046179e+00
9.986362310134446751e-01
4.219951202963626025e-01
5.005510671114743459e-01
4.478946219729628697e-01
4.685701018419529684e-01
4.906219950125687568e-01
9.766244984025599374e-01
5.146969279392284990e-01
7.428213328212980304e-01
5.308639103359833467e-01
6.716300251634502727e-01
7.195001121571029667e-01
4.689866528064453588e-01
4.290680507102397900e-01
4.094676781438806312e-01
4.565405185075261940e-01
4.811926999187614018e-01
3.933133862651385093e-01
6.484240494647528497e-01
4.449741137675391478e-01
4.131885262417164251e-01
5.674304301161477992e-01
4.836303724522547087e-01
5.608460418101246514e-01
1.284851503731459621e+00
5.446070682700082655e-01
4.554654112048953096e-01
7.549460720800511560e-01
5.463988749833759151e-01
4.276241776258141725e-01
4.606324650152688327e-01
6.623812238283246501e-01
8.076770827219482696e-01
7.857427671449422890e-01
6.324734161256571063e-01
4.280311313346986668e-01
9.808886578730365846e-01
4.067866837770807709e-01
4.213365639582243305e-01
5.011591049999812864e-01
6.636904701497232661e-01
5.250043630755367730e-01
4.260985822467565076e-01
4.476071640447312761e-01
4.783176442679231699e-01
6.255891721759622159e-01
6.883403189328461957e-01
6.754799662975468078e-01
4.377593997993884933e-01
4.010321824991410766e-01
1.807459838833406440e+00
4.057826853450223203e-01
1.515720154129624575e+00
4.198472383192132784e-01
9.008584085650389595e-01
4.215924174026336457e-01
7.043149993256957453e-01
6.374313855058671985e-01
5.994453324976037889e-01
4.177424762685369997e-01
8.593458165657816838e-01
1.129663588681515840e+00
9.000052175948831668e-01
4.976386480724853678e-01
6.799048232881066411e-01
6.457443715576133281e-01
4.466156972237756984e-01
1.775595916147511888e+00
1.251883978629118932e+00
7.130899888965198663e-01
1.518885159243716698e+00
1.053136158867705952e+00
1.603484381724660235e+00
4.746970179894598463e-01
4.672075366110903794e-01
4.794929733899265800e-01
5.456683275018757717e-01
4.772614509311017272e-01
6.808670182533522741e-01
5.548216801101025775e-01
4.489697292755937541e-01
6.288236768983936908e-01
4.416674840060835217e-01
1.258252900150271802e+00
1.019395351364109858e+00
5.165573519881463405e-01
3.992076137492006627e-01
7.378531644580973436e-01
7.013902403051167633e-01
4.806135332471428434e-01
4.660511214548965220e-01
5.152402393118693524e-01
4.408216915590858487e-01
1.046191854580615477e+00
3.466687462042989942e-01
5.295467976597063586e-01
1.110722559431081224e+00
5.601154943286247301e-01
9.095183949022773717e-01
5.387360055669107028e-01
8.748171233341652808e-01
6.235160146091082156e-01
6.021049213635719655e-01
6.505857795126654963e-01
6.420551279435997571e-01
8.762535978954324456e-01
1.258801035686047287e+00
4.317161241335569222e-01
7.469587318836261591e-01
6.179008053504200237e-01
7.466954799160583356e-01
5.427443115929780904e-01
9.544932155654241024e-01
8.388181208873057848e-01
6.591025830109680239e-01
4.194306873547208325e-01
4.007763290547318169e-01
1.319094674200278261e+00
4.802921382069767486e-01
3.747161298580485855e-01
5.152741764238039091e-01
7.220505381210718943e-01
4.155807462206242420e-01
9.254417810112109954e-01
4.954421563736992606e-01
4.677508479837313993e-01
4.548407919786913167e-01
6.148839661453082694e-01
8.338688664899144287e-01
4.390765124756654814e-01
1.107121232125145571e+00
5.522572471684605855e-01
9.731267417125608610e-01
3.925015309300753374e-01
1.949959861172346764e+00
5.876121680865749042e-01
8.731647675469591530e-01
1.632740197394218384e+00
7.616024515294357311e-01
1.125932037130062513e+00
6.130570647672555218e-01
1.302362137393267671e+00
1.076143383014893429e+00
4.668364382011835900e-01
5.402044990530692203e-01
4.792509680162804209e-01
5.947761375052855737e-01
4.057468300460446708e-01
7.158132011712018405e-01
4.556261087249783848e-01
6.568786851751099443e-01
1.093883914339361718e+00
4.603267492942088035e-01
4.902181345660892031e-01
9.556908324610484673e-01
1.260760231199014703e+00
4.681229875733373680e-01
7.169356792154611968e-01
5.948215900598712302e-01
7.008816091560915451e-01
4.285362547802498701e-01
5.386069125306499616e-01
4.775034563047478864e-01
4.933968288440344629e-01
3.865037078188292008e-01
1.479681806202924665e+00
3.760786950889110636e-01
5.765194162039795067e-01
7.049831529194422464e-01
5.020858453050709436e-01
5.713258238048298798e-01
4.802806227643257597e-01
6.213947540457367413e-01
1.245081564810305519e+00
6.073466995842411453e-01
5.972253254814300361e-01
5.530425639147477090e-01
5.800056574513277052e-01
8.794650717325617206e-01
4.912011616841871486e-01
8.382979742956294666e-01
4.625722787307068318e-01
1.137227925274985951e+00
5.386408496425842962e-01
7.116810941037280402e-01
4.147499769197516284e-01
9.370388067891715078e-01
4.827159626697067885e-01
3.542013475091415620e-01
9.648804548093218303e-01
7.102631190672010764e-01
5.779762026179741108e-01
4.121970594207607919e-01
9.554057071609289853e-01
5.963587008815799395e-01
4.190141363902284422e-01
9.757979799168425838e-01
4.107847908201575637e-01
5.655360689552952902e-01
4.584348796683784810e-01
7.161862177681517228e-01
1.424374613013363211e+00
6.383130332518424099e-01
1.900585500486160484e+00
1.035432065649242173e+00
4.561694200976192937e-01
4.371390313883398160e-01
5.031991405347915336e-01
9.736185998943758246e-01
4.637741464414861792e-01
1.077761801690165111e+00
5.211694450875652418e-01
4.236135389716345623e-01
7.855463732327916393e-01
4.747783258430229303e-01
5.343427530601730924e-01
5.945202840608763140e-01
9.326223989605172404e-01
3.804264950410630730e-01
5.082114449929173716e-01
4.878573601640936452e-01
4.820574063315684055e-01
8.869709755417184427e-01
4.685701018419529129e-01
6.075072381974142566e-01
9.676431998501574538e-01
5.384824847506136658e-01
7.364524113001450489e-01
4.073059480959678180e-01
1.325543907131301102e+00
3.877868833831716877e-01
8.092525403776567039e-01
4.250574120560600688e-01
4.502097849134629182e-01
5.831153199526535325e-01
9.416574833318578364e-01
1.173332282629162338e+00
5.137012103031175503e-01
1.393761146864595846e+00
4.317161241335569222e-01
5.886946739123642969e-01
1.731245294081808384e+00
6.833362952706679705e-01
6.656322020522040805e-01
4.831590522229753382e-01
5.564260918077011953e-01
7.958414778465581207e-01
1.419836208192103211e+00
8.545917171005328328e-01
5.623901367139227947e-01
9.926647203911664885e-01
6.265921544395688381e-01
4.913279220923357227e-01
5.057635734764336366e-01
4.473513106003219608e-01
5.586577731734359009e-01
6.196005318792549010e-01
5.506048913812543466e-01
4.583196347028810069e-01
1.286728923559143922e+00
8.569026292258777877e-01
7.403604955068401328e-01
1.317719634644224591e+00
1.290938033219427350e+00
3.836494843208435035e-01
5.932486239391848715e-01
4.405153196650448688e-01
4.105238714807020184e-01
1.271185243928932840e+00
8.701455957137349539e-01
4.771680542869085051e-01
4.486368187927766149e-01
6.822877265568130234e-01
4.500448365782246940e-01
1.118481784858482042e+00
8.566744719229949512e-01
5.411282255458184087e-01
8.857268374546519718e-01
4.981473316899155956e-01
3.931600872682137759e-01
3.994137638238692833e-01
1.889124531751843694e+00
5.187530191479935437e-01
6.737940878394752531e-01
4.854931291292849393e-01
5.326430265313382151e-01
4.903322044562247739e-01
5.678015285260546996e-01
7.574195999125219458e-01
7.355422523327523887e-01
1.620092146321748139e+00
5.415424438821986319e-01
7.303237453315530869e-01
6.495446093219692241e-01
4.094222255892950857e-01
4.882995674445728129e-01
6.531386970116564994e-01
7.505188824613790999e-01
5.103036754324907776e-01
5.371630394462243441e-01
8.934691490060421293e-01
4.354824247859782060e-01
6.932968129464859297e-01
5.577117589070657022e-01
5.802591782676248533e-01
6.346109402129059829e-01
6.971059917934687711e-01
7.818752285046964845e-01
6.263386336232718010e-01
8.091498270232621026e-01
5.779855770620258015e-01
8.369795451596923064e-01
4.306410168309260378e-01
5.997466384965985942e-01
9.268372999081593289e-01
8.716754419079479899e-01
1.297004888107292864e+00
5.245786292965056719e-01
8.005852383422619178e-01
4.999241152571582414e-01
4.769739930028701336e-01
7.729418740419017331e-01
7.797192877177092640e-01
3.633451028617603051e-01
1.075649775011993103e+00
6.698870448124794041e-01
4.138355671372038747e-01
1.026032297945304261e+00
5.250383001874713296e-01
9.763951835469266705e-01
5.975509713367513909e-01
8.044425779995170167e-01
1.297369845894404738e+00
1.491205702453413773e+00
6.095107622602662367e-01
1.414750596348837819e+00
1.285195244359001343e+00
1.030414193916300514e+00
4.142636335443473095e-01
9.385663203552723211e-01
6.514547367406278155e-01
6.763130682265314775e-01
3.686321747301050111e-01
1.465891552807232934e+00
5.013678294346738396e-01
5.986891287001168127e-01
6.604651482418305575e-01
5.912410751609860071e-01
1.114098297973310281e+00
7.939186599098865260e-01
5.081218563434068969e-01
4.298533674565267471e-01
6.021365258473941884e-01
5.466736423935947276e-01
5.126261030004866104e-01
5.340868996157637216e-01
7.572212972723763036e-01
4.712636278198556461e-01
5.289221784335024212e-01
5.711990633966813613e-01
4.162857515570415057e-01
1.159867265913167689e+00
7.565644907553229492e-01
9.221269031764107726e-01
8.323522936207412570e-01
1.715683409127173764e+00
6.343575783035189097e-01
5.256514039710242781e-01
7.991703953816345907e-01
6.861924369556965386e-01
3.767056469432273347e-01
5.759156291306279929e-01
3.840660352853358384e-01
4.374264893165713541e-01
6.150107265534566769e-01
4.363968345685260708e-01
5.448490736436544246e-01
4.289073531901566594e-01
6.162823866751482305e-01
5.324336220852076140e-01
4.242266427551875108e-01
6.464294664845280369e-01
7.069853605226338322e-01
6.243871705695202001e-01
5.491072324778907277e-01
4.218344227762798049e-01
8.059319036385279578e-01
6.491257257293645555e-01
6.097211631500899509e-01
6.098132433346228343e-01
1.030887846773692385e+00
5.650192961714305406e-01
7.619735499393425204e-01
6.258170366762725312e-01
3.776971137641829124e-01
6.141005675860641277e-01
4.870637626218590199e-01
5.163153466145001813e-01
8.665520908310748727e-01
6.801587585454730300e-01
6.639299839883471277e-01
4.606664021272033893e-01
3.799740887775932552e-01
7.494461077868603827e-01
6.808986227371746081e-01
4.022490733560455944e-01
6.197612293993380872e-01
1.121889354539744144e+00
4.317742672061553044e-01
4.360639240857089871e-01
5.674304301161477992e-01
5.830944877998011089e-01
6.012382967637218689e-01
9.196536170758516926e-01
4.144740344341710792e-01
4.201346962474448166e-01
4.438839833187832595e-01
5.683902924532810985e-01
8.967427239283525253e-01
6.631132216651476341e-01
5.121069975885096381e-01
1.245149024593105169e+00
4.066473917578293240e-01
1.668342422580714857e+00
7.837356525536145480e-01
6.714219569017387812e-01
1.534997840207404485e+00
1.182953745831212489e+00
4.183555800520898926e-01
4.171221078574883223e-01
8.292935109622622258e-01
4.026367531036496583e-01
7.336818282838345473e-01
4.187721310165822830e-01
4.465320567421004472e-01
1.577808001812493588e+00
7.326048027941608476e-01
5.189137166680767299e-01
4.332054497725679187e-01
4.301431580128706189e-01
5.247508422592397359e-01
1.412498572548825049e+00
5.162201906901739967e-01
4.912350987961216497e-01
4.102098749636943764e-01
5.276409210562029717e-01
5.435635654511995485e-01
6.813964815552300269e-01
6.824261363032753103e-01
5.816240761265994985e-01
1.212059438809135470e+00
3.698388666040188233e-01
3.712827396884443298e-01
4.479550976736735302e-01
4.695299641790863232e-01
9.593369561485886043e-01
4.284094943721012405e-01
4.521472660007886946e-01
5.280574720206953065e-01
5.399378732776900502e-01
5.542783687374615020e-01
4.353556643778296875e-01
4.732508122769220615e-01
4.235680864170490723e-01
5.160628669779023792e-01
4.102529948901676438e-01
4.911175212025118419e-01
4.796536709100095441e-01
1.342594977738392759e+00
1.394999059613358128e+00
1.211588277486766341e+00
5.875741140551479225e-01
1.093296766337557679e+00
1.086178383369095224e+00
7.067842763430112196e-01
6.097867047458466194e-01
5.562655531945280840e-01
9.231234358924126360e-01
6.677824166574658493e-01
3.983178243683859754e-01
1.272075606657726565e+00
6.244419398343070693e-01
6.571153985539016640e-01
4.613388065361050949e-01
7.524894855807484628e-01
6.898294856649471729e-01
5.205679906423259506e-01
4.335765481824748746e-01
5.508923493094859403e-01
1.353343993416550761e+00
4.337033085906233376e-01
6.747855546604307753e-01
4.750110145064674882e-01
4.584348796683786476e-01
8.978624015127797398e-01
4.459887453694594273e-01
9.840303392992539866e-01
5.303321144059934822e-01
8.281512366794042679e-01
4.772879895198777755e-01
1.820901618554229495e+00
5.478334313575999870e-01
6.126428464308754096e-01
1.187380053177095274e+00
1.033951179713088919e+00
4.261325193586908977e-01
7.199293536396084159e-01
9.394830627659322975e-01
4.190595889448139322e-01
3.517265032170103223e-01
6.128489965055440303e-01
1.049553720516332334e+00
5.154845773136276232e-01
3.618175892956595474e-01
1.041138021110191714e+00
5.780087418429906698e-01
4.163112937021243853e-01
5.627951722357641406e-01
3.681433908903392060e-01
1.016947562672627869e+00
4.816408553670760151e-01
4.625722787307068873e-01
8.412626185959783953e-01
3.923408334099922623e-01
5.811759206782847187e-01
4.026367531036496583e-01
4.518598080725570454e-01
1.204915610900000988e+00
6.031800286662027943e-01
6.144242952543426117e-01
1.980461268153331567e+00
7.137767364401086390e-01
4.459887453694594273e-01
6.922357126215282763e-01
4.920924066857702561e-01
4.326759864706902770e-01
3.962701642106089550e-01
9.059765021173529220e-01
4.322139829516122855e-01
1.175210743636545985e+00
4.609222555716127045e-01
8.208023637799465311e-01
6.947812315973607156e-01
1.729103104211006547e+00
4.860364405019258482e-01
5.026061257924099301e-01
1.923335087389951514e+00
8.864391796117284672e-01
9.435021411229697064e-01
4.916493171325017619e-01
4.277509380339628020e-01
6.152792705158789399e-01
4.951281598566915076e-01
8.865306036232805109e-01
4.746970179894597908e-01
1.419972794971668506e+00
1.112741348371969918e+00
4.464634394065503109e-01
6.573712519983109237e-01
6.802740035109706707e-01
4.556261087249783848e-01
7.103922121034619286e-01
3.937033986408546848e-01
1.709031667476855754e+00
4.047869677089114826e-01
2.727388327406320645e+00
1.262713381339735763e+00
4.945986965548138659e-01
9.332304273899761915e-01
6.855338806175581556e-01
4.846575356652778610e-01
4.941821455903214755e-01
7.740392691181534612e-01
4.721757049742912327e-01
4.724200429760495590e-01
3.708661887239519395e-01
4.978216858345942408e-01
4.304803193108429626e-01
1.579839789273959294e+00
5.547002116968083874e-01
5.113902981777728174e-01
1.013923898292336645e+00
4.416906487870482234e-01
5.773690994706615065e-01
4.482657203828697146e-01
9.750557830970290052e-01
6.427062857585799094e-01
5.795551693749008138e-01
4.320035820617884048e-01
1.131051305757738268e+00
6.457127670737909941e-01
9.375706027191614833e-01
1.151424887359398630e+00
5.711801494308719196e-01
1.087822299453444108e+00
1.383847032116660936e+00
4.361409811241167001e-01
4.720489445661426031e-01
4.043388122605968138e-01
4.765003401454785958e-01
4.282033442974326198e-01
6.186903729118623518e-01
4.342805570751988586e-01
9.083190187265200999e-01
1.106189199825201364e+00
5.385256046770868776e-01
3.914287562555567312e-01
5.895320266565042822e-01
5.673606377052357042e-01
1.000220052290102579e+00
6.198879898074864947e-01
1.148495356644090304e+00
1.038475443443130253e+00
4.708470768553631447e-01
3.543165924746391471e-01
7.626586448662572293e-01
5.338448942421176735e-01
5.476219892880769269e-01
4.991048613989366722e-01
