7.563218390804597568e+00
1.609195402298850608e+00
2.633333333333333215e+01
3.609195402298850386e+00
2.241379310344827402e+00
1.471264367816091934e+00
1.137931034482758674e+00
1.528735632183908066e+00
2.356321839080459668e+00
1.666666666666666741e+00
1.067816091954023072e+01
1.091954022988505812e+01
2.367816091954022983e+00
1.459770114942528840e+00
1.264367816091954033e+00
1.080459770114942541e+00
1.827586206896551824e+00
1.000000000000000000e+00
2.022988505747126631e+00
1.241379310344827624e+00
1.126436781609195359e+00
1.172413793103448176e+00
1.310344827586206851e+00
2.965517241379310498e+00
2.988505747126436685e+00
9.321839080459769278e+00
2.057471264367816133e+00
1.149425287356321768e+00
3.172413793103448398e+00
1.103448275862068950e+00
1.494252873563218342e+00
1.655172413793103425e+00
4.850574712643678232e+00
9.655172413793103869e-01
1.229885057471264309e+00
1.379310344827586299e+00
1.988505747126436685e+00
1.724137931034482651e+00
1.919540229885057459e+00
1.045977011494252817e+00
8.620689655172413257e-01
1.252873563218390718e+00
2.390804597701149614e+00
1.206896551724137900e+00
2.977011494252873369e+00
1.678160919540229834e+00
1.726436781609195492e+01
1.341379310344827580e+01
1.241379310344827624e+00
1.390804597701149392e+00
5.390804597701149170e+00
1.873563218390804641e+00
2.413793103448275801e+00
1.413793103448275801e+00
1.747126436781609282e+00
3.540229885057471382e+00
1.620689655172413701e+00
1.885057471264367734e+00
1.045977011494252817e+00
5.712643678160919336e+00
2.666666666666666519e+00
1.505747126436781658e+00
1.333333333333333259e+00
1.655172413793103425e+00
2.896551724137931050e+00
1.206896551724137900e+00
1.218390804597701216e+00
7.459770114942529062e+00
2.758620689655172598e+00
1.183908045977011492e+00
1.057471264367816133e+00
1.149425287356321768e+00
4.517241379310345195e+00
1.655172413793103425e+00
1.182758620689655160e+01
1.975862068965517082e+01
1.655172413793103425e+00
2.218390804597701216e+00
1.873563218390804641e+00
2.988505747126436685e+00
1.551724137931034475e+00
2.735632183908045967e+00
1.103448275862068950e+00
7.080459770114942764e+00
2.034482758620689502e+00
1.252873563218390718e+00
3.252873563218390718e+00
5.425287356321838672e+00
1.195402298850574807e+00
1.241379310344827624e+00
9.080459770114942541e-01
9.712643678160919336e+00
3.574712643678160884e+00
4.666666666666666963e+00
1.126436781609195359e+00
1.333333333333333259e+00
1.183908045977011492e+00
1.034482758620689724e+00
4.632183908045976573e+00
1.252873563218390718e+00
1.712643678160919558e+00
4.747126436781608838e+00
1.655172413793103425e+00
9.080459770114942541e-01
1.374712643678160973e+01
1.022988505747126409e+00
1.229885057471264309e+00
3.735632183908045967e+00
1.643678160919540332e+00
8.390804597701150058e+00
1.639080459770114828e+01
6.885057471264367734e+00
1.160919540229885083e+00
1.241379310344827624e+00
1.356321839080459668e+00
4.528735632183908066e+00
2.609195402298850386e+00
7.540229885057470938e+00
1.528735632183908066e+00
7.252873563218391162e+00
5.172413793103448398e+00
1.482758620689655249e+00
2.149425287356321768e+00
4.218390804597700772e+00
2.551724137931034697e+00
1.747126436781609282e+00
2.344827586206896353e+00
1.333333333333333259e+00
1.650574712643678055e+01
1.436781609195402210e+00
1.977011494252873591e+00
4.655172413793103203e+00
1.459770114942528840e+00
5.517241379310345195e+00
2.540229885057471382e+00
9.367816091954022539e+00
2.103448275862068950e+00
8.229885057471264531e+00
8.816091954022988730e+00
7.137931034482758896e+00
2.413793103448275801e+00
5.034482758620689502e+00
8.908045977011493477e+00
2.413793103448275801e+00
2.597701149425287515e+00
3.126436781609195581e+00
5.597701149425287070e+00
2.839080459770114917e+00
3.298850574712643535e+00
1.252873563218390718e+00
1.919540229885057459e+00
9.425287356321838672e-01
7.195402298850575029e+00
7.954022988505746738e+00
4.896551724137930606e+00
3.275862068965517349e+00
1.804597701149425193e+00
1.494252873563218342e+00
1.471264367816091934e+00
2.735632183908045967e+00
2.689655172413793149e+00
2.701149425287356465e+00
3.045977011494252817e+00
4.241379310344827402e+00
1.086206896551724199e+01
7.885057471264367734e+00
3.218390804597701216e+00
5.965517241379310498e+00
1.436781609195402210e+00
3.942528735632183867e+00
3.655172413793103647e+00
7.252873563218391162e+00
3.287356321839080664e+00
3.701149425287356465e+00
9.597701149425287070e+00
2.666666666666666519e+00
2.321839080459770166e+00
6.885057471264367734e+00
7.275862068965516904e+00
7.321839080459770166e+00
3.298850574712643535e+00
4.252873563218391162e+00
1.975862068965517082e+01
7.137931034482758896e+00
1.229885057471264309e+00
2.954022988505747183e+00
2.804597701149425415e+00
1.818390804597701305e+01
4.689655172413792705e+00
2.344827586206896353e+00
1.839080459770114917e+00
4.172413793103448398e+01
1.988505747126436685e+00
1.482758620689655249e+00
2.264367816091954033e+00
2.402298850574712485e+00
1.172413793103448176e+00
4.770114942528735469e+00
5.298850574712643535e+00
1.873563218390804641e+00
2.011494252873563315e+00
1.655172413793103425e+00
2.977011494252873369e+00
7.793103448275862100e+00
6.367816091954023427e+00
3.333333333333333481e+00
1.413793103448275801e+00
1.643678160919540332e+00
3.471264367816091934e+00
3.057471264367816133e+00
2.000000000000000000e+00
3.356321839080459668e+00
2.620689655172413701e+00
8.528735632183908066e+00
1.218390804597701216e+00
7.068965517241379004e+00
1.291954022988505812e+01
3.264367816091954033e+00
1.241379310344827624e+00
1.402298850574712707e+00
3.045977011494252817e+00
2.333333333333333481e+00
3.620689655172413701e+00
3.149425287356321768e+00
3.379310344827586299e+00
1.022988505747126409e+00
1.126436781609195359e+00
9.425287356321838672e+00
1.609195402298850608e+00
1.367816091954022983e+00
1.574712643678160884e+00
1.195402298850574807e+00
1.586206896551724199e+00
7.022988505747126631e+00
3.252873563218390718e+00
2.666666666666666519e+00
3.701149425287356465e+00
2.195402298850574585e+00
3.977011494252873369e+00
1.528735632183908066e+00
5.310344827586207295e+00
1.551724137931034475e+00
2.770114942528735469e+00
2.310344827586206851e+00
1.459770114942528840e+00
1.037931034482758541e+01
3.471264367816091934e+00
1.724137931034482651e+00
1.977011494252873591e+00
3.425287356321839116e+00
1.287356321839080442e+00
2.577011494252873547e+01
9.229885057471264531e+00
9.425287356321838672e-01
3.051724137931034520e+01
1.701149425287356243e+00
3.206896551724137900e+00
1.195402298850574807e+00
1.425287356321839116e+00
1.747126436781609282e+00
5.068965517241379004e+00
3.436781609195402432e+00
3.379310344827586299e+00
2.027586206896551602e+01
7.057471264367816133e+00
8.632183908045977461e+00
1.735632183908045967e+00
2.156321839080459668e+01
1.164367816091954033e+01
2.295402298850574851e+01
7.793103448275862100e+00
9.931034482758620996e+00
6.873563218390804863e+00
3.485057471264367734e+01
1.036781609195402254e+01
1.356321839080459668e+00
2.332183908045977105e+01
1.241379310344827624e+00
5.126436781609195137e+00
5.287356321839080664e+00
8.425287356321838672e+00
1.074712643678160973e+01
1.382758620689655160e+01
1.001149425287356287e+01
2.697701149425287426e+01
1.341379310344827580e+01
1.132183908045976928e+01
7.632183908045976573e+00
1.813793103448275801e+01
2.896551724137931050e+00
5.586206896551724199e+00
4.781609195402299228e+00
1.129885057471264354e+01
4.873563218390804863e+00
8.574712643678161328e+00
1.931034482758620774e+00
8.402298850574712930e+00
2.482758620689655249e+00
7.977011494252873369e+00
1.211494252873563227e+01
1.072413793103448221e+01
4.712643678160919336e+00
2.044827586206896441e+01
9.080459770114941875e+00
6.321839080459770166e+00
9.770114942528735913e-01
1.149425287356321768e+00
1.114942528735632266e+00
1.057471264367816133e+00
1.080459770114942541e+00
8.965517241379310498e-01
1.816091954022988508e+00
9.885057471264367956e-01
2.724137931034482651e+00
1.448275862068965525e+00
1.149425287356321768e+00
1.287356321839080442e+00
5.850574712643678232e+00
1.321839080459770166e+00
2.781609195402298784e+00
1.229885057471264309e+00
8.540229885057470938e+00
1.045977011494252817e+00
1.609195402298850608e+00
1.597701149425287293e+00
1.126436781609195359e+00
1.505747126436781658e+00
1.436781609195402210e+00
3.965517241379310498e+00
1.758620689655172376e+00
1.959770114942528707e+01
1.034482758620689724e+00
4.545977011494252906e+01
1.551724137931034475e+00
4.908045977011494365e+00
1.229885057471264309e+00
3.413793103448276156e+01
1.031034482758620641e+01
1.509195402298850652e+01
1.264367816091954033e+00
4.494252873563218564e+00
4.762068965517241281e+01
1.816091954022988508e+00
8.551724137931033809e+00
2.701149425287356465e+00
1.022988505747126409e+00
1.000000000000000000e+00
1.482758620689655249e+00
1.712643678160919558e+00
2.333333333333333481e+00
6.252873563218391162e+00
3.252873563218390718e+00
2.458620689655172242e+01
3.636781609195402609e+01
1.045977011494252817e+00
6.881609195402299406e+01
1.586206896551724199e+00
1.908045977011494143e+00
4.241379310344827402e+00
1.367816091954022983e+00
2.478160919540230012e+01
5.827586206896551602e+00
2.162068965517241281e+01
1.353563218390804650e+02
2.263218390804597746e+01
1.320689655172413879e+01
5.931034482758620996e+00
1.195402298850574807e+00
1.640229885057471293e+01
5.666666666666666963e+00
1.747126436781609282e+00
2.195402298850574585e+00
8.383908045977011625e+01
9.885057471264367956e-01
2.711494252873563227e+01
4.632183908045976573e+00
6.632183908045976573e+00
8.620689655172413257e-01
4.448275862068965303e+00
1.758620689655172376e+00
1.103448275862068950e+00
3.000000000000000000e+00
1.965517241379310276e+00
3.367816091954022983e+00
9.425287356321838672e-01
2.551724137931034697e+00
8.275862068965517127e-01
1.011494252873563315e+00
1.252873563218390718e+00
4.459770114942529062e+00
1.068965517241379226e+00
1.954022988505747183e+00
1.126436781609195359e+00
2.586206896551724199e+00
1.528735632183908066e+00
1.379310344827586299e+00
3.091954022988505635e+00
4.954022988505746738e+00
1.356321839080459668e+00
1.356321839080459668e+00
3.160919540229885083e+00
1.229885057471264309e+00
2.172413793103448398e+00
6.000000000000000000e+00
2.172413793103448398e+00
9.080459770114942541e-01
4.620689655172413701e+00
1.287356321839080442e+00
6.471264367816091934e+00
1.310344827586206851e+00
1.344827586206896575e+00
1.333333333333333259e+00
1.367816091954022983e+00
2.321839080459770166e+00
3.586206896551724199e+00
5.080459770114942764e+00
1.172413793103448176e+00
1.425287356321839116e+00
2.620689655172413701e+00
3.580459770114942586e+01
2.022988505747126631e+00
1.689655172413793149e+00
3.529885057471264531e+01
2.160919540229885083e+00
1.034482758620689724e+00
5.091954022988505635e+00
1.448275862068965525e+00
8.275862068965517127e-01
2.572413793103448398e+01
3.195402298850574585e+00
3.160919540229885083e+00
1.609195402298850608e+00
2.344827586206896353e+00
1.988505747126436685e+00
4.816091954022988730e+00
1.045977011494252817e+00
1.264367816091954033e+00
2.241379310344827402e+00
1.080459770114942541e+00
4.219540229885057414e+01
7.816091954022988952e-01
1.252873563218390718e+00
4.264367816091954033e+00
2.321839080459770166e+00
1.057471264367816133e+00
1.459770114942528840e+00
1.264367816091954033e+00
1.034482758620689724e+00
1.747126436781609282e+00
3.839080459770114917e+00
1.034482758620689724e+00
2.689655172413793149e+00
2.770114942528735469e+00
6.034482758620689502e+00
2.620689655172413701e+00
2.919540229885057681e+00
1.310344827586206851e+00
3.632183908045977017e+00
1.183908045977011492e+00
1.091954022988505857e+00
1.827586206896551824e+00
6.494252873563218564e+00
1.218390804597701216e+00
1.241379310344827624e+00
3.735632183908045967e+00
2.206896551724137900e+00
4.827586206896551602e+00
1.218390804597701216e+00
3.137931034482758452e+00
1.356321839080459668e+00
1.517241379310344751e+00
2.735632183908045967e+00
2.229885057471264531e+00
1.126436781609195359e+00
1.310344827586206851e+00
1.643678160919540332e+00
1.551724137931034475e+00
1.390804597701149392e+00
9.080459770114942541e-01
1.885057471264367734e+00
7.804597701149424971e+00
1.022988505747126409e+00
4.218390804597700772e+00
3.160919540229885083e+00
1.574712643678160884e+00
9.425287356321838672e-01
3.183908045977011714e+00
2.413793103448275801e+00
2.632183908045977017e+00
1.057471264367816133e+00
1.149425287356321768e+00
1.160919540229885083e+00
2.356321839080459668e+00
1.080459770114942541e+00
1.770114942528735469e+01
1.022988505747126409e+00
2.080459770114942319e+00
2.448275862068965303e+00
1.620689655172413701e+00
3.172413793103448398e+00
2.505747126436781436e+00
3.321839080459770166e+00
1.540229885057471160e+00
2.793103448275862100e+00
1.333333333333333259e+00
1.114942528735632266e+00
1.000000000000000000e+00
2.264367816091954033e+00
1.517241379310344751e+00
1.160919540229885083e+00
1.367816091954022983e+00
1.333333333333333259e+00
3.448275862068965303e+00
6.701149425287356465e+00
1.632183908045977017e+00
2.862068965517241548e+00
1.149425287356321768e+00
2.068965517241379448e+00
1.160919540229885083e+00
3.402298850574712485e+00
2.448275862068965303e+00
3.057471264367816133e+00
1.367816091954022983e+00
4.505747126436781436e+00
4.758620689655172598e+00
4.103448275862069394e+00
1.494252873563218342e+00
1.724137931034482651e+00
3.505747126436781436e+00
1.977011494252873591e+00
5.551724137931034697e+00
3.275862068965517349e+00
3.356321839080459668e+00
2.057471264367816133e+00
6.517241379310345195e+00
1.275862068965517349e+00
3.506896551724138078e+01
2.306896551724138078e+01
2.551724137931034697e+00
4.954022988505746738e+00
4.913793103448276156e+01
1.512643678160919514e+01
1.187356321839080486e+01
1.091954022988505857e+00
6.839080459770115361e+00
3.650574712643678055e+01
2.598850574712643535e+01
8.889655172413793593e+01
3.241379310344827402e+00
2.758620689655172598e+00
9.885057471264367956e-01
2.505747126436781436e+00
4.459770114942529062e+00
1.241379310344827624e+00
6.310344827586207295e+00
3.666666666666666519e+00
1.229885057471264309e+00
3.965517241379310498e+00
7.482758620689654805e+00
1.297701149425287426e+01
1.977011494252873591e+00
1.057471264367816133e+00
1.390804597701149392e+00
3.137931034482758452e+00
2.195402298850574585e+00
2.356321839080459668e+00
1.965517241379310276e+00
2.126436781609195581e+00
2.701149425287356465e+00
3.471264367816091934e+00
1.149425287356321768e+00
1.160919540229885083e+00
1.390804597701149392e+00
1.770114942528735691e+00
1.586206896551724199e+00
5.747126436781608838e+00
3.241379310344827402e+00
1.080459770114942541e+00
2.149425287356321768e+00
1.517241379310344751e+00
1.126436781609195315e+01
9.310344827586206629e-01
4.402298850574712930e+00
3.413793103448275801e+00
3.264367816091954033e+00
2.329885057471264531e+01
3.954022988505747183e+00
7.954022988505746738e+00
9.586206896551724199e+00
3.263218390804597391e+01
2.471264367816091934e+00
4.839080459770115361e+00
1.275862068965517349e+00
1.149425287356321768e+00
1.804597701149425193e+00
3.666666666666666519e+00
2.471264367816091934e+00
3.436781609195402432e+00
2.459770114942528618e+00
2.425287356321839116e+00
1.678160919540229834e+00
7.172413793103448398e+00
3.643678160919540332e+00
1.793103448275862100e+00
1.540229885057471160e+00
2.068965517241379448e+00
2.620689655172413701e+00
1.781609195402298784e+00
2.954022988505747183e+00
2.905747126436781613e+01
3.463218390804597391e+01
4.977011494252873369e+00
5.678160919540229834e+00
5.948620689655172100e+02
1.341379310344827580e+01
2.850574712643678232e+00
7.908045977011494365e+00
1.494252873563218342e+00
9.770114942528735913e-01
2.277011494252873547e+01
6.689655172413792705e+00
2.586206896551724199e+00
4.693103448275861922e+01
1.485057471264367734e+01
9.436781609195401543e+00
8.344827586206896797e+00
4.243678160919539977e+01
2.289655172413793238e+01
4.275862068965516904e+00
1.020689655172413879e+01
4.448275862068965303e+00
1.425287356321839116e+00
2.310344827586206851e+00
5.724137931034483096e+00
9.574712643678161328e+00
2.151724137931034520e+01
2.609195402298850386e+00
4.413793103448275801e+00
9.494252873563217676e+00
9.471264367816091934e+00
2.277011494252873547e+01
2.636781609195402254e+01
8.344827586206896797e+00
1.875862068965517082e+01
1.643678160919540332e+01
1.356321839080459668e+00
3.655172413793103647e+00
1.103448275862068950e+00
1.017241379310344840e+01
7.091954022988505635e+00
1.920689655172413879e+01
1.756321839080459668e+01
2.517241379310344751e+00
3.252873563218390718e+00
1.816091954022988508e+00
1.666666666666666741e+00
1.747126436781609282e+00
2.275862068965517349e+00
4.321839080459770166e+00
2.563218390804597568e+00
2.712643678160919336e+00
2.034482758620689502e+00
1.413793103448275801e+00
9.264367816091953145e+00
4.804597701149424971e+00
1.029885057471264354e+01
1.712643678160919558e+00
4.540229885057470938e+00
1.701149425287356243e+00
1.781609195402298784e+00
1.402298850574712707e+00
3.183908045977011714e+00
1.678160919540229834e+00
2.114942528735632266e+00
2.554022988505747094e+01
1.919540229885057459e+00
3.793103448275862100e+00
4.321839080459770166e+00
6.298850574712643535e+00
1.241379310344827624e+00
2.000000000000000000e+00
1.300000000000000000e+01
1.448275862068965525e+00
4.747126436781608838e+00
6.724137931034483096e+00
1.011034482758620641e+02
3.390804597701149614e+00
1.436781609195402210e+00
2.693367816091953955e+03
7.885057471264367734e+00
4.685057471264367734e+01
4.010344827586207117e+01
5.540229885057470938e+00
2.988505747126436685e+00
3.919540229885057681e+00
1.310344827586206851e+00
2.160919540229885083e+00
3.666666666666666519e+00
1.287356321839080442e+00
2.448275862068965303e+00
1.218505747126436773e+02
4.396551724137930961e+01
1.087356321839080486e+01
2.910344827586206762e+01
1.647126436781609371e+01
4.988505747126437129e+00
2.858620689655172242e+01
1.287356321839080442e+00
9.057471264367816133e+00
2.310344827586206851e+00
1.586206896551724199e+00
5.678160919540229834e+00
4.758620689655172598e+00
2.827586206896551602e+00
2.471264367816091934e+00
3.896551724137931050e+00
1.449425287356321768e+01
2.068965517241379448e+00
1.573563218390804685e+01
9.425287356321838672e-01
5.229885057471264531e+00
1.747126436781609282e+00
2.597701149425287515e+00
4.275862068965516904e+00
6.781609195402299228e+00
7.816091954022988730e+00
2.655172413793103647e+00
1.931034482758620641e+01
1.005747126436781613e+01
2.160919540229885083e+00
6.103448275862069394e+00
3.413793103448275801e+00
7.311494252873562516e+01
6.241379310344827402e+00
7.149425287356321768e+00
1.149425287356321768e+00
3.025287356321839027e+01
6.827586206896551602e+00
4.068965517241379004e+00
5.712643678160919336e+00
2.194252873563218387e+01
1.689655172413793149e+00
1.126436781609195359e+00
1.402298850574712707e+00
3.344827586206896353e+00
2.264367816091954033e+00
2.724137931034482651e+00
1.448275862068965525e+00
1.264367816091954033e+00
1.080459770114942541e+00
2.482758620689655249e+00
1.850574712643678232e+00
1.655172413793103425e+00
1.448275862068965525e+00
9.712643678160919336e+00
1.229885057471264309e+00
3.402298850574712485e+00
1.160919540229885083e+00
2.528735632183908066e+00
1.413793103448275801e+00
2.126436781609195581e+00
1.045977011494252817e+00
4.137931034482758896e+00
2.528735632183908066e+00
4.574712643678161328e+00
1.528735632183908066e+00
2.264367816091954033e+00
2.643678160919540332e+00
3.080459770114942319e+00
4.758620689655172598e+00
3.494252873563218564e+00
1.367816091954022983e+00
1.666666666666666741e+00
1.287356321839080442e+00
1.091954022988505857e+00
1.068965517241379226e+00
1.068965517241379226e+00
1.770114942528735691e+00
1.885057471264367734e+00
1.977011494252873591e+00
1.218390804597701216e+00
1.887356321839080309e+01
1.597701149425287293e+00
1.264367816091954033e+00
1.310344827586206851e+00
2.172413793103448398e+00
1.965517241379310276e+00
3.229885057471264531e+00
3.689655172413793149e+00
1.540229885057471160e+00
3.298850574712643535e+00
1.701149425287356243e+00
2.091954022988505635e+00
9.919540229885058125e+00
2.034482758620689502e+00
3.770114942528735469e+00
1.310344827586206851e+00
6.793103448275862100e+00
1.643678160919540332e+00
1.020689655172413879e+01
7.896551724137930606e+00
5.954022988505746738e+00
9.770114942528735469e+00
3.574712643678160884e+00
2.471264367816091934e+00
3.244827586206896797e+01
1.967931034482758719e+02
1.333333333333333393e+01
3.816091954022988286e+00
3.210344827586207117e+01
6.793103448275862100e+00
3.275862068965517349e+00
4.540229885057470938e+00
2.517241379310344751e+00
6.666666666666666963e+00
2.822988505747126453e+01
1.496551724137930961e+01
8.885057471264367734e+00
8.189655172413793593e+01
2.565517241379310320e+01
6.701149425287356465e+00
3.928735632183907711e+01
1.413793103448275801e+00
2.808045977011494188e+01
7.701149425287356465e+00
8.977011494252873547e+01
5.448275862068965303e+00
3.382758620689655515e+01
2.379310344827586121e+01
1.498850574712643713e+01
3.804597701149425415e+00
5.551724137931034697e+00
2.735632183908045967e+00
1.563218390804597790e+00
1.448275862068965525e+00
2.160919540229885083e+00
2.091954022988505635e+00
1.517241379310344751e+00
1.954022988505747183e+00
2.080459770114942319e+00
1.287356321839080442e+00
2.091954022988505635e+00
6.919540229885057236e+00
1.643678160919540332e+00
2.574712643678160884e+00
1.517241379310344751e+00
8.298850574712643535e+00
2.965517241379310498e+00
4.137931034482758896e+00
3.977011494252873369e+00
1.701149425287356243e+00
1.988505747126436685e+00
2.655172413793103647e+00
2.275862068965517349e+00
8.413793103448275801e+00
2.945632183908045931e+02
4.241379310344827402e+00
1.758620689655172376e+00
4.988505747126437129e+00
1.724137931034482651e+00
1.100689655172413808e+02
2.563218390804597568e+00
3.954022988505747183e+00
2.333333333333333481e+00
5.712643678160919336e+00
2.057471264367816133e+00
1.287356321839080442e+00
2.908045977011494365e+00
2.183908045977011714e+00
1.172413793103448176e+00
1.057471264367816133e+00
3.758620689655172598e+00
1.206896551724137900e+00
9.655172413793103869e-01
1.839080459770114917e+00
5.908045977011494365e+00
1.563218390804597790e+00
9.655172413793103869e-01
1.333333333333333259e+00
2.563218390804597568e+00
1.655172413793103425e+00
1.666666666666666741e+00
1.195402298850574807e+00
1.436781609195402210e+00
1.122988505747126453e+01
1.635632183908046144e+01
1.587356321839080486e+01
3.659770114942529062e+01
1.666666666666666741e+00
1.287356321839080442e+00
1.942528735632183867e+00
6.413793103448275801e+00
1.505747126436781658e+00
2.977011494252873369e+00
1.701149425287356243e+00
1.896551724137931050e+00
1.229885057471264309e+00
7.241379310344827624e-01
1.287356321839080442e+00
3.471264367816091934e+00
5.528735632183908066e+00
1.528735632183908066e+00
1.103448275862068950e+00
1.126436781609195359e+00
2.919540229885057681e+00
1.413793103448275801e+00
1.229885057471264309e+00
4.586206896551724199e+00
4.517241379310345195e+00
1.103448275862068950e+00
2.758620689655172598e+00
1.264367816091954033e+00
2.896551724137931050e+00
9.770114942528735913e-01
2.068965517241379448e+00
1.287356321839080442e+00
9.425287356321838672e-01
6.379310344827586299e+00
3.528735632183908066e+00
5.862068965517241104e+00
6.298850574712643535e+00
1.620689655172413701e+00
1.839080459770114917e+00
1.000000000000000000e+00
1.011494252873563315e+00
1.034482758620689724e+00
3.275862068965517349e+00
1.114942528735632266e+00
2.885057471264367734e+00
2.011494252873563315e+00
2.344827586206896353e+00
1.908045977011494143e+00
1.206896551724137900e+00
2.885057471264367734e+00
1.793103448275862100e+00
4.770114942528735469e+00
2.183908045977011714e+00
1.126436781609195359e+00
2.517241379310344751e+00
3.988505747126436685e+00
1.816091954022988508e+00
2.436781609195402432e+00
4.551724137931034697e+00
1.022988505747126409e+00
5.471264367816091934e+00
1.034482758620689724e+00
1.402298850574712707e+00
1.724137931034482651e+00
1.241379310344827624e+00
1.241379310344827624e+00
2.574712643678160884e+00
1.080459770114942541e+00
1.118390804597701127e+01
2.149425287356321768e+00
2.114942528735632266e+00
1.712643678160919558e+00
1.390804597701149392e+00
3.586206896551724199e+00
2.310344827586206851e+00
7.264367816091954033e+00
8.620689655172413257e-01
9.195402298850574585e-01
1.413793103448275801e+00
9.655172413793103869e-01
9.540229885057470716e-01
1.310344827586206851e+00
1.149425287356321768e+00
6.413793103448275801e+00
4.080459770114942764e+00
1.597701149425287293e+00
1.091954022988505857e+00
1.252873563218390718e+00
1.218390804597701216e+00
1.781609195402298784e+00
1.022988505747126409e+00
1.770114942528735691e+00
3.091954022988505635e+00
3.632183908045977017e+00
1.289655172413793061e+01
1.908045977011494143e+00
1.091954022988505857e+00
1.114942528735632266e+00
9.540229885057470716e-01
1.264367816091954033e+00
1.333333333333333259e+00
1.850574712643678232e+00
1.034482758620689724e+00
1.183908045977011492e+00
1.000000000000000000e+00
9.080459770114942541e-01
1.310344827586206851e+00
3.057471264367816133e+00
2.206896551724137900e+00
9.425287356321838672e-01
3.160919540229885083e+00
9.310344827586206629e-01
1.218390804597701216e+00
1.563218390804597790e+00
1.793103448275862100e+00
7.172413793103448398e+00
1.183908045977011492e+00
1.287356321839080442e+00
1.517241379310344751e+00
1.367816091954022983e+00
1.149425287356321768e+00
1.448275862068965525e+00
5.942528735632183867e+00
4.885057471264367734e+00
1.597701149425287293e+00
4.459770114942529062e+00
1.804597701149425193e+00
2.413793103448275801e+00
8.781609195402298340e+00
1.264367816091954033e+00
2.620689655172413701e+00
5.206896551724137900e+00
1.206896551724137900e+00
8.850574712643678454e-01
1.041379310344827580e+01
1.057471264367816133e+00
4.839080459770115361e+00
1.183908045977011492e+00
1.827586206896551824e+00
1.505747126436781658e+00
1.574712643678160884e+00
1.563218390804597790e+00
1.977011494252873591e+00
3.379310344827586299e+00
9.425287356321838672e-01
2.505747126436781436e+00
1.045977011494252817e+00
3.931034482758620552e+00
1.402298850574712707e+00
1.060919540229884994e+01
1.103448275862068950e+00
1.551724137931034475e+00
6.551724137931034697e+00
1.252873563218390718e+00
1.264367816091954033e+00
1.597701149425287293e+00
8.850574712643677344e+00
1.195402298850574807e+00
2.758620689655172598e+00
1.264367816091954033e+00
1.425287356321839116e+00
1.103448275862068950e+00
1.137931034482758674e+00
1.298850574712643757e+00
2.862068965517241548e+00
1.448275862068965525e+00
2.540229885057471382e+00
1.781609195402298784e+00
3.379310344827586299e+00
2.298850574712643535e+00
1.137931034482758674e+00
1.091954022988505857e+00
4.436781609195402432e+00
5.988505747126437129e+00
1.091954022988505857e+00
2.206896551724137900e+00
1.229885057471264309e+00
2.609195402298850386e+00
1.068965517241379226e+00
1.149425287356321768e+00
2.183908045977011714e+00
1.000000000000000000e+00
4.080459770114942764e+00
8.505747126436781214e-01
1.195402298850574807e+00
1.009195402298850652e+01
3.287356321839080664e+00
1.505747126436781658e+00
3.425287356321839116e+00
1.367816091954022983e+00
4.563218390804597568e+00
2.206896551724137900e+00
1.632183908045977017e+00
3.505747126436781436e+00
2.528735632183908066e+00
9.885057471264367956e-01
6.402298850574712930e+00
1.781609195402298784e+00
2.091954022988505635e+00
1.091954022988505857e+00
1.091954022988505857e+00
1.218390804597701216e+00
1.045977011494252817e+00
9.885057471264367956e-01
1.091954022988505857e+00
1.206896551724137900e+00
2.000000000000000000e+00
1.344827586206896575e+00
4.172413793103448398e+00
2.103448275862068950e+00
9.540229885057470716e-01
1.367816091954022983e+00
1.310344827586206851e+00
2.126436781609195581e+00
1.574712643678160884e+00
2.218390804597701216e+00
1.022988505747126409e+00
7.390804597701149170e+00
5.149425287356321768e+00
1.045977011494252817e+00
1.827586206896551824e+00
2.919540229885057681e+00
1.459770114942528840e+00
4.689655172413792705e+00
4.643678160919540332e+00
9.425287356321838672e-01
1.356321839080459668e+00
2.137931034482758452e+00
1.724137931034482651e+00
3.195402298850574585e+00
3.712643678160919336e+00
2.551724137931034697e+00
4.080459770114942764e+00
2.233333333333333215e+01
1.068965517241379226e+00
7.114942528735632266e+00
1.103448275862068950e+00
9.080459770114942541e-01
1.057471264367816133e+00
1.068965517241379226e+00
1.379310344827586299e+00
3.206896551724137900e+00
1.034482758620689724e+00
4.528735632183908066e+00
1.195402298850574807e+00
1.333333333333333259e+00
1.758620689655172376e+00
9.425287356321838672e-01
1.206896551724137900e+00
1.666666666666666741e+00
2.000000000000000000e+00
2.390804597701149614e+00
4.678160919540229834e+00
2.436781609195402432e+00
2.609195402298850386e+00
8.965517241379310498e-01
3.114942528735632266e+00
1.103448275862068950e+00
1.011494252873563315e+00
1.264367816091954033e+00
3.390804597701149614e+00
2.471264367816091934e+00
1.505747126436781658e+00
9.885057471264367956e-01
1.551724137931034475e+00
5.839080459770115361e+00
2.517241379310344751e+00
1.678160919540229834e+00
2.287356321839080664e+00
1.229885057471264309e+00
2.068965517241379448e+00
2.045977011494252817e+00
1.425287356321839116e+00
5.701149425287356465e+00
2.988505747126436685e+00
1.471264367816091934e+00
1.781609195402298784e+00
1.022988505747126409e+00
2.045977011494252817e+00
1.712643678160919558e+00
1.574712643678160884e+00
2.517241379310344751e+00
1.252873563218390718e+00
2.057471264367816133e+00
1.264367816091954033e+00
1.758620689655172376e+00
1.333333333333333259e+00
2.011494252873563315e+00
9.655172413793103869e-01
9.540229885057470716e-01
2.160919540229885083e+00
1.597701149425287293e+00
1.344827586206896575e+00
9.425287356321838672e-01
2.034482758620689502e+00
1.517241379310344751e+00
2.344827586206896353e+00
1.045977011494252817e+00
1.321839080459770166e+00
2.574712643678160884e+00
1.011494252873563315e+00
1.310344827586206851e+00
1.574712643678160884e+00
1.172413793103448176e+00
2.149425287356321768e+00
7.080459770114942764e+00
1.229885057471264309e+00
3.241379310344827402e+00
3.908045977011494365e+00
1.160919540229885083e+00
1.862068965517241326e+00
3.551724137931034697e+00
2.471264367816091934e+00
2.264367816091954033e+00
2.678160919540229834e+00
1.344827586206896575e+00
5.586206896551724199e+00
1.160919540229885083e+00
1.275862068965517349e+00
2.172413793103448398e+00
9.816091954022988730e+00
2.839080459770114917e+00
9.770114942528735913e-01
2.114942528735632266e+00
2.275862068965517349e+00
1.045977011494252817e+00
4.367816091954023427e+00
1.310344827586206851e+00
1.574712643678160884e+00
2.333333333333333481e+00
4.275862068965516904e+00
1.885057471264367734e+00
9.195402298850574585e-01
2.114942528735632266e+00
1.183908045977011492e+00
1.298850574712643757e+00
2.609195402298850386e+00
1.459770114942528840e+00
1.321839080459770166e+00
1.390804597701149392e+00
2.114942528735632266e+00
1.528735632183908066e+00
1.155172413793103381e+01
1.468965517241379359e+01
1.034482758620689724e+00
2.045977011494252817e+00
1.402298850574712707e+00
1.494252873563218342e+00
2.321839080459770166e+00
1.114942528735632266e+00
4.068965517241379004e+00
2.160919540229885083e+00
4.758620689655172598e+00
2.091954022988505635e+00
1.000000000000000000e+00
1.781609195402298784e+00
5.390804597701149170e+00
1.839080459770114917e+00
7.011494252873562871e+00
1.735632183908045967e+00
1.402298850574712707e+00
1.390804597701149392e+00
1.057471264367816133e+00
4.022988505747126631e+00
1.517241379310344751e+00
1.781609195402298784e+00
1.402298850574712707e+00
8.620689655172413257e-01
1.000000000000000000e+00
8.965517241379310498e-01
7.459770114942529062e+00
1.309195402298850652e+01
2.160919540229885083e+00
1.517241379310344751e+00
3.597701149425287515e+00
1.206896551724137900e+00
9.425287356321838672e-01
1.459770114942528840e+00
7.735632183908045967e+00
1.034482758620689724e+00
3.402298850574712485e+00
1.597701149425287293e+00
1.172413793103448176e+00
1.425287356321839116e+00
6.551724137931034697e+00
1.172413793103448176e+00
4.666666666666666963e+00
1.114942528735632266e+00
2.908045977011494365e+00
5.528735632183908066e+00
3.183908045977011714e+00
2.770114942528735469e+00
1.505747126436781658e+00
1.195402298850574807e+00
2.172413793103448398e+00
9.655172413793103869e-01
2.275862068965517349e+00
2.275862068965517349e+00
2.770114942528735469e+00
3.540229885057471382e+00
2.367816091954022983e+00
6.402298850574712930e+00
2.068965517241379448e+00
9.080459770114942541e-01
1.218390804597701216e+00
1.057471264367816133e+00
2.770114942528735469e+00
1.620689655172413701e+00
2.022988505747126631e+00
1.793103448275862100e+00
2.264367816091954033e+00
2.298850574712643535e+00
4.367816091954023427e+00
1.942528735632183867e+00
1.563218390804597790e+00
4.229885057471264531e+00
4.816091954022988730e+00
9.655172413793103869e-01
1.632183908045977017e+00
1.839080459770114917e+00
2.425287356321839116e+00
1.379310344827586299e+00
1.080459770114942541e+00
2.494252873563218564e+00
1.609195402298850608e+00
1.321839080459770166e+00
1.022988505747126409e+00
3.321839080459770166e+00
1.873563218390804641e+00
4.000000000000000000e+00
7.045977011494253262e+00
1.321839080459770166e+00
1.298850574712643757e+00
4.310344827586207295e+00
1.850574712643678232e+00
1.758620689655172376e+00
1.620689655172413701e+00
1.206896551724137900e+00
8.735632183908046411e-01
1.735632183908045967e+00
1.333333333333333259e+00
1.896551724137931050e+00
8.505747126436782324e+00
3.310344827586206851e+00
1.816091954022988508e+00
1.643678160919540332e+00
1.206896551724137900e+00
3.195402298850574585e+00
2.425287356321839116e+00
1.149425287356321768e+00
9.425287356321838672e-01
3.896551724137931050e+00
9.885057471264367956e-01
3.390804597701149614e+00
1.505747126436781658e+00
1.068965517241379226e+00
1.402298850574712707e+00
7.448275862068965303e+00
2.080459770114942319e+00
2.804597701149425415e+00
1.206896551724137900e+00
1.977011494252873591e+00
1.310344827586206851e+00
2.390804597701149614e+00
8.287356321839080664e+00
1.057471264367816133e+00
1.540229885057471160e+00
1.011494252873563315e+00
2.678160919540229834e+00
1.908045977011494143e+00
2.252873563218390718e+00
1.574712643678160884e+00
1.122988505747126453e+01
1.367816091954022983e+00
5.459770114942529062e+00
3.747126436781609282e+00
1.885057471264367734e+00
1.325287356321839027e+01
7.160919540229884639e+00
1.701149425287356243e+00
1.264367816091954033e+00
9.885057471264367956e-01
1.310344827586206851e+00
2.149425287356321768e+00
1.816091954022988508e+00
1.000000000000000000e+00
1.643678160919540332e+00
1.344827586206896575e+00
1.183908045977011492e+00
9.195402298850574585e-01
4.505747126436781436e+00
2.275862068965517349e+00
9.425287356321838672e-01
1.735632183908045967e+00
2.183908045977011714e+00
7.609195402298850830e+00
1.494252873563218342e+00
1.137931034482758674e+00
1.195402298850574807e+00
3.839080459770114917e+00
1.256321839080459846e+01
1.747126436781609282e+00
2.977011494252873369e+00
2.000000000000000000e+00
2.977011494252873369e+00
1.448275862068965525e+00
1.816091954022988508e+00
1.942528735632183867e+00
1.137931034482758674e+00
1.643678160919540332e+00
1.528735632183908066e+00
3.885057471264367734e+00
3.965517241379310498e+00
1.034482758620689724e+00
1.103448275862068950e+00
8.505747126436781214e-01
8.264367816091953145e+00
9.770114942528735913e-01
2.620689655172413701e+00
1.022988505747126409e+00
4.425287356321838672e+00
4.988505747126437129e+00
1.942528735632183867e+00
1.850574712643678232e+00
1.390804597701149392e+00
1.563218390804597790e+00
1.195402298850574807e+00
2.195402298850574585e+00
1.965517241379310276e+00
1.333333333333333259e+00
1.298850574712643757e+00
1.091954022988505857e+00
2.528735632183908066e+00
1.873563218390804641e+00
1.551724137931034475e+00
1.839080459770114917e+00
2.206896551724137900e+00
1.666666666666666741e+00
7.172413793103448398e+00
1.218390804597701216e+00
1.885057471264367734e+00
1.632183908045977017e+00
7.126436781609195137e+00
1.172413793103448176e+00
3.517241379310344751e+00
1.448275862068965525e+00
4.988505747126437129e+00
1.183908045977011492e+00
1.586206896551724199e+00
5.045977011494253262e+00
3.712643678160919336e+00
3.425287356321839116e+00
1.436781609195402210e+00
4.356321839080459668e+00
1.494252873563218342e+00
1.627586206896551602e+01
4.988505747126437129e+00
1.632183908045977017e+00
1.011494252873563315e+00
1.517241379310344751e+00
1.919540229885057459e+00
4.241379310344827402e+00
1.666666666666666741e+00
1.183908045977011492e+00
4.517241379310345195e+00
1.252873563218390718e+00
1.862068965517241326e+00
1.540229885057471160e+00
1.275862068965517349e+00
1.367816091954022983e+00
2.620689655172413701e+00
2.931034482758620552e+00
2.517241379310344751e+00
2.195402298850574585e+00
1.586206896551724199e+00
3.517241379310344751e+00
4.758620689655172598e+00
3.241379310344827402e+00
1.402298850574712707e+00
2.344827586206896353e+00
1.712643678160919558e+00
1.022988505747126409e+00
2.597701149425287515e+00
3.448275862068965303e+00
3.000000000000000000e+00
2.022988505747126631e+00
8.505747126436781214e-01
1.275862068965517349e+00
1.643678160919540332e+00
1.781609195402298784e+00
1.609195402298850608e+00
1.000000000000000000e+00
9.770114942528735913e-01
1.264367816091954033e+00
5.954022988505746738e+00
3.057471264367816133e+00
1.206896551724137900e+00
9.540229885057470716e-01
1.887356321839080309e+01
1.632183908045977017e+00
2.091954022988505635e+00
1.080459770114942541e+00
1.885057471264367734e+00
1.459770114942528840e+00
1.885057471264367734e+00
7.183908045977011270e+00
1.482758620689655249e+00
1.160919540229885083e+00
1.252873563218390718e+00
2.574712643678160884e+00
3.528735632183908066e+00
1.505747126436781658e+00
2.471264367816091934e+00
1.678160919540229834e+00
1.264367816091954033e+00
3.586206896551724199e+00
9.310344827586206629e-01
3.436781609195402432e+00
1.247126436781609193e+01
9.770114942528735913e-01
3.218390804597701216e+00
9.195402298850574585e-01
1.298850574712643757e+00
1.183908045977011492e+00
1.586206896551724199e+00
7.195402298850575029e+00
2.436781609195402432e+00
1.620689655172413701e+00
2.563218390804597568e+00
1.160919540229885083e+00
1.310344827586206851e+00
2.724137931034482651e+00
1.206896551724137900e+00
2.241379310344827402e+00
1.264367816091954033e+00
1.137931034482758674e+00
1.034482758620689724e+00
7.563218390804597568e+00
1.666666666666666741e+00
1.022988505747126409e+00
8.850574712643678454e-01
1.011494252873563315e+00
3.103448275862068950e+00
1.367816091954022983e+00
2.551724137931034697e+00
9.402298850574712930e+00
1.091954022988505857e+00
1.448275862068965525e+00
6.080459770114942764e+00
1.126436781609195359e+00
1.275862068965517349e+00
1.632183908045977017e+00
1.804597701149425193e+00
6.896551724137930606e+00
4.000000000000000000e+00
1.149425287356321768e+00
1.137931034482758674e+00
2.586206896551724199e+00
3.000000000000000000e+00
1.655172413793103425e+00
7.540229885057470938e+00
5.586206896551724199e+00
1.068965517241379226e+00
3.620689655172413701e+00
1.402298850574712707e+00
2.517241379310344751e+00
1.218390804597701216e+00
4.390804597701149170e+00
1.678160919540229834e+00
2.045977011494252817e+00
2.114942528735632266e+00
8.816091954022988730e+00
1.804597701149425193e+00
5.160919540229884639e+00
1.091954022988505857e+00
1.103448275862068950e+00
2.229885057471264531e+00
4.758620689655172598e+00
1.045977011494252817e+00
2.011494252873563227e+01
1.022988505747126409e+00
2.666666666666666519e+00
1.804597701149425193e+00
1.172413793103448176e+00
2.367816091954022983e+00
1.609195402298850608e+00
2.114942528735632266e+00
1.241379310344827624e+00
2.172413793103448398e+00
1.494252873563218342e+00
1.954022988505747183e+00
2.091954022988505635e+00
3.804597701149425415e+00
1.287356321839080442e+00
1.482758620689655249e+00
3.183908045977011714e+00
1.482758620689655249e+00
1.103448275862068950e+00
1.839080459770114917e+00
1.137931034482758674e+00
2.931034482758620552e+00
4.655172413793103203e+00
1.597701149425287293e+00
1.908045977011494143e+00
2.298850574712643535e+00
3.275862068965517349e+00
6.689655172413792705e+00
1.011494252873563315e+00
2.597701149425287515e+00
2.448275862068965303e+00
3.034482758620689502e+00
2.678160919540229834e+00
1.068965517241379226e+00
2.057471264367816133e+00
2.264367816091954033e+00
3.275862068965517349e+00
9.425287356321838672e-01
2.977011494252873369e+00
1.310344827586206851e+00
3.942528735632183867e+00
3.206896551724137900e+00
1.712643678160919558e+00
2.103448275862068950e+00
2.471264367816091934e+00
1.057471264367816133e+00
1.563218390804597790e+00
1.540229885057471160e+00
2.057471264367816133e+00
1.137931034482758674e+00
1.011494252873563315e+00
1.126436781609195359e+00
6.597701149425287070e+00
1.586206896551724199e+00
3.494252873563218564e+00
3.735632183908045967e+00
1.597701149425287293e+00
2.298850574712643535e+00
1.425287356321839116e+00
1.735632183908045967e+00
8.735632183908046411e-01
3.459770114942528618e+00
1.827586206896551824e+00
1.298850574712643757e+00
1.172413793103448176e+00
1.206896551724137900e+00
7.390804597701149170e+00
1.898850574712643535e+01
1.114942528735632266e+00
2.471264367816091934e+00
4.034482758620689502e+00
5.816091954022988730e+00
7.827586206896551602e+00
1.609195402298850608e+00
1.643678160919540332e+00
1.160919540229885083e+00
1.045977011494252817e+00
1.137931034482758674e+00
2.367816091954022983e+00
1.298850574712643757e+00
4.551724137931034697e+00
2.919540229885057681e+00
1.344827586206896575e+00
2.390804597701149614e+00
2.195402298850574585e+00
3.022988505747126631e+00
3.045977011494252817e+00
1.160919540229885083e+00
2.229885057471264531e+00
9.425287356321838672e-01
3.206896551724137900e+00
1.666666666666666741e+00
9.655172413793103869e-01
3.402298850574712485e+00
1.931034482758620774e+00
1.034482758620689724e+00
1.126436781609195359e+00
3.701149425287356465e+00
1.103448275862068950e+00
1.862068965517241326e+00
3.597701149425287515e+00
1.252873563218390718e+00
1.366666666666666607e+01
1.540229885057471160e+00
1.022988505747126409e+00
3.413793103448275801e+00
1.712643678160919558e+00
1.091954022988505857e+00
6.942528735632183867e+00
1.379310344827586121e+01
1.827586206896551824e+00
9.885057471264367956e-01
5.241379310344827402e+00
3.712643678160919336e+00
6.126436781609195137e+00
1.149425287356321768e+00
1.183908045977011492e+00
1.264367816091954033e+00
1.988505747126436685e+00
1.655172413793103425e+00
1.620689655172413701e+00
2.137931034482758452e+00
1.241379310344827624e+00
2.298850574712643535e+00
2.034482758620689502e+00
1.275862068965517349e+00
1.402298850574712707e+00
1.183908045977011492e+00
3.011494252873563315e+00
1.988505747126436685e+00
1.183908045977011492e+00
1.275862068965517349e+00
5.689655172413792705e+00
2.310344827586206851e+00
2.333333333333333481e+00
2.804597701149425415e+00
1.057471264367816133e+00
1.459770114942528840e+00
8.505747126436781214e-01
1.425287356321839116e+00
2.022988505747126631e+00
1.287356321839080442e+00
2.965517241379310498e+00
9.770114942528735913e-01
1.195402298850574807e+00
1.597701149425287293e+00
1.965517241379310276e+00
2.643678160919540332e+00
2.034482758620689502e+00
1.942528735632183867e+00
2.000000000000000000e+00
1.218390804597701216e+00
1.080459770114942541e+00
2.218390804597701216e+00
1.183908045977011492e+00
2.781609195402298784e+00
3.183908045977011714e+00
1.137931034482758674e+00
9.540229885057470716e-01
1.586206896551724199e+00
1.540229885057471160e+00
4.931034482758620996e+00
4.666666666666666963e+00
1.091954022988505857e+00
9.080459770114942541e-01
1.597701149425287293e+00
1.505747126436781658e+00
3.517241379310344751e+00
4.275862068965516904e+00
1.195402298850574807e+00
1.057471264367816133e+00
2.126436781609195581e+00
1.643678160919540332e+00
8.367816091954022539e+00
2.413793103448275801e+00
1.758620689655172376e+00
1.241379310344827624e+00
7.873563218390804863e+00
1.160919540229885083e+00
7.413793103448275801e+00
2.885057471264367734e+00
1.241379310344827624e+00
1.471264367816091934e+00
2.402298850574712485e+00
1.834482758620689680e+01
1.367816091954022983e+00
1.020689655172413879e+01
1.724137931034482651e+00
1.137931034482758674e+00
1.563218390804597790e+00
1.528735632183908066e+00
2.793103448275862100e+00
3.011494252873563315e+00
1.666666666666666741e+00
2.137931034482758452e+00
1.183908045977011492e+00
1.517241379310344751e+00
5.494252873563218564e+00
3.482758620689655249e+00
1.655172413793103425e+00
9.505747126436782324e+00
1.839080459770114917e+00
1.218390804597701216e+00
1.919540229885057459e+00
1.551724137931034475e+00
1.000000000000000000e+00
1.241379310344827624e+00
1.781609195402298784e+00
3.206896551724137900e+00
1.071264367816091934e+01
1.229885057471264309e+00
1.091954022988505857e+00
1.827586206896551824e+00
2.068965517241379448e+00
1.195402298850574807e+00
2.034482758620689502e+00
1.022988505747126409e+00
3.275862068965517349e+00
1.229885057471264309e+00
2.034482758620689502e+00
2.816091954022988286e+00
9.551724137931033809e+00
1.494252873563218342e+00
2.045977011494252817e+00
1.344827586206896575e+00
1.172413793103448176e+00
1.712643678160919558e+00
2.379310344827586299e+00
1.609195402298850608e+00
9.770114942528735913e-01
2.091954022988505635e+00
3.436781609195402432e+00
1.195402298850574807e+00
1.873563218390804641e+00
1.091954022988505857e+00
2.735632183908045967e+00
1.126436781609195359e+00
1.459770114942528840e+00
1.747126436781609282e+00
1.873563218390804641e+00
9.839080459770114473e+00
2.804597701149425415e+00
1.425287356321839116e+00
1.059770114942528707e+01
1.128735632183908066e+01
1.931034482758620774e+00
5.540229885057470938e+00
5.321839080459770166e+00
5.413793103448275801e+00
2.080459770114942319e+00
1.057471264367816133e+00
1.218390804597701216e+00
1.988505747126436685e+00
2.045977011494252817e+00
3.149425287356321768e+00
3.183908045977011714e+00
2.459770114942528618e+00
6.356321839080459668e+00
9.655172413793103869e-01
1.298850574712643757e+00
1.885057471264367734e+00
3.091954022988505635e+00
1.689655172413793149e+00
7.747126436781608838e+00
1.218390804597701216e+00
1.114942528735632266e+00
5.149425287356321768e+00
2.045977011494252817e+00
1.344827586206896575e+00
1.804597701149425193e+00
1.103448275862068950e+00
3.114942528735632266e+00
5.977011494252873369e+00
2.275862068965517349e+00
4.574712643678161328e+00
3.413793103448275801e+00
1.022988505747126409e+00
1.080459770114942541e+00
3.344827586206896353e+00
1.712643678160919558e+00
1.080459770114942541e+00
2.172413793103448398e+00
2.540229885057471382e+00
2.666666666666666519e+00
2.977011494252873369e+00
3.965517241379310498e+00
1.945977011494252906e+01
1.505747126436781658e+00
4.528735632183908066e+00
2.287356321839080664e+00
2.459770114942528618e+00
1.126436781609195359e+00
2.022988505747126631e+00
1.068965517241379226e+00
2.344827586206896353e+00
3.770114942528735469e+00
1.195402298850574807e+00
9.885057471264367956e-01
2.551724137931034697e+00
1.770114942528735691e+00
1.008045977011494188e+01
1.402298850574712707e+00
1.287356321839080442e+00
1.252873563218390718e+00
2.045977011494252817e+00
1.563218390804597790e+00
1.620689655172413701e+00
5.517241379310345195e+00
1.540229885057471160e+00
1.321839080459770166e+00
1.850574712643678232e+00
3.022988505747126631e+00
1.057471264367816133e+00
1.252873563218390718e+00
1.000000000000000000e+00
1.850574712643678232e+00
1.666666666666666741e+00
5.942528735632183867e+00
1.643678160919540332e+00
1.045977011494252817e+00
7.183908045977011270e+00
4.287356321839080664e+00
1.701149425287356243e+00
1.597701149425287293e+00
6.459770114942529062e+00
1.241379310344827624e+00
1.114942528735632266e+00
1.793103448275862100e+00
9.540229885057470716e-01
3.310344827586206851e+00
2.827586206896551602e+00
1.287356321839080442e+00
2.287356321839080664e+00
1.678160919540229834e+00
3.206896551724137900e+00
1.563218390804597790e+00
2.045977011494252817e+00
9.770114942528735913e-01
4.735632183908045967e+00
2.091954022988505635e+00
5.781609195402299228e+00
1.103448275862068950e+00
1.834482758620689680e+01
8.965517241379310498e-01
6.126436781609195137e+00
1.091954022988505857e+00
2.448275862068965303e+00
9.770114942528735913e-01
1.586206896551724199e+00
2.033333333333333215e+01
6.632183908045976573e+00
6.609195402298850830e+00
1.724137931034482651e+00
1.045977011494252817e+00
2.540229885057471382e+00
1.229885057471264309e+00
2.390804597701149614e+00
2.896551724137931050e+00
2.000000000000000000e+00
3.643678160919540332e+00
1.344827586206896575e+00
8.252873563218390274e+00
7.195402298850575029e+00
1.367816091954022983e+00
2.321839080459770166e+00
1.574712643678160884e+00
1.103448275862068950e+00
3.563218390804597568e+00
1.091954022988505857e+00
1.091954022988505857e+00
1.379310344827586299e+00
9.885057471264367956e-01
7.057471264367816133e+00
2.000000000000000000e+00
9.540229885057470716e-01
2.152873563218390629e+01
1.379310344827586299e+00
1.356321839080459668e+00
3.379310344827586299e+00
1.195402298850574807e+00
1.310344827586206851e+00
2.666666666666666519e+00
5.563218390804597568e+00
2.068965517241379448e+00
1.402298850574712707e+00
9.540229885057470716e-01
2.574712643678160884e+00
1.206896551724137900e+00
2.632183908045977017e+00
1.735632183908045967e+00
1.206896551724137900e+00
1.321839080459770166e+00
2.287356321839080664e+00
1.022988505747126409e+00
1.080459770114942541e+00
9.321839080459769278e+00
9.885057471264367956e-01
1.988505747126436685e+00
5.252873563218391162e+00
1.379310344827586299e+00
8.965517241379310498e-01
1.586206896551724199e+00
1.080459770114942541e+00
1.091954022988505857e+00
2.229885057471264531e+00
1.287356321839080442e+00
1.528735632183908066e+00
3.390804597701149614e+00
2.609195402298850386e+00
1.563218390804597790e+00
1.022988505747126409e+00
1.149425287356321768e+00
6.747126436781608838e+00
1.655172413793103425e+00
2.678160919540229834e+00
1.149425287356321768e+00
2.310344827586206851e+00
1.241379310344827624e+00
1.160919540229885083e+00
7.091954022988505635e+00
1.264367816091954033e+00
9.770114942528735913e-01
1.839080459770114917e+00
6.517241379310345195e+00
1.942528735632183867e+00
5.068965517241379004e+00
1.804597701149425193e+00
1.000000000000000000e+00
9.885057471264367956e-01
9.425287356321838672e-01
1.482758620689655249e+00
2.448275862068965303e+00
1.632183908045977017e+00
1.025287356321839027e+01
3.770114942528735469e+00
9.310344827586206629e-01
2.402298850574712485e+00
2.264367816091954033e+00
1.390804597701149392e+00
1.896551724137931050e+00
1.954022988505747183e+00
9.298850574712643535e+00
2.632183908045977017e+00
1.758620689655172376e+00
5.333333333333333037e+00
1.068965517241379226e+00
6.287356321839080664e+00
1.011494252873563315e+00
9.425287356321838672e-01
1.655172413793103425e+00
1.011494252873563315e+00
9.080459770114942541e-01
2.816091954022988286e+00
2.275862068965517349e+00
1.816091954022988508e+00
1.045977011494252817e+00
3.459770114942528618e+00
1.298850574712643757e+00
1.045977011494252817e+00
1.609195402298850608e+00
3.747126436781609282e+00
2.540229885057471382e+00
