1.537962432303889626e+00
2.975731096454710123e-01
3.220552760030034878e-01
4.164245014995844874e-01
2.235636861304821366e-01
1.023354789610083193e+00
1.250683920006914196e+00
4.248321066026123360e-01
2.894654738028485941e-01
2.863585966812067785e-01
3.525085759211660230e-01
3.103226260891987498e-01
8.702280615093328509e-01
1.196732966085929606e+00
5.528870464899271475e-01
3.009817848079582858e-01
4.098300503872692180e-01
2.590478086874810626e-01
2.656117015109734081e-01
3.327287028828506132e-01
3.929839795872915875e-01
4.976552881235245529e-01
4.708152241299823904e-01
6.029680753997193055e-01
4.240529678345431597e-01
1.123787133808729743e+00
9.777371247629969009e-01
1.287287104228149293e+00
5.114432213476096667e-01
9.159843081623275651e-01
3.065625970552328106e-01
4.821717422569918310e-01
3.382719269638726489e-01
4.149641002647929122e-01
4.489520622011877737e-01
4.616360045072819829e-01
7.341768336037649556e-01
3.592232134470703109e-01
3.629456543147837611e-01
1.473889688041745583e+00
3.014799317887825181e-01
4.679902600546691493e-01
4.954979795879317916e-01
5.682275813910118156e-01
4.359114800210757701e-01
3.865321726603559438e-01
3.600394908765762736e-01
4.272610538966133964e-01
3.355464676315654260e-01
5.066713822290429547e-01
3.881804773276461562e-01
6.436066045830265425e-01
4.696475928289977619e-01
3.162847315427904094e-01
4.235632663611992310e-01
1.630858498993975614e+00
3.461205143514238802e-01
2.895011086056435978e-01
1.053761727067816123e+00
4.631809573528675728e-01
3.469029857585748666e-01
8.121054574380250912e-01
1.184793910481109602e+00
5.671312196956173057e-01
4.070180860807106615e-01
8.723074000881434475e-01
3.532254731906835366e-01
3.318876475380279079e-01
4.889093289177727231e-01
9.340128388124844250e-01
7.492263027684651355e-01
3.058456997857152970e-01
3.997979972731842691e-01
4.199929695401718455e-01
3.920981563584360341e-01
4.406885001679818337e-01
1.188229087365153980e+00
4.597248692410231818e-01
4.599520650371968222e-01
3.459854993886403718e-01
1.226217920338970924e+00
3.301024991275142706e-01
3.779330065639496805e-01
3.926126357470965389e-01
5.017866609976854297e-01
3.267327914069038108e-01
5.487289636870401610e-01
3.786499038334671385e-01
1.403322926894056799e+00
7.359827882678791067e-01
3.086030518163184189e-01
1.189287169192429383e+00
4.185096191705036106e-01
1.093782614558577171e+00
1.677511483870476994e+00
3.139832749631760733e-01
4.407259637512169204e-01
8.882328004380580788e-01
5.251350020765884752e-01
6.893984860388163716e-01
3.492500265071061816e-01
4.911522015597152291e-01
1.310680780309934512e+00
3.602292230895147718e-01
3.032176672499389825e-01
9.083696228079790602e-01
1.121606188564502782e+00
4.097396983343192245e-01
5.796801470389280064e-01
2.543121395506217297e+00
7.989005499689795231e-01
5.015238303987169521e-01
3.038351843594681023e-01
3.088906603306036946e-01
3.905831428476889133e-01
6.573268207882021485e-01
6.543707084376219063e-01
3.543145305852801741e-01
3.450540919908677284e-01
1.266486907437812004e+00
4.459545146056565490e-01
7.468344941359009725e-01
4.917853635033230253e-01
3.172121672788468238e-01
3.711786863652761226e-01
1.942941063979725547e+00
6.053935654716211534e-01
5.417933589618864065e-01
9.394976035388523661e-01
1.455476893102317870e+00
7.929825659608926713e-01
1.129353182441611425e+00
9.821732548441636235e-01
1.856851719679556867e+00
9.498813624709259162e-01
6.155544663262648708e-01
4.024242010285205007e-01
7.437753514803460142e-01
9.361245631791602628e-01
1.066308186608052377e+00
2.839559311611640213e-01
1.144687682119382099e+00
3.412922341764618173e-01
1.832199335901967707e+00
5.469253905411513017e-01
9.058966302767312850e-01
4.606937402220309674e-01
1.407624893394187726e+00
7.638228841994599838e-01
1.466174792940793559e+00
4.693210168728356724e-01
1.846500312938840649e+00
1.512136763812056639e+00
1.381861759450980109e+00
8.799202566620519805e-01
9.373148295141850994e-01
3.480972237553160986e-01
1.514730835897185157e+00
5.889587468216168631e-01
9.476408741842698991e-01
1.078429653976570979e+00
1.079947822864150142e+00
1.226618681658493637e+00
3.633735637943916186e-01
3.199187737210111293e-01
5.351927406273464527e-01
4.314736457424863669e-01
1.231140270871810438e+00
1.259042964153843425e+00
9.310209670760920542e-01
6.453280076363467899e-01
4.731432874053532744e-01
6.005034933029230748e-01
3.894136827662641465e-01
8.160517440329906336e-01
6.574702812584657385e-01
7.664789027066172267e-01
9.750501348166276117e-01
1.324874100307035452e+00
2.131027144103620152e+00
1.054355282546912242e+00
7.005733925385692062e-01
7.460953090035934432e-01
5.207326780177767844e-01
1.277215569232570624e+00
9.380222491718487321e-01
1.259637391723294364e+00
7.488474346798733583e-01
3.761496869338759041e-01
3.474797066457870898e-01
6.227512810771164142e-01
1.345955305268296209e+00
5.102223766551117201e-01
8.022339764482668834e-01
1.516383594801421930e+00
1.420990264056071206e+00
1.878274288315774365e+00
5.503697005064334125e-01
3.686278000855041648e-01
1.365825303913765332e+00
2.115553209392230904e+00
1.236564856565392834e+00
4.439322210328471852e-01
1.374373050762066617e+00
7.395322788353060339e-01
1.836448811153787330e+00
1.113967512876425259e+00
5.762170368627349548e-01
4.209726974086580586e-01
3.660129050142950646e+00
3.342215382802664614e-01
4.100306394876861993e-01
5.515647197150301828e-01
8.472367697698652833e-01
4.802482462446129308e-01
1.211001928083205614e+00
1.236219152898532014e+00
3.883720383210247373e-01
8.941639803629265471e-01
3.629300290895228764e-01
3.307538222593983668e-01
3.442254808399531352e-01
1.007732297315360848e+00
1.009926440464184783e+00
5.259869143088893306e-01
7.716000773984036387e-01
5.364507239812811301e-01
8.875395703069548503e-01
1.024732272322566695e+00
3.484219709310382163e-01
4.025801272191040225e-01
1.165018916625866430e+00
2.803218889829433014e-01
5.322291040283696484e-01
1.234632915045533519e+00
3.445625617370837168e-01
6.349702998251834929e-01
1.124015300334577638e+00
1.542885776446508039e+00
6.812004981432437933e-01
4.746764621043766952e-01
3.627560466848626097e-01
2.985063458236836831e-01
5.050285530821108093e-01
4.748024489601217479e-01
5.446629014034137795e-01
9.871350461232674123e-01
7.284419239463468809e-01
1.075867585435027696e+00
5.055804960540064563e-01
4.633808136161882141e-01
1.519624795183980304e+00
7.480692034331606344e-01
1.260747083265220947e-01
3.763484472538529135e-01
4.150405312899047017e-01
6.875477634906692614e-01
5.155050484224208418e-01
1.194006338062396200e+00
5.821821927189592127e-01
4.652966533812594174e-01
2.285340960512068087e-01
6.194941518975465300e-01
3.847470242498423065e-01
7.338652634590471235e-01
3.231177267018434662e-01
7.284700345007452116e-01
3.093803618039476233e-01
1.259991646967666190e+00
4.055555419646428295e-01
2.210596221521921589e-01
6.394718794609661749e-01
8.862058336693290350e-01
5.881210241158758567e-01
3.996363756146439905e-01
1.393745310262866743e+00
2.475879387387669162e-01
3.762477904278950236e-01
3.175872532235411438e-01
9.140432335612304060e-01
1.218989294064451334e+00
9.150219293253427644e-01
3.677849159602415430e-01
1.062242535531073395e+00
8.716350165853959941e-01
2.931458613962884652e+00
1.285143476286908282e+00
3.902565668915268238e-01
3.213375583237954025e+00
3.674829933363787382e-01
8.663881442281561318e-01
2.889210550793496202e-01
5.995594002372319764e-01
3.557522967860313745e-01
1.027497744938851598e+00
8.118539807363122085e-01
7.582029799272912429e-01
1.967194741945806236e+00
1.707970551478858567e+00
1.451747054295708494e+00
3.417447969883690151e-01
1.893312149242913689e+00
1.905273377248844158e+00
2.262579436264736010e+00
1.078695284085653849e+00
1.582009689152552578e+00
8.159879986757972992e-01
2.909748836998857335e+00
2.855385371078034140e-01
1.959500953612226981e+00
8.653700160366425420e-01
1.934688410652635193e+00
9.530191698965502223e-01
8.790078916722412483e-01
1.508287821648980787e+00
1.791813228322201912e+00
1.632645517143794578e+00
1.420874566321805421e+00
2.323044121826520758e+00
1.764825886157574519e+00
1.871811634315284190e+00
1.535000613859046403e+00
1.994189321015673810e+00
6.139324434329332947e-01
8.951609618983326078e-01
1.023625053739693591e+00
1.505888788035296910e+00
1.049880043166875998e+00
1.360204295362891891e+00
4.526691521315606703e-01
1.479063231074219775e+00
8.333247834446747548e-01
1.172927016626067021e+00
1.672447051106051630e+00
1.504424328465861826e+00
9.179310782313815364e-01
1.630871843355991224e+00
1.402167373006911522e+00
8.691772839828554309e-01
3.548698061962575756e-01
7.074569560238115340e-01
3.548100325007803035e-01
6.090042275231360991e-01
3.591609719485186480e-01
3.445833679906842861e-01
5.261363072202205338e-01
7.096386816135704656e-01
6.121947079717766638e-01
6.420075153438626892e-01
4.837361870153548682e-01
3.443761621632269732e-01
1.352606318457293400e+00
7.530674099053493720e-01
1.055694728176592712e+00
3.218299089872699303e-01
3.707676350065782778e-01
2.070062253031952348e+00
7.616117796727956968e-01
1.053433719603707353e+00
2.284711669788975219e-01
3.132644243302012410e-01
3.016986820774757994e-01
4.841284616921677220e-01
3.375322051424959335e-01
8.917879215386403935e-01
3.431677346399255590e-01
7.097154734998328829e-01
3.776172874952659630e-01
1.917846284147308955e+00
5.049291729221223601e-01
4.125366568294335790e-01
3.713403842320743831e-01
3.145989632922651102e-01
3.167881101308389180e+00
4.855232887893258797e-01
6.121457911637777638e-01
3.142086419789097418e-01
2.948209190343896169e-01
3.420994834989293798e-01
2.142158660112356117e+00
1.769856793100884618e+00
2.091045875331167814e+00
4.257743708878634070e-01
8.466587607053247533e-01
3.002171648039028806e+00
5.964638517573365162e-01
6.568003123604611027e-01
3.885070532838081347e-01
3.555269297702977060e-01
3.073698463777004286e-01
1.229087802535855367e+00
9.291489238347273583e-01
2.884328574646474186e-01
3.830256211965220037e-01
3.383732604873185279e-01
1.021594423761712722e+00
9.262845428127217673e-01
2.605499768742637889e-01
4.002130965018563247e-01
1.894372163491686356e+00
2.119986260240114273e+00
4.800565606682170028e-01
3.120970356021916636e+00
8.294492433810357612e-01
3.073042722400670113e-01
3.037586287513388550e-01
1.042494986905923682e+00
2.183680240187147348e+00
3.452776302261612584e-01
5.610074925834853676e-01
3.039069226733749574e+00
2.466855364661189487e+00
2.544635765317006637e+00
1.999038002180526963e+00
1.447471056847999149e+00
5.158102625501359562e-01
2.286387297271363472e+00
1.218993442988417275e+00
7.632334776443293611e-01
7.121221106815917024e-01
4.609791101823184079e+00
3.318858187575879359e-01
3.662785802088947218e+00
3.055042952803587175e-01
8.231358966186498316e-01
5.862047274300953292e-01
1.077130874400319405e+00
5.117522187150533863e-01
5.532512106123416151e-01
3.688549958816778052e-01
7.091031178098256005e-01
9.465260067699827751e-01
7.522333502253027993e-01
3.622397385157620220e-01
4.418612928884881885e-01
4.294987651190342870e-01
5.922732270432091717e-01
3.900668346785882701e-01
4.632265415217846627e-01
4.910210532844484499e-01
6.802567299993511618e-01
3.246567018430231433e-01
3.890623288947854808e-01
9.887244419310875498e-01
5.082840520935382189e-01
7.658203998569526050e-01
1.101843013618260869e+00
3.969693756369910287e-01
4.846595984104628552e-01
5.052823555740409978e-01
2.691283717900983530e-01
3.559794925822049594e-01
3.361996195438894941e-01
7.156308577059341536e-01
4.515990722101245192e-01
1.501490677112211847e+00
9.105593171314368961e-01
2.700744182192467702e-01
7.075847716599966697e-01
3.071692572772833918e-01
3.115020355367454363e-01
4.515534880412074292e-01
3.197290415080726311e-01
3.372959812392839485e-01
1.133993274301674514e+00
4.211358229258399533e-01
3.242307457268726600e-01
2.965048585044748330e-01
3.384744694277470045e-01
5.416711542500386445e-01
6.959440930910150147e-01
9.083612123735271826e-01
1.330153179448266165e+00
6.212378404879216331e-01
5.337309675328240077e-01
2.818798415972833538e-01
1.381892678210959957e+00
3.014747835769022277e+00
3.476802957462039601e-01
6.561292501523791065e-01
9.277558205438094507e-01
2.791717642684873102e+00
1.023904563917749089e+00
2.860567986403614316e-01
9.874110341444226613e-01
8.158600584565947056e-01
4.477525382019073574e-01
2.909502462714556703e+00
9.509419872263870088e-01
1.038273993720077337e+00
5.146273457792474026e-01
1.157514093926596210e+00
4.089116427582511482e-01
5.263044621580130755e-01
1.317847100151101181e+00
3.617533696814998478e-01
3.334722068481246193e-01
3.620143715000284090e-01
2.724752549588494999e-01
6.921766443230199517e-01
6.023505582901901301e-01
2.387752857203214063e+00
3.086486359852355088e-01
3.330196440362175325e-01
2.582049245622184963e-01
1.342744475486764788e+00
3.399986160197320806e-01
2.821559542014558386e-01
3.597571272296006262e-01
7.403511251218779510e-01
3.092661530947646287e-01
4.767135842263807155e-01
4.504314409091398907e-01
1.359893214003270234e+00
3.707038896493848878e-01
5.391799654574859213e-01
8.066030770842814723e-01
6.104989903551293340e-01
4.157166323371054295e-01
2.509986321995129055e-01
3.319870276980164125e-01
9.876645117145546049e-01
4.690319044999087250e-01
8.408885969010836403e-01
2.712064147174363393e-01
3.187212030851880873e-01
3.068783161239164170e-01
3.883045108199338902e-01
1.128707705289581309e+00
2.384724644732600096e-01
6.568937498890724536e-01
7.159693363916758146e-01
5.593782703635552522e-01
4.450908242267934134e-01
1.263497057224817866e+00
4.304884423536424198e-01
5.188372925597962704e-01
8.401369723501274089e-01
4.416573711489895637e-01
6.342675920822260505e-01
1.491067395163415243e+00
2.982096042281604520e-01
2.510114424504487074e-01
1.232405392808296307e+00
2.547714714844145911e-01
4.463986319100832767e-01
4.997462062365998769e-01
4.206086578692609379e-01
4.490870771639712267e-01
8.255723681610477316e-01
3.993928474106341331e-01
3.333462199923795666e-01
8.750171483702980924e-01
9.212280395124714527e-01
4.723997834400791018e-01
2.615217438131138827e-01
3.666810300164504155e-01
5.118425707680034353e-01
3.935995433333632776e-01
4.422482815627619690e-01
1.020620002066472187e+00
5.895106897935122880e-01
4.560908270628024619e-01
3.807715775662648405e-01
7.286544807111445810e-01
4.439588277286037887e-01
2.895011086056436533e-01
4.873532050838725871e-01
1.191876234286328717e+00
2.662521476867292236e-01
4.726372805488845419e-01
4.255115402888948184e-01
6.602762678606185487e-01
5.085337326862140461e-01
1.591223286483815169e+00
1.546655757492546801e+00
6.724972473880366231e-01
5.058714372073733756e-01
4.801222593888678780e-01
8.322730583574428076e-01
3.063620079548158848e-01
3.229975402882545588e-01
3.996967883327557924e-01
3.856764782841576311e-01
5.796891751459664066e-01
4.359076329423769436e-01
3.012089806041317597e-01
3.542937243316798268e-01
3.014343476198654281e-01
3.084737323214915561e-01
6.677621949843969285e-01
9.003532736126877989e-01
2.179591592310036408e+00
3.801441110906138010e-01
8.464238249794410196e-01
5.549567076028283363e-01
3.890961349171405681e-01
2.733181390841120662e-01
3.135929536498207049e-01
7.015589208492117868e-01
5.853546439782344457e-01
3.909378293582492225e-01
9.080382939782453144e-01
2.254519968448816525e-01
5.598854454514178292e-01
3.858452147256768439e-01
3.641716800356212813e-01
3.039345645194565515e-01
4.335231286106104864e-01
7.630703521271473555e-01
6.839155500928885134e-01
3.389270322396542023e-01
4.080597305259501817e-01
4.318092498056868567e-01
3.152521152045891784e-01
8.845797428765869164e-01
9.443731146591480829e-01
5.046252320000007563e-01
2.801959021271981931e-01
4.176311002424458740e-01
3.387901884964306110e-01
4.992606536872218337e-01
3.953062424205062708e-01
2.420071264914923359e-01
7.646409904094058074e-01
4.443491490419592682e-01
7.777095585608989614e-01
4.077349833502281196e-01
3.441099989251766855e-01
5.457667873472048514e-01
3.138572881074310206e-01
1.024987578673138389e+00
1.000746424165418258e+00
6.113965917305470565e-01
6.111503134870134302e-01
7.033929860677241575e-01
3.708936218623233305e-01
2.235548534366102125e+00
2.116286767365349153e+00
6.084965955145642535e-01
1.192006996833105070e+00
3.541597396469394532e+00
1.550228202161219926e+00
1.054073324237245535e+00
1.656340999393885571e+00
2.834053995796822267e+00
2.776438914033695582e+00
3.681396146477346143e+00
1.003605971330334912e+00
7.503772767398152466e-01
6.435338311187946969e-01
6.253104068361775569e-01
6.857662726410356235e-01
1.351704404452274133e+00
1.123274672718328038e+00
4.128632327855955575e-01
1.007146951455480055e+00
1.231813967954906941e+00
1.361729153265561321e+00
3.631463679982180337e-01
5.309281815708420948e-01
8.132787471683087244e-01
4.985073053300251300e-01
3.607811660614104188e-01
4.760694604210949366e-01
3.845198284536687772e-01
9.463363991400617348e-01
9.306201819569974720e-01
4.153900563809433955e-01
3.679855050606585243e-01
6.548931838289470120e-01
3.906715415371815880e-01
7.425116652425609587e-01
3.324039557071284956e-01
3.229975402882545588e-01
4.125366568294334679e-01
3.917507741486734862e-01
1.609379333502879872e+00
9.188358789333974652e-01
1.209112626399662327e+00
5.592489508687283895e-01
2.688452310410546886e+00
9.813401955020056855e-01
1.779356020373469072e+00
1.535431470760571626e+00
4.295177425921947734e-01
2.832241982788670231e+00
5.641428051813238698e-01
3.242663805296676638e-01
1.094336649858011379e+00
8.500878899402881661e-01
2.761092971370702753e-01
4.910703599490469640e-01
9.202677201089750625e-01
5.203722960392598296e-01
5.084994697431496347e-01
1.108003402862302256e+00
4.202125361137493131e-01
7.307117700641144742e-01
4.398208381274025802e-01
1.062142274874440240e+00
8.111896578356735388e-01
5.833616671013073240e-01
5.542537630326869191e-01
3.778336264039612313e-01
1.000751585584940040e+00
8.081238910371846274e-01
3.969427689412344251e-01
2.370357169688015464e+00
3.364879446865373325e+00
8.920540847766906811e-01
1.017152722795606756e+00
6.306039424465211596e+00
2.141816190203431169e+00
7.556904704415208229e-01
1.409471333267367843e+00
5.196782233216015179e-01
2.855614112060954835e+00
1.543667309906067597e+00
1.076295684432454491e+00
3.105609751575109989e+00
2.275335621792454077e+00
1.833132161198425703e+00
1.843107113786402573e+00
2.618619261147986599e+00
1.379977862050011606e+00
3.886082622242366114e-01
1.763507222443492228e+00
1.268502194426980978e+00
5.117431906080149862e-01
3.657106551768009584e-01
1.222425392207579398e+00
1.452128498835395298e+00
2.458835939662429748e+00
4.005396724580184142e-01
1.816082041301515071e+00
1.086970550236141753e+00
2.637789392166002944e+00
2.944215524030882936e+00
1.148199859341112461e+00
1.907525110581542283e+00
2.299778085225573587e+00
6.056317427382905683e-01
3.232437135575886300e-01
9.459675757821733866e-01
1.116633133578453840e+00
2.641238480108931697e+00
2.112327597374378474e+00
5.944791463507796969e-01
7.559140086768143529e-01
3.912344659795728985e-01
3.416454168283805104e-01
4.121197288203213849e-01
1.061010278376250726e+00
4.037833933228835992e-01
8.332781867802017128e-01
5.033802484148206524e-01
1.640401921296330556e+00
7.610973002841351365e-01
1.562461932228712769e+00
6.468113580060150802e-01
3.932093466030251450e-01
3.555251009898578451e-01
3.438846319094431281e-01
3.920417153020405165e-01
1.351873805568342135e+00
4.318002216986485120e-01
6.724200453413793355e-01
8.953012217284256336e-01
1.085712566882206964e+00
1.506021371573268208e+00
5.353187274830916165e-01
6.748208820809820097e-01
1.079088156826235823e+00
3.699164536621678767e+00
6.562993472225094216e+00
1.118202308764509656e+00
1.609577152582164494e+00
2.467942623356251808e+00
7.294039623808247219e-01
4.400728118388927967e-01
5.175611480175852375e-01
7.691525194113105757e-01
3.365604437342795130e+00
9.035682823895063720e-01
1.293787080741110485e+00
6.203248347817137409e-01
1.568301577174213701e+00
7.646391616289658355e-01
2.086893371444863643e+00
3.833255904569274342e-01
9.897126153070542331e-01
4.924796257388000531e-01
8.429703819329209535e-01
9.380209348310258877e-01
9.158939561093774051e-01
5.617135329655243980e-01
7.901929117665762448e-01
1.442761349478525634e+00
1.617503915437182416e+00
6.728266990625710875e-01
3.442093790851650792e-01
6.207712390341424413e-01
1.159256492751335577e+00
1.000723224138023504e+00
9.078532251288898847e-01
2.067184221570486091e+00
1.241743674326949209e+00
7.699708151390752819e-01
1.536920513038094738e+00
8.145087519667560949e-01
3.623795339318103714e+00
8.345898415421904026e-01
1.170546919075954984e+00
2.775268950162708137e+00
7.025011851344626912e-01
8.102231146105122184e-01
4.683896094750630845e-01
1.983000723389444664e+00
4.022891860657369922e-01
4.186455553923707495e-01
9.062978084775651366e-01
6.315128851169471424e-01
4.127994874284021676e-01
4.555388840909068149e-01
7.909083051774520312e-01
3.970705845774195053e-01
1.414263812663426600e+00
5.174533223501165402e-01
4.190648947814809566e-01
4.781721566807322632e-01
4.862175510248030186e-01
4.839387294792292238e-01
1.076281887987633690e+00
4.387045914374912980e-01
9.908954223284839324e-01
5.521548489169472163e-01
6.786984524632126980e-01
9.652519427768796456e-01
6.562534082276840763e-01
3.957095635026163238e-01
6.490194121300467689e-01
7.439079961983608991e-01
5.706036402152978582e-01
7.931118854557196451e-01
3.632832117414415696e-01
4.371538381497495629e-01
4.487994686496860064e-01
5.620199943699528689e-01
5.008443967124344143e-01
4.147743680518543030e-01
3.831340294635489085e-01
5.305788459976221727e-01
5.945039242660963286e-01
8.240633323547064126e-01
1.117720455009142855e+00
4.513637558282688200e-01
6.857554157535572514e-01
3.427754599631127053e-01
9.849967150608351929e-01
1.644225923352772512e+00
9.308536695584128662e-01
8.941939196977648496e-01
6.151904267868678611e-01
1.496992044449665826e+00
3.997384008399567645e-01
1.143489046519759578e+00
1.229549498429000298e+00
4.914989611305215500e-01
9.527581421491413405e-01
5.485041494090918679e-01
4.936771963746230951e-01
2.356083809639485160e+00
4.063319991313092849e+00
1.911357149944874489e+00
5.456674071872164022e-01
1.850701178375187661e+00
1.246968168216936013e+00
6.920265185745926306e-01
1.182709824914564001e+00
4.955602210864834545e-01
9.982629965943726758e-01
2.390982301789272846e+00
1.583781939736233824e+00
2.091916486607980019e+00
3.155912967438252892e+00
2.457951474780804002e+00
1.553848921375371228e+00
3.109954861352471678e+00
2.372528253028404865e+00
8.720165425589282426e-01
3.505695312402920649e+00
1.159001686858327940e+00
2.784053894517250605e+00
2.233851250679499412e+00
1.292753217126195731e+00
1.408621866134400769e+00
8.844517756326730762e-01
3.528988972345215025e-01
6.310661227471960899e-01
6.428980282379720412e-01
4.540165662793617107e-01
3.292952498050467081e-01
2.462716855479966938e-01
3.761686644070363905e-01
3.194272434672271732e-01
3.852367257231862907e-01
4.935952898291534052e-01
9.452252088954726794e-01
6.481723790808183727e-01
3.199544085238061886e-01
4.558862663006693627e-01
1.312513076396223166e+00
8.560894134364036567e-01
1.128043356460062485e+00
3.610721072147773381e-01
1.101496186983344616e+00
4.217533400353688511e-01
1.925794000308465259e+00
8.374577888886038934e-01
1.337782593343979087e+00
1.293335250317618090e+00
9.452974646949475757e-01
6.123089166809596584e-01
4.982125820327608090e-01
1.149780164753043676e+00
4.206104866497009098e-01
1.069106932748377092e+00
3.750158616552463631e-01
1.830775826317493138e+00
4.932666090442844542e+00
3.816682576825988216e-01
1.574031518785720785e+00
1.238118210750951187e+00
1.643500276055084086e+00
1.124262521172496143e+00
4.539085589959177547e+00
1.938253571940337983e+00
1.314567612484529802e+00
2.943849103390876021e+00
1.048243016271865002e+00
1.145942304798672096e+00
7.662643013418898308e-01
7.799271552315859557e-01
3.505227138272180576e-01
3.737560495208716582e-01
1.476417480736101073e-01
1.449803860450059600e-01
4.444102183889091506e-01
2.528495627518036137e+00
3.683012241293421307e-01
1.418809504207218519e-01
3.725554284824160733e-01
1.130342507294274101e-01
1.325677551835247048e-01
1.376887890948953475e-01
4.177908931205461252e-01
3.115245996512759352e-01
3.506448536042643949e-01
2.306251078023800194e-01
2.312025162633498387e-01
4.266453655675244150e-01
4.157920920258514341e-01
5.867683239655355765e-01
2.087964394696980031e-01
3.573328844344119681e-01
8.088655662220188836e-01
9.630532231930947207e-01
4.277136167085205387e-01
5.370682410908100834e-01
3.812761075888033702e-01
3.367159277129899708e-01
3.292596150022516488e-01
7.650397799572694613e-01
6.075451981480751718e-01
2.284276011082392310e-01
5.020973826312018495e-01
7.890608741331571752e-01
9.782580360137047015e-02
9.255747039031070322e-02
4.473019287534575894e-01
4.066915101245485720e-01
6.351319214837235494e-01
7.200077121475623176e-01
3.561426180993867985e-01
3.313604824814489480e-01
4.350795773663088672e-01
7.927463420576807973e-01
6.048682291954822210e-01
4.756453330853843697e-01
4.967915977446616393e-01
4.383232982311742743e-01
4.908204641840314686e-01
9.870598048559611204e-01
4.595351370280846837e-01
4.116300273469775117e-01
1.175180928257412827e+00
5.859968340288805866e-01
8.328404525174890605e-01
4.183280075432471157e-01
1.240468406876314766e+00
7.354456738451780051e-01
4.254121601289063692e-01
5.363513438212926809e-01
4.653978623216879495e-01
3.688175322984427185e-01
5.877165132759603061e-01
6.414557881914566551e-01
4.040386996734556257e-01
1.570526840286331938e+00
8.969569671963246726e-01
4.406247548107884437e-01
5.142096014852511887e-01
7.479679944927321023e-01
3.835775641684176507e-01
3.926592324115695254e-01
4.439322210328471852e-01
4.857296783318990618e-01
4.200923497001602946e-01
3.131403908379135070e-01
7.974894315992143712e-01
4.208995990226278572e-01
4.566071352319030496e-01
3.274107212345445661e-01
9.730589217853391482e-01
8.693274097312828630e-01
3.314598626414373972e-01
5.841927081452064074e-01
3.368153078729784755e-01
3.681752372735970780e-01
7.727585756181504228e-01
1.508213760145596494e+00
1.767540590066171369e+00
4.142580598827538818e-01
3.722618422637249402e-01
3.673589598440911708e-01
4.998365582895498704e-01
6.066377523807350292e-01
4.669719166908160579e-01
3.944653765935023926e-01
4.494773984773267617e-01
5.363721500748931392e-01
6.769399107484556088e-01
3.631463679982180892e-01
1.108979887601695191e+00
4.287818678495167179e-01
3.355464676315653705e-01
4.085868955825291415e-01
3.465764098024127216e-01
1.904902794999096427e+00
3.177699106928986716e-01
4.392299277136302305e-01
3.340878951772137118e-01
5.431031200086335886e-01
2.893005195052267275e-01
1.124444257382769985e+00
1.313184439598066078e+00
5.723232144881781336e-01
3.765738142695864710e-01
7.485036050567914767e-01
4.109787042150934711e-01
9.304443707718972334e-01
2.009226219548500225e+00
4.402625440518312949e-01
7.762036566049781428e-01
3.645411950953763580e-01
1.664498262435724074e+00
5.996705585437825947e-01
3.679746481731800967e-01
3.567939412312708947e-01
3.914260269729515351e-01
1.682236066656172202e+00
4.344264254539847991e-01
1.079820823512849026e+00
6.557280719515450329e-01
4.960765292555840977e-01
3.490850722094842595e-01
3.670304305244716514e-01
4.129269781427890584e-01
4.251420252291397972e-01
6.929331480570485313e-01
3.896390497819978149e-01
5.698229975885870102e-01
5.674203320685443641e-01
8.432157389173708939e-01
4.162329405062060173e-01
6.004768866071664712e-01
1.541693561983116467e+00
4.738958194776658472e-01
1.006589722481045390e+00
3.472543396300534768e-01
3.276004534474830643e-01
4.550225759218063382e-01
1.209186239225309212e+00
5.680378491780732064e-01
6.637343742707217942e-01
3.836431383060511235e-01
3.980128488626705763e-01
7.269477166892002185e-01
3.640886322834691047e-01
4.800210504484393459e-01
5.334175415829547351e-01
3.572764433780164506e-01
8.964902148578574037e-01
4.627698297859116350e-01
4.472025485934691402e-01
4.676974901208622026e-01
5.931713386674898336e-01
8.176900993341588153e-01
4.989936741642872486e-01
4.339101172848842114e-01
4.553135170751732574e-01
6.586826804434834370e-01
1.041088641649200230e+00
3.466368225205244680e-01
3.984297768717826593e-01
6.751366011496655606e-01
4.701639009980982942e-01
2.758482953185416586e-01
4.957499532994219527e-01
5.516276838603682009e-01
4.285565008337831050e-01
3.734294735647096242e-01
7.116039737320513092e-01
3.177699106928987272e-01
1.751142824758368688e+00
7.446496713831950442e-01
4.516157295397591476e-01
8.770239180069492324e-01
1.171781156618946440e+00
3.151152714613657535e-01
3.610721072147773381e-01
9.301871110578676660e-01
4.239892224773497142e-01
1.034485162429846783e+00
3.166094787185123605e-01
3.888336292399702798e-01
7.217820036705977493e-01
4.336491154663556502e-01
5.232486447256462503e-01
3.706026807089563557e-01
3.258153050369694270e-01
3.205967035486518846e-01
3.905831428476889133e-01
3.445625617370837723e-01
5.732654787734292601e-01
9.367026633419969217e-01
9.244804365378654909e-01
3.937256547721257327e-01
4.805729934203349374e-01
4.947810823184142781e-01
3.718358861475744570e-01
3.702761047527943217e-01
3.889330093999586735e-01
4.370544579897611137e-01
6.172665163507485842e-01
1.624133395084342846e+00
1.124465063636370443e+00
9.909355464577517258e-01
6.584554846473098522e-01
3.100790978851887814e-01
9.278591723655144063e-01
8.090909332377523855e-01
5.128770158866445827e-01
1.107169762663567703e+00
4.040743344762507405e-01
6.108128806433731350e-01
7.463671027747990072e-01
9.382444081315179929e-01
1.964700701622136503e+00
3.569217568674560304e-01
1.221214319618953770e+00
4.254387668246629728e-01
3.050949964938428072e-01
3.591857498638352242e-01
3.619787366972334608e-01
5.157660502409495695e-01
9.802040696886680227e-01
3.955108031826393700e-01
4.556648709466519787e-01
7.176653347626139601e-01
4.612190764981699553e-01
6.320531549164802865e-01
6.757722794474709804e-01
1.154234115619979573e+00
3.510500034668144198e-01
7.518914739656783475e-01
4.533634143670376981e-01
3.169004198718794463e-01
3.170264067276245545e-01
7.037963071498342105e-01
3.829618758393286138e-01
3.739119757114551801e-01
3.500811324858066897e-01
7.075581649642400661e-01
3.340878951772136563e-01
4.996749366310097584e-01
6.374067713675811708e-01
1.242477313469720679e+00
5.013041588509400404e-01
7.954081806158120882e-01
8.760342407723410441e-01
4.351433227235023127e-01
6.427018038810106138e-01
5.263682075152064099e-01
4.670818017917731657e-01
1.008236008850076804e+00
8.813996353700039865e-01
3.567849131242326055e-01
7.995912900475560248e-01
3.206960837086403338e-01
3.160841424423734836e-01
3.834781840084292015e-01
7.478030401951102357e-01
5.155032196419808699e-01
5.141692621836436716e-01
4.501177401387150279e-01
7.817290855547517348e-01
3.233241162444167038e-01
4.859284386518760157e-01
6.420824579910415775e-01
5.100840290532464572e-01
5.950558672379920866e-01
5.238413839198586830e-01
8.588019975829737085e-01
3.096057288196811808e-01
4.345913797516066102e-01
4.029314810905826882e-01
3.609708982743488614e-01
6.402991383609678566e-01
5.226719238384339716e-01
3.409656582202998942e-01
3.346042033463142440e-01
4.545309210850050352e-01
3.863049768641823589e-01
8.721748315783867112e-01
2.858670664274228779e-01
3.887961656567351376e-01
2.869087108726623425e-01
1.421636708004883065e+00
4.044237349842719764e-01
5.665774479432816868e-01
9.928303493161744209e-01
5.541578400947977379e-01
4.636127139111742013e-01
7.680545584926928848e-01
8.681486393063705398e-01
7.318286557766603417e-01
8.205434988856686873e-01
4.093285707673632867e-01
8.147729544254554979e-01
5.352830926802965017e-01
6.923207923670413599e-01
1.473050537685620887e+00
3.570848823846379250e-01
5.237401749794302619e-01
3.598240732269647468e-01
6.908221153922396995e-01
6.383789749876705999e-01
9.966408417021298538e-01
3.212123918777409215e-01
5.628192476897556640e-01
5.648312669746446968e-01
5.998055735065660476e-01
9.681027909011633570e-01
5.022392238095926276e-01
5.939876160969956853e-01
9.313310102856368067e-01
4.725009923805075784e-01
4.408144870237269974e-01
4.373453991431280885e-01
4.919899242654561244e-01
3.713461846742305839e-01
1.894942829979004095e+00
4.482441930387087159e-01
1.620808969687381973e+00
6.271683287109232063e-01
3.101220369887817130e-01
5.321743867782147142e-01
4.383870435883676087e-01
5.920764808307369398e-01
6.289834164562750907e-01
8.219234974336322441e-01
5.183209843906958492e-01
5.756819407382927078e-01
3.861699619013989060e-01
1.040270535439254296e+00
4.261290573984238272e-01
1.071132193276031153e+00
3.058831633689504392e-01
4.277136167085205942e-01
4.217424831478905345e-01
5.132017630623665339e-01
4.165595164623679958e-01
4.726022013209360551e-01
4.989936741642873042e-01
5.433925573033588918e-01
3.539671483755176817e-01
3.565147782244659780e-01
4.294987651190341760e-01
1.996250142852098231e+00
1.304149832357761607e+00
4.697662753839449423e-01
4.841076554385672082e-01
1.536898010002965220e+00
4.944901411650473033e-01
8.082480491124898192e-01
3.111636814340213442e-01
1.470814153059592400e+00
4.332944289557951190e-01
7.018462044416985401e-01
2.791524289015186455e-01
6.881562524931598146e-01
9.283363885097206669e-01
5.655656378586809696e-01
4.496689594707053428e-01
8.694781745023444364e-01
3.628216208224960271e-01
7.246800661319410253e-01
1.174712164890653998e+00
8.451087129953533950e-01
5.115534583950764880e-01
6.419084755863813108e-01
4.829756589403776390e-01
3.127500695245581386e-01
6.878952506746311979e-01
4.208358536654345783e-01
7.786940743759853678e-01
3.516390851001467421e-01
7.512739568561491721e-01
3.729131653956089809e-01
1.547059068707467455e+00
3.695344295679602320e-01
4.489876970039828330e-01
3.626566665248741606e-01
4.579771844137446868e-01
3.938250349321142374e-01
7.547528695198526538e-01
4.675077579079237045e-01
5.258162645433107629e-01
6.924697283576631834e-01
5.960637056608764084e-01
1.273125631603361008e+00
4.315730259024749271e-01
4.948076890141709927e-01
8.635100913443469750e-01
9.575851750473902690e-01
3.191381310943001703e-01
4.359096512406357427e-01
3.475790868057755389e-01
4.135055278104413090e-01
5.079475267712540987e-01
3.145352179350717203e-01
1.067742495586704532e+00
7.907058872965951890e-01
5.052913836810793979e-01
4.809989495364854761e-01
6.403894904139179056e-01
3.776064306077875909e-01
3.783589626801002193e-01
1.128012725423357621e+00
4.666292389798659124e-01
9.559903729897309965e-01
3.269581584226374238e-01
1.053966163246931709e+00
5.241927377913373487e-01
4.318002216986485120e-01
2.988419498868841173e-01
3.961920656493618242e-01
3.304182181961978770e-01
6.367554482356970746e-01
5.084994697431497457e-01
1.735692085466807422e+00
8.017158394987261572e-01
4.213911292764118688e-01
4.192494655748976728e-01
4.104605672655528559e-01
6.944639113760741056e-01
3.433931016556591720e-01
6.442207890534739079e-01
3.878539013714841222e-01
6.652586454457241061e-01
6.176568376641040636e-01
1.066527900841178544e+00
3.234890705420384593e-01
3.704766938532113585e-01
1.501475977336789169e+00
6.573724049571192385e-01
7.317741680837223095e-01
3.447275160347056944e-01
4.227203822359366647e-01
3.979116399222420997e-01
5.924314922630957714e-01
2.064972938385630563e+00
3.291830593941224570e-01
3.779330065639496805e-01
2.808381971520438336e-01
3.482959840752929970e-01
8.128228517173199386e-01
8.480767930103142449e-01
7.020734002378722360e-01
5.205320889173599141e-01
1.850459877820866295e+00
3.632723548539631975e-01
4.301144534481233239e-01
1.198534907285364826e+00
6.674905562259887404e-01
7.439098249788009820e-01
1.645588592636094027e+00
1.171809893940410241e+00
3.618137823996115388e-01
4.882298952314902407e-01
3.548945841115742073e-01
3.422611051574696028e-01
4.244698958436552982e-01
3.732307132447326703e-01
5.271488501419173689e-01
3.742633295829337903e-01
5.059726461478019077e-01
3.914241981925114522e-01
5.630180080097326734e-01
4.318639670558419019e-01
1.133236864077278305e+00
5.849494941156844208e-01
4.370544579897611137e-01
9.368870446175947553e-01
1.584738210223594512e+00
3.072686374372719520e-01
5.439103693311011511e-01
1.177284017598789534e+00
1.679512697910173546e+00
4.561920360032308830e-01
4.382520286255841002e-01
4.570349201284935048e-01
6.735702030278453156e-01
3.335359522053181203e-01
5.180937885945221533e-01
3.999877294861227672e-01
4.637120940711627060e-01
3.530248840902666663e-01
6.849125316282945741e-01
3.877545212114956175e-01
3.213117720377293707e-01
1.699208639847343161e+00
3.663263435058899398e-01
5.024645908253261295e-01
8.845614496893998702e-01
8.317450120811783476e-01
6.805102075694831054e-01
7.472885608064494534e-01
4.198669826844268482e-01
4.383232982311742187e-01
3.014325188394253452e-01
4.422730594780785451e-01
6.636474794398706800e-01
4.397462358827308182e-01
7.256522697520303433e-01
3.908293161170229291e-01
3.995974081727672877e-01
9.832623122387602610e-01
4.000533036237561846e-01
2.911850480757289250e-01
9.218360715942528483e-01
8.162614662146455702e-01
7.159795665120887165e-01
3.598389017761593478e-01
1.323855496233144802e+00
4.025145530814706052e-01
6.297873331396609542e-01
5.247836482051096985e-01
3.988557329879331981e-01
5.692800827237298744e-01
4.411054281770939167e-01
3.248938470053187588e-01
3.216027131910963455e-01
3.996611535299607332e-01
1.234115103017791260e+00
4.358849979083364579e-01
3.031182870899505888e-01
1.644342104147935357e+00
3.447256872542657224e-01
1.087840948578517430e+00
5.698229975885868992e-01
4.925062324345566567e-01
1.220572024594108296e+00
4.820315658746865961e-01
7.208487674923849120e-01
7.593492905350582856e-01
6.715207201597210851e-01
3.174523628437750378e-01
1.609679712291347764e+00
4.379967222750121847e-01
5.471259796415681720e-01
2.324372992249698289e+00
9.100925647929698492e-01
4.866344790339151016e-01
4.296337800818177954e-01
3.610364724119822788e-01
5.298372953958052634e-01
6.171405294950034204e-01
3.529345320373165618e-01
3.689169124584311676e-01
1.031725165333919447e+00
4.209352338254229164e-01
5.335335790725778127e-01
4.991834063772258023e-01
5.825972919476313239e-01
5.504600525593835725e-01
5.509497540327275011e-01
4.165595164623680513e-01
9.244882430227112646e-01
5.141349992405792602e-01
5.798698792518665046e-01
4.529483151383656980e-01
8.573738789030774798e-01
3.605539702652367784e-01
8.206754634458197639e-01
3.160931705494118282e-01
7.199529948974072724e-01
5.772170688007737249e-01
3.709292566651185008e-01
8.253925853142312086e-01
4.502209024426009343e-01
5.831882023614036736e-01
1.177395690344957169e+00
4.873870111062276189e-01
3.525085759211660230e-01
5.692958325320079949e-01
4.144477920956923245e-01
2.998745662250852928e-01
2.782101646162676301e-01
6.455114217423725265e-01
6.918915036118091777e-01
9.481631600577762331e-01
1.049749789257161448e+00
6.973354721158603331e-01
1.960740819373625765e+00
3.159937903894233235e-01
4.999359384495384306e-01
6.699627675453809772e-01
1.998343627793965460e+00
3.749802268524512483e-01
3.460939076556672767e-01
3.673979272859678735e-01
3.946679190573768037e-01
4.507462387187398112e-01
3.834781840084292015e-01
6.556924371487500292e-01
1.031338176659645667e+00
4.475928699068245642e-01
4.271097714607949847e-01
7.207154763358419869e-01
3.837053798046027864e-01
1.023060300516862142e+00
1.796430733895774789e+00
6.267333444877341009e-01
3.977128796022651458e-01
7.533515502786715112e-01
1.269347441381118546e+00
8.674525482904534845e-01
3.981032009156206253e-01
4.734322751952628194e-01
2.998745662250852373e-01
3.075952133934339860e-01
4.006408813984469464e-01
5.447233141215254149e-01
6.233636367671236966e-01
4.222040740668360770e-01
3.821827370712593819e-01
6.783380704846956322e-01
3.274744665917379560e-01
3.332450110519510345e-01
5.036711895681876827e-01
1.477452582148618188e+00
3.150249194084156490e-01
5.600918349939911778e-01
3.469633984766865020e-01
3.696604164237053403e-01
9.483596002342272735e-01
6.026133888891587187e-01
1.503843186235753748e+00
3.266581891622319933e-01
6.654235997433459726e-01
1.151189120002062749e+00
4.194766613710713687e-01
6.603400132178118831e-01
4.567083441723315262e-01
1.184205710067462780e+00
3.079673735185130545e-01
9.690617475890775934e-01
3.865602832147543300e-01
3.739931946831672738e-01
5.012047786909515912e-01
8.769095590602278278e-01
1.205417699749061544e+00
1.246329870508326998e+00
3.040249165724066005e-01
3.996967883327557924e-01
5.950843027141886621e-01
7.463106617184034342e-01
7.669862023774971505e-01
4.509359709316784204e-01
7.217225819216301907e-01
3.909078900234109200e-01
3.829262410365335545e-01
1.979819186682358678e+00
4.384526177260009705e-01
6.012185617920005054e-01
7.633593399170570670e-01
3.844204482936802170e-01
4.380889031084022056e-01
5.011957505839131910e-01
4.533368076712810946e-01
5.755031899958500397e-01
3.200803953795512968e-01
5.136543258742739537e-01
4.016734977366480108e-01
9.292846304993775952e-01
3.515663116359150075e-01
2.044221070442405974e+00
4.630964057420736135e-01
5.169261572935375249e-01
5.906744544069804093e-01
3.976862729065085422e-01
6.555995491327845093e-01
3.483225907710497116e-01
8.055671281069985978e-01
3.707020608689448604e-01
3.535502203664056542e-01
5.293475939224614457e-01
5.738811671025182415e-01
4.187615928819938826e-01
4.475928699068245642e-01
4.508573970252903740e-01
7.771771075017809283e-01
6.133415330191608339e-01
3.274744665917379560e-01
5.338335483329831321e-01
3.895083584274402488e-01
7.845359934159881199e-01
3.937256547721257327e-01
6.817077782053059254e-01
6.040097198449587701e-01
7.170231643207857219e-01
4.607145464756314257e-01
9.865065475432426290e-01
1.126739225946470579e+00
8.531183479536116332e-01
7.805804317269275927e-01
6.276242241619119921e-01
5.159557824538879567e-01
9.333375540501678280e-01
6.622591444867353960e-01
8.891825240369043426e-01
8.655414130241946280e-01
7.902817599608847887e-01
9.490846180894267903e-01
2.861561788003498252e-01
7.121014816902410116e-01
7.240550092933065729e-01
6.889543687343895328e-01
5.187379123998078212e-01
6.228829634008182792e-01
7.334288403120180488e-01
3.351313684028932594e-01
3.935359225591871790e-01
1.239309614164549878e+00
4.003143054422848013e-01
9.289558589827070501e-01
1.305990625148604423e+00
3.248730407517183560e-01
3.086634645344301653e-01
3.689169124584312232e-01
6.387692963010260794e-01
3.972693448973964037e-01
4.594995022252896799e-01
9.366798387901373868e-01
3.196278325676442100e-01
3.911350858195845048e-01
3.949944950135387822e-01
3.317864385975994312e-01
1.479182948374175188e+00
1.989153437873191876e+00
5.468987838453944761e-01
8.530034475425618545e-01
1.337697029237629343e+00
1.479604664329887687e+00
3.077212002491790388e-01
7.075191975223633634e-01
5.571124485867361420e-01
7.560699348673979303e-01
6.104243881104576275e-01
3.777076395482160120e-01
5.584060667434658232e-01
1.494738685105381881e+00
3.575582514501455811e-01
4.835009952165166824e-01
2.951912503790288245e-01
7.197167709941953984e-01
6.083126637437817896e-01
7.023377346954823297e-01
1.035432305898170258e+00
3.669063970321839174e-01
3.992442255208485946e-01
5.786475307007268309e-01
5.440472130743246870e-01
3.543574696888732167e-01
6.088380000199207220e-01
3.159937903894233791e-01
3.544924846516566141e-01
7.528884555010842972e-01
2.971205468335638700e-01
4.112040712308269730e-01
6.800186773156990938e-01
6.946811578061254933e-01
1.710449026435031605e+00
7.199421380099289003e-01
3.820196115540774873e-01
9.781307301643110685e-01
3.688175322984427740e-01
3.707020608689449159e-01
7.520350664348530723e-01
1.786391391314450905e+00
7.062859920837452066e-01
5.679118623223281537e-01
3.950582403707321721e-01
1.120921248928082425e+00
3.235138484573551465e-01
9.700825857807168218e-01
4.571343002884820095e-01
1.132413722885776908e+00
3.179686710128756255e-01
4.215527509349520363e-01
3.794909591782897329e-01
3.803338433035524102e-01
4.321249688743705741e-01
4.258647229408134560e-01
5.437810498362743994e-01
6.398184649946623281e-01
5.010060183709745818e-01
6.466125976860382929e-01
3.786798431683054966e-01
3.557522967860313745e-01
3.959914765489448985e-01
5.558136690104845679e-01
5.758935113092054081e-01
5.360265966455706188e-01
4.373006312590950739e-01
4.702351706036883572e-01
3.871122261866499770e-01
1.044802074018692961e+00
6.263819906162555462e-01
4.143218052399472717e-01
8.001512701573457731e-01
5.240311161327971812e-01
4.332944289557951745e-01
5.097701387650027671e-01
8.466720165470338344e-01
3.855899083751048728e-01
4.516794748969524820e-01
4.452914133272102837e-01
3.263316132060700148e-01
3.892149224462873591e-01
8.080078124123322159e-01
6.210089667959961535e-01
5.027537031982531879e-01
4.984773659951867719e-01
7.384265641110747680e-01
6.561821386220940688e-01
9.295093058132444241e-01
3.549997647137188572e-01
5.311327423329751385e-01
4.129892196413407213e-01
2.900174167747442411e-01
6.667809632572690992e-01
1.475653363737484014e+00
3.910976222363494736e-01
4.545966198056557994e-01
4.781365218779372595e-01
5.796834796780097054e-01
4.860577581467028230e-01
5.846585529623173905e-01
7.317137553656104521e-01
3.546484108422401360e-01
3.543931044916681650e-01
3.622397385157620220e-01
3.573012212933330822e-01
4.325399435200252829e-01
6.132511809662107849e-01
1.028067161525266116e+00
4.861646625550879453e-01
3.636892828630752805e-01
4.721106710671521545e-01
1.701908866472932935e+00
4.524211500817866827e-01
3.231624945858764808e-01
3.820196115540775428e-01
1.301326781606507499e+00
9.051159876500203261e-01
4.158160124970938232e-01
1.011669461927880542e+00
1.852807043152415289e+00
1.220475289499443727e+00
3.248820688587567007e-01
3.904819339072603812e-01
4.576961926264996317e-01
3.884448117852565274e-01
3.853627125789313435e-01
2.911850480757288695e-01
5.288684244147976443e-01
4.307975446952857501e-01
3.860796098484488570e-01
5.223172373278736069e-01
5.985192596506342388e-01
1.065122092273524279e+00
3.552003538141357830e-01
4.753187571292224467e-01
3.495143609647165528e-01
1.747523009309045250e+00
6.507082307832044998e-01
6.731780529340496422e-01
4.010559806271189465e-01
4.452914133272102837e-01
4.753543919320173394e-01
3.838951120175413401e-01
7.117897342832736340e-01
1.365298723311693774e+00
5.224075893808236559e-01
3.572726494923667007e-02
7.118045628324681795e-01
3.664556630007168025e-01
6.222654462912892148e-01
3.391167644525927560e-01
4.607735873340124133e-01
3.228981601282660541e-01
5.387274026455786125e-01
3.722974770665200550e-01
3.165100985585239113e-01
4.453907934871988439e-01
7.129649948068543797e-01
1.541401089486564180e+00
3.823087239270045457e-01
4.241789546902883234e-01
4.157166323371054850e-01
3.841950812779467150e-01
3.136566990070140948e-01
4.301410601438798720e-01
2.940028128244436267e-01
6.961750401414740219e-01
5.483839629955027384e-01
4.902931745444351064e-01
7.221176077337980725e-01
4.209352338254229164e-01
5.669943759523937699e-01
6.525837312466683526e-01
3.399596485778553223e-01
3.141730071761146270e-01
3.370050400859170292e-01
5.000015125871718480e-01
3.358730435877274045e-01
5.236764296222368165e-01
1.885222870217876823e+00
5.030763074926990486e-01
1.703753850288585392e+00
1.456388221394176119e+00
6.283925060425027409e-01
1.078523748134020188e+00
1.476763625524497803e+00
8.712252629923377123e-01
7.629818288546372784e-01
6.306283884844835486e-01
5.619763635644930977e-01
3.128494496845465322e-01
7.239275340596283970e-01
5.438109891711127020e-01
6.140940650914734622e-01
1.631021062230212149e+00
5.138192801718958203e-01
6.629324109507932494e-01
4.798313182355008477e-01
1.065847736895789266e+00
3.215389678339029556e-01
4.032314503509881187e-01
8.172640186349908742e-01
4.006300245109685187e-01
3.944691587373999053e-01
5.150135181686370522e-01
4.157166323371054295e-01
7.283011085414070607e-01
1.762837557376871089e+00
3.182048949160876106e-01
6.682860274018942448e-01
5.932707188274782828e-01
3.144358377750833267e-01
4.574500193571656159e-01
9.963422517173488036e-01
3.335715870081130685e-01
3.668426516749905275e-01
3.352573552586383121e-01
3.947600998907669356e-01
9.050271394557118931e-01
3.502071193415518535e-01
1.011881546938410148e+00
7.296751293849649267e-01
2.251728214526199423e+00
4.101358200898307937e-01
7.669672249043366641e-01
1.161431962475204749e+00
4.286558809937716652e-01
1.028160029932413622e+00
3.707020608689448604e-01
3.419325758378500835e-01
4.084875154225406924e-01
3.811410926260199172e-01
5.853902787810293384e-01
7.042488699617412973e-01
5.636603030345782583e-01
3.437196776118211505e-01
5.325009627343766372e-01
7.859231912905501050e-01
1.527155868712289921e+00
4.346536212501584395e-01
3.177789387999370718e-01
3.141092618189212371e-01
4.054691615734088983e-01
4.385338366977131197e-01
4.861181708648145139e-01
4.833022348965396731e-01
3.653840792206389243e-01
1.003308538032944952e+00
5.422958706861660261e-01
4.686696937409516317e-01
8.221313908348470978e-01
1.396484705380680147e+00
8.215593333112178875e-01
4.371182033469545036e-01
5.903179391159799616e-01
6.312102707912174981e-01
4.103611871055644067e-01
7.956453257781076482e-01
3.650575032644768347e-01
5.731660986134406999e-01
3.403955540601278917e-01
1.810208314865953794e+00
6.027017875786515599e-01
3.554257208298693405e-01
7.223248135612552190e-01
4.010559806271189465e-01
3.756315499843354000e-01
1.790853367591505263e+00
5.318368293515568501e-01
5.127784520115402644e-01
6.211881670432546354e-01
5.425868118395330564e-01
1.042881094360511796e+00
3.321130145537615763e-01
4.458077214963109269e-01
1.024450248430947896e+00
5.952474282313705567e-01
8.499566582172333185e-01
3.872382130423951407e-01
2.180586984403770856e+00
3.642146191392141574e-01
3.349307793024763891e-01
8.396844095382203221e-01
5.085650438807831630e-01
7.470257302074810868e-01
2.259992788312769729e+00
9.424678568648694466e-01
1.106713284613020543e+00
4.352693095792474209e-01
3.412565993736668135e-01
5.001631342457120155e-01
5.643415655013007681e-01
8.396083034349066665e-01
7.904805202808615761e-01
5.590573898753498083e-01
7.253241899372266932e-01
1.742888721178922351e+00
1.400357314682169951e+00
5.608069034830686084e-01
4.270960995989915299e-01
6.572503897630902481e-01
4.327068511811045237e-01
8.039553795015870197e-01
3.612974742305109510e-01
3.519922677520654908e-01
3.491745030033507335e-01
1.719621339031198737e+00
6.429519488120606363e-01
2.900370127543590915e+00
3.881804773276461562e-01
3.780323867239380742e-01
1.574236909943256491e+00
3.474797066457871453e-01
3.158040581764848254e-01
6.302132892558114374e-01
1.445954324754951781e+00
5.502684915660049914e-01
4.388382345405440477e-01
4.369194430269776608e-01
8.003766371730793860e-01
4.558116640559974897e-01
6.367007309855421404e-01
3.867874790109279148e-01
7.372461225591544487e-01
5.086254565988949095e-01
3.113908772301948735e-01
4.438328408728586805e-01
2.111066533839320414e+00
4.839179232256287655e-01
3.909078900234109200e-01
1.214948273243240617e+00
3.942419629412262094e-01
3.982382158784041892e-01
7.174400923298979160e-01
3.691441082546047525e-01
4.063401562530699063e-01
8.175907191741703661e-01
3.489382791001387485e-01
3.710942109627403673e-01
6.540815960646949589e-01
5.701776840991473749e-01
5.034068551105772560e-01
1.176811529752967544e+00
5.529868761547314104e-01
1.117684851972833071e+00
4.294350197618408416e-01
1.223021653558692412e+00
3.841594464751517113e-01
3.846757546442522435e-01
6.137674891353114282e-01
4.394552947293637879e-01
1.664710461153001475e+00
5.880464218712040392e-01
5.964150595323551851e-01
3.121981265526624916e-01
4.565641961283100625e-01
4.043900535449342915e-01
3.484219709310381052e-01
3.622397385157620220e-01
5.276826319255367714e-01
5.242921179513257979e-01
1.246833863841796397e+00
7.287029257648753866e-01
4.581131206356117702e-01
4.786636869345162193e-01
3.300012901870857940e-01
3.964174326650954372e-01
3.558160421432248199e-01
3.445625617370837723e-01
3.516656917959034567e-01
1.384685215539541936e+00
3.646315471483263515e-01
6.567697163967846086e-01
1.390035414807942349e+00
1.212653308807648989e+00
3.611980940705224463e-01
3.466368225205245235e-01
6.889087845654725539e-01
3.088640536348470356e-01
6.994042573789429618e-01
7.036787658015694058e-01
4.412404431398775362e-01
4.984507592994301128e-01
4.750278159758554719e-01
7.056308868079635976e-01
3.682655893265470715e-01
3.095063486596927871e-01
3.674583400040795644e-01
4.621523126763826261e-01
7.300920573940770097e-01
3.760218712976908240e-01
