6.661670427209293033e-01
7.698322504340873174e-01
9.082753324019812169e-01
7.042012198989412441e-01
8.232744485961053238e-01
7.556329084068478252e-01
6.617667283450955340e-01
7.371688584336932859e-01
9.138137479438698252e-01
7.638448283142706963e-01
6.981241026373198322e-01
1.586991597517233510e+00
8.602336025235536310e-01
7.185673703741933815e-01
7.249373654519265520e-01
6.916793671424620316e-01
8.249229327646349086e-01
6.777673943677620105e-01
8.206602404717341370e-01
6.668098660293323432e-01
6.954999724673179839e-01
7.100891843061740705e-01
7.175410582176720009e-01
6.849347217060476334e-01
8.010379719246011332e-01
9.353413744602413482e-01
6.369953903450991106e-01
6.828387225462010379e-01
8.211016682757529273e-01
6.830813391712932114e-01
7.232476098921546415e-01
7.646798881736825981e-01
9.907065766293613462e-01
6.437698548140041721e-01
6.788879343188127802e-01
5.995598917261759642e-01
7.818467467027662154e-01
8.184495310160438963e-01
8.561931551096925164e-01
5.947196233912304120e-01
6.292360394355136499e-01
6.639692410596869099e-01
8.603215487850169874e-01
6.727218228529019406e-01
7.670358346815379091e-01
7.474218938476941965e-01
6.533210100598868530e-01
8.148860978619535400e-01
7.316706254268572351e-01
7.783092451663573552e-01
8.974281945763136203e-01
5.952255516536019142e-01
7.991883883124663024e-01
7.395248634921378628e-01
5.682864246844864242e-01
8.760189456028333321e-01
5.871523068628047293e-01
6.310240648052199974e-01
5.747415877254465899e-01
8.469812379057485296e-01
9.160017159372861872e-01
7.493703709669962132e-01
7.078380590759923985e-01
7.730684719745709588e-01
8.370581415458659968e-01
7.204511931273366310e-01
7.210397665327443750e-01
7.835449130923661798e-01
8.651470489362083072e-01
7.262760775381111866e-01
6.885766886733938330e-01
6.535640535701747744e-01
8.699975680383524868e-01
7.548093331902226977e-01
6.316743391401615781e-01
8.556745962141630857e-01
7.983810015378423053e-01
6.829178596029539250e-01
7.814126198339457208e-01
9.006488184154746168e-01
7.717646949138852186e-01
8.870475288518344659e-01
6.894101637935116100e-01
7.970099943277839660e-01
8.457000351883715572e-01
7.115513044636964102e-01
8.521578352882239749e-01
8.236995205430529543e-01
6.793092400681767229e-01
6.335229693202725221e-01
6.328761172907927390e-01
6.893187122906622166e-01
9.915235063670150284e-01
6.709865216073458427e-01
6.645770943579301093e-01
7.630374024253482323e-01
6.853278580180057755e-01
6.531726978250516069e-01
7.773072639538239903e-01
7.091718556785536753e-01
6.952325454288152962e-01
8.527088391853985261e-01
7.884540813025013861e-01
6.172689612661858005e-01
7.079737277020126118e-01
6.456270876488354737e-01
6.930471600388783404e-01
8.341343908049099198e-01
6.168094107941174409e-01
7.832055036804138615e-01
5.521812182141468961e-01
8.828055510930485905e-01
5.694210250772010484e-01
5.910009185834258494e-01
6.002675717450630666e-01
6.277744757773442430e-01
5.783526802637323216e-01
5.958275098698696537e-01
7.612976656770684691e-01
1.031527482897351300e+00
7.941524567992326311e-01
7.769296653935928720e-01
6.257833723469442555e-01
8.122238685673657255e-01
7.037254364862038924e-01
7.175953189533723631e-01
9.085309408800895659e-01
6.642016141873879898e-01
7.330984938859009814e-01
5.210133149917504092e-01
7.897332049558392075e-01
7.904247617413505678e-01
5.977647844056362958e-01
5.527857730517443668e-01
7.652069976215587488e-01
8.336537435494579817e-01
7.715603717876169387e-01
1.128933737066141640e+00
7.790525781030877006e-01
5.938534335418329535e-01
6.310719183583193281e-01
8.355735803425179409e-01
7.403085538203827420e-01
8.987708757611940769e-01
8.304311664954487915e-01
7.001227477537205202e-01
7.496261135170041445e-01
6.507804745412596459e-01
6.148134718460012138e-01
6.456047596453278192e-01
6.483794368262312258e-01
5.027580284101046404e-01
7.608636674373958630e-01
8.764145684158952676e-01
8.410280979465539763e-01
8.275692110760732856e-01
7.356332567945234047e-01
6.835598070900998913e-01
6.894766711212971799e-01
5.523841418576042051e-01
8.159481766098244382e-01
6.446970395346159899e-01
6.408949808513891844e-01
6.634613535127221740e-01
3.753475076075498129e-01
9.582368160023001513e-01
8.504645215672664849e-01
9.796788589354544774e-01
6.996107582292832028e-01
6.300234794671603078e-01
7.021790034985830875e-01
7.141364224717717812e-01
8.017305229002639200e-01
8.143468603526593519e-01
9.085277532738316175e-01
8.248015464739592018e-01
6.552862594150182796e-01
4.952312042625703903e-01
7.791948336813409037e-01
5.122098166868979119e-01
7.933848994981064218e-01
8.327211206007498756e-01
5.310108372921769071e-01
7.592879166225653398e-01
5.514842401806140382e-01
6.454943427660629895e-01
7.394329704155663263e-01
5.838350286615858753e-01
9.017242568718624174e-01
9.540563675684448075e-01
7.214088226197222786e-01
6.088079202723459815e-01
8.424775028446808145e-01
6.887959063026244388e-01
8.292938430290038854e-01
6.489905330570476805e-01
5.782144376184747969e-01
5.660835367529696294e-01
6.755114268557305124e-01
6.407409864113073894e-01
8.241541512306644890e-01
7.674737901535482187e-01
9.154509173723212045e-01
1.230454482267397509e+00
7.126717715465460401e-01
9.275284529031212477e-01
5.619979765668293714e-01
5.760961250210672180e-01
6.352077629848653650e-01
7.101179819863060461e-01
7.657062555636300338e-01
6.632074141122462629e-01
8.753989463624752831e-01
7.528587353348191735e-01
6.829446921580192287e-01
7.566623177503841724e-01
6.864057466753491488e-01
8.719913563189088945e-01
6.979459394470343137e-01
6.269593243749980171e-01
8.385357882000291641e-01
8.141724247336169507e-01
8.747594571438855882e-01
8.771474684608573380e-01
8.249416081665613687e-01
5.873594254043086327e-01
6.083383615919554233e-01
8.295243188259051603e-01
8.044236040864904957e-01
7.160784834857824022e-01
7.706443895920812581e-01
7.111361066810842901e-01
6.081722444126363980e-01
8.385829046312046620e-01
8.526234290349155032e-01
8.858604485808229123e-01
8.599222514972092446e-01
7.273959628309603076e-01
9.511100929092747291e-01
7.194698558455411286e-01
8.809775136418835917e-01
7.220749058066334714e-01
9.145864949103825747e-01
8.077938153281000178e-01
7.460384264525887765e-01
8.410807727458714522e-01
6.461586506876658698e-01
7.898166198862620613e-01
5.916454538415754083e-01
6.751049818573685579e-01
7.057336253172202811e-01
4.080551816350866945e-01
8.540588046951246293e-01
5.504391182743458844e-01
4.222229061887317614e-01
8.243693932111398892e-01
8.628420445969792185e-01
7.537951596563505774e-01
6.073262009371748205e-01
7.573755634532511882e-01
8.521071577768967176e-01
8.328516765516250642e-01
8.317288018388506732e-01
6.474572917186413035e-01
6.385019436957223293e-01
8.889898440046340999e-01
7.992138854723592756e-01
7.854645881807068575e-01
8.105666997582742228e-01
6.060780413004863698e-01
8.291885984770451801e-01
7.480855834148595340e-01
1.016552113520966971e+00
4.378155647264522776e-01
9.017599048176594412e-01
7.588666581517630183e-01
4.713432414994139230e-01
7.429157176357203962e-01
8.342572389982233494e-01
9.963703864062686266e-01
7.666801139109995500e-01
6.478595272064257005e-01
8.721767525198824700e-01
7.496403154186637163e-01
4.896707718414717858e-01
6.514749284563411402e-01
6.157751010680702075e-01
8.388454713193393975e-01
6.392558786083155642e-01
8.891083387686063988e-01
8.443618616485902839e-01
9.087112965133966602e-01
6.259140101029734282e-01
9.501873632240502854e-01
7.108372290841764585e-01
8.103176448496942630e-01
8.078415172671006284e-01
8.081458330848377836e-01
7.931183241083287205e-01
9.119781911275325337e-01
7.557046382149754660e-01
9.671002679993282447e-01
8.483574744753925589e-01
6.970693571728153737e-01
9.348773114221636815e-01
6.385223123451536642e-01
7.063896287252834361e-01
7.120597642259449689e-01
5.405275301793507348e-01
6.685091137297849428e-01
6.572803337211503560e-01
7.980963716050263335e-01
6.606869463000307752e-01
9.429577972943830044e-01
7.420676515604505141e-01
7.161261630671752476e-01
7.420498905134883527e-01
1.063545094183822481e+00
6.763961500230091239e-01
9.319148766557633357e-01
7.237493254427219691e-01
7.162903593738429997e-01
5.563573905860179636e-01
7.674428196823034343e-01
7.388810005628889677e-01
6.793275821181198326e-01
6.488483693051408929e-01
7.443482572341582060e-01
8.186620955050176729e-01
7.908783433865389512e-01
8.078443846121859950e-01
6.644435295921324869e-01
5.652376374095027245e-01
6.253836659794564934e-01
7.806822876358715524e-01
7.196920117523417648e-01
4.561687782226163668e-01
6.921297120238976142e-01
5.825760279222303994e-01
7.476432988957395498e-01
1.154184614614861104e+00
3.986842429419620304e-01
8.734154497700703512e-01
9.083480334646439891e-01
6.544160701930324953e-01
6.216177096536853464e-01
6.671562204367058602e-01
7.742359084687834292e-01
7.476774770330779640e-01
9.335517834380260283e-01
8.167326901892332236e-01
9.176876325197081963e-01
8.080414383636196352e-01
7.525228833170204412e-01
6.736815885471885146e-01
5.740981745715757478e-01
7.924770368949954902e-01
7.641993860900662128e-01
9.774086396711750835e-01
7.000404902612263891e-01
6.853792291113988133e-01
9.178991636465579917e-01
6.828812663775833958e-01
7.693069168414432557e-01
5.036486718295687393e-01
4.634187385210312149e-01
7.732569786461731542e-01
7.169694308918628245e-01
6.616488985506342457e-01
5.109535170936031490e-01
6.270902403316604978e-01
6.282770035086584492e-01
5.471402808579682864e-01
6.152456614012227210e-01
1.467419373972579599e+00
1.135349258500964575e+00
7.772604108440571702e-01
5.356350678903227802e-01
9.562522511491343691e-01
8.122732653475727149e-01
6.078320983816061229e-01
8.143128612400589716e-01
6.872560031519008295e-01
8.762022000681490841e-01
5.674460371324669961e-01
8.756166725764810144e-01
6.362126253013008492e-01
5.876393812093014812e-01
7.452266843561812237e-01
9.970128399103308503e-01
5.427933597237486474e-01
8.198239067913505318e-01
6.888793740156679002e-01
5.862183366390554262e-01
7.421441304550194795e-01
7.230180430543502457e-01
8.416125161726220050e-01
8.810024564835658989e-01
7.087640385667776100e-01
7.535308602398610445e-01
9.467807530865872678e-01
7.403543735751051402e-01
8.473737892265197358e-01
7.823086216246162294e-01
6.518202129404118139e-01
5.414412040945887350e-01
9.628481533884639676e-01
6.916354045712391763e-01
8.321573282262991755e-01
7.081255238494538196e-01
7.256612455777284865e-01
7.058131870051194134e-01
6.682803539285805394e-01
9.480718860725642072e-01
8.605557383208488620e-01
8.188409859177656624e-01
7.069539984980698355e-01
7.167118543952794019e-01
6.866016656721352085e-01
3.333051050326775178e-01
7.897127552279010754e-01
8.230487264857453411e-01
5.076671400622235764e-01
7.916438100349271201e-01
6.911532539781283235e-01
1.038135049941156129e+00
7.635716801643094298e-01
6.379075300236018986e-01
4.591048287889798463e-01
8.829633995934988988e-01
9.540057873941892863e-01
6.812824204282468266e-01
6.403354255103778092e-01
8.160215807422181999e-01
8.217310047894363922e-01
6.848998272626882766e-01
7.330505152293377291e-01
7.777726825584582171e-01
5.764015218135343233e-01
6.225252942641844589e-01
5.704785916162478099e-01
7.137303494721030095e-01
8.505708768755627647e-01
9.121084486299032568e-01
7.056718343383451275e-01
7.445563011157280142e-01
7.111951744677534881e-01
6.628485284203242678e-01
8.274556482847774674e-01
9.116812236964463301e-01
6.642041065011183854e-01
7.452424646963287103e-01
8.695525570439438523e-01
8.357012251059650065e-01
8.522524386420607945e-01
7.626511896491225961e-01
7.293571311164535054e-01
8.237691503461781473e-01
6.172123824377391266e-01
6.772277001879771774e-01
8.120232966962513954e-01
8.883691878659982777e-01
7.262700407377283840e-01
5.983866678252557358e-01
9.266422019700307766e-01
7.765970072579745365e-01
6.695024567007872296e-01
6.901236648147646147e-01
7.033166696046160293e-01
7.089550376468366499e-01
6.237833909117002085e-01
9.491213198839921761e-01
6.750267846928602600e-01
6.848393658683988861e-01
5.998654173130932854e-01
7.217277696824383471e-01
6.487267142069309545e-01
7.084629365527372880e-01
4.733012366532437509e-01
7.610920199710731193e-01
8.814435924398302813e-01
5.765010388595925850e-01
6.207258518735310204e-01
6.835836982330893985e-01
6.251211518355990204e-01
5.442121580467009778e-01
8.546520135161894682e-01
8.254688789369599711e-01
8.751643218593939677e-01
6.415290106155586702e-01
6.862644282924846850e-01
6.982943259037674988e-01
7.825869519970810595e-01
6.439859333330341107e-01
6.704622787490537306e-01
6.635394943622985320e-01
8.778431905053273310e-01
8.435995765312518380e-01
8.036688168664073428e-01
8.950441410840899170e-01
8.575454441979699638e-01
9.805863788257199731e-01
6.385833834385342689e-01
8.428705809373783220e-01
7.137371878000383640e-01
6.528159747327448859e-01
6.520412966828583734e-01
7.052521814342980200e-01
6.728126452486143938e-01
7.220263353349455349e-01
7.595282360804985755e-01
7.309289993802168262e-01
9.062225031185423552e-01
9.921345390656500784e-01
7.212139288451959729e-01
8.754255288144536795e-01
7.147812937307005399e-01
8.527083363830123552e-01
5.430162269679625897e-01
1.011353660600190052e+00
9.270872757872785641e-01
6.754441650161833177e-01
7.173294375569285730e-01
8.424790110948008337e-01
8.961970428467589400e-01
9.170443684645899207e-01
7.277719754756746262e-01
6.723002195302273387e-01
9.200573745827774763e-01
7.983267157490624433e-01
8.716530800098677423e-01
6.519699032161510033e-01
7.530945046358430428e-01
5.950391742623587499e-01
8.348368949384223914e-01
7.155051289455874874e-01
7.059912457406646302e-01
5.880200067643061024e-01
7.825306792666362199e-01
7.782526793368782503e-01
4.128005854456732737e-01
7.392536818048986991e-01
8.103587793957317542e-01
7.053788277745387525e-01
6.096587496246171911e-01
7.382713760577429563e-01
4.549827561708851831e-01
4.455945032198204703e-01
8.292096520581064834e-01
7.575841971407140107e-01
6.641733945950507589e-01
6.519541397329271515e-01
5.861889650931355611e-01
5.893633162716186424e-01
7.399482561493034849e-01
7.171232580108241050e-01
5.868717870605255627e-01
6.685641499074288507e-01
9.210712666772796764e-01
5.843542366595325666e-01
8.270734308972729210e-01
6.415799277240040732e-01
7.262956235619897338e-01
6.021496897986962082e-01
8.313761853221871556e-01
8.412013028647910007e-01
6.389174561806559849e-01
8.885638550316262707e-01
6.174108936199108610e-01
7.986058052612056146e-01
5.415894513377854658e-01
6.551189192441219111e-01
6.629033186910747721e-01
7.599284887956775369e-01
5.972720169107402777e-01
1.020631489464417507e+00
9.812349687335885084e-01
7.002609147660973088e-01
8.303329080419097341e-01
7.022912605583981893e-01
5.696940172455083884e-01
5.276250257943417843e-01
9.242684753977769008e-01
5.799211774377203144e-01
9.249950788002545554e-01
3.571894935000107241e-01
8.510866421332279330e-01
5.692581421699932642e-01
7.345925187896025221e-01
4.469149616820341508e-01
8.069912965991550280e-01
9.171516849664235194e-01
6.018904966126451539e-01
6.904177496801825464e-01
8.397307735217953706e-01
7.910203552906708291e-01
8.476897939302405760e-01
6.434126897663559053e-01
8.646457611786587671e-01
8.390894307148479836e-01
7.890790824929525549e-01
6.727253087045602653e-01
5.788747395841938870e-01
7.520811416368528013e-01
8.091769816835788776e-01
8.602837621720844652e-01
8.978344501865654914e-01
6.726179124372587692e-01
7.596475567698779408e-01
5.391903334558233452e-01
5.413385098993828137e-01
6.768909143142900486e-01
8.245562807888391355e-01
4.740941796872900627e-01
8.218730979653604551e-01
6.546124851463199779e-01
6.673211637741109925e-01
6.785658944119060676e-01
5.774880329822283942e-01
5.791030384824816801e-01
9.762624656868713613e-01
7.170948320597279046e-01
4.558873013771964633e-01
5.737049277917111167e-01
4.449278293065277445e-01
5.822468088022146881e-01
4.919468412288093839e-01
1.207240772632438564e+00
8.991078213627103910e-01
4.713406351763125279e-01
6.540343463246763855e-01
6.366426231690621718e-01
8.418053033092713910e-01
7.622537242037634719e-01
5.537576820538089306e-01
4.143409477970075860e-01
9.150577857466951626e-01
1.048663435762409613e+00
5.010910566024562307e-01
6.443407948861191725e-01
5.381279795626979778e-01
4.427033894851567508e-01
8.492787300525574956e-01
6.693274766636472251e-01
4.225605144552356252e-01
7.382571251758690556e-01
8.801861410213579484e-01
6.411541218589709157e-01
7.700486068144919427e-01
8.384095190039805301e-01
5.093409231841724560e-01
5.600515774313071793e-01
6.078348042281088714e-01
8.178553732833380163e-01
7.562586223985133804e-01
7.603563324824839098e-01
7.341808214346101646e-01
8.319933960576231247e-01
9.706270565605606970e-01
7.936194180288909106e-01
7.031459189986918323e-01
8.348596590183658961e-01
6.239852853875733629e-01
5.144967993916365057e-01
8.931849548617627477e-01
6.456887493049739968e-01
6.835241275257754046e-01
7.429897048305826868e-01
6.828198762771483521e-01
7.477047258207228930e-01
7.620385639209077411e-01
8.940071781524860928e-01
7.409984070656248090e-01
8.008670974616517446e-01
1.231129465516030308e+00
7.451196897245760953e-01
8.828493097261711497e-01
8.869464111478945201e-01
7.715048686886812890e-01
7.122232097083932567e-01
7.771767936924536269e-01
7.584344450549068695e-01
7.415938392872174489e-01
7.397958130526337550e-01
8.157002613320974982e-01
4.286537293283869121e-01
8.274096229827522242e-01
7.437991587206838062e-01
3.035200832097454948e-01
9.628355624751736563e-01
6.591203996935764975e-01
4.986021488790062239e-01
7.926301170685453590e-01
8.806986288480299629e-01
9.550552427862232241e-01
6.921279963192438212e-01
7.750552961366115046e-01
8.418716098702696549e-01
7.084953220856452516e-01
7.204626731968821751e-01
4.758074317807276521e-01
9.084943377251372132e-01
5.850768932430067126e-01
1.659684822032981177e+00
6.300460483886320961e-01
8.351519713805543033e-01
6.360124534988461642e-01
7.109453029275414337e-01
1.020492255791504377e+00
6.377133457263408634e-01
7.636160688357649384e-01
8.222779568590835586e-01
8.515300175663983451e-01
6.364551872606363236e-01
8.611093991596697750e-01
8.904847220381003625e-01
7.513782925410034119e-01
7.455089260288026987e-01
5.766403965608937199e-01
5.309994104849047325e-01
8.113303008389356474e-01
7.461069792416826774e-01
5.639669763148507098e-01
8.390974575089491516e-01
9.512683715974822318e-01
7.450362960929957090e-01
7.976299451718411593e-01
5.286395973222890454e-01
7.791761670111928550e-01
7.710078009471977856e-01
7.995373543362581659e-01
8.943488984411768206e-01
4.647474814216872030e-01
9.565038241432402000e-01
8.185385854717340814e-01
6.771704168779275612e-01
5.838759082488167440e-01
9.916423518056922681e-01
8.806201424245551079e-01
9.520381851632968573e-01
4.817279453573672932e-01
7.434073717180015306e-01
5.608063534400158368e-01
6.951816694701037358e-01
8.449518091968752920e-01
8.043147260908646290e-01
8.242415085311672884e-01
7.435566198373920743e-01
7.280819538787761669e-01
6.663803969341178801e-01
7.789318857520413086e-01
8.261121151848423994e-01
7.555189368235621927e-01
8.106903460888629231e-01
8.592662629776199879e-01
7.271535368022135071e-01
8.758876095084802138e-01
6.820224846181029976e-01
7.467720201709830974e-01
7.505669648442316877e-01
8.228245642937845883e-01
6.331792683895374196e-01
6.483628994041089610e-01
7.611483059777265359e-01
8.877835343849898031e-01
6.097472112019293178e-01
6.510665187054095471e-01
6.635000192284177256e-01
8.634445329125282065e-01
9.920248550216085315e-01
8.615486500852966856e-01
5.778711575203799855e-01
6.220331271239559756e-01
7.109812648871830509e-01
6.752819542738004444e-01
6.899741142909552316e-01
5.616663818567488864e-01
6.247918605386083568e-01
7.706342158613002091e-01
8.069833047900377698e-01
7.164253317310144142e-01
8.468006553520638358e-01
7.783328809014405936e-01
6.672391395062182706e-01
7.168991520426459818e-01
8.217592181962756204e-01
8.002323946107234853e-01
8.856140248853460184e-01
9.012651062091490139e-01
7.728117531979721289e-01
9.769420015836528526e-01
7.893890048681040383e-01
6.000858699359515880e-01
8.470717667639328097e-01
6.287132286428813721e-01
8.526262983159713649e-01
5.991009100414323996e-01
8.325286192159619958e-01
7.519004265122734010e-01
1.125378454564278652e+00
1.024256562754821909e+00
1.103330089258070190e+00
8.009149462325535485e-01
8.749807961341633522e-01
9.055824993107307597e-01
8.040304151053753179e-01
4.259621793584630334e-01
7.375099215101881267e-01
9.438533838159757217e-01
6.526614132993561190e-01
7.494895524940776710e-01
6.955399917385068909e-01
5.999890029228650556e-01
8.811479397662806967e-01
7.524392791170015915e-01
7.786722049479477548e-01
7.946661244371518995e-01
4.056488435328116093e-01
4.374514342512392795e-01
3.866035284347929535e-01
7.868366596681868330e-01
4.343407377016750837e-01
6.188032996432990540e-01
6.753032210557017301e-01
9.881624328048864703e-01
6.557878189120298629e-01
8.677847543567730471e-01
4.563743289064048358e-01
6.688399996955064486e-01
8.085281162287192291e-01
6.189676508943046107e-01
8.405169996432776403e-01
8.245785156278814254e-01
6.454801591813407180e-01
6.414983896355053172e-01
8.699454110718459754e-01
8.719070902382088928e-01
7.570392239242937915e-01
8.216522512218847885e-01
9.033541372015471138e-01
6.425710132914385087e-01
8.295154866045846287e-01
9.498692960943404540e-01
7.002338818586024694e-01
7.199151642514436400e-01
7.494761716648057348e-01
9.457653942513676304e-01
9.174279362516426506e-01
6.336034012265404636e-01
8.931125344290438139e-01
7.916954146248181834e-01
8.499485752518044501e-01
6.761033115251039449e-01
7.038082128099143464e-01
1.147766473423841305e+00
6.527888188869269692e-01
1.002439397786224484e+00
7.345798978607741558e-01
8.289818681174212500e-01
7.573010282498150447e-01
8.780941134187223440e-01
9.284580509554396510e-01
1.097117627277958807e+00
7.267664612102282540e-01
1.265639147185994906e+00
7.693714041053221209e-01
6.915154180549633045e-01
9.618567027585395168e-01
8.953849317334593438e-01
5.557326524593315664e-01
5.928234001219091498e-01
1.063289165782891565e+00
6.556468875995180579e-01
5.932256987529690440e-01
8.075892908426667294e-01
1.205668239657689877e+00
7.795027146043411737e-01
6.232066217826326415e-01
7.198606761594823489e-01
9.643801843174735211e-01
7.399166685383773423e-01
6.435965495679006887e-01
6.161003529602220308e-01
7.731636764843696774e-01
7.491998330257446659e-01
9.582061557071503977e-01
9.395922105437860550e-01
9.432216070470679226e-01
7.851867018899979511e-01
6.961371139866199265e-01
8.970863610095912710e-01
1.257083464360616576e+00
7.882585945909084124e-01
1.046662327458645070e+00
8.571807126321866477e-01
8.849419172642587483e-01
7.446134125989976038e-01
5.864866886482950070e-01
6.665437735681811748e-01
1.039115631762279390e+00
1.074524290447202324e+00
8.084617486693750354e-01
6.878500026770388853e-01
7.173843446160546033e-01
1.007139480298302026e+00
7.317521082068211280e-01
7.381453903869611421e-01
1.105497566332143355e+00
8.797479109112729123e-01
6.985327972590762435e-01
9.959234538809498272e-01
7.644495807795227416e-01
8.810597209218510306e-01
6.488656547325208912e-01
8.563160513062545443e-01
7.281066058468745883e-01
6.289564396360272092e-01
1.203774342168639766e+00
1.010108863744222152e+00
1.154363566650519424e+00
1.000263759481212933e+00
7.742257569891363156e-01
7.598756224097363843e-01
5.646834441300094820e-01
5.317418497526221755e-01
6.618777424543762500e-01
9.438862849701038504e-01
6.679762554098449545e-01
8.248552515564938625e-01
8.065162843284916505e-01
5.984047295898901053e-01
6.185644837784938233e-01
5.704819217045270507e-01
8.701393476235591562e-01
5.799604166552575490e-01
7.870728842230737543e-01
8.049676143751339774e-01
6.041058272680004393e-01
6.697660320122610367e-01
8.472096448526984513e-01
6.618092808130610072e-01
8.309433105697751065e-01
8.199272341522265695e-01
6.532113032647746120e-01
6.121957777334123829e-01
6.437287488824013915e-01
5.749830733267128346e-01
7.034638166648535806e-01
6.970152847354958991e-01
5.666063955916057493e-01
7.727238771728998090e-01
5.595110685549515850e-01
6.744608405073189150e-01
6.182562569682524822e-01
7.707277988442379213e-01
7.433339575519304354e-01
7.388345944629052253e-01
9.599758599293086725e-01
8.409462816737037771e-01
8.119157816599592570e-01
4.995424651681776851e-01
5.276011213778263320e-01
7.292332100538578832e-01
6.300943093212977297e-01
6.556076980300037382e-01
5.722049858149786949e-01
5.218883912921096213e-01
5.320979704707669011e-01
9.104593972005653457e-01
7.700635422248043316e-01
5.447088126444071809e-01
5.266264224704563235e-01
6.626776464017569701e-01
7.602034131824002561e-01
6.520952862219571156e-01
7.806221631701980579e-01
7.820714012799041548e-01
7.150540360787329686e-01
6.109839960545997428e-01
7.697578765353078056e-01
5.540447857663672870e-01
7.171538128884037411e-01
6.255938261132356626e-01
5.669957673717832547e-01
6.023350753690429604e-01
7.871254939339216161e-01
5.974052766845062701e-01
6.756299839161864496e-01
5.232985263818455968e-01
6.442064274383620948e-01
6.964559294558568814e-01
8.742840845553060403e-01
6.614326152760899857e-01
5.704230559131268086e-01
8.399427768766771774e-01
6.376162687519898453e-01
6.828922445857061874e-01
7.829477503248953862e-01
7.993866027457138257e-01
9.631427912443795147e-01
5.956864015843263971e-01
5.916836559722786770e-01
7.104605975859343836e-01
5.665692227680458881e-01
6.634517000825755906e-01
7.112143511786573891e-01
6.130429527401050072e-01
7.400774135185176350e-01
5.752220940608927524e-01
6.744588609271976454e-01
7.907093526735924360e-01
6.690521255531719502e-01
4.508783497591511424e-01
6.565298236487736583e-01
7.474168468935322718e-01
6.275796696433272315e-01
6.705166393680564996e-01
6.332618513475218869e-01
7.276871890439277069e-01
6.780263245808635375e-01
8.355970268130256118e-01
5.861776061676284844e-01
7.105175681449648062e-01
7.755645137699322955e-01
7.519392787089682617e-01
7.244093136883728024e-01
7.891292678962903429e-01
8.605775346273404347e-01
5.126525423495659206e-01
6.303384347409762833e-01
5.528972276040576839e-01
5.609577583620625196e-01
6.100667823945659096e-01
7.080441340216160340e-01
6.869613801698213340e-01
6.146248304121895156e-01
9.509712652920274678e-01
6.590293722014010092e-01
6.310192636656007936e-01
7.717086575902473156e-01
7.676197779301403568e-01
5.916585760782863135e-01
8.384829524436666626e-01
7.119572506090626751e-01
6.272613202419776712e-01
6.761810729989200519e-01
6.946012964926877586e-01
6.222614777338665304e-01
9.218394830460986400e-01
7.190260178729721563e-01
7.174222341120202184e-01
6.685336568432279636e-01
8.971458378704278980e-01
5.950065112508308163e-01
5.444737284737337646e-01
5.791231533545906363e-01
9.335780622908294024e-01
8.543317301289563570e-01
6.701032796091686006e-01
7.431049980999167026e-01
7.496126719963664975e-01
6.299985828493941398e-01
6.938004378472573119e-01
6.914848487802988108e-01
6.754210893416897621e-01
5.479219738905680703e-01
5.520117352283858692e-01
5.228614317813188306e-01
5.337181039455073384e-01
5.940243289946964822e-01
5.813080221875438491e-01
7.276744237855556907e-01
6.354982993755747822e-01
6.777318156727468734e-01
6.316797220974419425e-01
8.438881195739480479e-01
7.435839826060178792e-01
6.697150354102506808e-01
8.408619366273901719e-01
6.368202467267786160e-01
7.048758348986275957e-01
6.925427276867084370e-01
6.607461585257794479e-01
6.599276299238681087e-01
5.528985617666456465e-01
5.860811734473799772e-01
5.690820779443109823e-01
6.570353396409656099e-01
6.940459160679072204e-01
6.677227476445948273e-01
8.113401625006195772e-01
5.728271664555717457e-01
8.582460676932401888e-01
6.193664268509456727e-01
5.402284253307613193e-01
5.428928438042928128e-01
5.480351678765149614e-01
8.609928989604637151e-01
7.515472709918457062e-01
5.918730531053666422e-01
6.617536090003918181e-01
6.756706921286250722e-01
5.535930288413247746e-01
6.793394309778895135e-01
7.149010045008996617e-01
7.642750526397480426e-01
7.051998537387483834e-01
8.245972550477882468e-01
6.418344861323530548e-01
5.633792714518565115e-01
7.058116812999449818e-01
7.784087646174919772e-01
7.137059510208200175e-01
7.278390895380055792e-01
8.590431704996123186e-01
7.135820833542437791e-01
6.846312766717581599e-01
6.003822692249327631e-01
6.627771660337569148e-01
6.680755053176402614e-01
6.606802616089285651e-01
6.228061135947071669e-01
6.751750226824917434e-01
5.417797666988577454e-01
7.453552142783238521e-01
7.498692123405138465e-01
6.619536291112695370e-01
8.180437364192295613e-01
5.786900299130113279e-01
6.675269971477675313e-01
7.844817905675217640e-01
5.308270930796989973e-01
5.778865004944697681e-01
6.364913951694163297e-01
6.824296969483104602e-01
7.843006256917179897e-01
8.120098624617910765e-01
7.281171440494234037e-01
7.033537602684841739e-01
6.305301631092299353e-01
8.222129117299675771e-01
6.529976137193225227e-01
6.554297605450657427e-01
7.139685186663279337e-01
7.487046304471830505e-01
8.509795915578136638e-01
5.882236591656025970e-01
6.267839167492647023e-01
5.919700170060085975e-01
8.109068778971250113e-01
8.353616309081380864e-01
6.819449879747362386e-01
6.464050367841175371e-01
5.708265835111524522e-01
7.938936991585056058e-01
6.831692198173066055e-01
5.699088177660825982e-01
8.456112222342079265e-01
5.986284472599293638e-01
7.744489511157358619e-01
6.979123195802430235e-01
5.043801327337125162e-01
8.199066990556195256e-01
6.074925387461059811e-01
6.756421904849175819e-01
8.161339669723836066e-01
7.161223877647365788e-01
7.210849878926997025e-01
6.165291421341010381e-01
5.888441664676533627e-01
5.147212514435182129e-01
6.331847355701324398e-01
5.553339640446333103e-01
6.513525657657399659e-01
7.090754570247355115e-01
7.632109630323899996e-01
6.147584492649070809e-01
5.451459111655370116e-01
7.296920194216456323e-01
5.687126805198902124e-01
8.251556497911801680e-01
6.549544885460222288e-01
5.552431256908656465e-01
8.716317198223360041e-01
6.297883125362846446e-01
7.081438925771383897e-01
6.599873048926362396e-01
7.146024324201146749e-01
7.995231635361511602e-01
6.696150457593141869e-01
6.877782570287973574e-01
7.868572362283563493e-01
7.567331857936742123e-01
5.904610986009670714e-01
7.861980803265253837e-01
8.063199446124337255e-01
7.887416192883186516e-01
7.113164365117340404e-01
6.466328869079889241e-01
5.485743145342310001e-01
6.613687621634959379e-01
7.169682785041407991e-01
5.610030931115181918e-01
8.454657791055120164e-01
6.492762394846222085e-01
7.992523215910780632e-01
6.397672064962088845e-01
6.984933330427728349e-01
7.872464912069583320e-01
6.343402414927791222e-01
8.101133800849968924e-01
6.225937076529535208e-01
7.438318839076724087e-01
7.795847149513935870e-01
6.675804844517685410e-01
7.482917205448532671e-01
6.203340491808650992e-01
7.411768505873809199e-01
6.090176710995914844e-01
6.062310716421647205e-01
6.688593701688413384e-01
7.010626477896967357e-01
6.528696467863468467e-01
6.620861657598688943e-01
6.932044489208998295e-01
7.562356479746370486e-01
4.828748468604321942e-01
6.866606063503030155e-01
6.310555612292677585e-01
7.482125415969784754e-01
6.934675585386289587e-01
6.486699334181701415e-01
7.916220420335223773e-01
6.880011316186525061e-01
8.366934256117812829e-01
5.412968349067671658e-01
8.544748463400472227e-01
8.276422480822491767e-01
5.566509437625952739e-01
7.916184600144478001e-01
8.314450309203545997e-01
8.141450668001870561e-01
6.916021872042878993e-01
7.889065275689882695e-01
6.115153224282380284e-01
7.670763223766249306e-01
6.512560874188123572e-01
9.299221835739497344e-01
7.897621338232672095e-01
5.946411318900991505e-01
6.834525961017512419e-01
5.643846311637753521e-01
5.899941840083835487e-01
5.545592654513532560e-01
5.947232891570934932e-01
6.825586699162091708e-01
7.730819355190868825e-01
6.012522295388856852e-01
7.293677027796729995e-01
7.148739018662373379e-01
5.343761753515128277e-01
5.946497714220920772e-01
5.534480060483438768e-01
5.749361476433407780e-01
5.967662746178462596e-01
7.364864428476061153e-01
5.787063492435864376e-01
5.816369949692817842e-01
8.280960260569044662e-01
5.798775117002846757e-01
8.074197836210255108e-01
5.629189654863493431e-01
8.116832916448033508e-01
9.132405688110617481e-01
8.393689632556691205e-01
8.471712448621693259e-01
6.080598550180722484e-01
6.579090583480042831e-01
6.652570800956812969e-01
6.614043501398073621e-01
6.859071842137822728e-01
7.810493482275170374e-01
7.924709708288115717e-01
6.768653846179379929e-01
7.580825085073732428e-01
6.360903977955624233e-01
7.896877656207677010e-01
5.536699200743182558e-01
5.945250885726901524e-01
5.729476440588033848e-01
9.002109657981008928e-01
6.048411844188993358e-01
6.144015466938678172e-01
6.326633016091778305e-01
8.581222471857320455e-01
7.929370916588408535e-01
5.688893460567688853e-01
7.892069475816249069e-01
5.700591934007646078e-01
8.588105853333469764e-01
7.482375808744565759e-01
5.344452092773260832e-01
7.540756298516730904e-01
7.036256127577262820e-01
8.212779202872986239e-01
7.150577431246899485e-01
6.972601588020536090e-01
6.883472286584143562e-01
6.399722212977274616e-01
6.058197477054927393e-01
5.894532062908075520e-01
6.458617731050932953e-01
5.971779637353392678e-01
6.576662706839485617e-01
6.802771604026321972e-01
7.234332535258688468e-01
6.574371269398390227e-01
7.284022828187349807e-01
7.865017449696806162e-01
7.461069004660022541e-01
7.862420536593166531e-01
6.549366534757621316e-01
5.530551355431059246e-01
8.078802503097212151e-01
6.164672023253403577e-01
7.384602117212246686e-01
8.494417561055308541e-01
8.138091612003987008e-01
8.077148530754564293e-01
5.860952757479571673e-01
7.221368515162033264e-01
8.896819197938059531e-01
8.112819374282830287e-01
5.696494011843753480e-01
5.424959325339967497e-01
5.569226812404198812e-01
5.535564981928595696e-01
6.530833009432470693e-01
6.930742896986874513e-01
6.733361181464693201e-01
7.212427048420242404e-01
4.928044111695134011e-01
7.539911798239610219e-01
6.752453990775064696e-01
7.191842727384901712e-01
7.682824330994434403e-01
6.395551719749750230e-01
8.113225729300365119e-01
5.519473546194419988e-01
6.075541428288624424e-01
7.569140673994859680e-01
6.514015048538184249e-01
6.394438600472392986e-01
6.759539567910136659e-01
6.703444833367288025e-01
6.737661518655457815e-01
4.977536471659786965e-01
5.548651479900977845e-01
5.274813275986219852e-01
8.209612309887615034e-01
5.554846295251338884e-01
7.661643791391479219e-01
5.554117886629513778e-01
6.882175675928815517e-01
6.066365514858059749e-01
6.296976165659063929e-01
6.351898980924589599e-01
8.337945502129410213e-01
7.271912972235480277e-01
6.278261035247109101e-01
7.813518530478090751e-01
6.110590810611191692e-01
6.318601009416840997e-01
5.486230057997915077e-01
9.184122872394081538e-01
6.620096796872102507e-01
6.177873905603578075e-01
6.493215328009316334e-01
7.107249299522998554e-01
7.601259792602468313e-01
7.547859692772049822e-01
7.048083422424783473e-01
7.086556654471298788e-01
5.584532733732883170e-01
7.493204268642438270e-01
7.122749763700316761e-01
9.025063629361679274e-01
7.637348942738299007e-01
8.490481564161448391e-01
7.208114462690078383e-01
8.053601625113493423e-01
6.731718929945560426e-01
6.770552828713292115e-01
7.151461124094621313e-01
6.476222099792403597e-01
8.946575950362682939e-01
6.713433762259775062e-01
6.714220841894950054e-01
5.683852868985348472e-01
5.807359845313023738e-01
4.416933529402795600e-01
5.170389173688315632e-01
7.826016602118092136e-01
6.404793938779282936e-01
8.997078418437119973e-01
8.768779138828267650e-01
6.242740308598481169e-01
6.704715855624262533e-01
6.231531584707713511e-01
7.735113325577551713e-01
6.562317365191956409e-01
6.517207754638151274e-01
6.767003305434229343e-01
7.285789211342746929e-01
7.441246719823756406e-01
5.469723660439204105e-01
6.563652915797258958e-01
7.792460487621831744e-01
7.275393625853618929e-01
6.153514245959242901e-01
7.645785411677546994e-01
7.452717012164131738e-01
7.604370689995243460e-01
5.941680635196383564e-01
8.196837798880831638e-01
7.470219213718435336e-01
5.169697731775970695e-01
6.827389316720039458e-01
7.728827410079752713e-01
5.395174646401954544e-01
5.947031286023394259e-01
5.117618587722910783e-01
6.423776444008862940e-01
6.402691444864441195e-01
8.641449607676426892e-01
7.885431570164296300e-01
5.906468910097352198e-01
8.458966140062558203e-01
6.905413837416860545e-01
3.962724372804877215e-01
6.536644619989966376e-01
6.129661780551707295e-01
6.207922924978250823e-01
7.582779488038757787e-01
6.188757096509537314e-01
8.193185216497341772e-01
7.748623104889588165e-01
5.859844349530632934e-01
6.307791137837414075e-01
5.284663222302831143e-01
6.027601885374210822e-01
6.919766898773045405e-01
5.762020479772269610e-01
7.543807435497390523e-01
9.127486942994816888e-01
8.272384220593989035e-01
8.746102292384329013e-01
8.272036676585163839e-01
7.770531437039056577e-01
6.487874849959521795e-01
9.893986704156262357e-01
8.362607795759787743e-01
7.236491945296427142e-01
7.368611746830883158e-01
7.405906849076331344e-01
4.657998813199347721e-01
7.009474957052160837e-01
9.426423780384364237e-01
8.860304497124266154e-01
6.743660388380512405e-01
5.663560308743672556e-01
6.952345580793509727e-01
5.957511718552841451e-01
7.885796399664818379e-01
7.590199225640631431e-01
6.137807005567029739e-01
6.678191779225879365e-01
6.330042895173167983e-01
8.951859952314715763e-01
8.728131337161851855e-01
6.977118423146094761e-01
6.409998206992599812e-01
6.067389855191496206e-01
7.248497506685698255e-01
8.335883253218583366e-01
6.391264385597988928e-01
7.645638195129794701e-01
6.503107274953541239e-01
6.791314474457366135e-01
5.778158446891434874e-01
7.258252435357429588e-01
6.930677274345323768e-01
7.443149319808837205e-01
6.336507241427020709e-01
6.872070734593317409e-01
6.765223072364968671e-01
8.307026017002491214e-01
6.510299389853514418e-01
6.833713647675269121e-01
8.332515925276047231e-01
5.360194607891011209e-01
6.644146916776282330e-01
6.335324072626877800e-01
6.253901944703734728e-01
5.229300035860405815e-01
6.334699276367581344e-01
7.144654841651139066e-01
5.659058682573215870e-01
6.875997668413534880e-01
5.116789631428451113e-01
6.751648645210320820e-01
7.932807291585994847e-01
8.016833752309153738e-01
6.622668513383818123e-01
6.485972125360640606e-01
7.722316730900697923e-01
6.696562484908075152e-01
7.875701325122546059e-01
7.142847462218085974e-01
6.777445473286196620e-01
5.333298343248497053e-01
4.945538452158240172e-01
7.404744522553180497e-01
5.687322532272085507e-01
5.001364193771666855e-01
6.527638310300074576e-01
5.927079555543962597e-01
7.160206071551579177e-01
6.191939708663150022e-01
9.014848624199569560e-01
5.458230902296757892e-01
6.164784972780046335e-01
7.890803553704055506e-01
5.933452810049251180e-01
5.899664671215623102e-01
7.505986156343905646e-01
7.395360870131827413e-01
8.163112367761411470e-01
6.411347975257770671e-01
6.699633020006757755e-01
7.107110560167706481e-01
7.584475658295463107e-01
9.155437567123381193e-01
7.914971329413876822e-01
9.271507109357957077e-01
5.893487586021665114e-01
5.695492783601437958e-01
8.223316791089807509e-01
7.565734255566838318e-01
8.032048253569967766e-01
6.857995300119206217e-01
8.906592121069634160e-01
7.279618134031773380e-01
7.148825420103690487e-01
5.840359001382615656e-01
5.123876523264206950e-01
5.848657543718366325e-01
8.753454417553189204e-01
5.935327960770132583e-01
5.683868634036027823e-01
8.469048886798343778e-01
7.943412773844288344e-01
5.681065516941196103e-01
5.797509871988308916e-01
5.520865076966620100e-01
8.304086854884248359e-01
6.578354550601467343e-01
5.491181708411531082e-01
7.801586872109788073e-01
6.301161596455426839e-01
7.024154759007630311e-01
7.011254525218382216e-01
5.943865585728960177e-01
6.133042166416923235e-01
7.088385231562258637e-01
7.146933755879703032e-01
8.684840647235427813e-01
6.165778504456246312e-01
6.890488299102995873e-01
8.177525719060484422e-01
6.299568449817760651e-01
5.603459823894202385e-01
5.800310095196802296e-01
7.028935951841375207e-01
7.050301008318200502e-01
8.944114416124898659e-01
5.880403335992619995e-01
5.872717571908854239e-01
8.279256096503897489e-01
6.348821580702144196e-01
7.948626230412768612e-01
6.471262577370819891e-01
6.533676679238322738e-01
8.149457693726724905e-01
8.339254229427844889e-01
9.176615527904855574e-01
6.673211556672491440e-01
8.260496102904174576e-01
6.974932971089117251e-01
9.482605627048981134e-01
6.410087746471616610e-01
6.412925487928706758e-01
6.359042718366541003e-01
9.011271600431781659e-01
5.758569757352314245e-01
5.922821033808191027e-01
8.745778412993090445e-01
6.404180315460656914e-01
6.565531179767238878e-01
5.977437465838489894e-01
6.151627635360996660e-01
5.937381721039783899e-01
6.660506882782353255e-01
6.395274402425042970e-01
6.960450690783166472e-01
5.685565908876636376e-01
6.981539662393863033e-01
6.507948462530620537e-01
8.421807167468885469e-01
5.745683195645904240e-01
7.046762221178978214e-01
7.114243813876773848e-01
7.277035919434012845e-01
5.164802370865660963e-01
5.586835507191167949e-01
6.763424047797560457e-01
5.696245781076814119e-01
6.885226235636026093e-01
6.780327745833742981e-01
5.415938541452540722e-01
6.766983514700822822e-01
6.949598307045924406e-01
6.858031661082002461e-01
6.310947872557177707e-01
5.134146924166856918e-01
7.750742130456668155e-01
7.640684260601531275e-01
6.514453632975407693e-01
6.734650041565326539e-01
5.535388902908230380e-01
6.838337074449650776e-01
8.157407087213294217e-01
7.097280069238462996e-01
7.171566953069804518e-01
8.176000881867886427e-01
6.780395537200806233e-01
5.006281549349793636e-01
8.498649014489836340e-01
9.130675416323850158e-01
5.933076231804886858e-01
5.447837844009125741e-01
7.562813094291456206e-01
6.098836455676178714e-01
8.803509887617386731e-01
6.512297686741242986e-01
6.359993808693688022e-01
8.400373107442100640e-01
8.167096007162955029e-01
6.450313011741029001e-01
5.493479133293074357e-01
8.763277494785683963e-01
6.920141456996812268e-01
6.162365336031050411e-01
8.791327095527458058e-01
6.900285626150179930e-01
7.443175454597998897e-01
6.251036186393588157e-01
5.633971224009659551e-01
8.098959386447279751e-01
7.981386781620852799e-01
4.898354244002684488e-01
7.623516087513646511e-01
5.265627941846974247e-01
6.140778747557337214e-01
5.273891771857219801e-01
8.343219137536975749e-01
5.245264943129067658e-01
6.926211248487880168e-01
6.044193571359636197e-01
7.088644150193444959e-01
7.083422636940989170e-01
8.033708901795354462e-01
7.431937298847174356e-01
6.544165130151173848e-01
6.003623350052985641e-01
5.269934780407199426e-01
6.445761012548547608e-01
8.337809768518530396e-01
5.902687129170230973e-01
5.257825378829931173e-01
5.963149257625657285e-01
7.773415531850005333e-01
8.289226307228350077e-01
6.243540019471872649e-01
6.388399871491637905e-01
7.570648934693290366e-01
6.279265582477207008e-01
8.672150251592075643e-01
6.826291462710766256e-01
5.566618939245299158e-01
6.139501377606768617e-01
5.480546459332699127e-01
7.399083472191819721e-01
6.005500844254025861e-01
7.362678386975526346e-01
8.118002363040565106e-01
5.337651296942451662e-01
5.556330870581066561e-01
7.350754164078110442e-01
7.735376461806150461e-01
6.480913848110474440e-01
6.348613828153242267e-01
8.106732784746398801e-01
7.323819216315111680e-01
6.781298184943428398e-01
6.669387999759426311e-01
6.518703899751101538e-01
6.883651781252779767e-01
8.501494422681193930e-01
5.814264033172488189e-01
5.804977033436188316e-01
6.344314121008157725e-01
6.002438979594287849e-01
7.317124532490060229e-01
7.663462372514008303e-01
7.387371585234353555e-01
6.857142470301407222e-01
5.261041526276210023e-01
6.761710529011423221e-01
7.687322133151975878e-01
7.614454628669271585e-01
9.801986329365658390e-01
6.396378596357626956e-01
5.715196798140393941e-01
7.510705678485546377e-01
5.987378848168939394e-01
7.413824176694665535e-01
8.649296056232405050e-01
8.090146979045990117e-01
5.491566943951868840e-01
4.892128419919770654e-01
5.626994799525247837e-01
5.359428260851735182e-01
6.961305790030047902e-01
6.128806615353611376e-01
5.819387080412748992e-01
6.067137849478638767e-01
5.730225587908170937e-01
7.467267487589778208e-01
7.833123242420957366e-01
7.878626210934445151e-01
6.742735359654900007e-01
7.352792170493923640e-01
7.945725801970806579e-01
8.579986297800530348e-01
8.044026293545778472e-01
7.688625030413823724e-01
8.033358948744244721e-01
5.588296635185963090e-01
7.029319058969483169e-01
7.947575855907056397e-01
9.208678353133544769e-01
7.758119852483092993e-01
7.756749032750130946e-01
5.924386894471693754e-01
5.948639012740222221e-01
7.823244173175014637e-01
7.193187012605063435e-01
5.548225864540143881e-01
7.131854329408597870e-01
6.374410633387234126e-01
7.344222494444667682e-01
8.886059820810481291e-01
6.482412372922764510e-01
5.711436039154282884e-01
6.339308185017809016e-01
8.113453677101269967e-01
6.893946277945718348e-01
5.619645890840654356e-01
5.903397451291498843e-01
8.878713630734309525e-01
5.605609256650533334e-01
8.281920735163130765e-01
8.324461803085747569e-01
7.696015571742749195e-01
7.220713092082502449e-01
8.079819235022369650e-01
7.171566132199509447e-01
6.709965278336641470e-01
6.071193429294299282e-01
9.076517642874398772e-01
5.741565025320308768e-01
5.484182154109398244e-01
7.814727236747811556e-01
8.574376396049846472e-01
5.646083737663188939e-01
5.819641361822359693e-01
6.773423912083230691e-01
6.757772355292055444e-01
6.784878645728833479e-01
7.296547129142886279e-01
7.371456732737088346e-01
6.600532333734786539e-01
4.830620775221630137e-01
8.737715687657912067e-01
7.507951900636723463e-01
5.684794227565186375e-01
4.561733915344107215e-01
6.532025139390010837e-01
8.731870943513267980e-01
6.188384149151217040e-01
8.096318359002239173e-01
5.805945676517485499e-01
6.828412555940635009e-01
5.660514013324506877e-01
6.556251527437826354e-01
5.837529385184107023e-01
6.695688608437352363e-01
7.386473574351940519e-01
7.269307974989843713e-01
6.984569723874298752e-01
6.326840805999819350e-01
6.723612760344666039e-01
5.824805687498181284e-01
5.720054394152257471e-01
7.767543517622383931e-01
9.170853858285975546e-01
6.730745696563432690e-01
6.152622372971684461e-01
8.909242585975409856e-01
7.767995989428888581e-01
6.315121513489517779e-01
7.119919410410968652e-01
5.426874815212748837e-01
7.578487214448710318e-01
8.375950920620979234e-01
7.760999876470533465e-01
6.095925278265347247e-01
8.983855987209180549e-01
5.499336195110544612e-01
5.754502627153287309e-01
6.783043534802022378e-01
7.441981713525869235e-01
6.760315087524293443e-01
8.200501285562683540e-01
6.641985057194935704e-01
6.672470287840553960e-01
7.216393551795649008e-01
8.929552400242896093e-01
4.909057133142560314e-01
6.879493978446610258e-01
8.578659468017244549e-01
6.878304928021197195e-01
8.146926881771707762e-01
6.173484697358799789e-01
8.099352213044370696e-01
5.232902561185385215e-01
8.111249518324867847e-01
8.374717509086104794e-01
5.676871354753443288e-01
6.321870617765699141e-01
8.545639261137499831e-01
6.001984764943907313e-01
6.741102616263914271e-01
6.949996380492822201e-01
6.674137057925463301e-01
7.152575244504516538e-01
6.528853452342017194e-01
7.189824520629947147e-01
6.496011421574447997e-01
9.050754358206881678e-01
5.672157893088958236e-01
6.577438879151064066e-01
7.142784106018502666e-01
7.169279244720135891e-01
5.821492636587710656e-01
6.121339490070129008e-01
6.461405076686527194e-01
6.488397656005590042e-01
7.951670545641892351e-01
8.041786352205269051e-01
7.729106107887895316e-01
6.407460440748045105e-01
5.930122195603966251e-01
1.012424006573993340e+00
6.254221495262541897e-01
7.549666092322647737e-01
6.031872450681098341e-01
6.987362273870677543e-01
5.876633137750395530e-01
7.439443738021822572e-01
5.340419225906872791e-01
8.580965336432048174e-01
6.501781518757290268e-01
7.171948118005675443e-01
8.027879650839117032e-01
7.828248776372164208e-01
6.569146434617377794e-01
7.273579219681270969e-01
8.158250592157083592e-01
6.440646133457827993e-01
8.511604298708554950e-01
6.529481236688818857e-01
7.905048581668842056e-01
6.033511729150273784e-01
5.828805729229985522e-01
5.216542733791745823e-01
9.239284166057640801e-01
6.807953344479519275e-01
8.322642344978247175e-01
6.516483640220710472e-01
6.039112244471487312e-01
4.878862497138900522e-01
7.789890355482746997e-01
8.057375485415844141e-01
7.132683466013201024e-01
6.805699985188243817e-01
8.383490259825101543e-01
6.114992610033099796e-01
6.824116015889759579e-01
7.908219557471867223e-01
7.123166315865465670e-01
9.542692938602828079e-01
6.898972416108015704e-01
4.685253947652827655e-01
4.650302684478705428e-01
6.325843591948200340e-01
6.724278206348228704e-01
7.548969862790196883e-01
6.367833866149354982e-01
5.587226400543905402e-01
6.182009213318111485e-01
5.725197056276709606e-01
7.290644464479301146e-01
6.363868585311390769e-01
7.361309935388785641e-01
5.363989374329531934e-01
6.482118329400177181e-01
4.450780286866845570e-01
6.733453501267844254e-01
7.145072369272853496e-01
6.200812780324201912e-01
6.588803270369225640e-01
6.516377961550858799e-01
8.241486350628326463e-01
5.974673591880287349e-01
6.342313315537402296e-01
7.269820369562064455e-01
5.461200493663339595e-01
8.255081268774550063e-01
6.719529536723065632e-01
8.038124011544279801e-01
7.593644403082604466e-01
7.117970577237455743e-01
6.177346674632510082e-01
7.703769712596862940e-01
5.525973476639196580e-01
6.426592078936664842e-01
5.824037774841849258e-01
6.253696302344793345e-01
8.053382977073146876e-01
6.057169038983581943e-01
7.128074074902112089e-01
5.489795409754737454e-01
5.917547368614837211e-01
5.491749001905813499e-01
6.760559795319626142e-01
6.716849241665305836e-01
5.705422226670651131e-01
7.536569910112721482e-01
8.216087261747735404e-01
8.288230183952240981e-01
6.523027033537402986e-01
5.256235471391628167e-01
6.790809713446489537e-01
6.137680743815858708e-01
7.656775647905261772e-01
7.788109015961702797e-01
6.639234588577831442e-01
6.097647280638143208e-01
5.726138688081442440e-01
6.936022346022401308e-01
7.410528781696983369e-01
5.609609089246547775e-01
6.372880998212445691e-01
6.114627463782850159e-01
7.119627282367965160e-01
6.422727392044994543e-01
6.723225961145635754e-01
8.000548265804198200e-01
6.439200415735589766e-01
5.124516460583853350e-01
5.506822581735020261e-01
7.576293450707330956e-01
7.896716576286391120e-01
6.456225778254441883e-01
5.885983988218588259e-01
7.004819182663434285e-01
6.315279863205784938e-01
8.507264869372068716e-01
7.467331024250645211e-01
5.692101632618509210e-01
8.125305818493206989e-01
6.623809779304820067e-01
6.960818864148783369e-01
9.081592040469900207e-01
5.879613097146210166e-01
5.174913670917818953e-01
6.549407816808237026e-01
5.649203938168675387e-01
6.291814493863744362e-01
5.150047193318919581e-01
6.334510973060853978e-01
6.708152333520890354e-01
5.391827174139863788e-01
8.426383481558713529e-01
5.943338646099314282e-01
7.367300088486712362e-01
5.607137822139226513e-01
8.420560302392141594e-01
7.321032312667090647e-01
5.090044303173387741e-01
6.158211288992188059e-01
8.841504020254649099e-01
8.494567541101565311e-01
