1.969871311181935480e+00
1.210212538497906332e+00
1.240436855835534091e+00
8.461601549072750306e-01
1.673621808220700835e+00
6.763347985973293675e-01
1.187877040288887409e+00
1.101502629133453315e+00
3.525847646359571819e+00
7.360647429036557554e-01
1.475493576331271539e+00
1.026834144001911087e+00
1.167662535939474111e+00
1.468984705026180837e+00
1.799997668690888286e+00
1.648281185660937620e+00
7.487817852478555469e-01
8.904775712037089619e-01
1.548734395575812162e+00
8.112571820369186559e-01
1.213246328488655212e+00
1.798377337854037972e+00
1.722044892760349777e+00
1.319543576098618498e+00
7.419306439221995397e-01
5.747370256810671041e-01
8.664666434802662520e-01
8.039926756901394356e-01
1.037940272614786386e+00
9.167743160286692117e-01
1.729298126717450090e+00
1.410166699708518712e+00
8.603246864617547507e-01
1.415631929387841881e+00
2.120762114909630291e+00
1.689228590300580146e+00
7.576838780894901149e-01
1.665576769131574375e+00
1.849929364379944152e+00
1.926358956867226357e+00
7.102908546184091287e-01
9.353312787557548358e-01
1.008395027563647295e+00
1.338113911737568440e+00
1.530407344394107971e+00
1.584850497904670252e+00
1.509958352589768182e+00
1.110508802011082485e+00
2.484819556993122625e+00
7.173310764035631948e-01
6.678460707768176796e-01
1.646837770286700309e+00
9.047503456522908438e-01
9.349720579367912787e-01
2.076139791966556736e+00
1.299420907665010505e+00
9.256117587128733781e-01
1.894664606034781595e+00
1.051529232426329452e+00
1.491717970668575921e+00
1.508137470973563987e+00
1.424112364242156037e+00
8.295866265821439933e-01
1.525902030105571461e+00
1.011638447844159794e+00
1.371451822112563335e+00
1.268116512773540761e+00
1.934967165270936151e+00
1.000385752879346279e+00
1.732844641662995233e+00
8.166056525253527765e-01
2.046607252064289728e+00
1.831674151479425472e+00
1.380690578590711315e+00
1.248555676507363321e+00
1.856741553680656853e+00
1.133713827322072598e+00
1.138598957013618351e+00
1.531684281071063802e+00
1.399945141040559671e+00
9.230521530693994725e-01
1.425002914941478682e+00
1.615968739845260682e+00
1.208976477486600309e+00
1.020549798016577192e+00
1.245028852823204524e+00
7.805643095824047473e-01
1.191450122866172245e+00
1.230812330260049769e+00
1.360985085899700575e+00
2.383850165875164961e+00
1.214181121050555312e+00
1.216321935663301934e+00
9.226443944323283741e-01
1.307502474549394389e+00
8.219143615982938966e-01
1.279866694607962430e+00
1.305315989075133576e+00
1.211381569875876307e+00
1.460811562331820079e+00
1.044687348431456275e+00
1.938677843969074388e+00
1.504766942767558735e+00
1.962351761992066734e+00
7.431414924840678005e-01
1.102690935039879250e+00
2.305228667813091104e+00
1.503902773410783045e+00
1.942564622345110070e+00
1.302799841304100648e+00
1.493262521039360413e+00
2.211206781168125968e+00
4.172667909063316749e+00
1.393682113071711415e+00
1.250954816448650142e+00
1.016420122992271802e+00
1.562569990237611561e+00
1.645342572758667021e+00
5.894740720760437425e-01
1.234049649485259748e+00
1.117125077751199624e+00
1.046151695810842108e+00
1.060371755056201071e+00
9.629841280659986458e-01
1.286201834402444844e+00
1.653605359050593471e+00
1.760345380041282937e+00
1.339687331511411061e+00
1.004688320955184455e+00
1.696675247029674205e+00
9.343460384486422798e-01
8.065110909191841593e-01
1.158401222278875986e+00
1.394836730347856824e+00
1.121819292124786482e+00
1.602380063747991024e+00
1.606532431364607216e+00
7.580938067594931162e-01
1.880224659183245217e+00
7.707046135617746652e-01
8.030443298419265297e-01
9.280219310478158290e-01
7.794636810549626649e-01
7.733632047685680133e-01
1.149241453234607135e+00
1.204175039052435503e+00
1.223163819658175777e+00
3.439393133885311649e+00
1.880657925450996748e+00
3.263061150781634723e+00
1.235331543898836149e+00
8.735411256026667237e-01
1.420210207399710711e+00
2.577617170769846755e+00
1.747089778983460517e+00
1.864575510634745692e+00
2.345452200075625271e+00
1.831796207765668205e+00
2.854757612474292383e+00
1.640430695997054933e+00
2.204348235998200956e+00
1.290080185437952220e+00
3.186207388651201899e+00
2.349755215128527919e+00
1.458208596240984978e+00
7.872910956746358435e-01
1.135966872880868284e+00
1.983549668203886229e+00
2.265575984749885308e+00
1.868110784505769839e+00
1.810063524775861854e+00
2.651027343024464411e+00
2.474384475499889380e+00
2.000943167741465523e+00
2.084652706942607736e+00
2.073469376669257791e+00
1.216448558354738640e+00
8.549378925154846876e-01
1.711931951356846282e+00
1.414147292284017254e+00
1.441449221076591014e+00
1.251474156905864055e+00
1.272059860030415823e+00
1.955246956159403915e+00
1.883291492463526673e+00
9.018980792743882535e-01
1.881339872574804728e+00
1.305942008563282020e+00
8.616616855142743558e-01
7.436408892807799820e-01
1.171970873080112607e+00
1.041326624391196054e+00
9.977324219926679838e-01
1.044874342910689258e+00
1.106527960796726218e+00
1.362822811272000223e+00
1.756416452520326965e+00
9.850656470192318270e-01
1.000010711316058565e+00
1.733751797096778402e+00
2.567997571301847692e+00
1.647323794171548395e+00
3.025282906056454557e+00
2.622390942222216470e+00
2.109443927238361383e+00
8.662743683482425627e-01
3.414985876269559295e+00
1.527016632126227513e+00
1.746813722983492578e+00
1.076859251605742474e+00
2.382558268415051916e+00
1.016905966502671399e+00
1.543827602675803323e+00
2.635838068058476313e+00
2.613824265759646881e+00
3.464416409781019279e+00
7.600830180307766026e-01
1.807690222993825646e+00
2.648880945612299698e+00
1.154732312689863649e+00
1.191949405398358364e+00
2.140020146425476888e+00
2.294167695166855481e+00
1.990400489628126879e+00
1.317673345476118696e+00
1.581091322820208145e+00
1.407569939500317835e+00
2.510028363994256662e+00
2.019195501467021536e+00
1.231992766155397989e+00
1.416765684772995249e+00
1.140063304393004406e+00
1.188758814585595180e+00
9.709722104653099040e-01
1.061273830544317676e+00
8.923591663503593896e-01
3.036230576420821503e+00
1.329455806948024010e+00
2.132061738550504071e+00
9.577836618871599095e-01
1.108390798015430612e+00
9.664624139320499019e-01
1.148739788979883381e+00
7.432404780473872430e-01
1.262826086072854626e+00
6.364135099304490950e-01
1.479720326991792234e+00
1.526849890719728764e+00
2.109492215186673292e+00
1.084076177163903365e+00
1.666961110243557975e+00
2.631675123069755262e+00
6.324251409379664235e-01
8.270501776197024535e-01
9.008231107347393074e-01
2.319845224849353293e+00
1.443474705497385102e+00
1.482151042485817971e+00
3.511301109488218497e+00
1.605870579207224091e+00
3.222985506950612145e+00
1.354727916714020264e+00
1.245613335832986612e+00
7.447897859083468797e-01
2.647990745320606187e+00
1.046727267553779095e+00
1.133937168118817063e+00
1.372930852832336068e+00
1.094244646258285103e+00
7.175170375073525175e-01
2.739285127307442558e+00
1.726482210804332507e+00
1.065120113631947030e+00
9.020285332870034978e-01
7.876410591628167923e-01
8.131800818625247729e-01
1.324677633406700972e+00
9.138018718024573106e-01
1.312392738655545621e+00
6.855272847153812688e-01
1.015471777144058674e+00
9.639944464482176345e-01
1.406304347237707697e+00
2.312142811056602021e+00
1.482148355903672998e+00
7.603012788818542811e-01
9.706961544653419649e-01
9.861895200406304296e-01
1.627040070215534762e+00
8.335191900842202628e-01
9.918085454507858945e-01
9.639946745062298872e-01
8.846190175888435370e-01
1.447143477668090039e+00
1.547551184142060832e+00
8.944301757913661888e-01
8.017294157710720404e-01
1.893608197666914572e+00
1.369047075787225065e+00
1.615676131025694628e+00
1.207564845310437951e+00
1.683920584591145353e+00
2.150071947022848207e+00
2.196442400584188714e+00
1.034878100156038094e+00
1.152041004409286584e+00
8.219721567471841572e-01
1.001325625386913387e+00
6.400424777295200540e-01
7.100398766935478445e-01
1.464192229283824309e+00
1.584069364586842443e+00
6.090125955745558928e-01
8.412448671949557255e-01
6.294772550796768895e-01
1.158026180715588271e+00
1.041164893973831163e+00
2.055207793504355340e+00
1.665379661930632693e+00
1.500717030254376416e+00
1.473884112198588392e+00
1.069734321738130323e+00
1.034812969070439737e+00
1.452437870064286818e+00
9.660563056207266408e-01
1.202809331172431939e+00
2.986094695817990363e+00
2.189054349454190085e+00
9.643444099363983613e-01
1.812260134999831296e+00
3.743337577862129173e+00
2.336783962818884230e+00
2.040297490177396256e+00
2.361409876819276388e+00
3.422322672500606622e+00
3.188875541022224702e+00
4.755374626996745846e+00
1.753825492692083987e+00
1.602802995280791620e+00
1.665174204704696681e+00
2.336260889510753280e+00
1.033710709466610700e+00
1.885760477534545787e+00
3.565135387457571525e+00
7.937937025110471945e-01
2.056307134726627961e+00
7.193262684292526243e-01
1.758807430033291652e+00
2.570556627758502799e+00
4.193341986192132609e+00
3.530162374738243347e+00
1.634813925815831848e+00
9.247226370124871364e-01
8.074182463529674392e-01
1.010857569037875603e+00
1.148290839928382878e+00
1.656846202692200398e+00
9.277404490382440416e-01
1.526495749846431993e+00
1.648910461125758564e+00
2.410335152118243229e+00
7.321121383159986395e-01
1.261576411979647983e+00
1.413764903317051624e+00
1.538758763193464496e+00
1.263574783156634185e+00
2.074450801443449510e+00
7.803133316575436851e-01
1.901478276973603609e+00
1.041565124832775968e+00
1.837129444490200436e+00
1.363257603149550690e+00
1.237073562566319840e+00
1.421855141298244751e+00
7.613855047522861685e-01
2.201105858473948906e+00
1.352159168004290368e+00
3.858045975639473379e+00
7.483235788655725473e-01
2.841452917586558602e+00
1.143245118803152938e+00
1.810263545009711539e+00
1.247029491458202299e+00
1.208138329969811631e+00
1.307180022052482515e+00
1.076032933737355313e+00
1.388395517692204040e+00
1.055053788652477342e+00
1.016806980939352067e+00
2.253032905484017689e+00
1.192858942554679613e+00
1.264151783898507242e+00
1.086031974437741576e+00
8.457019485249919200e-01
1.395598164619979098e+00
2.425884590018691167e+00
8.430794677869611897e-01
1.626782440013018194e+00
2.091131590712200783e+00
9.819341660897691337e-01
3.360192678409068989e+00
1.296082312542652160e+00
2.428847387044366979e+00
2.271572525282441912e+00
9.863861674741386532e-01
3.449236652749186227e+00
8.320089232044626248e-01
1.314716930052862054e+00
9.666857547287944774e-01
1.326273520742441869e+00
1.002115647259453679e+00
1.525588774787096646e+00
8.288140407420573341e-01
1.092278343029176479e+00
8.951551808428344081e-01
1.735287102505009171e+00
1.153166420694147654e+00
1.881548447812296576e+00
1.528472329239846550e+00
9.334388830148589999e-01
1.836638593058800506e+00
3.158892453983104254e+00
3.947527028685907879e+00
1.811925888227479797e+00
1.670578500793342247e+00
5.996002386357165648e+00
2.342522999066629641e+00
1.570472806049404646e+00
2.188073384023482948e+00
5.796957712658273865e-01
3.028992743048409597e+00
1.230993391792620795e+00
3.174557464044057031e+00
2.616219958629292464e+00
1.796101409653480863e+00
1.230985864014494391e+00
3.819554754977676048e+00
1.201173171079130908e+00
1.908297416952326353e+00
1.624385387155295346e+00
8.409941808650930328e-01
1.311559490709975018e+00
1.736962319929059362e+00
2.017125998993809510e+00
1.845810102140907460e+00
1.048310890220923497e+00
1.741387070958758887e+00
2.882944927035216764e+00
9.444640597978122276e-01
2.036627093234740560e+00
1.011544542226507026e+00
1.432875393109567019e+00
1.159840491583155053e+00
2.183026531269411485e+00
2.592951562300636059e+00
1.157907431866215697e+00
1.346496747071358469e+00
1.105674411659747003e+00
1.932343535472585083e+00
1.361014644421891795e+00
9.357802278072551161e-01
9.627807309297554683e-01
1.362603693098640045e+00
1.174430512446134278e+00
2.437533277161221701e+00
7.023802536544371478e+00
8.979496520718468489e-01
2.290848658034125851e+00
2.423285266038557761e+00
1.126611999666554009e+00
8.683085914759500756e-01
9.117165848805891537e-01
3.296048184511185308e+00
1.162849594419517185e+00
1.974674428500231338e+00
1.809935896531604804e+00
2.290790905536407962e+00
8.859265842560198889e-01
2.126274076821657477e+00
1.734727137534663566e+00
9.858738168896959975e-01
1.261047110596806853e+00
9.290373293757012707e-01
1.783021450033369426e+00
1.718805715974874193e+00
1.353993768596295499e+00
1.454559684781412399e+00
1.529683545010986467e+00
1.826054865855985643e+00
1.228781301804867887e+00
9.133580026966234833e-01
1.537909748972508206e+00
3.532339986165187629e+00
1.191600288249978323e+00
1.749364812330179486e+00
3.518997696406429121e+00
1.043702108124343830e+00
2.180802921170909237e+00
1.145189863083630355e+00
8.925955751993607246e-01
1.361470929410100394e+00
1.298297034643611791e+00
7.911078202400741999e-01
7.682273887471595675e-01
9.120504360294472423e-01
1.909103249336232322e+00
1.617809955765670216e+00
1.325523146020868293e+00
7.225696887097656784e-01
1.507156117733880363e+00
7.827235039924859139e-01
1.054042221645770327e+00
1.082537922296304522e+00
8.242557063906901238e-01
7.790311346604724685e-01
8.883132968479613423e-01
1.324460533568005971e+00
7.393155105878468358e-01
1.968502173682012524e+00
9.026911834591051509e-01
9.531061079942838576e-01
8.650829018668657611e-01
1.955705927729757931e+00
1.035218806313436435e+00
9.605192026601730992e-01
1.319236418312996761e+00
1.704927550104800904e+00
8.045218796479006729e-01
8.356073869188231917e-01
2.146751702180305088e+00
1.436406784234449896e+00
6.478717720644376898e-01
1.897161799846576180e+00
1.707141736431288859e+00
8.267979966987870633e-01
1.657229250664255860e+00
9.434720988564910815e-01
1.367843574629034720e+00
1.828075138480343531e+00
6.166590190928673554e-01
7.524385705494915921e-01
7.898557812637765352e-01
2.132142205236668531e+00
9.000222882679533853e-01
1.807719138106313128e+00
8.392586092391425279e-01
4.714062029084029048e-01
7.356771880329139313e-01
6.096410386580681795e-01
1.893145805705146678e+00
5.420095380133271856e-01
1.099656518279661599e+00
9.553340742006614095e-01
1.037033117181003217e+00
1.073273741679112714e+00
9.554025556792705709e-01
1.636167636937594816e+00
1.166311511399857004e+00
8.731819047837032777e-01
1.775821077294807315e+00
9.613992567743663287e-01
9.310975382224627728e-01
1.580110610871931831e+00
1.034703297177401060e+00
1.157912511811882483e+00
8.114698365039439976e-01
8.454258925250240919e-01
8.969339076800242339e-01
7.847148852967013033e-01
1.993664454171021116e+00
1.284776902374614727e+00
9.276770475053017773e-01
9.322858296018811108e-01
1.380925790240187023e+00
1.194956531094396368e+00
9.515334619745458022e-01
9.756549000501021363e-01
1.110831128371146281e+00
1.721740683083051504e+00
8.950561952795150766e-01
9.225412314838928873e-01
1.459423276124031554e+00
2.119396391472706753e+00
2.262657637479117856e+00
1.393790355965813799e+00
1.053071664679044339e+00
1.034744487591830353e+00
2.186365080391652338e+00
1.207162166619033750e+00
1.884762006886512298e+00
2.775346843997624990e+00
1.565766959783580159e+00
9.268781349656204371e-01
1.317224861548869308e+00
8.664139282770428885e-01
1.005377215537889946e+00
1.813335941998555523e+00
1.037650246002011167e+00
1.784459238423850902e+00
7.887664754476781948e-01
1.019923778528428304e+00
1.244487502221630404e+00
1.146048480699306538e+00
1.298522642898367607e+00
8.453519850368111932e-01
8.622582726170798795e-01
8.621894450745337668e-01
8.878245863809675065e-01
1.045553493825258418e+00
2.464107196764742103e+00
1.422562238521825950e+00
1.375762337090661536e+00
1.671200928956335208e+00
8.029177071504903784e-01
1.143375552216063573e+00
1.107083231348254371e+00
1.777488561704609227e+00
1.054422689218661668e+00
1.769674210815905147e+00
1.471941382977007384e+00
1.071960568627883914e+00
8.643578968153973197e-01
1.280168120278035726e+00
1.012347632151304300e+00
9.535248432787610806e-01
8.313829037163139590e-01
1.000917866749842178e+00
1.176327988132697122e+00
2.511438898501147765e+00
1.598950429964573594e+00
9.419960923139797382e-01
1.801148829016209429e+00
1.070367331099050023e+00
1.219906062101212996e+00
7.585910335232736168e-01
1.146039223368523707e+00
1.643158354742417115e+00
1.103594439526932591e+00
7.514753609864439632e-01
9.251535523305906006e-01
1.092430335390718321e+00
1.377988469715889064e+00
8.972153896895960212e-01
1.674410051270110111e+00
9.316416621158087885e-01
7.285875820898510824e-01
1.718473720110168523e+00
1.155585850359872602e+00
1.236447543078170952e+00
1.020050401219864789e+00
1.090438954086502932e+00
1.461742755861851872e+00
9.807814587407280849e-01
1.088196594857426369e+00
8.620072946922185952e-01
1.987354742075020830e+00
8.956133872251175188e-01
1.242968643976442911e+00
8.114698365039441086e-01
1.424589549920355580e+00
8.869530149775615158e-01
9.265928216348696678e-01
1.793003958023962507e+00
1.101049517223845031e+00
9.410889368801962362e-01
1.302860975379031228e+00
8.900974496947549053e-01
1.238103457945398445e+00
1.036860224129470431e+00
1.980587205564147801e+00
2.149999071605962264e+00
1.940942301849776452e+00
9.977432740118755694e-01
8.898464717698936211e-01
9.936177763726860013e-01
9.989264854456268994e-01
9.071906760080065135e-01
1.038294413488083379e+00
1.319171401491924689e+00
1.739858238349321740e+00
8.039370505741813000e-01
1.032408222745101023e+00
8.058850714310351604e-01
1.041261777768628383e+00
1.556224412752267749e+00
1.177442427770151845e+00
1.254935311599068681e+00
1.468653121335334655e+00
1.076500030786778916e+00
1.819511876402149619e+00
9.514595544863329035e-01
1.309202033578256152e+00
8.767340981379676546e-01
1.818784427278478999e+00
1.075942838841176696e+00
8.452437421427090314e-01
1.577949966863209763e+00
1.124701224128324073e+00
1.130818103071729031e+00
1.041187870280415373e+00
1.009479253434078849e+00
1.023699312679437368e+00
1.194861356252550744e+00
1.056039028959589565e+00
1.223340890094823719e+00
1.067167368690977725e+00
2.189181733670651830e+00
9.657836792406775395e-01
8.893245177907309618e-01
1.042502784351269751e+00
8.131800818625247729e-01
1.037949529945569216e+00
8.602970493336379310e-01
1.178795955616529501e+00
1.738974243356828930e+00
1.399963289038482994e+00
2.518389437142102061e+00
9.681199440874070916e-01
1.821490901619577274e+00
1.425945654405639251e+00
1.286591213242181730e+00
1.915558916543595780e+00
1.730043661489379270e+00
8.498525242392883650e-01
1.374868038019529060e+00
1.725561156020299691e+00
1.631158443607622521e+00
2.187987253994495784e+00
9.062942069039419124e-01
8.797519101637247818e-01
7.907578567518931401e-01
9.647724582979080310e-01
1.036229124695655202e+00
9.104594659586248140e-01
8.337242485087100752e-01
1.241661077309266892e+00
9.207269206163261055e-01
1.123444105206359955e+00
1.724404519925000212e+00
1.613972815744296962e+00
1.718781709193783591e+00
8.091284917115479924e-01
9.842574771487681007e-01
2.223222870995019029e+00
7.373218618256199841e-01
1.185851020516813792e+00
1.347651281398134726e+00
2.709128423655479345e+00
1.185183810614235611e+00
1.378964566956745186e+00
8.264241581315535656e-01
1.335045651966599856e+00
1.351928479803867544e+00
1.063986787280082336e+00
8.767845458831795558e-01
1.118338502951974345e+00
9.197458576943297048e-01
1.047988563860859257e+00
9.579102845785961717e-01
1.499573331597260140e+00
8.311017677706794560e-01
8.799340605460396203e-01
9.657374088805814605e-01
1.703835071481652585e+00
1.342741073631482207e+00
5.988694961502794012e-01
2.335663794164273277e+00
8.250838743905938300e-01
9.673117742169432542e-01
9.305981414257504802e-01
2.226903011883375694e+00
1.151175039389932264e+00
1.102357083891021494e+00
9.471319083353884061e-01
1.330774059944918930e+00
2.128713455980759672e+00
1.329265963098093639e+00
1.641835566829499271e+00
1.612046198862038260e+00
1.188536902787787009e+00
8.370415762774356949e-01
9.148911776185558731e-01
9.342470528853226153e-01
1.700358359030905264e+00
1.219238852198635037e+00
1.518223853878061913e+00
2.187925969756976396e+00
7.164328116369208521e-01
1.531928171698074825e+00
9.724526701840187082e-01
1.211812139130042487e+00
1.385321917869740682e+00
9.677394765145156397e-01
7.961931885162706335e-01
1.566089286143644621e+00
1.384845331690123693e+00
8.880372408479932922e-01
8.838774078029140169e-01
8.936798010697923900e-01
1.210172988772019398e+00
9.418971067506601846e-01
1.969319573552353653e+00
9.054804306494261823e-01
1.204611034316205309e+00
2.344956361657927868e+00
8.846694653340555492e-01
1.035874983822358208e+00
1.340906473039476632e+00
9.343460384486422798e-01
8.169556160135335032e-01
9.236781725575484714e-01
1.130187003637913357e+00
8.434294312751422495e-01
9.929917568845368914e-01
1.220918773846953576e+00
1.482474679274404572e+00
1.036584168129502492e+00
1.251833377724827168e+00
9.387475920878000091e-01
1.230957627387795350e+00
1.656225360574797856e+00
1.548352266714674297e+00
1.131507524092820294e+00
9.228122075381942624e-01
8.846116701851651776e-01
9.814852170382685204e-01
1.698161155911768194e+00
9.935438688844731026e-01
1.686519731723023163e+00
1.033503134945251700e+00
8.609230688217868188e-01
1.899656429442221572e+00
2.273592234274788737e+00
1.009751132048930966e+00
1.805774964195872911e+00
1.862384228166982014e+00
9.421731627506280127e-01
9.566711993900288702e-01
8.011107436866014009e-01
1.119284272161280791e+00
1.940761947130039244e+00
8.774937301903240616e-01
9.963090846532630662e-01
8.206572426763295569e-01
1.527280806037832006e+00
9.045116693452783796e-01
1.001942754207921116e+00
1.473626730634929771e+00
1.285402921862764059e+00
8.337006745011827924e-01
2.253753724912887169e+00
1.489296273544839178e+00
1.491102039809202529e+00
1.190497780007291784e+00
8.953322512794829047e-01
9.918294461407765050e-01
9.675878302169113043e-01
9.754200344645636012e-01
8.814894465864849815e-01
7.930992015442893672e-01
9.566692779959544701e-01
1.329798076968589537e+00
9.702883958282708665e-01
8.490443543688244166e-01
1.468658201281001219e+00
1.770916527827069098e+00
1.205388700101959198e+00
9.433151837699502718e-01
6.115994922822093338e-01
8.093633572970866386e-01
8.766855603198602243e-01
1.062495365435904615e+00
1.664878271154149214e+00
8.999590671094592764e-01
1.201757224674840252e+00
9.373134027291876169e-01
9.027313272199587457e-01
1.015872188377451746e+00
9.914404339646814002e-01
7.605773348818222201e-01
1.702126399538375967e+00
9.371807545295650632e-01
8.159291852919919874e-01
2.355210626725377399e+00
1.319987264830004170e+00
1.110524914350405012e+00
2.160088376652273379e+00
2.631850705890570463e+00
1.042463271574634698e+00
1.167267204651748047e+00
8.301165274635671221e-01
1.199434027880367681e+00
8.958389954798735566e-01
1.871990917765232521e+00
9.560432585078059153e-01
9.390236480877681702e-01
1.631059458044302746e+00
8.497535386759685894e-01
9.124508472628399813e-01
9.232199661752654718e-01
1.759917580318631325e+00
1.145267947956959409e+00
1.268255145487827251e+00
7.946323764662215350e-01
1.170176773783403013e+00
2.460243080427504392e+00
2.102009798858529344e+00
1.643603607336969974e+00
1.430300937684701124e+00
1.860007559450036041e+00
1.009193940103328080e+00
1.634280847580751317e+00
1.000109696879378340e+00
2.095691123025202884e+00
1.017686499245018528e+00
1.012692169629881178e+00
1.098881065482981256e+00
8.943562683031531790e-01
8.246583850820943251e-01
1.180006804178397761e+00
2.085730614463517707e+00
1.053520613730544842e+00
1.422207014713529949e+00
9.405156325952709340e-01
1.097039117487297544e+00
1.272242010412730329e+00
2.276759781521521475e+00
1.204519396156564115e+00
1.459455028833229973e+00
8.239057429025091750e-01
1.111928308029308754e+00
1.023684629339051133e+00
1.378694117340829361e+00
1.931514429836714841e+00
1.550155811521142679e+00
8.405610525579166881e-01
1.166695578004616873e+00
8.797519101637247818e-01
2.122831239170770434e+00
1.307415499008924620e+00
9.913449130588987135e-01
1.964532472394637352e+00
1.408060862956384218e+00
7.618344538037866709e-01
1.199652288731445138e+00
9.294612003520951182e-01
1.225115439546897500e+00
2.493631647544091390e+00
1.132523268484642909e+00
1.040734743843799048e+00
2.602071312779624446e+00
1.014808863197010691e+00
1.243417593027943635e+00
9.004638899157756393e-01
1.309367579226110356e+00
1.956617146284131081e+00
1.583716536254496265e+00
1.085959315574016371e+00
1.178206046597143342e+00
7.917338397282228657e-01
2.305703674407233450e+00
3.001088220663451711e+00
1.929485146161416864e+00
1.131271229508345133e+00
1.167352219602259877e+00
7.875778380043225724e-01
1.126312483923585184e+00
2.331444893884564884e+00
8.098376760186924983e-01
1.883776274184262078e+00
1.163800970012876190e+00
1.185105725740907001e+00
7.945333909029019814e-01
1.612698080415430724e+00
1.243829529050130445e+00
1.702326929718025461e+00
2.246288001074952412e+00
1.030916238237598259e+00
1.555063814721716176e+00
8.587638744117056522e-01
1.507395029889642357e+00
1.141503100135669468e+00
8.994879069394456916e-01
1.174146163479969029e+00
1.263702834847006962e+00
1.449290407409574044e+00
1.158309584119234348e+00
1.582830627574640880e+00
1.189345072658250846e+00
9.045405581418588525e-01
9.518095179745137413e-01
