5.373950648689900689e+00
5.936444914279283003e-01
9.834862948525121551e-01
8.361204013377928623e-01
1.701100940650440263e+00
6.092898982632820593e-01
1.094224924012157985e+00
4.196088031144136199e-01
1.729879919509784258e+00
8.274673886290920821e-01
2.174976481655691352e+00
4.904588052028721057e-01
1.260018639328984502e+00
2.480284132573871592e+00
3.215567958968171602e+00
1.552384095033823019e+00
1.089369872578111798e+00
1.612903225806451735e+00
3.939209726443768655e+00
1.079253441139087055e+00
4.715297770255692633e+00
3.009411279796661010e+00
1.713932270212368270e+00
6.493752366527830722e-01
6.723842195540311595e-01
1.325096942139720180e-01
1.348184314922185045e+00
2.285075325312311278e+00
2.068021892103205417e+00
6.641509433962270670e+00
2.136300417246174810e+00
1.516041877744005228e+00
1.043232674342819966e+00
3.292101341281671534e+00
1.874069329917540605e+00
3.907479515309917772e+00
8.759770713913492823e-01
1.431028985287195576e+00
2.343854803708818046e+00
2.263481819965044384e+00
8.246716162193030719e-01
1.437054631828978524e+00
1.812500000000000666e+00
1.634515800216476356e+00
2.585975639824448447e+00
1.749132374814080571e+00
1.118646976392261072e+00
1.520558572536850006e+00
1.567952043815540319e+00
5.996635026282283176e-01
6.590389016018306512e-01
1.732548538535941374e+00
1.799601196410767434e+00
1.145776566757493509e+00
4.341551413108838631e+00
1.777830780622390527e+00
2.186943380365264034e+00
1.891894922450472416e+00
9.927490103987353098e-01
3.477366255144032969e+00
2.731536812721682139e+00
1.715133531157269520e+00
7.887647831800262965e-01
2.555010042401250736e+00
3.630675925317330410e+00
2.465753424657534332e+00
3.073229291716686795e+00
2.878837162024801444e+00
4.854368932038831019e+00
3.960753532182102354e+00
1.836277854585381730e+00
5.055391432791726203e+00
2.619222745159034638e+00
2.390369268226701038e+00
2.715596330275228176e+00
5.523643287845124483e+00
1.986095973371842183e+00
1.993941320064953171e+00
2.962191605254725246e+00
1.460686460910791684e+00
1.501336183858899664e+00
6.119743909257477021e+00
1.788874369983199264e+00
3.130434782608695787e+00
2.374880845802346041e+00
4.955373172608362076e+00
1.239218577220788431e+00
8.086124401913876270e+00
1.255741888443310250e+00
4.044202367873505288e+00
3.827032369656534705e+00
2.068445975032285666e+00
2.398745008556759206e+00
9.104912253812550427e-01
2.150231634679020676e+00
2.587968141555555768e+00
2.849111004324842433e+00
2.869212716023042287e+00
2.927867858766479703e+00
2.591926866629908677e+00
2.713004484304933683e+00
4.261581547318058050e+00
2.690290913444272292e+00
7.640624942611358605e+00
8.466898954703830915e-01
2.243359655419955079e+00
4.131707484275651154e+00
2.585574075149544626e+00
3.934323243860651242e+00
1.709464925459379003e+00
8.504238063953298843e-01
4.686402081977880663e+00
3.636743043973558631e+00
1.757834574809365780e+00
2.327624420713277686e+00
1.793147029911528634e+00
3.769230769230771383e+00
3.129940935938210433e+00
1.353310778153697658e-01
1.802179287579817046e-01
1.709811233619468629e+00
1.566607460035524202e+00
2.563722771438470271e+00
1.340755160495716414e+00
3.676311686948343205e+00
2.412604918274187327e+00
8.590658971950068334e+00
2.385880740233036423e+00
1.178402166553825126e+00
3.914302258251303623e+00
1.853959547480287462e+00
2.044386546804944249e+00
2.305490725955041675e+00
3.196510560146923474e+00
1.471685542971352012e+00
2.258181296820673811e+00
2.875554660958251851e+00
4.229765013054829215e-01
5.370407149950347403e+00
8.120805369127520601e-01
4.842608277402741801e-01
2.002502085070891447e+00
1.955519561245918081e-01
1.641438369065658431e+00
1.456529269137512683e+00
2.147778594685432640e+00
3.135413684511881183e+00
8.126262818802180377e+00
1.736422730132102688e+00
3.072901539355214595e+00
2.223909075361267362e+00
1.380678550891316192e+00
1.326354108133199539e+00
3.484307810795198357e+00
1.780704642739545651e+00
3.148044692737429706e+00
3.703132304815334397e+00
1.633887109677131466e+00
3.471291960174727631e+00
2.511174682639013334e+00
4.153644467750392977e+00
2.931423203381869236e+00
4.077219628881302960e+00
2.532254146503086112e+00
1.339039284512189232e+00
8.607629677065222751e-01
2.149070586805976735e+00
2.399791697664038104e+00
2.436719380651277245e+00
2.379030700907511786e+00
2.344807060224127770e+00
5.085225009956194420e+00
6.937463585162170432e+00
3.976359338061465909e+00
3.993012228599950308e+00
3.232004142931125035e+00
1.638924455825864213e+00
1.206385404789052762e+00
4.072076550267181183e+00
3.354275741710296188e+00
3.264014466546111937e+00
2.139893708211896950e+00
1.752403846153846034e+00
3.576044667518044395e+00
2.661697990926765733e+00
2.031742604189159085e+00
6.428842504743831121e+00
1.825582574697718119e+00
4.886730539705275156e-01
7.078692236552390771e-01
8.430466747415567008e-01
2.120548778925497035e-01
8.726443883053033312e-01
8.039923544538384315e-01
1.406110757479312356e+00
1.036568760941450895e+00
1.975516464372952141e+00
2.290851215774421856e+00
3.437221621107305669e+00
4.080601009793783263e+00
2.514819096342572280e+00
4.262401150251618809e+00
4.003879670526441892e+00
7.398095259754494890e+00
6.023517023517021229e+00
1.552411834185744854e-01
1.137406009622310066e+01
1.434897152700375544e+00
3.657799274486094099e+00
5.426020822112863407e+00
1.419164261770204494e+00
1.044228694714131933e+00
1.060857962301191559e+00
2.645068590246779205e+00
5.092378329117824620e+00
4.875058037133101152e+00
3.498127624163103744e-01
2.068865995145166892e+00
2.779326682155710326e+00
2.327193790290752684e+00
6.067040800849385906e-01
2.127650261007973054e+00
3.706603131381892346e+00
8.913466177898891729e+00
1.080485310373456409e+00
1.997917196753470792e+00
7.527212733095328300e-07
8.180439164893842374e-01
8.560201691093244358e-01
6.365693647564404367e-01
7.401526866833384455e-01
2.396449704142011861e+00
2.933790892051179267e+00
6.951893498307505359e-01
4.716554188169908457e+00
5.640445138866746477e-01
3.025575240904223584e+00
2.150231634679020676e+00
2.042859003864692546e+00
1.014676450967311849e+00
2.069732187973725157e+00
1.109499380859720663e+00
2.600545537202605839e+00
9.602883440719063302e-01
1.433100041169205863e+00
4.260985352862848852e-01
3.504293520686962982e+00
3.237877085851594394e+00
2.711574783242367559e+00
1.694775435380385220e+00
3.043592461176905406e+00
2.016828208545158319e+00
6.167023554603854318e-01
7.294546559319459167e-01
1.659868648461803708e+00
1.824568408112759554e+00
9.732610420617056057e-01
4.570445762673093881e+00
6.783208197572838216e+00
1.171490948822723199e+00
4.294158441018055328e+00
1.771813032081252626e+00
1.888091530702051379e+00
2.591170825335892269e-01
3.599725769705912626e+00
1.587346553352219747e+00
1.672958697722746413e+00
3.484484484484486000e+00
1.598007263246111975e+00
8.191363696023102881e-01
3.759699662980259927e+00
3.395725865880620642e+00
1.338884866039102395e+00
7.406698750148076327e-01
1.344537815126050306e+00
1.772307260658326777e+00
1.155769471183897723e+00
1.162977867203219606e+00
3.024896265560166331e+00
9.483893314859711543e-01
2.190709046454767162e+00
1.120250872816357601e+00
1.759855084965065597e+00
4.219863532979529097e+00
2.108942527742993622e+00
7.858914574858619773e-01
1.611940298507462899e+00
5.265642690820533378e-01
1.673267326732673199e+00
5.273967233675629362e-01
2.276489748994059426e+00
3.404703083539207809e-01
1.437863433078753639e+00
2.112445640919445644e+00
2.267180163531856252e+00
2.013906865933221546e+00
5.606407322654464176e-01
2.982149385496567273e+00
2.266222108232880839e+00
1.076488599938202562e+00
1.314399583443735864e+00
1.172510341172267934e+00
2.494407211352245302e+00
2.821033614365488162e+00
1.606514530212716174e+00
2.263279445727482742e+00
1.046423495973472173e+00
1.383985441310281894e+00
1.041923551171393569e+00
9.414693015537789478e-01
2.482599172548065170e+00
8.694126057237403504e-01
5.235226918683145714e-01
8.241389820176775460e-01
2.705846245856154408e-01
1.970561998215878408e+00
5.396002960769803458e-01
1.638020792323209740e+00
1.598889659958362630e+00
1.912571344888105429e+00
7.323180925764489757e-01
1.743487190573993484e+00
1.359834752550376447e+00
1.652881654201495909e+00
4.693064285211119846e-01
2.153439444840988592e+00
4.189227102690961324e+00
5.054446746570851801e+00
1.570092724540123941e+00
2.389066962358215918e+00
4.056353460743711281e+00
1.941556941556941807e+00
2.201055883684692738e+00
3.478885893980233845e+00
1.776442346282975038e+00
6.838158410498934359e+00
7.352206623749321324e+00
2.649676147564066664e+00
1.888163175847902497e+00
6.633111586886363931e+00
4.190716354006857713e+00
2.853725666183482446e+00
2.313755670771224793e+00
6.663248564397046714e+00
5.725637808448346133e-01
6.348189162203869529e+00
7.935721691049418824e-01
3.874838152783772749e+00
3.125383994046899705e+00
4.302461866232198950e+00
2.510337586551063538e+00
1.408710662594609309e+00
1.129032258064516236e+00
1.195799876466954625e+00
1.256457876076312541e+00
1.208384122105039538e+00
2.553806144524427335e+00
8.490123164502051401e-01
2.792185344048289775e+00
1.104972375690607800e+00
2.246824055395015840e+00
1.344086021505376705e+00
9.466175793833409013e-01
2.387868284228771998e+01
2.082694503343663239e+00
1.130177514792899185e+00
2.677078876051917966e+00
7.397998460354119343e-01
1.624429902835613726e+00
1.205586142070632638e+00
1.844661985065676024e+00
2.148882863449667724e+00
1.415280993475056759e+00
1.767857142857143016e+00
7.073374561256894344e-01
2.247227099703461572e+00
1.884133611691023447e+00
2.794522300481657950e+00
7.804025922673910598e-01
3.004307068659742175e+00
7.581994276909533870e-01
2.445844904934843189e+00
1.773722627737226443e+00
1.140978231863063019e+00
1.166442732285895900e+00
1.048792823594372203e+00
1.209162868793476120e+00
2.616508074841190190e+00
1.107942973523421637e+00
2.438423645320197064e+00
1.205176958644829766e+00
9.308922124806600085e-01
5.599862715713375128e-01
4.289392486301798479e-01
5.678388205409173883e-01
5.363757876646936040e+00
1.284854560930554390e+00
3.200235307300127729e+00
4.922284487097748240e+00
8.043987831030873226e-01
2.505992469704322545e+00
1.300738132322068585e+00
3.335447661581512513e+00
3.992651310935686482e+00
1.365536837832352912e+00
3.727033331270193983e+00
1.058823529411764719e+00
1.094521897476856687e+00
2.280836488995018119e+00
1.967966983812606818e+00
9.894663099035037046e-01
4.076532825891517220e+00
8.424599831508002845e-01
3.498460096472975511e+00
8.192698982645124639e-01
1.250628801518524291e+00
4.231052738502193655e+00
8.476064702602893464e-01
2.378435517970401758e+00
1.019774011299435124e+00
1.254898975288152529e+00
2.014198740669697063e+00
5.380409992574519684e+00
2.559716374916907178e+00
2.139892828639835098e+00
3.517539890533460945e+00
1.344279583442838266e+00
4.618199432879644739e+00
2.077943139010423490e+00
6.014234875444839368e-01
4.761236868758619956e+00
1.647240315392527021e+00
1.735123907012429800e+00
2.659259700190816478e+00
2.432698922265535746e+00
1.949340735600277652e+00
1.003215961332915818e+01
3.380177733164063114e-01
2.392818107748257095e+00
4.671300530455460454e+00
1.718401486988848204e+00
1.210401891252954831e+00
4.051837310594440744e+00
3.091274628065943997e+00
5.949212906902203279e+00
2.517965057476838631e+00
1.520901006443367898e+00
6.648905665856047698e+00
4.402294347203740688e-01
3.742380162592783943e+00
2.156808803301238253e+00
1.056105610561056007e+00
1.824112303881089581e+00
5.712099393858208529e+00
2.648399358998247966e+00
1.264349657714586961e+00
2.346401406796321254e+00
6.117750439367307003e+00
2.508624307515787244e+00
1.439522998296421941e+00
1.296296296296296724e+00
1.261730969760166854e+00
2.401019208153665652e+00
1.834394904458598763e+00
1.243184675568335340e+00
4.741866668948652830e+00
1.323219965745044524e+00
1.159177288415644380e+00
2.643364281813217254e+00
2.059015248515889240e+00
1.051502145922747156e+00
1.767874632713027028e+00
2.562682548592414289e+00
4.253862367474420259e-01
4.627702161729382091e+00
5.471995618282320395e-01
3.357601713062096760e+00
1.223288164048446092e+00
2.838978816189942300e+00
9.685424911127507031e-01
7.940463578053600369e-01
2.280650465923625081e+00
1.884397199865553540e+00
3.784067085953876308e+00
2.685839654410013821e+00
2.157449806269812864e+00
1.686517229842756871e+00
1.692799999999999860e+00
1.209424132390663376e+00
1.194046306504961352e+00
6.762978174697930056e-01
1.993272264244174474e+00
4.366127434796962525e+00
6.616038882138517430e-01
1.600795985464613436e+00
2.433309710509947710e+00
1.227722772277227703e+00
1.783463977233011866e+00
1.156514006224988789e+00
1.228532485233984506e+00
2.864511162432640035e+00
3.006983849847230772e+00
1.011235955056179803e+00
1.032880629020729080e+00
2.091942659416706096e+00
1.413881360003434784e+00
2.041918213567850859e+00
2.204456094364351859e+00
4.981855883877658320e-01
1.574132677455272411e+00
6.169431512687690855e-01
1.243640843539386642e+00
1.588907496798346752e+00
1.718192627824018492e+00
1.376176831764223785e+00
7.746478873239439622e-01
1.352828599862206271e+00
2.654384580979506358e-01
1.766262202353800381e+00
1.687023581331074662e-01
6.137387062258596870e-01
8.475073313782992557e-01
3.927714549369424102e+00
1.627136726000964595e+00
2.227087104786763527e-01
1.191785071663459927e+00
8.280254777070061856e-01
1.782680659888321029e-01
1.443067954089997995e+00
8.275741695949894172e-01
1.821561338289963805e+00
3.485228808650318033e-01
2.771783984358222597e-01
9.237093061492924750e-01
9.494672848501914397e-02
1.132762312633833091e+00
5.936576189196451914e-01
1.870848349079574646e+00
1.367885479446668162e+00
2.423807816421655881e-01
1.256106149062818256e+00
5.782720273738236605e-01
1.200889547813195124e+00
5.530406249648839312e-01
1.684224270520979116e+00
2.203995237465272983e-01
1.169252977264525067e-01
2.628077320851680554e-01
1.696458939571444668e-01
4.573215063561876237e-01
1.747188727740286163e-01
2.293838862559241853e+00
1.118650762303499580e+00
5.975609756097562730e+00
1.378466557911908419e+00
1.965889381383696399e+00
2.544090660132209081e+00
1.707521291763868687e+00
9.091000648553659857e-01
4.160296538544384859e+00
1.278246422175743469e+00
6.428571428571428825e+00
2.329885423297263447e+00
1.698165247631610253e+00
2.066406250000000000e+00
1.711096616550395577e+00
1.484316185696360924e+00
1.042656517344345168e+00
1.089783281733746056e+00
2.617637044603336793e+00
3.438995792540235463e+00
3.272314328175330189e+00
1.471224518097351330e+00
3.194718798569225804e+00
1.035006009615385025e+00
2.199039622021941476e+00
1.315081652257445111e+00
3.098397331503534691e+00
2.710435600125352007e+00
2.098687208531214043e+00
2.031742604189159973e+00
2.253283866439386607e+00
2.636404345957342077e+00
1.459956001725161601e+00
3.881826089411740899e+00
3.139808837785176276e+00
1.527424308907415318e+00
2.886696920321568882e+00
3.983021258502405626e+00
7.522448198427299282e+00
4.526481951982200158e+00
4.140014738393515970e+00
1.432748538011695993e+00
5.286939286098514934e+00
4.651586765698855430e+00
2.266000863240148711e+00
3.045091683106618596e+00
1.212955408549637681e+00
2.249027237354085607e+00
1.045456196790933046e+00
8.455140767649732547e-01
1.593030491599252807e+00
1.685681312340285398e+00
2.316100443131462239e+00
9.062918603710085064e-01
5.479367866549611499e+00
1.804532577903682267e+00
1.108239095315024736e+00
1.711008479354426015e+00
2.057882121265130149e+00
3.806611198560823528e+00
8.749512036434605733e+00
6.688479951824620073e+00
8.928367896275875015e-01
2.045112781954886216e+00
1.727535116413315475e+00
2.142460957923212117e+00
3.668107440568077138e+00
2.671512720892342596e+00
4.675914924997456090e+00
1.647329179859055248e+00
6.878701469620529529e-01
2.577330430143767170e+00
2.583643713817431298e+00
9.356207994340287604e-01
2.433836501739536917e+00
2.935677543858032923e+00
2.613424487259166984e+00
1.103390977698060738e+01
4.627151051625241429e+00
1.919385796545105549e+00
3.232144874063477058e+00
1.496057879603006180e+00
1.970322360566263642e+00
3.775038520801233255e-01
4.776636713735558537e+00
1.841932628729109567e+00
1.372881355932203506e+00
9.341795435376323287e-01
3.612672968957221009e+00
3.762446657183499799e+00
1.976406533575318258e+00
1.648947877428438069e+00
3.921920940868996563e+00
7.118687957282409107e-01
1.213114754098360226e+00
3.431472081218275072e+00
4.559024275704913975e+00
1.782798816155206856e+00
1.707553260167850029e+00
2.728005865102640204e+00
1.796341094647717185e+00
1.834930233858980353e+00
3.579161028416780521e+00
6.507820646506782936e+00
6.072449482503696316e+00
1.921016795279163691e+00
1.678972822014849875e+00
1.143166402078221955e+00
8.768115942028977372e+00
2.275477361101290175e+00
1.183574879227053511e+00
3.046251568977976554e+00
1.987679671457905251e+00
3.218891312589138742e+00
2.687273066387214637e+00
8.817301283487180008e-01
2.611801944381640705e+00
2.539217781577260968e+00
2.105250617982548089e+00
3.920775358531097599e+00
2.598905870093782600e+00
5.076142131979692884e+00
2.048658512515776131e+00
1.445599462237584731e+00
2.082616179001721690e+00
1.099079270845316536e+00
1.647555864366166078e+00
2.424477008402664779e+00
2.494158652294584666e+00
6.423188981608027870e-01
2.123542278525821114e+00
1.097560975609755962e+00
1.747768905589478727e+00
2.408551068883610036e+00
1.054226737575387984e+00
2.300573300573300894e+00
1.855351307838024599e+00
1.590823567708189223e+00
3.623765608422426787e+00
3.987660602190508108e+00
2.282387190684134204e+00
1.568569310600443911e+00
1.879615624165851040e+00
2.318840579710144123e+00
1.939203632684474377e+00
6.275036459967871849e+00
2.773584905660376521e+00
2.099775247821495494e+00
2.136219640971488865e+00
2.749625391734182411e+00
1.333102132824692365e+00
2.258618617122108763e+00
2.004231714152471699e+00
2.444099045985635765e+00
2.566374579885739138e+00
2.577579964126159862e+00
3.323970368418307952e+00
1.851637764932562602e+00
1.977893368010402275e+00
1.380284512121819906e+00
2.215344089562068408e+00
1.719141323792487075e+00
2.740956163994892059e+00
3.461538461538462119e+00
2.993522492846997896e+00
5.046499851693566185e+00
3.549226706903052975e+00
2.499349804941483288e+00
3.373583045835386596e+00
3.225663716814158644e+00
6.236443355471018357e+00
5.682226528095828400e+00
2.664198720796069342e+00
1.370791785933084483e+00
1.490029111760303726e+00
2.987188750578447571e+00
2.835156260332491573e+00
2.009857616016506476e+00
5.170212765957447054e+00
9.357287449392717171e-01
2.080584062199918094e+00
2.318401102687802418e+00
1.513089005235601636e+00
1.499999999999999778e+00
2.735849056603774088e+00
1.426533523537803383e+00
1.827662650124002308e+00
2.273555201494519729e+00
2.973607038123167179e+00
4.907811117367869791e+00
1.435897435897435237e+00
3.429267014670693392e+00
7.525288775771411309e+00
3.079004099657599358e+00
3.796749548989288847e+00
1.380678550891315970e+00
4.964733808070532106e+00
2.922651933701657878e+00
2.967033984628205001e+00
1.276176024279211063e+00
3.336384439359267873e+00
2.860544217687074564e+00
7.865783151503082937e-01
7.587329969985313616e-01
1.633968233929273151e+00
1.564362163725773414e+00
1.722994173016584307e+00
1.544260422615647999e+00
2.873540390234482267e+00
1.524327325571789293e+00
2.380477135965759050e+00
1.650289899298137852e+00
9.864048591165259783e-01
3.699151781919145066e+00
4.977819297652792963e-01
4.081920903954803670e+00
1.275728780802060980e+00
7.866171003717473020e+00
1.759982255850957689e+00
4.908415184496947248e+00
5.777950310559008429e+00
2.009646302250803096e+00
1.577203818079730979e+00
3.666812798734232270e+00
4.243306169965075370e+00
4.000000000000000888e+00
2.955360231378906466e+00
9.074074074074077956e+00
2.014481331888484217e+00
1.600525358658314579e+00
1.976998904709749372e+00
2.383673143371373371e+00
2.713640836550381685e+00
1.766901193025390171e+00
4.337711069418388021e+00
3.507089241034194504e+00
1.153277572456719913e+00
1.494752864115530766e+00
4.077759930547026457e+00
7.622047244094486196e+00
1.660607130250617791e+00
1.273662360317991515e+00
1.069713624529939899e+00
4.162539396668168301e+00
1.707111726689652276e+00
1.983222740349605884e+00
1.598759964570416248e+00
1.323219965745045856e+00
2.744463830358341738e+00
1.580645161290323397e+00
5.239892183288407779e+00
1.308809293320426503e+00
2.802112284602556791e+00
2.897919852525294271e+00
6.795038025378468127e-01
2.004125736738703267e+01
1.529055882821205525e+00
1.795332136445242810e+00
2.578586535267314073e+00
1.649187580829258648e+00
4.112427970389544996e+00
2.060228593953208787e+00
3.146558285550091760e+00
1.508544490276959360e+00
2.235102163763240668e+00
4.417470559912521466e+00
2.101005684302580168e+00
2.263494294981510446e+00
2.730767540894673218e+00
4.413793103448274913e+00
2.136212097158278755e+00
9.568294409058742955e-01
1.661129568106312737e+00
1.866597724922440804e+00
7.786482998194704797e-01
2.291633080109430676e+00
3.520566700425313389e+00
4.782361308677099743e+00
1.034604698156100344e+00
7.269049638195217433e-01
1.961346125653598227e+00
4.753361958109023178e+00
3.012518220746564612e+00
6.978853192354616652e+00
6.168674698795186373e+00
1.376827859720092917e+00
1.231404542031637961e+00
4.832377463594412781e-01
1.298879942534981513e+00
2.851874659529618494e+00
1.742998352553541741e+00
5.233966136480248110e+00
1.033960420229659949e+00
2.926011091573108125e+00
1.442025103194599867e+00
1.016944520360754334e+00
2.478741027056874380e+00
2.319504754975343808e+00
5.950314432721793834e-01
4.043096131721394926e+00
3.051665533650578244e+00
2.351806694746176429e+00
1.138556964334579646e+00
1.349734614832878821e+00
1.514024041213508198e+00
7.674698795180725064e+00
2.206106870229006756e+00
1.037701974865349985e+00
1.295839753466872191e+00
7.866171003717465915e+00
4.350857854570896244e+00
5.658307210031350287e+00
1.833989349386432322e+00
2.232320893097460957e+00
3.761510756351600815e+00
1.732880937692782064e+00
8.451483157365510257e-01
4.804722979109902203e-01
1.179409077063661160e+00
1.878203674302562964e+00
2.533816118738899004e+00
3.732472324723245638e+00
1.181167051485636055e+00
1.265624999999999778e+00
7.674698795180725064e+00
1.146466656954143293e+00
1.728674203494347861e+00
9.787034137175073534e-01
1.632642016088549530e+00
7.021614748887474278e+00
4.869501174866281423e-01
1.211664482306685109e+00
1.249171652093879104e+01
4.355952145101278816e+00
3.683898284920290145e+00
2.306937944134844987e+00
4.484909705251828527e+00
1.736066089875039520e+00
9.750339443505210424e-01
1.135860537590161146e+00
2.934131736526945922e+00
1.065195981879062614e+00
8.616411709650863671e+00
6.138621200889549101e+00
2.817190512439285754e+00
5.292451388302827908e+00
3.500774604338920959e+00
1.910447761194029370e+00
1.154304499691801711e+00
4.283400809716600754e+00
1.816143497757847447e+00
1.710876633335378205e+00
1.625683771815576772e+00
1.848967324804297041e+00
2.751846381093058014e+00
3.569956765706927104e+00
1.388535519365605708e+00
3.304746044962531215e+00
3.295964125560538083e+00
2.688873959167175531e+00
2.762726870296590587e+00
1.226129347979419526e+00
3.928418038654258648e+00
1.797752808988763329e+00
1.634199659946563132e+00
8.278145695364239609e-01
1.537537537537537746e+00
9.389953509468190740e-01
1.864220337559828078e+00
3.238252758316040314e+00
3.024080105124621998e+00
3.237444639476314112e+00
8.454697053918844851e-01
4.731663685152060594e+00
8.305084745762707499e+00
2.560055382485289410e+00
2.086890243902438602e+00
1.614893539845479342e+00
1.210849539406345876e+00
2.706467615015387018e+00
2.003806058834869397e+00
3.715662627892722281e+00
2.367607267104754776e+00
4.306563851796124887e+00
4.210526315789470786e+00
1.297169252635318681e+00
1.955897658160041130e+00
3.160653757089639804e+00
1.008774995256419560e+00
1.412172984516817831e+00
4.129361905459926874e+00
3.711340206185566259e+00
1.436781609195402210e+00
1.833842128216310652e+00
2.296690902274247659e+00
1.952766294309085771e+00
4.878135677364717537e+00
1.811460258780036581e+00
1.441441441441441818e+00
4.016393442622951504e+00
1.578882818597390658e+00
3.397706130346611619e+00
2.881642752346404546e+00
2.496553576224152415e+00
5.928799735478890831e+00
7.926036608143437689e+00
1.690123456790124123e+01
1.058605974395448435e+01
1.428814279643008112e+00
3.442669466280947166e+00
4.778786840301576078e+00
4.355249204665960328e+00
2.602150537634408511e+00
1.275992873153628970e+00
9.704499664204164766e-01
2.782724844167409284e+00
2.558270459074992953e+00
1.547742080431364409e+00
6.155829751836961350e+00
1.934996680982306705e+00
2.555069883663019237e+00
2.497637510424402407e+00
3.866131191432394587e+00
2.358490566037737324e+00
3.537896782552365504e+00
3.858044298177008447e+00
3.287810076486019195e+00
2.663168415792104504e+00
1.537537537537537746e+00
4.881587557197331506e+00
2.600545537202605839e+00
3.194643058808476432e+00
1.188049209138840823e+00
1.738939060748838861e+00
2.016668106597938159e+00
2.062558356676003957e+00
4.138189167775978561e+00
2.993594240122396055e+00
7.527207009204405591e-07
1.661147250147841703e+00
