-9.683046013915937067e+01
-5.412861207431782162e+01
-6.564845945650674253e+01
-6.295902616332639923e+01
-3.738301690465544169e+01
-9.862443414616080872e+01
-1.110857461428730346e+02
-5.736783141221880555e+01
-5.794479541163653380e+01
-6.622180785354466082e+01
-6.679106939733701154e+01
-7.146652675290101797e+01
-6.805034622400405908e+01
-1.143469903392274460e+02
-5.870871334495634386e+01
-5.137657389199551972e+01
-5.373964027746634997e+01
-5.588670661929742778e+01
-9.304010067321979705e+01
-7.006906512690937916e+01
-9.523119933912342105e+01
-9.019829569820289805e+01
-6.102230092521977411e+01
-8.374372880963889543e+01
-1.061125777521621387e+02
-6.013855274357229774e+01
-7.511114021354832460e+01
-7.067080270894719263e+01
-7.519249025332487690e+01
-1.428946661983116257e+02
-7.788232680279162423e+01
-8.127083021306758326e+01
-7.284891174605080266e+01
-6.721234337714473384e+01
-5.707740074091559990e+01
-5.614768819678251788e+01
-6.230686723881858313e+01
-4.947528812259596975e+01
-7.716149854817686560e+01
-6.519433725518298672e+01
-6.448718803539750866e+01
-3.573023197337363968e+02
-7.812356440545023872e+01
-6.929230253657745209e+01
-6.114497332895656001e+01
-6.170799485194956446e+01
-6.422797101890458293e+01
-4.441732754641835612e+01
-4.979610347193205655e+01
-5.010508056133414101e+01
-5.512052485926520973e+01
-1.312231828486641518e+02
-1.030955048064318049e+02
-6.504337575836079566e+01
-5.601084791989783440e+01
-6.230686245666977641e+01
-1.266050968058288220e+02
-6.256596621561232752e+01
-6.567906601586855686e+01
-7.915453405724903746e+01
-8.202649742423282930e+01
-5.915016325347781390e+01
-6.676212165198218429e+01
-6.673780205761907780e+01
-1.102966696105782347e+02
-6.991355491490504903e+01
-5.547960724474736338e+01
-6.351030623819886500e+01
-7.292015425994350153e+01
-5.854297631403773039e+01
-6.316444483134061016e+01
-6.231561572448309505e+01
-5.475778248170807672e+01
-7.819347934621723084e+01
-6.839046366561683499e+01
-5.981156457562778428e+01
-6.088829179259617064e+01
-6.718658018765556506e+01
-6.585828501463933549e+01
-6.048951162120319225e+01
-5.530193421649026675e+01
-5.616366293739759641e+01
-7.344092404032215882e+01
-6.833245564033555297e+01
