8.333567205334775352e-01
7.947466058603873673e-01
9.163915892944508590e-01
6.285474655887323125e-01
9.215514614642043023e-01
8.272589063594223413e-01
5.374796766559052363e-01
6.220219713080913371e-01
6.791038037798077243e-01
6.424796921334406941e-01
6.527459744553684162e-01
8.749199232723312569e-01
7.996711719125260132e-01
5.597162164316422661e-01
8.960686023302594228e-01
8.358126293858473277e-01
7.901284794122968025e-01
1.397574428567007532e+00
1.850852031183469748e+00
7.681048583381264727e-01
8.065250848091881641e-01
7.810414980973309218e-01
7.307793453046838028e-01
5.856885109614511364e-01
6.764654941231514895e-01
7.614978325338139786e-01
7.656561364712833884e-01
8.200958275166898570e-01
7.593298112845944248e-01
6.441255505993664920e-01
9.246877679999540023e-01
6.486858601548115555e-01
7.508631333075858061e-01
7.495665430121425388e-01
9.486649322914531002e-01
7.652369177521839427e-01
1.042504174012039542e+00
1.216480674238614279e+00
6.932306259740663723e-01
8.430248555004780098e-01
9.908923530072627495e-01
4.260724252629749520e-01
8.498289777344611995e-01
1.154332468723987315e+00
7.253604861939366710e-01
9.663101332390860998e-01
9.083596721134381546e-01
1.231060520171693318e+00
1.415407713924699662e+00
1.417913447515346315e+00
1.576806803077478225e+00
7.667537260811151389e-01
9.225594951550283307e-01
9.969610069742101954e-01
1.006517176242498479e+00
8.314150282441432616e-01
7.811413413619758828e-01
9.321709128113162546e-01
9.489392844834729779e-01
9.537442761275457537e-01
9.248368040606953500e-01
8.931186318315850192e-01
9.543383243931189419e-01
9.773110713115201742e-01
8.223857090321208263e-01
9.678206269869334966e-01
1.052102745267484263e+00
4.762887064215704513e-01
8.816579272305175019e-01
8.288758157394565673e-01
6.728963249206790787e-01
6.656756068886777733e-01
7.479061835882881981e-01
6.544529529156751790e-01
7.063955442144330688e-01
9.445987335808238017e-01
6.201320831219618857e-01
6.328887443375228461e-01
5.678391568775159604e-01
6.970128988146051530e-01
7.244187883164016073e-01
8.007834932543063111e-01
8.156200246671230225e-01
7.734316364161073487e-01
