1.419047619047618980e+01
4.285714285714285587e+00
6.619047619047618625e+00
5.904761904761905100e+00
3.523809523809523725e+00
1.438095238095238138e+01
1.719047619047618980e+01
4.809523809523809312e+00
4.904761904761905100e+00
6.428571428571428825e+00
6.619047619047618625e+00
7.761904761904761862e+00
6.809523809523809312e+00
1.838095238095237960e+01
5.190476190476190688e+00
3.952380952380952550e+00
4.238095238095238138e+00
6.476190476190476275e+00
3.404761904761905100e+01
7.476190476190476275e+00
1.342857142857142883e+01
1.190476190476190510e+01
5.523809523809523725e+00
9.857142857142857650e+00
1.585714285714285765e+01
5.333333333333333037e+00
8.238095238095237249e+00
8.809523809523810201e+00
8.428571428571428825e+00
2.985714285714285765e+01
9.476190476190476275e+00
9.238095238095237249e+00
8.000000000000000000e+00
6.761904761904761862e+00
5.190476190476190688e+00
4.619047619047618625e+00
6.238095238095238138e+00
7.238095238095238138e+00
8.809523809523810201e+00
6.714285714285714413e+00
6.857142857142856762e+00
2.906190476190475920e+02
9.238095238095237249e+00
8.190476190476189799e+00
5.428571428571428825e+00
5.761904761904761862e+00
6.285714285714285587e+00
1.538095238095238138e+01
3.661904761904762040e+01
3.704761904761905100e+01
7.819047619047618980e+01
2.695238095238095255e+01
1.514285714285714235e+01
6.857142857142856762e+00
4.857142857142856762e+00
5.666666666666666963e+00
2.457142857142857295e+01
6.000000000000000000e+00
6.619047619047618625e+00
1.057142857142857117e+01
1.042857142857142883e+01
5.190476190476190688e+00
6.857142857142856762e+00
7.047619047619047450e+00
1.909523809523809490e+01
7.285714285714285587e+00
5.428571428571428825e+00
5.761904761904761862e+00
8.285714285714286476e+00
5.047619047619047450e+00
5.857142857142856762e+00
5.809523809523809312e+00
4.476190476190476275e+00
9.095238095238094900e+00
6.761904761904761862e+00
5.428571428571428825e+00
5.380952380952381375e+00
6.476190476190476275e+00
6.238095238095238138e+00
5.428571428571428825e+00
4.476190476190476275e+00
4.666666666666666963e+00
8.047619047619047450e+00
7.000000000000000000e+00
