1.092933792265640802e+00
2.157116825268273086e+00
1.177363838833771936e+00
6.292771816157116671e-01
1.133832759667948942e+00
1.052237294998987549e+00
9.815752176553957931e-01
8.552338530066815325e-01
7.669568738611054481e-01
1.073901599514071714e+00
5.701559020044543180e-01
5.476817169467503854e-01
9.789431058918809381e-01
7.199838023891476091e-01
1.905243976513464332e+00
5.140716744280218187e-01
1.051427414456367782e+00
5.827090504150638228e-01
1.407977323344806742e+00
8.746709860295606154e-01
9.267058108928932780e-01
