8.737950227886903676e-01
6.375143843498274343e-01
8.066631341899589414e-01
6.822319264908266456e-01
9.849753456443971489e-01
8.932227978338291852e-01
7.773306702696352044e-01
5.434782608695651884e-01
5.740448995667586374e-01
6.494807121661722027e-01
7.215710582561251085e-01
8.086426654740608289e-01
7.405839668279198262e-01
8.207113155799345972e-01
7.529678394129074581e-01
7.635006784260516266e-01
6.257509010812974948e-01
9.542893725992317444e-01
9.927680586608457203e-01
8.094816303089534815e-01
8.698747528015821073e-01
8.443459879063492934e-01
6.716095982744675341e-01
6.471018022406234138e-01
7.756928406466512271e-01
6.911764705882353921e-01
7.096387468030690426e-01
9.162872949677406398e-01
8.061641317664411943e-01
9.015477792732167206e-01
8.683198890849508356e-01
5.799133842029284835e-01
7.900597934265398692e-01
7.516655562958026726e-01
8.593980343980344161e-01
6.839900713620850059e-01
8.735288709084222392e-01
9.823737778753381944e-01
7.891653434039770376e-01
8.334994294095281475e-01
8.880746169220520292e-01
9.810062931483169990e-01
8.312764018885115958e-01
9.057657187581529268e-01
6.084396467124632002e-01
7.822995202193282482e-01
8.093272802311185510e-01
9.967492260061919795e-01
9.986345903771132182e-01
9.986467375341732122e-01
9.993605359317905279e-01
9.439580841301848935e-01
7.925055928411632866e-01
8.926042536287188689e-01
8.478909245845760445e-01
5.988764044943819531e-01
9.235684963392442048e-01
7.849829351535836386e-01
8.247057410521257959e-01
9.110959552532235106e-01
8.567825112107623209e-01
6.914262604475600593e-01
8.111652304233795130e-01
8.569982515873747486e-01
9.250957525085766742e-01
7.381418092909535211e-01
9.067662638198176195e-01
5.036159253204431918e-01
8.659179991053077563e-01
6.406199547949629203e-01
6.163101604278073964e-01
6.961811704767350006e-01
6.858688733290897455e-01
7.851520877387591080e-01
5.821188340807174066e-01
7.769703745108998971e-01
4.221328973760068992e-01
5.894192064404831788e-01
5.318243703199455608e-01
7.008810556195305130e-01
6.456014362657090944e-01
6.845493562231759199e-01
8.153236310256053443e-01
7.825443786982247962e-01
