2.049575332348596568e+00
2.436823104693140785e+00
1.586419246243533587e+00
2.744395364862885600e+00
5.375161961600376237e-02
1.825703618001171424e+00
4.924277347440015440e+00
4.040000000000000036e+00
3.639451114922811925e+00
3.469446030839519413e+00
2.560508983087348867e+00
1.836778430694780750e+00
2.385279365449667566e+00
4.015415296717510962e+00
1.702880894367206244e+00
1.224275813044250816e+00
2.534720000000001416e+00
3.102106534281496852e-01
2.480240792823178719e-01
1.772247115277444607e+00
2.008790542588663186e+00
2.198779748439441573e+00
2.700923323966278211e+00
5.375611592021078522e+00
4.585411239300335673e+00
2.382978723404254318e+00
3.370762473251491365e+00
1.013718941379693428e+00
2.036889307599480503e+00
3.260506083451519377e+00
1.437057734876800552e+00
6.692034139402559312e+00
2.077485623143357607e+00
2.233990693551962003e+00
8.491887642055606644e-01
2.134044000907234562e+00
9.031629914215039134e-01
1.284578224403252478e-01
2.359866556785424230e+00
1.401050932076916000e+00
8.642160540135032099e-01
5.626806917085641402e+00
1.875049820645675158e+00
8.521228181346851560e-01
3.493548387096775176e+00
1.603438834738801999e+00
1.480877103518612348e+00
5.016306879950305914e-02
5.006836382576992234e-02
5.020309026311327305e-02
5.003199366220787564e-02
1.723975622598840296e+00
3.964714184897671245e+00
8.298964532999089094e-01
8.713567839195979214e-01
3.795497185741089297e+00
2.033450946249369728e+00
1.643478260869565277e+00
1.406903080171848730e+00
1.036488070615992685e+00
1.743212299640170659e+00
2.316435952427373657e+00
1.596304849884526034e+00
1.175990550842907600e+00
1.575704287344804388e+00
2.584630672408082308e+00
5.223850539627182821e-01
5.677083069348593192e+00
1.325460510492869171e+00
2.831653225806451069e+00
3.646420824295011798e+00
2.491965455936556495e+00
2.050116009280742890e+00
2.479373299069777214e+00
4.854116514203179023e+00
1.558273381294964288e+00
7.398824834871295053e+00
4.511219512195119741e+00
5.491520000000000401e+00
2.317050239222471664e+00
2.457174638487209073e+00
2.150470219435737906e+00
1.822328739999589553e+00
1.945179584120983129e+00
