-7.964290886403900060e+01
-1.357234960530831245e+02
-9.395176711211480836e+01
-9.283044868832227792e+01
-9.590392440480243863e+01
-1.307903807688877293e+02
-7.326227096158531538e+01
-9.539766101142487287e+01
-8.616097252723589861e+01
-9.424864442500218331e+01
-6.698498468770063141e+01
-9.455458880970125790e+01
-7.383390985825042208e+01
-1.155020385518224941e+02
-9.612642019078072053e+01
-1.192060932860762961e+02
-8.232101434182119704e+01
-7.243631284216725419e+01
-1.151421681379667064e+02
-7.470654922524377639e+01
-6.846910924203658055e+01
-6.773439140474533815e+01
-1.125518029677787553e+02
-7.753694570387099816e+01
-7.884834962780192313e+01
-7.625124520403169015e+01
-1.007467788550618053e+02
-6.696476660616845322e+01
-7.090108817118537843e+01
-7.207565477957967914e+01
-2.575914295552411204e+02
-6.359608703546070529e+01
-1.145145215227462074e+02
-6.833909397650477047e+01
-7.562573818937957526e+01
-1.198053439864205956e+02
-1.443486490275801089e+02
-7.907004697479776212e+01
-1.644396989846536599e+02
-1.114935808120057459e+02
-1.028548856929584190e+02
-1.814538667612773963e+02
-1.069247665901612976e+02
-2.066433060353220412e+02
-6.866698722930085808e+01
-1.162481636959871736e+02
-3.294049603067171574e+02
-1.155163303601228932e+02
-6.453530073374655274e+01
-7.769893764201701458e+01
-7.610495106255878284e+01
-8.369789918649091476e+01
-6.975471058012169578e+01
-6.943206669784106566e+01
-7.597770443046583466e+01
-6.779921983966617915e+01
-8.110391878492485773e+01
-1.102622435296078010e+02
-6.460821717396184738e+01
-6.120366203452924481e+01
-7.265911838950967194e+01
-1.149916121426597186e+02
-6.339933087801238543e+01
-7.614221122612339343e+01
-1.317971182083885253e+02
-8.259018107836230627e+01
-1.279288428456471678e+02
-1.902269350740181153e+02
-2.362128819845216015e+02
-1.997734971135899116e+02
-1.189825617129002069e+02
-2.084720029623329651e+02
-2.877084872771958999e+02
-7.436432959868389503e+01
-7.786378830630036418e+01
-6.814330178746835998e+01
-6.620904645039593106e+01
-1.275416339404788886e+02
-6.456626918586000841e+01
-6.808821079608016191e+01
-1.465787405126345391e+02
-6.856773531374911101e+01
-7.799122626845128536e+01
-6.557815005215311999e+01
-8.427762155289279633e+01
-9.192629504688707698e+01
-1.441014384235093644e+02
-6.236140292890346615e+01
-6.973874848346534350e+01
-6.935839419974966802e+01
-9.718288838356953363e+01
-7.003663090639980737e+01
-9.217778898965092083e+01
-9.105846256902722757e+01
-6.912588538925965054e+01
-7.598858164496796519e+01
-9.175846173951892126e+01
-8.702589822838076827e+01
-1.212793046118952418e+02
-1.078631637114260826e+02
-2.876295468777820474e+02
-8.442888100312129041e+01
-9.500186128252656204e+01
-1.085518197641647760e+02
-1.082462314227510518e+02
-1.351977706142724003e+02
-7.416469286727819110e+01
-5.979617087464133647e+02
-1.165319119031177451e+02
-9.751608555274947321e+01
-6.441918205359432648e+01
-7.554913533848335305e+01
-9.990936274006109841e+01
-7.537033687697756079e+01
-1.378668290232847653e+02
-6.710512071255161004e+01
-6.956264269160786284e+01
-1.195900573046536834e+02
-8.189482100496448425e+01
-8.777487800877216273e+01
-8.955717885900718045e+01
-6.998150092775998132e+01
-1.107111451786544336e+02
-9.296970028363305971e+01
-1.560193946517787253e+02
-1.319985150548870934e+02
-7.756023197862900531e+01
-8.148013568562929265e+01
-6.883785764427477716e+01
-1.105058558708341963e+02
-7.588710290148672755e+01
-6.876532385571415773e+01
-6.931009952736845037e+01
-7.313661121481528937e+01
-9.926383206831042116e+01
-7.547485790702349107e+01
-7.136360401084245098e+01
-1.312780696792488584e+02
-2.099041424588254472e+02
-9.446985518202764354e+01
-7.757689070030154710e+01
-1.450370153563881388e+02
-8.533826640367369976e+01
-2.457462434479488707e+02
-1.557900491119715696e+02
-8.173921433250212942e+01
-2.763624901951941979e+02
-8.483584618303353864e+01
-1.247228439863836229e+02
-1.204722874638686534e+02
-8.456139840935827579e+01
-1.618921747615680715e+02
-1.478833448456167616e+02
-1.863057107993402326e+02
-1.373064467919215872e+02
-7.264248251216341146e+01
-8.142082238307791897e+01
-1.055104395755624154e+02
-7.083716718932733158e+01
-1.073044470086176148e+02
-9.711960326103596230e+01
-1.013058790810929253e+02
-1.649786260346951394e+02
-1.036723979964402389e+02
-6.840742055346464667e+01
-1.464247282109292883e+02
-1.215946139846639795e+02
-1.902964398995583224e+02
-1.142398941900622020e+02
-8.664968048176878312e+01
-1.247101244305976167e+02
-6.855481352613698220e+01
-7.764506088588883870e+01
-9.028809876568638515e+01
-9.042452300347123639e+01
-6.695109515781615528e+01
-7.125161258987614588e+01
-6.740862498296624494e+01
-8.120657134808473643e+01
-7.898653969444507084e+01
-8.051966637041083175e+01
-8.125244289047610380e+01
-7.240878449844640841e+01
-6.809850742860062667e+01
-1.383410144283528780e+02
-1.457410780974711884e+02
-6.949605801611845379e+01
-1.886528291803414561e+02
-2.692813931642124317e+02
-1.143323355143878786e+02
-2.409657508287789369e+02
-1.167163455411191677e+02
-1.024788342371920322e+02
-1.089866691496309841e+02
-1.003646157172233160e+02
-9.864536510692110483e+01
-8.176554089411966686e+01
-1.033460554116885390e+02
-5.724480082935350822e+01
-7.475450517186459365e+01
-7.141741979070921786e+01
-1.008165175486140299e+02
-1.008359137953532638e+02
-6.896731984553044015e+01
-6.925510667547997912e+01
-8.583726167533748708e+01
-8.293411427268195268e+01
-7.322958206213385779e+01
-8.627394080068259541e+01
-1.001553310487767305e+02
-8.427500518455178735e+01
-3.544961015724628055e+02
-7.988039898407775752e+01
-9.763413946395989740e+01
-7.542917810154965252e+01
-7.700857188550239130e+01
-7.066500637327541767e+01
-8.494531019892582435e+01
-8.765999158038589201e+01
-9.698525056945483414e+01
-6.950907204348682455e+01
-7.941453335020590032e+01
-1.047678409671132869e+02
-7.585284410679781786e+01
-7.245155986806713599e+01
-7.764348057059468999e+01
-6.941838955903396879e+01
-7.292651024875037535e+01
-7.867799822550873046e+01
-1.117926024476701201e+02
-9.286826840695916019e+01
-1.429201037301010047e+02
-8.279733396247141286e+01
-6.990865408126323644e+01
-7.393350707786377995e+01
-9.495184161791829069e+01
-6.976252419438019103e+01
-8.426870327434842523e+01
-1.007356213706947727e+02
-7.895734385481453899e+01
-1.144301192189322762e+02
-7.573270541827612590e+01
-7.379368729461613441e+01
-9.697460901991270532e+01
-9.637059745731782812e+01
-1.149750659433751849e+02
-8.096026710227128831e+01
-8.913976160172698826e+01
-1.641563043567963973e+02
-9.456402010152460491e+01
-1.506441174327392218e+02
-6.617167752980499529e+01
-6.817466930078839482e+01
-1.712181468435686043e+02
-9.287546158714964406e+01
-7.057753475672387822e+01
-1.426000188124833983e+02
-7.041823138625784395e+01
-1.123801430772709722e+02
-6.383685277346967979e+01
-8.412947495250243435e+01
-7.819474683647810309e+01
-1.040131865374833495e+02
-7.399648513692339691e+01
-9.436088370101448675e+01
-7.049818912808130733e+01
-9.312477354051665657e+01
-6.674013049087550087e+01
-6.744954508904028501e+01
-7.835628574454905504e+01
-9.996252043115536878e+01
-9.338855385377388529e+01
-8.226318073164542000e+01
-1.142266951048574981e+02
-7.340716887694937043e+01
-1.156772167089245471e+02
-1.385815685663151555e+02
-8.237773060112857593e+01
-1.170396063585400697e+02
-7.384414771990704196e+01
-7.796013636531698410e+01
-1.395321881480019783e+02
-1.024606070809067120e+02
-7.989284149240343424e+01
-8.594050747691790093e+01
-7.770400915254357699e+01
-7.847267219807592653e+01
