-7.982621751795331022e+01
-1.177199090017201115e+02
-9.277002403381358420e+01
-8.305992723790679122e+01
-9.513955493660287743e+01
-1.079650837860353647e+02
-7.718572957114926680e+01
-9.327723343474575302e+01
-8.853451355238993870e+01
-9.370014391866912717e+01
-7.219990611567477856e+01
-9.211836090225524742e+01
-7.751789870668055471e+01
-1.041191642412300808e+02
-8.948785365119620394e+01
-1.084936554481258639e+02
-8.371017340838392329e+01
-7.540408446874032222e+01
-1.069316019472315276e+02
-7.561678057353138627e+01
-7.251519894951407252e+01
-7.210149543140970252e+01
-9.989400265995249129e+01
-7.974637024461009105e+01
-8.268241150469565071e+01
-7.890388847722843479e+01
-9.168231895541268273e+01
-7.090196543381655658e+01
-7.550638796375596939e+01
-7.555746233681436763e+01
-1.545004964812395656e+02
-6.815049938901329085e+01
-1.006633251026569980e+02
-7.158113926774838376e+01
-8.004797739329455908e+01
-1.015520441708862052e+02
-1.058233580698891529e+02
-8.246325584316944912e+01
-1.115686990431188690e+02
-9.979036201612117907e+01
-8.994633351691295786e+01
-1.261738653086144524e+02
-9.603663300658976709e+01
-1.282265235370494736e+02
-7.304590437631314614e+01
-1.010908511914202421e+02
-1.514884201505883823e+02
-1.063237411126557816e+02
-6.901789243208556002e+01
-7.795077208067597496e+01
-7.965862251752767520e+01
-8.613149738354528040e+01
-7.388625434551711635e+01
-7.398990790601096990e+01
-8.019934828692355211e+01
-5.965414238737881902e+01
-8.420311081263359654e+01
-9.055893021147505806e+01
-6.796993748529290258e+01
-6.163118652080481752e+01
-7.695844940770453491e+01
-1.104241095198784848e+02
-6.866600686809557885e+01
-7.795579676141800007e+01
-1.048453306627101966e+02
-8.256607195050789016e+01
-1.060115078009886531e+02
-1.337636474327984502e+02
-1.352218618310488978e+02
-1.312709031296226101e+02
-9.979747103050866031e+01
-1.274389119603076495e+02
-1.642892532850070211e+02
-6.941905799071048477e+01
-8.090085376168001119e+01
-7.076007617249332782e+01
-6.502453546833136500e+01
-1.084434016538502590e+02
-6.769977744745254711e+01
-7.135860843894896277e+01
-1.119360508714882343e+02
-7.322688716455688507e+01
-7.741732251282714117e+01
-6.941404223758269154e+01
-8.133982148239411458e+01
-9.562103460851230352e+01
-1.109287678598452658e+02
-6.594980941325931667e+01
-7.366534526734481858e+01
-7.404256567470123684e+01
-9.567968323655740903e+01
-7.427445224629234133e+01
-9.282123586830975626e+01
-9.258542058905199212e+01
-7.329940256442765190e+01
-7.753901124500994513e+01
-9.080009389315610235e+01
-8.963004660010174973e+01
-1.145842314353997153e+02
-9.680453626573805082e+01
-1.548628835596703084e+02
-7.763881222545482785e+01
-9.205987066674754260e+01
-9.356217179213160762e+01
-1.006431014475698476e+02
-1.172169617330034583e+02
-7.369753626949811576e+01
-2.094074197426533033e+02
-1.074632754343926990e+02
-9.697709390995142087e+01
-5.647252352415674892e+01
-7.980121715997587728e+01
-9.751639633371705429e+01
-7.886146823788111249e+01
-1.147432664791174091e+02
-6.005099615144993663e+01
-7.108932724898703270e+01
-1.110332958316296725e+02
-8.481797220121818270e+01
-9.195732401127963840e+01
-8.759524231299484143e+01
-6.576344646286921147e+01
-1.000806918283642375e+02
-9.271724074847820418e+01
-1.216640986286504500e+02
-1.187152343223459212e+02
-8.098419116944792506e+01
-7.893197437709916642e+01
-5.678155483456638564e+01
-9.946324689954251141e+01
-7.813149690640857159e+01
-7.236521593238580863e+01
-7.304425530602019023e+01
-7.403370932980460850e+01
-9.739800840711087915e+01
-7.980181911038660303e+01
-7.475898288228954414e+01
-1.070264933617851710e+02
-1.267673983351938745e+02
-9.503695288514978756e+01
-8.121093873679420483e+01
-1.027632791117540165e+02
-8.347597795247206420e+01
-1.473375349212840035e+02
-1.102910664511538528e+02
-8.234390339301930339e+01
-1.466544289325351258e+02
-8.407592884771202080e+01
-1.077301558218382382e+02
-1.049394484357626425e+02
-8.649037358681262333e+01
-1.197148658492358209e+02
-1.156910728450219494e+02
-1.275440318140632456e+02
-1.099446792101522732e+02
-7.746369750043011493e+01
-8.464474263905242424e+01
-9.963528480806876075e+01
-7.338638078932631004e+01
-8.423074040312026511e+01
-9.447812060288048031e+01
-9.773263089035067708e+01
-1.172167491892664231e+02
-9.855346713291054073e+01
-7.212826411212513733e+01
-1.157762329020995651e+02
-1.011368921529682865e+02
-1.221915105971508382e+02
-1.043228657534976236e+02
-8.033031703416172320e+01
-1.009492725555693937e+02
-7.351337687643245999e+01
-8.170343773613345206e+01
-9.412873676127621536e+01
-9.136304408864180004e+01
-7.066797359977546478e+01
-7.599752133271846333e+01
-5.947527059680407291e+01
-8.072555356114850156e+01
-8.275552124691500921e+01
-8.411336672850005414e+01
-8.420498017891124221e+01
-7.383347987215898911e+01
-7.201502768012288414e+01
-1.191820389877652104e+02
-1.187046544326849329e+02
-7.362078145896984438e+01
-1.389668108917198310e+02
-1.612921352781068833e+02
-1.045078259857494345e+02
-1.539273364790031735e+02
-1.056805958522655686e+02
-9.573807424130694699e+01
-1.018829177841766835e+02
-9.531099015427356846e+01
-9.632312856314193539e+01
-8.396256576858102960e+01
-1.002782069338674091e+02
-3.262944449459135399e+01
-7.281523569909661830e+01
-6.555433771780158736e+01
-9.813531449229087400e+01
-9.921696370830282774e+01
-7.219283956047952699e+01
-7.219056534804262526e+01
-8.833182409941328217e+01
-8.477599690341483551e+01
-7.805403026171423164e+01
-8.815813404124314445e+01
-9.819258932784261162e+01
-8.020307445700389337e+01
-1.786542489004341974e+02
-7.974865766734484396e+01
-9.568406930306659319e+01
-7.706785864606671055e+01
-8.040395553119618910e+01
-7.168697116400187497e+01
-8.341263243387508908e+01
-8.690008819571896481e+01
-8.774271877292854072e+01
-6.980585419689431603e+01
-8.184426037131545684e+01
-9.338310898093111234e+01
-7.988601203854477717e+01
-7.695451908472834646e+01
-7.892744322868425400e+01
-7.424412494369690307e+01
-7.443928853839680926e+01
-8.229377617751364937e+01
-9.596388628712846014e+01
-8.548951948069823459e+01
-1.137360573532389338e+02
-8.279826546349282523e+01
-7.432963207792157334e+01
-7.685997401588571165e+01
-8.662329988528709634e+01
-7.043729031482470759e+01
-8.609488939338807256e+01
-9.446249657778186304e+01
-8.226255400487934821e+01
-9.962142545339908395e+01
-7.625671318852830893e+01
-7.431790958832307581e+01
-9.145992074778750691e+01
-9.264167521239808423e+01
-9.949353859630285513e+01
-8.252815453164502912e+01
-8.414947169856533549e+01
-1.127505139576709041e+02
-9.138350105400364498e+01
-1.121341482671257239e+02
-7.049985879145786782e+01
-7.283718048418836588e+01
-1.244604142117049292e+02
-7.790938755018295581e+01
-2.640930603155638437e+03
-1.026646823714858527e+02
-7.357123483662918773e+01
-1.011703227495445390e+02
-6.652823495213256422e+01
-8.314065620152608460e+01
-8.141919711836705176e+01
-8.871577580420309062e+01
-7.690975776216808413e+01
-8.509847830477472996e+01
-7.432926389949726342e+01
-8.874757992872265788e+01
-7.057909747150360147e+01
-7.246693354961703903e+01
-7.970002137615487925e+01
-9.348303759175227867e+01
-8.788933224625783680e+01
-8.393029323231500882e+01
-9.459442714690794674e+01
-7.476831218402425350e+01
-9.980658445126313438e+01
-1.004515304770772275e+02
-8.544425552718847428e+01
-1.003365613973053883e+02
-7.474560859261448797e+01
-8.303073406202757667e+01
-1.165133136553039179e+02
-9.536200025840200567e+01
-7.983214713510550098e+01
-8.721840183057976503e+01
-7.608219969521279324e+01
-8.102008623439991197e+01
