6.035074342356080423e-01
9.252797981695697338e-01
7.624763108022741820e-01
9.531615925058547489e-01
8.490114392248025998e-01
8.273949707513484908e-01
7.925925925925926263e-01
7.662298538936587189e-01
8.524042312260060594e-01
8.494153436638464116e-01
7.153515064562410153e-01
7.985844879018150211e-01
7.366239151884791392e-01
8.574891312094010676e-01
7.037037037037037202e-01
8.930345409294915271e-01
6.822311430382421715e-01
8.421718825018550403e-01
8.943786785662257710e-01
5.502871807405597115e-01
5.200000000000000178e-01
7.221547941368686718e-01
7.666703773794946164e-01
6.910818265399938376e-01
8.198479556194780971e-01
6.703296703296702796e-01
6.493104713963609997e-01
6.392020815264527478e-01
8.521928937335410126e-01
6.826985450838661817e-01
9.742312016611380798e-01
5.959595959595959114e-01
7.764861833384317791e-01
4.093297291919487657e-01
9.331929883666483239e-01
7.037037037037037202e-01
7.158774373259052526e-01
7.792201155005876734e-01
6.857342895528601989e-01
7.532036070242050796e-01
6.415310608135808002e-01
8.177498252969951364e-01
6.916488222698072841e-01
8.493798518782903484e-01
7.878213802435724000e-01
7.896895683788570652e-01
8.989718324363289437e-01
8.971090015134315365e-01
5.320334261838439716e-01
5.959919839679358455e-01
6.791443850267380178e-01
7.886541573721733700e-01
7.209056470795525140e-01
7.350942669460773793e-01
8.647747708592913307e-01
9.645345155161494377e-01
7.541703248463564879e-01
9.901320005126234003e-01
8.196592398427260395e-01
8.731261849929207175e-01
8.317279439164745325e-01
9.600653436950422615e-01
5.448639157155399371e-01
9.126909884627377734e-01
7.250872719170111669e-01
9.238837622513899062e-01
7.903588540138848373e-01
9.428794351398414042e-01
8.809805759499371725e-01
9.006034034838871216e-01
6.734343108819421664e-01
8.750557027411414168e-01
9.640437405808519600e-01
9.606879606879606959e-01
6.539214851400834139e-01
5.201021059349074660e-01
9.251928488652364502e-01
8.257108125601881898e-01
8.290490855383068070e-01
8.318382079728223744e-01
8.277929259355996106e-01
7.338484750506084620e-01
8.921827657253665889e-01
6.011243911623446179e-01
9.238417601015442848e-01
9.173035307897081658e-01
7.735913391867701439e-01
7.957446808510638681e-01
8.580587578687126626e-01
7.649823736780259065e-01
7.727464491632681787e-01
7.378768020969855845e-01
9.112819105133131981e-01
8.870718960607931747e-01
7.772094344984370462e-01
5.973154362416107643e-01
7.914936273807818834e-01
8.476093448536551334e-01
9.682774979188231157e-01
7.608400247066090527e-01
9.499476324348161693e-01
4.707748074309016650e-01
7.673480263408321012e-01
6.585561855439975298e-01
8.506123794006187344e-01
9.325794249652117340e-01
4.786336383833584840e-01
9.849113474462410922e-01
9.114214182446489509e-01
8.521797047891197519e-01
9.541498620250478124e-01
8.114129653586316104e-01
8.153911294590875380e-01
8.170571696344892665e-01
9.036712953201442300e-01
9.611939455580410518e-01
9.278423279719681949e-01
9.374072571023496225e-01
8.317536392574841342e-01
8.884263155239575660e-01
9.210700300055942868e-01
9.571349039214946952e-01
9.849796230381250295e-01
8.968086289336150152e-01
9.825044110971943301e-01
9.604024284596694994e-01
8.711178734449118721e-01
9.326383319967922469e-01
9.698800258492314974e-01
7.992645468310620727e-01
8.652631578947368451e-01
8.098781731981036236e-01
8.511201224457597414e-01
8.894102441628501943e-01
8.748603351955307472e-01
7.817043167076717092e-01
5.559666975023126456e-01
8.150834056345866996e-01
8.283261802575107025e-01
8.688563645025108029e-01
7.363327229924143680e-01
6.298575498575498255e-01
6.475822332433812667e-01
9.515046559524956704e-01
7.312072892938497048e-01
6.863851089332299038e-01
9.300607279281407624e-01
6.787148594377510058e-01
8.273540773581522512e-01
8.282707821816905902e-01
7.568199532346063796e-01
8.298873961481304518e-01
8.693499231547107131e-01
8.728118393234671757e-01
7.755416819684172181e-01
7.782740004902304332e-01
7.788276580771913427e-01
8.228499829137715382e-01
6.055291509671948402e-01
3.895582329317269221e-01
7.501456706677543940e-01
8.305597579425113564e-01
8.496945139171020456e-01
8.369435590537522840e-01
7.930142302716688407e-01
8.825129821744179814e-01
7.182484761035365928e-01
8.511587773285482772e-01
8.357906909511420013e-01
4.662513196096019774e-01
7.461962408650469891e-01
7.420204014478446464e-01
8.795402750611330811e-01
9.038299268962339816e-01
8.134870241932857793e-01
8.347736290015761451e-01
7.820383451059536029e-01
9.289348300088831056e-01
9.316549090673742484e-01
8.724915588298901570e-01
7.869185360094450576e-01
8.536890893147939252e-01
8.486486486486486402e-01
5.389331698344573818e-01
9.377303639637415422e-01
9.100681445644128731e-01
5.981547924141465966e-01
9.579576992424755355e-01
9.692305020880542799e-01
8.494637805118757656e-01
9.723202878650882841e-01
8.701563927554146760e-01
9.510820643113191419e-01
9.303216815700847686e-01
9.534034047284953850e-01
8.627700127064803493e-01
7.455374520380358971e-01
9.077408443754019229e-01
9.820479168275045856e-01
9.244444444444444020e-01
9.725147566074658911e-01
8.677110530896431362e-01
9.291269924313766415e-01
8.175850751425116636e-01
8.234408961712088582e-01
8.261791202967673220e-01
7.606066816970690203e-01
7.345971563981043007e-01
7.878700539383208801e-01
8.341968911917098106e-01
9.669137729223565847e-01
9.828488372093022729e-01
6.492088331944881885e-01
8.357872879198149363e-01
9.303182876637041687e-01
8.829604130808950124e-01
4.924952754478411632e-01
5.796847635726795067e-01
7.436874370266942647e-01
5.701259831558432856e-01
4.397791666542620881e-01
7.478510028653294617e-01
7.189970278481806476e-01
8.493419833178869061e-01
7.414518763758711772e-01
6.609882193406221296e-01
6.343692870201096401e-01
4.887782839233769661e-01
8.231754737833081315e-01
7.250756681432071193e-01
6.019734556319922270e-01
8.665468454410053534e-01
7.037037037037037202e-01
7.329587705527554897e-01
6.198416006669446032e-01
6.049907087868330313e-01
4.422289249752060503e-01
7.564102564102563875e-01
7.600000000000000089e-01
6.629954176380737918e-01
7.089025927566352525e-01
5.067843498880253428e-01
4.994333243395172595e-01
7.492465629597514498e-01
6.947013063261412436e-01
7.757544757033247862e-01
7.177180744233349063e-01
6.128748441967886151e-01
7.964237736603009266e-01
7.789271835535257482e-01
7.634635691657867262e-01
5.428571428571428159e-01
7.197381764543191451e-01
8.280069726902963279e-01
3.163227933097301769e-01
6.717446022783237410e-10
6.414514844727562393e-01
6.060714712561252604e-01
7.692307692307692735e-01
4.943837562592199308e-01
6.647791619479048730e-01
6.830223450817783926e-01
5.963603772928385283e-01
6.574513636786745163e-01
5.497808872145767412e-01
8.313168331743561179e-01
6.579864186595807407e-01
6.621990273988850317e-01
7.842221632828365596e-01
6.828394438387771492e-01
7.552090922337170165e-01
6.917673354265340135e-01
6.822001527883880811e-01
6.527909567226370946e-01
5.947391340176743091e-01
7.787450687490432566e-01
6.098584163607760900e-01
8.371114429211348185e-01
7.222412344834022724e-01
5.763552106036471390e-01
8.244777382699526314e-01
8.620689655172413257e-01
7.820526032710649611e-01
5.863838184509126972e-01
7.899710545766502889e-01
5.238396160845245619e-01
7.430195206325673762e-01
