2.668982943777637562e+00
1.097751994198694625e+00
1.830157415078707439e+00
3.685503685503685456e-01
1.139290264862959923e+00
2.314296207878064671e+00
9.158878504672897103e-01
1.849616669942991898e+00
9.036386611800537594e-01
1.096922216004476702e+00
1.156438026474127634e+00
1.552953585630128419e+00
1.269313132848234771e+00
1.522995725811441492e+00
2.526315789473684070e+00
1.201518208001492560e+00
2.052338185196655118e+00
6.617776626068929691e-01
1.236787376053003040e+00
2.936930934932267423e+00
2.769230769230769162e+00
1.118164188752424071e+00
2.491796137650646337e+00
1.760088691796008797e+00
9.407548493809834156e-01
1.844262295081967151e+00
3.527497375434062832e+00
1.605156037991858797e+00
6.009569959162667230e-01
1.554092574996606579e+00
1.473734132614565207e+00
1.694915254237288060e+00
2.464740643466841963e+00
4.430027031061939624e+00
3.969784196366435980e-01
3.842105263157894690e+00
5.060311284046692393e+00
1.195317111562930412e+00
7.432903777698060210e+00
2.662255828607435593e+00
3.795728034721348898e+00
4.540933173816442014e+00
3.260061919504643857e+00
4.677066918793991057e+00
8.248024733768464234e-01
2.346948412229961090e+00
8.182807497754170711e+00
1.167902584572228397e+00
2.308900523560209361e+00
2.669132481506388821e+00
1.771653543307086576e+00
1.264544395762852824e+00
1.197726994989612548e+00
1.126351718023118842e+00
6.339639718922923661e-01
1.608667104399212067e-01
1.426076833527357479e+00
1.918521874191043142e-01
5.913015669971218857e-01
3.410488138261290603e-01
7.171961245309612654e-01
6.059307685963306600e-01
2.114405414115372306e+00
4.185172531602323054e-01
4.111346331136681798e+00
4.273838327439667406e-01
2.776815538785104565e+00
1.648247273260088352e+00
4.707349026705490047e+00
2.824696900148654599e+00
4.318870633274844550e+00
3.938334373257657894e+00
2.308937956824949289e+00
1.867007672634271032e-01
2.100403698398229047e+00
2.710429447852760632e+00
2.526242591090362977e-01
2.275682083245702980e+00
5.477219316200440113e-01
6.254227554080785678e-01
2.840743217880597360e+00
1.094673988237995665e+00
5.249273236069226245e-01
1.820965889844475161e+00
4.637050606823906462e-01
5.828983061207890781e-01
3.795592286501377366e+00
6.256684491978609097e-01
5.483941162139265302e-01
9.600614439324116622e-01
1.856414922656960842e+00
1.110124333925399664e+00
6.145550936803422237e-01
7.731612143144593885e-01
8.778793418647166114e-01
2.528089887640449618e+00
1.498281165189071729e+00
1.030458184227999174e+00
5.081000711205057030e-01
2.377171618769280848e+00
2.990135205709975263e+00
5.128970163618864042e+00
1.809663177736990924e+00
3.872347637448308788e+00
1.399500677958805950e+00
9.714603955194082152e-01
3.864392275806002086e+00
6.046536645407855737e+00
9.536503269238209013e-01
1.165443864558908915e+00
1.621802002224694006e-01
8.933569530558015392e-01
1.542386083344151615e+00
8.536361550814407506e-01
1.414714581408328620e+00
1.471056560282065218e-01
3.028210010416579889e-01
7.694895719677308232e-01
9.292195226832938859e-01
7.170092305302587787e-01
5.195185246535254375e-01
1.833734132924093596e-01
2.286788948870311367e-01
7.299442033477990810e-01
4.457348534794844941e-01
6.273673895931121125e-01
6.241652111373676703e-01
3.791917454858125813e-01
1.300443234160896799e-01
2.048443843031122924e+00
6.228710462287104788e-01
7.262689885142645796e-01
5.517751598316945616e-01
4.779339756752487567e-01
1.001277139208173628e+00
1.064663805436337540e+00
2.620632279534109710e+00
2.502641039545299151e+00
5.569948186528497658e+00
9.871581055730751508e-01
1.409946714031971471e+00
7.455943549846209883e+00
2.567969365919585467e+00
2.183058278382292716e+00
5.422118380062305398e+00
1.984694401643554151e+00
3.895018525226982220e+00
2.218934911242603558e+00
2.158454658287200179e+00
1.982637418480562408e+00
1.566426364572605534e+00
3.414243993894744644e+00
2.154603345040368101e+00
3.210444724348415768e+00
3.454967326451368503e+00
9.821449918807386714e-01
1.300279896810416780e+00
1.634845925966942559e+00
2.114167874248198409e+00
1.116494845360824684e+01
2.092123660090103865e+00
1.428051001821493582e+00
3.133978344085068812e+00
1.430736547578952855e+00
7.748776508972267107e-01
2.049282989161497870e+00
3.665327374851379716e+00
3.966862247050920054e+00
1.743687305430646761e+00
5.502919423294982515e+00
3.344503856561734434e+00
1.064745011086474458e+00
6.140885668053799318e-01
6.732112409096289163e-01
1.282512108233598846e+00
5.876033595937235621e-01
9.406451612903226067e-01
2.629748761192732265e-01
3.782563390065994957e-01
6.478182017721346719e-01
1.193122486947128413e+00
7.819515774027879784e-01
6.242038216560509278e-01
2.513083048919226403e+00
9.578399809741416915e-01
1.514037479236446382e+00
2.057412167952013871e+00
1.171245768319083114e+00
1.757952255117122720e+00
1.583843234451243198e+00
1.257026418363472953e+00
1.408251497745661274e+00
4.612985063760437487e-01
7.021595306453626284e-01
4.200105523312321343e-01
1.073637702503681846e+00
1.525248004773625654e+00
8.208208912525524203e-01
6.226710760087417890e-02
3.473557692307692180e-01
1.478440019625141544e-01
1.086258776328987041e+00
6.054656706332820493e-01
6.902598774561589101e-01
6.633502538071065491e-01
1.078255291853752462e+00
1.436001077876583043e+00
1.264516129032257963e+00
1.354638097726678758e+00
1.385093167701863415e+00
2.266967960616576572e-01
1.801759834368529933e+00
2.248479943617363030e+00
1.366694482863512583e+00
3.353140923982004251e-01
5.633528265107212718e-01
3.287668833852914307e+00
3.398791540785498277e+00
1.755161938392375109e+00
4.547552191429617530e+00
3.866461388306868585e+00
1.390804597701149392e+00
2.771397038583458095e+00
7.039849853782026434e-01
1.181618508209251406e+00
2.003461982305423827e+00
1.801152737752161448e+00
3.598814868323618743e+00
9.062204763562229370e-01
3.039794875941227659e+00
3.698603255223363639e+00
2.050894047074577120e+00
1.894736842105263053e+00
1.149926727539172688e+00
2.184936112979152689e+00
3.795085563843791032e+00
3.923720188697357170e+00
1.529661016949152463e+00
2.131578947368421240e+00
2.080877894992118282e+00
3.426202720238381350e+00
3.558357161424486659e+00
3.502425185335080293e+00
2.079700649147213642e+00
2.678005493344601806e+00
2.475141764473163697e+00
1.658312872134437344e+00
3.256968536906328371e+00
4.376359573092209132e+00
1.701176760760346296e+00
4.337482710926694018e+00
2.368421052631578760e+00
1.156013833738952279e+00
3.842807017543859782e+00
1.181976071015052021e+01
7.527211643638640924e-07
6.882248625642844786e+00
2.092092289489252632e+00
2.475000000000000089e+00
2.562749564907407240e+00
2.332197614991482038e+00
1.870826306913996540e+00
4.669072649349284454e+00
1.872433809995752485e+00
4.683121241784365729e+00
6.658010749441390930e-01
2.940052050614735624e+00
1.418771269926562884e+00
8.185871246221549935e-01
1.875359016521299216e+00
2.127146440285549112e+00
2.520270790060773702e+00
2.081746920492721031e+00
4.371421348669658258e+00
2.360660448309737536e+00
2.470925259170634103e+00
7.436801375752364329e+00
9.121128587643910768e-01
3.353047598535429774e+00
2.580836976883000844e+00
9.879959839875864791e-01
2.080000000000000071e+00
1.964320533699169591e+00
2.887598855796735808e+00
1.337330409234258832e+00
3.590656609466656768e+00
1.405054871965414121e+00
