7.542290154611924757e-01
1.064925329084598804e+00
9.250202012368096138e-01
1.398315756778501173e+00
1.028282648293970869e+00
7.535299925283693856e-01
8.534205122845881508e-01
9.001963277890090431e-01
9.568805991051123616e-01
9.160657678915203883e-01
8.182278575146580968e-01
7.900274891557390600e-01
7.887781894279572992e-01
8.430587887332697816e-01
7.114348312631882942e-01
1.034198414845180380e+00
8.380280799760591037e-01
9.820347622573092350e-01
9.024441747426082960e-01
7.019258975328372951e-01
7.571127097414767082e-01
8.067937192491065890e-01
8.161881027908421959e-01
7.711716376421660080e-01
9.943997975357612429e-01
8.069868551896364206e-01
7.401148448987074913e-01
7.301364801041517749e-01
9.026230828512893378e-01
7.721822441380234991e-01
6.914189955902790841e-01
7.635703918811870272e-01
7.639301848368615921e-01
7.260709059648129404e-01
1.089302344815650248e+00
7.461853193164738052e-01
5.565911077711072075e-01
8.366507403674020571e-01
5.808495369470308978e-01
7.996516601013029524e-01
6.094244596895690425e-01
8.515614855051412135e-01
7.906616987421252185e-01
5.627059415959916322e-01
8.778524278755420740e-01
7.381936216427430475e-01
4.085004251407433618e-01
9.519621388898895642e-01
7.356089750232123192e-01
6.864684251756220101e-01
8.527630011944635768e-01
9.250398559624541939e-01
8.226731645610667609e-01
7.839855267693728313e-01
9.403698536499278671e-01
1.119439092588949469e+00
9.138561691774137463e-01
1.660160193579934162e+00
8.870646301854530069e-01
8.755112253506045494e-01
8.913624694241341073e-01
1.115134301420988905e+00
7.665433202697198301e-01
1.067276204987479105e+00
7.057926619632087784e-01
1.136612116745796319e+00
7.654263283219833180e-01
7.819073085036983839e-01
5.196969627922937152e-01
6.601206880684979961e-01
7.386635207970149164e-01
4.860209098035037090e-01
9.381688064696408480e-01
1.144540734625835832e+00
8.217853382342409363e-01
6.973305891772482168e-01
9.853859184837701068e-01
7.970868533983076487e-01
8.778631741473005290e-01
9.506959965475645369e-01
6.026924373141671065e-01
7.882102842268684517e-01
1.126065409217756219e+00
6.586601356901934379e-01
1.244200874515195565e+00
1.106301565654650654e+00
7.321693762359499091e-01
8.437248216320945016e-01
9.220079117046930950e-01
8.130742563970143610e-01
9.757441215183857430e-01
8.746920511646629759e-01
1.066058679708389967e+00
9.898164812887099151e-01
8.554886334468141396e-01
7.241135359289647688e-01
8.504004975045876824e-01
8.811442075057599466e-01
1.229644641732948740e+00
7.554770915857758062e-01
6.196921181609825746e-01
5.647989408033506908e-01
8.542684135125401257e-01
6.696172451586607233e-01
8.726981635504436063e-01
1.076541263046859376e+00
6.452048292198322432e-01
4.835948854176644329e-01
1.115323876646359347e+00
1.097504013952333768e+00
1.042526560848179740e+00
8.712594398710553634e-01
9.877406651464033516e-01
9.922276707335176971e-01
9.233147947826947366e-01
1.072016050693003208e+00
1.007702882290735680e+00
1.090527749072668140e+00
9.554207636360112499e-01
1.003526217044678370e+00
1.200406097001477157e+00
1.088904316683026341e+00
1.486403205862508292e+00
1.121983042298452693e+00
1.769089578269547491e+00
1.218318970595980266e+00
9.816233539551957321e-01
1.193744960581190728e+00
1.134664861500357169e+00
7.338876389785895515e-01
1.035593530582671340e+00
9.353244205646950027e-01
9.157037114797690336e-01
1.062237789085599848e+00
1.111587209585338076e+00
9.199338211820439204e-01
7.605597946999358427e-01
7.324313344526840464e-01
5.279360330929454559e-01
9.183610523503367151e-01
9.031857238667877485e-01
4.936723608697866639e-01
7.350288392566450835e-01
6.864055037651675129e-01
5.940685215524404983e-01
7.826035350826183734e-01
4.900986042256395558e-01
7.692652544989329044e-01
8.331071179921890613e-01
8.272298155059242264e-01
8.289244665166345394e-01
7.368300359807853361e-01
7.281115942071254565e-01
7.375708847862439965e-01
7.769218859656378262e-01
8.323184713637236110e-01
8.105827730954815458e-01
8.993624102508489537e-01
6.553659196713078616e-01
4.437745156461712082e-01
8.978468778689210339e-01
9.630646306800243472e-01
5.752135913764422348e-01
9.003575734784183826e-01
8.711269981926532679e-01
7.321339340208449231e-01
7.099142593485834318e-01
5.156271891862573842e-01
9.096187114395390960e-01
6.523926677623471670e-01
6.139132907372946146e-01
8.077527224973970466e-01
9.737171799539280359e-01
1.013869035921528328e+00
9.804057984935399261e-01
9.104217824267913928e-01
9.136158958334945623e-01
1.099074979142143693e+00
1.146906249414915147e+00
9.591645899013159227e-01
9.190438950838122345e-01
9.690820274179225979e-01
1.031810686912391084e+00
7.567354492986188008e-01
1.049486902509775499e+00
8.106494854953274487e-01
7.920634399268088321e-01
1.191053288774355234e+00
1.002959209618067504e+00
9.175041047886557388e-01
9.802648329013062822e-01
8.604127911439967136e-01
1.352594165629508849e+00
1.366060794548946689e+00
1.307765468213314408e+00
9.588612838190464505e-01
8.296869574029132055e-01
1.015421063240771415e+00
9.605508769648262168e-01
1.120123047332793442e+00
1.134585214607293446e+00
1.039867418871569527e+00
1.124876813374448892e+00
9.341859972725324868e-01
9.299956716344718322e-01
9.577249274986369132e-01
8.612014961415599412e-01
9.297279646984092372e-01
9.376934750942622632e-01
1.015433683533645048e+00
1.252548166542962749e+00
8.169328010622638470e-01
6.895228182801177441e-01
8.514559236910285156e-01
1.066875677812205492e+00
1.003918919471107118e+00
6.643952541041553417e-01
7.494792372504209821e-01
7.628329741396431274e-01
6.641362737507655600e-01
6.484895801308250274e-01
8.479299221932600217e-01
6.726138428722076013e-01
9.434272592498174070e-01
7.947694333129422528e-01
7.373671439580421483e-01
7.957177169486978618e-01
7.113279588153538224e-01
9.408059267413748650e-01
6.487868880203286892e-01
6.244192556213694623e-01
7.883819854258115045e-01
7.401503848788720807e-01
8.046538999879261356e-01
7.512088137542238808e-01
6.409866809585146319e-01
6.446436026128351537e-01
8.726932641680481550e-01
7.751554491686916126e-01
8.572580789874508778e-01
7.835300885276924587e-01
7.289215782510464203e-01
6.594492035987969958e-01
7.270754834958002011e-01
8.417424999946626629e-01
7.053701937825715973e-01
7.833400275910981092e-01
6.638133716384863048e-01
4.947669544506384520e-01
7.905528695813685003e-01
7.179992835362930537e-01
7.225278190558648284e-01
8.375200168110271681e-01
8.404388822916749602e-01
4.594289879667419196e-01
5.278556663185277609e-01
5.179057900014466531e-01
7.104067948659996690e-01
8.571778922708329640e-01
6.775593649730125012e-01
7.326148329441030116e-01
8.341854880019133889e-01
5.511664562974981640e-01
7.320224820421866729e-01
6.172187172377103792e-01
9.106619300752721857e-01
7.517642830825002065e-01
7.502386769674237454e-01
8.245867491638918523e-01
7.148134971850486075e-01
7.844542153634083137e-01
7.218610443413339128e-01
8.145824025428878290e-01
5.895792735729765699e-01
6.809301013386479529e-01
6.861688341682946612e-01
5.070506768767610861e-01
9.311775398392375669e-01
7.619103072606633331e-01
6.768297658058142208e-01
8.262729613857981992e-01
9.799886346099260237e-01
7.209966226997094330e-01
7.473705710583581352e-01
8.146254812555779878e-01
5.907885621179023161e-01
7.972895426231790816e-01
