7.731964707917652335e-01
7.841265475773289140e-01
1.036795855087764506e+00
1.186410152905741366e+00
5.785843243890645970e-01
9.110289975291994136e-01
1.229420714802180736e+00
1.946973158321984698e+00
1.306782946596106054e+00
1.030550096924585102e+00
1.042473817054291096e+00
1.125372061765580023e+00
8.629082698628860459e-01
6.850461112614391057e-01
7.795841780041076197e-01
5.560144255721212181e-01
4.468556067656465625e-01
6.924274618179236951e-01
1.000173000403667523e+00
2.161458171607528733e+00
7.080418572258719845e-01
1.309905825677695868e+00
1.806301650601287223e+00
5.682220438001535090e-01
1.143257641960139015e+00
6.675863782143697245e-01
1.043893307545922688e+00
6.563724033304795258e-01
9.283467815271055912e-01
1.183145324774988572e+00
3.941925095261119560e-01
1.454551906774961934e+00
