-8.784932848778238679e+01
-2.638048602665588760e+02
-1.220169057391657077e+02
-2.996515946592264186e+02
-1.521649748133309288e+02
-1.518319818760410556e+02
-1.031037064980986315e+02
-1.225857082087785841e+02
-1.405177610709469036e+02
-1.435953903900825424e+02
-9.009900177120211140e+01
-1.259998666859201819e+02
-9.681500924053992208e+01
-1.605695693766753891e+02
-1.046509487951886399e+02
-1.976787597546081372e+02
-9.922621795125128585e+01
-1.228584607651782079e+02
-2.080330945046802356e+02
-8.071060903993458169e+01
-7.747807674048917193e+01
-8.920391324697857272e+01
-1.272264060403596773e+02
-9.375771562530943015e+01
-1.272457350864652881e+02
-9.189518525106666402e+01
-1.037608672254040698e+02
-7.993818642061981450e+01
-1.226930706796988915e+02
-8.850568177805297410e+01
-5.476824590826986423e+02
-7.617006171548817406e+01
-1.305775792190040931e+02
-7.318524568461977253e+01
-2.941203235191312046e+02
-1.212327476121461984e+02
-1.246744822782781625e+02
-1.095104926951415791e+02
-1.282845671890795813e+02
-1.267290354401272339e+02
-1.009555192557684222e+02
-1.762300230108816663e+02
-1.128826615410979173e+02
-1.897037429006578293e+02
-1.014841863193526450e+02
-1.325418840272191403e+02
-2.570905145347458642e+02
-1.937921834804638479e+02
-7.428302569544241862e+01
-8.506417004608223920e+01
-9.512648359593342207e+01
-1.187741186401260052e+02
-9.129698275494735071e+01
-9.174953027884440360e+01
-1.324469796618895145e+02
-2.689339242621261405e+02
-1.106102765149503853e+02
-1.026252628017231700e+03
-1.040821115952098666e+02
-1.178646411292786809e+02
-1.147795038263778622e+02
-3.559680581049858574e+02
-7.484208175562272913e+01
-1.715071547294207619e+02
-1.261386254987220354e+02
-1.895001980929380636e+02
-1.390113253871738266e+02
-3.075540567450688059e+02
-2.167343327171440421e+02
-2.346395608175491532e+02
-1.149610506068311793e+02
-1.967560986863307733e+02
-5.727057089536858712e+02
-2.281534591536350831e+02
-9.444532258768502686e+01
-7.480229151850204516e+01
-1.537236708998831887e+02
-1.574191215660600278e+02
-1.031990189271531335e+02
-1.158568442448917892e+02
-1.642706422696747666e+02
-9.494678524336109149e+01
-1.604424686526217840e+02
-7.830505525987672399e+01
-2.157998624065521369e+02
-2.763678044724724145e+02
-1.422747901440310443e+02
-9.512614677048367184e+01
-1.298621969587244678e+02
-9.584672791004891224e+01
-1.298027517143791272e+02
-9.564093399706980847e+01
-1.842451221134687103e+02
-1.635470661422919818e+02
-9.817898170334471786e+01
-8.539189557985962153e+01
-1.219205032542527647e+02
-1.466907675133655573e+02
-5.223677157984839141e+02
-1.213454485231746673e+02
-3.968141356535116984e+02
-7.960214382207942663e+01
-1.186725567353400379e+02
-1.052999797043517844e+02
-1.510692745580089706e+02
-2.661914526766662448e+02
-7.623042451732523261e+01
-1.215625775694441018e+03
-2.141672595310484155e+02
-1.626955949395826337e+02
-2.036663285899539346e+02
-1.121441231471777655e+02
-1.433622052593680394e+02
-1.206644003704003723e+02
-2.035964109477176578e+02
-2.448525566268387763e+02
-1.798106661097018559e+02
-2.728773441226580871e+02
-1.281034981638699435e+02
-2.025811226085635042e+02
-2.013302690029180155e+02
-2.157310275982439123e+02
-6.928382928295408192e+02
-1.813133816491067876e+02
-7.759719086939467161e+02
-4.051193674425738891e+02
-1.379509004365630176e+02
-2.106403077257689063e+02
-2.548922411971006738e+02
-1.343113731245246925e+02
-1.385824802687802446e+02
-1.091192247171101997e+02
-1.252614847737332298e+02
-1.521761176061944241e+02
-1.727074213882218316e+02
-1.113531457162655727e+02
-8.104090725428838482e+01
-1.448201498263992733e+02
-1.757631888693222493e+02
-1.604660742253925889e+02
-1.041734014854235113e+02
-1.132729328582645110e+02
-9.409623740012003168e+01
-3.812928665697324391e+02
-1.320190404514292197e+02
-9.624490390998130351e+01
-2.994474114321675415e+02
-9.752096343961865443e+01
-1.573413057810471116e+02
-1.489021537869379017e+02
-1.124491031641850327e+02
-1.743087233291281564e+02
-1.866701912878728251e+02
-2.049467911995697307e+02
-1.430601179502717457e+02
-1.077330079408861536e+02
-1.173862460493451749e+02
-1.450488475775370318e+02
-8.302034798457690101e+01
-8.480027086291802618e+01
-1.221224398125416144e+02
-1.451399012699455682e+02
-1.730109333899986837e+02
-1.458949407723183356e+02
-9.918704754804736012e+01
-1.996201047900330252e+02
-1.209988279666297331e+02
-1.755335377256743357e+02
-1.570993637510899532e+02
-8.266123939409760624e+01
-1.230469431021353586e+02
-9.381774583833990278e+01
-1.499398174916046571e+02
-2.199944031121128205e+02
-1.341891335371439880e+02
-1.117138110489495091e+02
-1.075249077730397858e+02
-1.804223234000573370e+02
-2.010685276859263979e+02
-1.413104516180263772e+02
-1.170428639279100196e+02
-1.331460423608253336e+02
-1.276679203027819227e+02
-7.760305111770850317e+01
-2.862684540291743360e+02
-2.358991133165776830e+02
-8.217588546591619547e+01
-4.293116212545575650e+02
-6.182222362691135231e+02
-1.619694951513056651e+02
-5.973239779053757275e+02
-1.713793840680958169e+02
-3.062837777643103436e+02
-2.678806949127193775e+02
-2.966161285914827204e+02
-1.521177707537257220e+02
-1.061841639535240915e+02
-1.923208112558448022e+02
-3.009722346049118187e+02
-1.827313051615932125e+02
-3.007848053086040068e+02
-1.639865011195065279e+02
-2.281628737216128968e+02
-1.099742758682739350e+02
-1.092886758933493638e+02
-1.335228047501482251e+02
-1.093534803685615344e+02
-1.027754405547138674e+02
-1.219032751793456129e+02
-1.528295684610484670e+02
-3.093017664555476358e+02
-9.561222911499269230e+02
-9.047384375782002053e+01
-1.510043898176237747e+02
-1.920328682440602961e+02
-1.461307216097565913e+02
-7.446853207845424549e+01
-9.114424163362372155e+01
-1.094886249181190578e+02
-9.457509863655278082e+01
-7.119146962994688010e+01
-1.029914485865523659e+02
-1.115752482408909714e+02
-1.267927051255436197e+02
-1.015429064552230329e+02
-8.992017411292096085e+01
-8.539779050576453301e+01
-7.788323108332244260e+01
-1.227994404611202981e+02
-1.142999944343202117e+02
-9.327476300146298627e+01
-1.744454216916805649e+02
-9.748346026389047836e+01
-9.253040344133863471e+01
-8.636747141660998750e+01
-9.468624323038518753e+01
-7.208457500176309907e+01
-1.116397859753666495e+02
-1.206386155942568053e+02
-9.713255685681994578e+01
-1.191233715008322918e+02
-8.013717713895900374e+01
-7.778091989412588703e+01
-1.144182275559777224e+02
-1.112629239861646369e+02
-1.265622082480550290e+02
-1.032797266524309521e+02
-9.223853388344164728e+01
-1.479137310407494965e+02
-1.193377758001833655e+02
-1.410385663907104856e+02
-7.608702518889404587e+01
-9.135527149112914458e+01
-1.811526170800419777e+02
-7.746852853305099984e+01
-6.237285570610331575e+01
-1.139051959454924940e+02
-8.113642332910259825e+01
-1.317303998403180572e+02
-6.938786965948139596e+01
-9.515814036489834393e+01
-9.752373426891438157e+01
-9.616154712124861703e+01
-8.820429741516949207e+01
-9.042069277645347825e+01
-1.121977847652811420e+02
-1.019014076475549757e+02
-8.095135557672780635e+01
-9.856721252943211198e+01
-9.329015515104946132e+01
-1.169441638459599631e+02
-1.014297975950385933e+02
-1.000302418069239820e+02
-1.058660614997273370e+02
-8.153976514629505346e+01
-1.283468660493023492e+02
-1.093138826019521161e+02
-1.291050963287217144e+02
-1.211195176430213962e+02
-8.065872370500125044e+01
-1.283376596207617126e+02
-1.900733589276120767e+02
-1.265423478596953544e+02
-8.709601879649665079e+01
-1.174640153728606720e+02
-8.118600036585824853e+01
-1.002787275250532844e+02
