6.515667574931880424e-01
9.468970565077545753e-01
7.722392638036811308e-01
9.265434691306173587e-01
6.517709671499358759e-01
8.039790167876881277e-01
4.626744877876032280e-01
4.883015098750252969e-01
8.000885285315185724e-01
8.349063547526777151e-01
8.065288281412613669e-01
8.732684131120559412e-01
8.696773972253002416e-01
6.225921540094374595e-01
7.194393382352941568e-01
7.787312395775430884e-01
6.627795143063236472e-01
5.636780619089023503e-01
7.099417983133389232e-01
7.887215522291428638e-01
9.104960272615052475e-01
7.451040019462351616e-01
8.270027984318270020e-01
8.481630096965627752e-01
7.789982717362403664e-01
7.295081967213115082e-01
6.696718594630427512e-01
6.742038216560508612e-01
7.264141043131492337e-01
8.184939009200299376e-01
7.432525475075737464e-01
8.157087080670538670e-01
6.856177012907190838e-01
9.276637007395469592e-01
8.235932475884244486e-01
5.770384510499045883e-01
5.959742685204397761e-01
4.729766523693713642e-01
6.489361702127659504e-01
5.922292993630572377e-01
9.061914282144195587e-01
7.662683642579659615e-01
9.707878925886931354e-01
8.341187558906690835e-01
7.904250122129945488e-01
6.443965517241377894e-01
6.659733777038270297e-01
7.696791341267498199e-01
6.155126498002663205e-01
7.190428211586902263e-01
7.669202770352072651e-01
9.050060016025986975e-01
8.342719058625761575e-01
8.051710397146547571e-01
8.260788453795850916e-01
9.091526456033498516e-01
6.447388038610135652e-01
8.023851814260339887e-01
8.372845728298147217e-01
6.855465772221374099e-01
9.023906812221748064e-01
8.167518469419428051e-01
6.214666120442441377e-01
6.202146813567472883e-01
5.860839714813835810e-01
9.048991354466858761e-01
5.973756906077348772e-01
9.300162015988342468e-01
5.252689517137854036e-01
5.929871651836489121e-01
5.414041203369845956e-01
7.532815888597192977e-01
7.962613616875320321e-01
6.004842615012105922e-01
9.786179265868205635e-01
9.857396900700720055e-01
9.676661302728085667e-01
9.904563284359050312e-01
8.758447217603910762e-01
7.248127978216475364e-01
8.172345492438358727e-01
9.810647714456195434e-01
7.051115379688464024e-01
8.605406239795871937e-01
6.143253876417495984e-01
8.062675706962129096e-01
6.982596685082872456e-01
9.026560818866328217e-01
8.068144838749345960e-01
8.079720797343062921e-01
7.081172933641235456e-01
6.905802910926255311e-01
9.103896348231811375e-01
7.514471999471540320e-01
6.363825363825365011e-01
9.376018447348193341e-01
6.848314606741573440e-01
5.905277874868926080e-01
5.956632009949306417e-01
6.932031250000000311e-01
7.606901725431357564e-01
7.749884761880997397e-01
8.203716661178794833e-01
5.885286783042394942e-01
7.499249699879952935e-01
5.705661389857794585e-01
7.124588095672309551e-01
7.630993314911361791e-01
9.144092219020173440e-01
8.137862935883257709e-01
7.658125357210897599e-01
8.429223489336311603e-01
6.286920840981806702e-01
7.324008498583568505e-01
7.367387853980452705e-01
7.322932917316694601e-01
6.318024762453210430e-01
8.335356140483956011e-01
8.821945461877999106e-01
7.819579288025890751e-01
9.292812099041795060e-01
9.358705098493627084e-01
8.631774235670943707e-01
8.901946902654866989e-01
8.254413357975909360e-01
8.882598804296069073e-01
6.828473692783840754e-01
5.645438898450946263e-01
9.481644899399929161e-01
8.917070477826166686e-01
8.752983293556085842e-01
6.944444444444445308e-01
8.438361087815980932e-01
7.354709418837674928e-01
7.616033031014662891e-01
6.397379912663755386e-01
7.398340248962654853e-01
6.447592067988668907e-01
9.473732796062080963e-01
9.602682495153930242e-01
9.114283428907267171e-01
6.806104299661738244e-01
6.679025423728814914e-01
6.056698829901641101e-01
7.707811510662021526e-01
7.491185032758661544e-01
4.608714209250187599e-01
5.923434442270059108e-01
5.984022696729879298e-01
6.819529760643930905e-01
7.082514734774066900e-01
5.030711313651673455e-01
5.770384510499045883e-01
6.779789599708641035e-01
5.567920184190330302e-01
6.520852749301025986e-01
4.653905565815147360e-01
4.037703319650111644e-01
6.012566457225713146e-01
4.689120689824948229e-01
4.909321794497963909e-01
7.960462066463908082e-01
7.858683698555520847e-01
6.235332464146023934e-01
8.010050251256281006e-01
6.099347353154460638e-01
5.657894736842105088e-01
7.612338156892612950e-01
2.050230650948232092e-01
7.841003382906747143e-01
6.743641912512715608e-01
5.516875398004670306e-01
4.316404467989719551e-01
6.365638766519823299e-01
6.645733523242263185e-01
5.102739726027396561e-01
3.991298743151788231e-01
6.558093462300431664e-01
6.655157050568054622e-01
6.985702938840349097e-01
5.913312693498451456e-01
4.980892787621180040e-01
6.480191554201132353e-01
5.579196217494090115e-01
7.499726477024071247e-01
6.517150395778362748e-01
5.315096952908586747e-01
3.785050080238284154e-01
3.081242980157242739e-01
