1.507056978567694605e+00
4.996588994887939950e-01
1.206554121151935943e+00
5.093150809120166045e-01
1.861889342531324543e+00
2.628377831829207256e+00
5.392565369470001535e+00
2.847104649504167639e+00
1.035826861795494658e+00
9.190027765582864383e-01
1.228482945503032386e+00
9.850793152190986390e-01
1.465517107705937239e+00
1.949634096086545920e+00
1.311721494730117898e+00
1.661788980593352782e+00
1.310538726646109042e+00
2.136411205466225205e+00
1.832357369918018453e+00
9.379333271744051403e-01
2.788214401649831142e+00
1.316545588115256127e+00
3.459358349106327890e-01
1.444470917291439838e+00
3.464577511359515860e+00
1.483146067415730407e+00
4.514155612749951807e+00
3.177609825224375406e+00
1.803236058942502495e+00
2.548409430602168069e+00
2.365724872626215891e+00
3.936621143748437746e+00
2.584491259524877460e+00
4.551012896766976290e+00
1.726514079351910480e+00
2.087901701323251480e+00
2.424094707520892289e+00
4.604622591994471215e+00
1.524590163934426590e+00
2.023876102387610842e+00
2.854631321314075043e-01
1.365359970656893296e+00
3.328301745822997981e-01
5.785310734463279259e-01
8.355995055624227952e-01
1.839464882943144808e+00
3.328544659587757248e+00
6.968732617574873167e-01
5.300162249864790454e+00
2.001050935332445491e+00
2.535980614246843956e+00
2.671176026653667712e+00
2.877414804926579528e+00
1.888606987908725721e+00
4.885336486250596799e+00
5.474695437508164453e+00
1.771339358625644733e+00
1.761305420277022193e+00
1.859661008449808195e+00
1.737462470810631432e+00
6.358936234920419261e-01
2.289335645329757085e+00
2.067237969676994691e+00
2.079715124607953936e+00
2.033115566569047683e+00
6.815286624203820143e-01
3.247398843930634715e+00
3.265397636253037472e+00
3.149559418909263275e+00
3.225946758587916463e+00
4.464680657075440706e+00
1.300174255625426101e+00
1.674779237561921930e+00
2.217741935483871885e+00
4.954484278408462394e+00
4.589208517505356105e-02
9.135574432924861710e-02
4.146241158085210710e-02
8.718679576647857532e-01
1.691242075604601380e+00
2.211779486372411174e+00
2.117289382507614726e-01
3.066824340254378001e+00
9.195899922830146345e-01
1.921454134488604026e+00
1.033945236386011546e+00
4.334414685287020674e+00
2.167872108536335496e+00
1.317572752125746982e+00
1.546022359692778236e+00
5.071252768889983109e+00
2.373759976141163630e+00
2.583062382894301567e+00
3.964399362779694957e+00
1.835347925514536849e+00
2.976635897099571881e+00
1.896636587366693938e+00
4.475584492453388741e+00
3.355940160665979999e+00
1.595965287952214151e+00
3.317554240631163776e+00
3.095957919311548068e+00
3.509990342042220046e+00
4.872881355932201508e+00
1.020610305152575892e+00
2.212320714789560494e+00
2.176440510108385684e+00
1.624074919739903367e+00
4.595020485345099881e-01
2.009309756988987061e+00
1.380745071210896402e+00
2.585728114897096308e+00
4.037615121999591494e+00
5.070927815113862813e+00
2.068201145189636492e+00
2.304218150830847023e+00
2.737267859177395568e+00
8.048869272421170784e-01
9.493858517876253567e-01
1.242110708742886205e+00
3.620540238833155899e-01
1.002940607467595280e+00
6.386459610399628506e-01
1.054079847303960538e+00
1.063773934527486142e+00
4.879385311811303971e-01
1.660782442748091725e+00
3.225609756097560510e+00
1.474415055004374142e-01
3.937747205503008274e-01
4.921608725289707831e-01
1.199999999999999734e+00
4.430325832327679514e-01
1.307901907356948001e+00
1.011513659573389567e+00
1.877133105802048174e+00
1.214806505888951449e+00
2.537785588752196730e+00
2.658178047465312721e-01
2.758378574921324766e+00
4.953686013010125677e-01
1.566856033829350459e+00
3.149088025376684197e+00
2.054223134181115906e+00
1.687628350706183111e+00
1.004573261828365371e+00
3.485296066391947001e+00
4.212678092091677762e+00
3.314909544603866998e+00
2.572138530827768665e+00
1.685159500693481416e+00
4.549822764868060254e+00
2.087901701323251036e+00
1.670047125323743886e+00
2.532736044107511741e+00
2.926395712371594016e+00
4.021875623145435341e+00
5.713204489486047422e+00
3.014469453376206420e+00
6.325713079936010175e+00
4.943061435878423282e+00
3.439404826583009722e+00
2.962207053720653960e+00
1.921066387872451431e+00
2.981179422835633641e+00
3.158839614790155181e+00
2.837209302325581550e+00
2.708854427213606808e+00
1.104499999999999993e+01
1.710488827384101462e+00
1.419369437320862959e+00
3.151981531358214905e+00
4.504665101286308371e+00
1.816608996539792686e+00
2.401266439357038429e+00
4.536912751677853350e+00
5.155026241421074573e+00
2.846823633940470444e+00
1.385941422594142436e+00
3.308129619101763286e+00
5.528795811518325110e+00
3.467558272363923777e+00
4.032583137386629879e+00
2.449152542372881047e+00
2.798387979138552861e+00
3.497975708502025771e+00
3.285342019543973091e+00
6.391325094825082154e+00
7.620899149453226329e+00
