7.259043106250354649e-01
1.115004521663802040e+00
8.635611559691552808e-01
1.282094694051356454e+00
8.069522486532135774e-01
6.345192399460305444e-01
6.967771688510185912e-01
6.680569285061954687e-01
8.275847127805413539e-01
8.356815743940008145e-01
9.451250419331341801e-01
9.845630395752563713e-01
8.418840869254311521e-01
7.014863478623809545e-01
8.547665591610164038e-01
8.200037349303678225e-01
8.617888774969776344e-01
6.413961298552504076e-01
8.051167945392645464e-01
8.182168131266700506e-01
6.733206730318271882e-01
8.488157260451286712e-01
7.607639734456576042e-01
7.943535760847968419e-01
7.169419743379017440e-01
8.736707254241858900e-01
5.634400634489283854e-01
7.395462709960836101e-01
9.511949306957109274e-01
6.991401275130876281e-01
9.228832516872376157e-01
7.288240610015980225e-01
7.037064750284505177e-01
5.339077959597360312e-01
9.875621375061227614e-01
7.354363712375101558e-01
8.501442884102372588e-01
6.326293522762608257e-01
7.985199364114047293e-01
7.311644430186994281e-01
1.000429457083565232e+00
8.042896740689838841e-01
1.330449066552008341e+00
9.307995991462442165e-01
8.921856655753699350e-01
7.923870919528723800e-01
8.071036943086610238e-01
8.486873081177277456e-01
6.023745726393288091e-01
8.347715696186710499e-01
6.694449499294512496e-01
5.599954559963626899e-01
6.817433224985742779e-01
7.654167795258500773e-01
4.644578502237373674e-01
5.864638042183969446e-01
7.126821131294107659e-01
9.147199850134033472e-01
7.471746287093439243e-01
7.842114219847183820e-01
1.036758902105944902e+00
6.783425388924528843e-01
8.006829140365369080e-01
6.671922957751995620e-01
7.639605354465180964e-01
1.102874038938802759e+00
7.035705708772738154e-01
6.186634046508205920e-01
7.065847568158024616e-01
6.513329772486922131e-01
5.607945851154975125e-01
8.670501727688226801e-01
8.361692017711684910e-01
7.622780441480384583e-01
3.874762189726471684e-01
8.878535581954279943e-01
9.363605140887026890e-01
9.591396383529678937e-01
9.565206819235491098e-01
8.028702100281377430e-01
6.954718983998229298e-01
1.447971078376479870e+00
6.300521939445514752e-01
9.242640589080700630e-01
7.208056135119066399e-01
8.764458218162912706e-01
7.309058356515625299e-01
6.930613301613027799e-01
8.470513834325151814e-01
8.099907580050246247e-01
5.428517354666064776e-01
6.820111403701112351e-01
7.871967424645202049e-01
5.635195191291573202e-01
7.636987109221251568e-01
5.993271235270878350e-01
8.529867938034437769e-01
6.350980908141690140e-01
5.963136139717378770e-01
7.955792541477731961e-01
6.401765703581779876e-01
6.055158638202154942e-01
7.200623840371456197e-01
6.808656828028603059e-01
8.818441582412841484e-01
8.029191393029101453e-01
7.346853163027585731e-01
7.645040045762390157e-01
1.080029211917866938e+00
7.434133534497670004e-01
9.947109242403269214e-01
6.657090995159417046e-01
6.000121330455028268e-01
5.413331885546048827e-01
8.878910869888601010e-01
8.176030031851370117e-01
7.660791114719686101e-01
1.006710479569483896e+00
9.613142190781409635e-01
9.174744161082981631e-01
1.103676664995030254e+00
1.137678436083811473e+00
8.859003910812665028e-01
1.090161904953743433e+00
1.029415472289586297e+00
9.872765029776640056e-01
8.158423899045502692e-01
8.052998916859442913e-01
9.879124662484141117e-01
9.746690610303551106e-01
1.051558645166728478e+00
8.321975387473450336e-01
9.099736642062176140e-01
8.200932886405042366e-01
8.107735835471961972e-01
8.394861128592704391e-01
8.391033185997859301e-01
7.187463032519432193e-01
1.093508447806537109e+00
6.088566965101626094e-01
9.852566938897162618e-01
7.204044252749480792e-01
7.017921693904402014e-01
6.964765046565301043e-01
7.823036305254207345e-01
8.064052470672603556e-01
6.841447929272234108e-01
6.637901600981991335e-01
6.354222291936425515e-01
7.884809800295797810e-01
8.270282237076863607e-01
6.671443231142699659e-01
7.145678884949946408e-01
7.274168272565750826e-01
7.564870887149174328e-01
7.344552969127609021e-01
6.414402394449796319e-01
6.649140833882960511e-01
7.749180063231583260e-01
6.114990906231564383e-01
6.432877626530326687e-01
7.021183029393655017e-01
6.155337814653798478e-01
7.650681185134194928e-01
6.961709252945942339e-01
6.225562813846144961e-01
6.453030441965036390e-01
9.098822178422398821e-01
4.967215611261243113e-01
8.593061836737612147e-01
7.547660381357482740e-01
7.378598767549836568e-01
6.711592694185378738e-01
7.364174903245584991e-01
7.557725297834422262e-01
5.855527686036187118e-01
6.062145758577675014e-01
7.576933382512603954e-01
8.250298088742394897e-01
6.823838749386756941e-01
6.118105103902659048e-01
7.651034544371192458e-01
7.652222047038286235e-01
6.772200397445145015e-01
7.758525830458122829e-01
7.052514834356692353e-01
7.149925149325515594e-01
6.218548471613580819e-01
5.863340492486263100e-01
