2.818181818181818343e+00
8.727272727272726627e+00
4.090909090909090828e+00
6.424242424242423866e+00
3.484848484848484862e+00
1.060606060606060552e+01
4.545454545454545858e+00
2.696969696969696795e+00
4.030303030303030276e+00
4.242424242424242209e+00
5.121212121212121104e+00
6.787878787878788067e+00
9.242424242424242209e+00
3.212121212121211933e+00
3.363636363636363757e+00
5.848484848484848619e+00
2.575757575757575690e+00
2.727272727272727071e+00
4.484848484848484418e+00
3.363636363636363757e+00
2.836363636363636331e+01
3.848484848484848619e+00
1.727272727272727293e+00
7.969696969696969724e+00
1.221212121212121282e+01
4.000000000000000000e+00
9.151515151515152269e+00
6.575757575757576134e+00
4.787878787878788067e+00
1.145454545454545503e+01
6.848484848484848619e+00
1.742424242424242564e+01
5.636363636363636687e+00
5.836363636363636687e+01
8.060606060606060552e+00
2.848484848484848619e+00
3.575757575757575690e+00
4.121212121212121104e+00
2.818181818181818343e+00
2.939393939393939448e+00
2.757575757575757791e+00
4.484848484848484418e+00
1.024242424242424221e+01
2.909090909090909172e+00
3.151515151515151381e+00
3.333333333333333481e+00
6.636363636363636687e+00
2.969696969696969724e+00
8.484848484848484418e+00
5.121212121212121104e+00
8.545454545454544970e+00
2.381818181818181657e+01
1.448484848484848442e+01
7.818181818181818343e+00
2.296969696969696884e+01
5.478787878787878896e+01
3.212121212121211933e+00
7.151515151515151381e+00
9.272727272727273373e+00
3.787878787878788067e+00
5.878787878787878896e+00
1.009090909090909172e+01
3.393939393939394034e+00
3.424242424242424310e+00
2.878787878787878896e+00
6.484848484848484418e+00
4.818181818181818343e+00
4.339393939393939092e+01
3.484848484848484862e+00
4.727272727272727515e+00
5.303030303030302761e+00
3.969696969696969724e+00
6.545454545454545858e+00
3.333333333333333481e+00
2.267575757575757507e+02
3.121212121212121104e+00
3.212121212121211933e+00
4.303030303030302761e+00
6.090909090909090828e+00
4.454545454545454142e+00
9.878787878787878896e+00
1.093939393939393945e+01
7.303030303030302761e+00
5.545454545454545858e+00
3.060606060606060552e+00
4.303030303030302761e+00
1.003030303030303116e+01
1.900000000000000000e+01
5.484848484848484418e+00
6.484848484848484418e+00
1.230303030303030276e+01
5.393939393939393590e+00
2.624242424242424221e+01
1.193939393939393945e+01
3.212121212121211933e+00
4.472727272727272663e+01
4.121212121212121104e+00
6.454545454545454142e+00
4.939393939393939448e+00
3.606060606060605966e+00
1.054545454545454497e+01
1.072727272727272663e+01
1.603030303030303116e+01
6.969696969696969724e+00
3.060606060606060552e+00
2.939393939393939448e+00
5.484848484848484418e+00
5.242424242424242209e+00
4.909090909090909172e+00
8.454545454545455030e+00
4.515151515151515582e+00
1.378787878787878718e+01
6.818181818181818343e+00
1.387878787878787890e+01
5.787878787878788067e+00
6.303030303030302761e+00
4.696969696969697239e+00
4.030303030303030276e+00
6.848484848484848619e+00
4.454545454545454142e+00
4.757575757575757791e+00
1.463636363636363669e+01
3.545454545454545414e+00
8.545454545454544970e+00
5.030303030303030276e+00
3.878787878787878896e+00
3.575757575757575690e+00
4.181818181818181657e+00
2.696969696969696795e+00
3.242424242424242209e+00
3.454545454545454586e+00
2.727272727272727071e+00
2.393939393939394034e+00
3.636363636363636243e+00
3.303030303030303205e+00
3.333333333333333481e+00
3.454545454545454586e+00
4.606060606060606410e+00
4.848484848484848619e+00
6.666666666666667140e+01
5.242424242424242209e+00
3.363636363636363757e+00
6.333333333333333037e+00
3.151515151515151381e+00
5.666666666666666963e+00
3.090909090909090828e+00
2.939393939393939448e+00
6.121212121212121104e+00
4.939393939393939448e+00
5.515151515151515582e+00
4.090909090909090828e+00
4.606060606060606410e+00
2.848484848484848619e+00
3.515151515151515138e+00
3.181818181818181657e+00
5.484848484848484418e+00
3.484848484848484862e+00
3.848484848484848619e+00
4.545454545454545858e+00
5.575757575757576134e+00
4.757575757575757791e+00
1.342424242424242387e+01
1.075757575757575779e+01
3.181818181818181657e+00
1.200000000000000000e+01
4.939393939393939448e+00
3.696969696969696795e+00
8.636363636363636687e+00
2.848484848484848619e+00
6.212121212121211933e+00
2.939393939393939448e+00
3.878787878787878896e+00
3.393939393939394034e+00
3.181818181818181657e+00
4.757575757575757791e+00
4.727272727272727515e+00
3.424242424242424310e+00
5.424242424242423866e+00
2.757575757575757791e+00
7.666666666666666963e+00
8.000000000000000000e+00
3.484848484848484862e+00
7.424242424242423866e+00
3.090909090909090828e+00
8.393939393939394478e+00
6.545454545454545858e+00
3.727272727272727071e+00
3.878787878787878896e+00
3.393939393939394034e+00
