1.045302353791775163e+00
7.822155875451977103e-01
8.872016904832451534e-01
9.071680121207658098e-01
3.385909169759819815e+00
1.486214820637432155e+00
5.379997230902947569e-01
8.042219590471846313e-01
1.197675946815705883e+00
8.233996372362517580e-01
1.167800170463773934e+00
1.670318948973565920e+00
8.088751872454754688e-01
6.243845245074133299e-01
1.794873742758563484e+00
1.369904169414021045e+00
6.975750704831487070e-01
2.073988992675479981e+00
4.941207136060393745e-01
9.769485458525800636e-01
1.045604407300633198e+00
6.064473376765153745e-01
9.703798618069126025e-01
6.314554453690963687e-01
9.057577281298910821e-01
1.510803941919519389e+00
6.291442622586206346e-01
1.480848646874761698e+00
5.694964253870615778e-01
6.279332871411925643e-01
9.071848184824586880e-01
9.562700766260471275e-01
9.217073477324017050e-01
5.068837083201049865e-01
1.454667901633557969e+00
2.283547699211563309e+00
7.127416760951138519e-01
9.061667634818936223e-01
1.655287277198285167e+00
7.039616165770107292e-01
6.815781772803323202e-01
9.405239801331077842e-01
7.929460381650407230e-01
1.279502455517606219e+00
1.213876181960010348e+00
7.410733924408271500e-01
5.248529516935036554e-01
7.258355569605383639e-01
6.472155541423431080e-01
1.743054539511360357e+00
7.632001517900945942e-01
1.721842740742570044e+00
2.251714822829872009e+00
8.568501399223578119e-01
8.382544678593373266e-01
1.326455520101395225e+00
7.434168094150864770e-01
1.119439904072101477e+00
9.273685334575990646e-01
1.130953368682489968e+00
1.009328172491939402e+00
8.404309150505671067e-01
1.087811555012237363e+00
9.074283118000623372e-01
7.299439149574503682e-01
1.558009418167411120e+00
1.792086904495771904e+00
2.854426092582028840e+00
1.234814797379891083e+00
1.763534663680705217e+00
6.570891127654595598e-01
2.690884008026525276e+00
2.177683141068891270e+00
2.228870111580910418e+00
2.534434127570310835e+00
9.024501289562421036e-01
1.714777922709696867e+00
8.163856106977742666e-01
7.345895859838421638e-01
1.498512331950359044e+00
7.838240565508955981e-01
1.511316327711465402e+00
8.298770549366533134e-01
6.569212408735872755e-01
1.173830919083587165e+00
1.794377769649671661e+00
5.906939377913028588e-01
2.882233877052697402e+00
1.513733234926336602e+00
1.299880142364603142e+00
1.710081205111662728e+00
2.038754752720176810e+00
3.454396478611902133e+00
7.865729988324365873e-01
1.910207140259945646e+00
2.027553733368899103e+00
7.542369701993109077e-01
1.599369261482185056e+00
1.911380116815803554e+00
1.157299183667864995e+00
6.489781778343693963e-01
1.123553235603813150e+00
1.332734812031954430e+00
6.964717733339526040e-01
2.333462446024624715e+00
1.963342305896355722e+00
5.360242837635640356e-01
2.106900474951916458e+00
9.670855589502351801e-01
1.385479599933702843e+00
1.686541072615372006e+00
1.658938387771863976e+00
2.211239765542344582e+00
1.277967838396111944e+00
1.407308021570163437e+00
1.705285160219647711e+00
3.141330242405079964e+00
1.339214954328556084e+00
7.090852354931026502e-01
1.337256685923466470e+00
7.440888458369649960e-01
2.018664928982278006e+00
1.043155953417022941e+00
1.827060475403037065e+00
1.317666596994543804e+00
5.305450255458861175e-01
6.037861447223620281e-01
4.386809659110896820e-01
2.194055134035796772e+00
9.991397497237943792e-01
3.745906189223258576e+00
8.467371612586613860e-01
2.260237192286799424e+00
1.662684192390647686e+00
1.334774541764969680e+00
1.195684348743059067e+00
9.198126287135739432e-01
6.468348666157662796e-01
3.006545754623354494e+00
1.139104786313819728e+00
7.432304208649743726e-01
5.832423294030427696e-01
8.055130236060943361e-01
1.868299199246987730e+00
1.354202831276314800e+00
6.475543870822366710e-01
2.404671950669445391e+00
9.980339122728386636e-01
8.332073724778197299e-01
1.055370178268353110e+00
9.849440351992531095e-01
8.171975589516686789e-01
7.570013731059463957e-01
1.750031137966763684e+00
2.659776130841704944e+00
1.067165691182594189e+00
1.983043705723167349e+00
1.324182169494596550e+00
1.472922754757185038e+00
1.741217339923981866e+00
7.135061403044165029e-01
2.244081363687055575e+00
6.624035882474137438e-01
7.926643099926390379e-01
1.914771220771242399e+00
1.326464662520381310e+00
2.157164716929098169e+00
9.488169120569023285e-01
3.414724911698453269e+00
1.759570755016744315e+00
1.126075490929443257e+00
8.959910505927971558e-01
7.577898061101140392e-01
5.503820302777834295e-01
2.254783312995524813e+00
1.160408808270977143e+00
1.226689596388867987e+00
5.264895580803410358e-01
9.413733914162779604e-01
9.949133212102283519e-01
1.314994431356277804e+00
1.398074844969907859e+00
2.331726046926623663e+00
6.504789688718352059e-01
1.593165114226598345e+00
1.024729022231714470e+00
1.068164061109603935e+00
1.004679201865112503e+00
3.008315026142528215e+00
2.730881328006529163e+00
9.389281032529779303e-01
8.360100102392531429e-01
1.953315122755924005e+00
7.186432659817661994e-01
8.208065155090882303e-01
7.643401508188246707e-01
8.052175782281485450e-01
1.346803621222466107e+00
1.946513568332351785e+00
1.736926829895262703e+00
2.701867608016467415e+00
1.035114251155080822e+00
9.852009255909500718e-01
1.851387381049132586e+00
8.801580380168618767e-01
5.507627178043603688e-01
2.125507079286140577e+00
7.291825399042962674e-01
1.153017393806357482e+00
1.121657885718563952e+00
1.093183135261683203e+00
6.496824481200317303e-01
4.727971838966094631e-01
1.967033050926571658e+00
1.189860628127579423e+00
2.302564521958140542e+00
1.440914278486689737e+00
6.656287681221075836e-01
1.444621716094371067e+00
1.295364292669726414e+00
1.318089105208057665e+00
6.020111826843933533e-01
1.926092284068572580e+00
5.781437587119416799e-01
6.840419821018722812e-01
5.259379095057429288e-01
6.132517474236017785e-01
3.259460485541715968e+00
1.154454691319748427e+00
8.629347421945261498e-01
7.977628806837399056e-01
5.634404703697949435e-01
8.939521177419914588e-01
1.211317360780990837e+00
6.411427927633837065e-01
7.193660860486713604e-01
8.315522163097395225e-01
1.094788194979781748e+00
7.572198181985592136e-01
6.682955905341693148e-01
5.360844776872043527e-01
1.039657763983984351e+00
8.120154895314868337e-01
1.501312052621148752e+00
1.019969284480507277e+00
7.301117868493225416e-01
6.766980516818442704e-01
9.876422945928889918e-01
5.760004474933385632e-01
9.752625277071600429e-01
1.874056733014129339e+00
8.761739413787413833e-01
6.715545372479111430e-01
1.194642624377104667e+00
6.477070087933010090e-01
7.822574421318810867e-01
5.841113824244288377e-01
7.283424542692623627e-01
5.598676796961696844e-01
6.940681624360530710e-01
6.294800060423655363e-01
2.672945824069073772e+00
2.883273448635806258e+00
4.915967148608592074e-01
2.867996101108412965e+00
1.110204658830599600e+00
9.786760238459567551e-01
1.412315790139910154e+00
7.696592301535393199e-01
1.182471753964719152e+00
1.357885378831468204e+00
5.576792735354288988e-01
1.367178835968303474e+00
2.953398883892828675e+00
3.321654046182236808e+00
8.980139739641199714e-01
1.017916480308494798e+00
1.214737721144836691e+00
7.215150267251828620e-01
1.227369838634684296e+00
7.436265358936423597e-01
6.084953092728290214e-01
1.922885611170028319e+00
1.272926339349499614e+00
1.286329596159057065e+00
5.192058215839533419e-01
5.436917969426773301e-01
1.482947301358980230e+00
1.546764495099616887e+00
8.698442896080846864e-01
4.991855174580925869e-01
5.893207202399105560e-01
1.432529014382633914e+00
1.534686107820300460e+00
2.016967899184512358e+00
2.167398342865713534e+00
1.848175104284412340e+00
1.169666063353262286e+00
1.974980080957578155e+00
9.983278014699000780e-01
7.726777727058259382e-01
1.785223858499370708e+00
1.343662873755544274e+00
2.768897160595202855e+00
1.432464359416400823e+00
2.313832069519718093e+00
7.024424862025884231e-01
5.444281237708404886e-01
9.750857267569447151e-01
3.001271780747752249e+00
2.073251708674457738e+00
2.275208292854143721e+00
1.676627038265173342e+00
1.546217820059819115e+00
1.411774744558020211e+00
2.016384428073998425e+00
2.077264573438912354e+00
1.680944420099399261e+00
1.634260801670693430e+00
1.477177542529865439e+00
1.765924875752579837e+00
6.340718719017006677e-01
2.233358901404385755e+00
1.695925097328363718e+00
1.192135727068380779e+00
1.661991462475559622e+00
3.465313839692170550e+00
1.637397150607049934e+00
1.105914583307009869e+00
1.270610460459806967e+00
1.549899862095922343e+00
1.042817120477129489e+00
1.380656368658420119e+00
1.399434150998114079e+00
1.664958882972716880e+00
1.132534569292888094e+00
1.284287241493804466e+00
2.649051938350277524e+00
1.307362763929508231e+00
1.632807094491222299e+00
2.340348500598009807e+00
1.787865328464632864e+00
1.655960041017188633e+00
1.846737492653256485e+00
2.772465562290657992e+00
1.294613699781629990e+00
2.334156121393418548e+00
1.381177339550119010e+00
1.597450893799942540e+00
1.866384623089099692e+00
1.801231390653346809e+00
1.461561911857860663e+00
9.321524504479575812e-01
2.076810163762702555e+00
1.416944865248895402e+00
2.704170258727101928e+00
1.889546888156357518e+00
1.735970231474621261e+00
1.994244406260801572e+00
2.388650974297926943e+00
3.391117478743075786e+00
2.080659495209139287e+00
8.470190998753494016e-01
1.553231705639195326e+00
2.735723000547737538e+00
1.786663653938653562e+00
3.029047457972193769e+00
1.952074405904472343e+00
3.081834332097632689e+00
1.418756893726346613e+00
3.378727231433102496e+00
2.833676469481612337e+00
1.157822374729872816e+00
2.005422684929733634e+00
1.614688488805214650e+00
1.099801046771492707e+00
1.964549143699445999e+00
1.901791241836197743e+00
2.296702250839210979e+00
1.938683084060635275e+00
2.142937236361488917e+00
6.545176299756876315e-01
9.562349309273977527e-01
1.556806684913281114e+00
8.856285776204826377e-01
7.470859598961461234e-01
5.459427861295126361e-01
1.512093978550575146e+00
1.583159839653111689e+00
1.620301285243617384e+00
1.400877360517329473e+00
9.459234026889294933e-01
2.158720331659792269e+00
6.979725643714184136e-01
1.679137850380546304e+00
1.546540897299854667e+00
2.023348994234908105e+00
1.646696304704516667e+00
1.042035849906134404e+00
1.187788700263247899e+00
2.540790047048674172e+00
5.658691294926854187e-01
1.449111860547990460e+00
7.415434185986793381e-01
8.343637831295158680e-01
2.213052532746734524e+00
1.601053098133988994e+00
1.680545421208909707e+00
6.648643039128050436e-01
2.463355698637049507e+00
2.508785670210794905e+00
2.156926172769896510e+00
1.274989510684437111e+00
7.554811633013980288e-01
8.819119430948308969e-01
1.564453720597160924e+00
1.632564035218752041e+00
1.588912617302896457e+00
1.757254957700494113e+00
9.723553011336432128e-01
6.255844636801582981e-01
1.687853016515086013e+00
1.186447425970387437e+00
1.631853450783782300e+00
1.110349359439530392e+00
4.772806124890373036e-01
9.740964963325641213e-01
5.957323145587632984e-01
8.232241559006571174e-01
8.489775787247250127e-01
8.409279991594331705e-01
1.095075439789567451e+00
5.706890611675330405e-01
7.782756753512340975e-01
5.217298203291336200e-01
8.891024906540533346e-01
1.160765615987878974e+00
1.237474611474443043e+00
1.058882926217643350e+00
8.655849355661781042e-01
5.889344032554252317e-01
8.149651195460760889e-01
1.924437269952752105e+00
8.114781070168217703e-01
1.197663407801675017e+00
3.140359906152447866e+00
2.513329089758806756e+00
4.010026133161360029e+00
1.231645343413087401e+00
1.664065892726313889e+00
9.226132567489845338e-01
3.130900336601031508e+00
2.855619831998094327e+00
1.452053733516356360e+00
9.092480402595800593e-01
1.626823907573321293e+00
1.551473407719233366e+00
1.205919094113637513e+00
2.386384471149041619e+00
5.482836628020124614e-01
1.241891347699482395e+00
8.152887023051615945e-01
5.413958640130098754e-01
1.638621986805480324e+00
1.231187291041228704e+00
1.737414213120263451e+00
9.739888183643320430e-01
1.624394175536458818e+00
7.723462431582059917e-01
2.360203977913979401e+00
9.427651256259103052e-01
1.724833942795926500e+00
1.902554200008887086e+00
1.153100023549598729e+00
1.282837023657079412e+00
1.821349323210274429e+00
2.860620516714696748e+00
8.288572565165381878e-01
2.456611049137747749e+00
3.052536527094815710e+00
7.097262226989758949e-01
1.409450233858636325e+00
1.708928477831807458e+00
7.097613683976253807e-01
4.918666352630554628e-01
1.100985491130849869e+00
5.309288022286117181e-01
1.664368418525400406e+00
4.492435446390604104e-01
1.472484413608727394e+00
1.792536843376872691e+00
6.851325693720198284e-01
7.181607403891515640e-01
5.344326211195588039e-01
1.218347506486116227e+00
9.191665426255287707e-01
9.695912183584588506e-01
8.937986631093574053e-01
6.876090840726082343e-01
7.267156459266077562e-01
6.691356761692034416e-01
4.898942850924732362e-01
9.180663346324814400e-01
1.360725403163834724e+00
1.227432421660779038e+00
8.174640700662655357e-01
1.822949068451956478e+00
5.476870704845820947e-01
1.588079770367284205e+00
6.653557585637628335e-01
9.266630947566212306e-01
1.578713086818240185e+00
9.767664079007745137e-01
1.028913442042934445e+00
6.070759865364465657e-01
4.324745114254871403e+00
9.141787390588088646e-01
6.170349646294770452e-01
6.771625373669779568e-01
5.643376607723203930e-01
5.687319611777589268e-01
7.359329671630426839e-01
5.858642080722722412e-01
1.693230872998503056e+00
6.237893110495846827e-01
2.931165387053592308e+00
1.018673067214447725e+00
9.674676253364136169e-01
7.091405968410438021e-01
7.454765524194238990e-01
2.930391909015791274e+00
2.053965598336809251e+00
6.302444702516681874e-01
1.205851132573812157e+00
7.213792113758114022e-01
6.087081249075335654e-01
6.940681624360529600e-01
5.630848310682086133e-01
8.882720621041005904e-01
1.890447500373329870e+00
7.610599297276401387e-01
1.745762377661833398e+00
1.468716261963439962e+00
6.139143735668666224e-01
9.307384577400076298e-01
1.454266047459816802e+00
1.841341262105573806e+00
5.457749142376403517e-01
3.435012211570706242e+00
2.015330026677633057e+00
1.871358084003857725e+00
1.640559680886821248e+00
2.069102881989177689e+00
1.612711723347709070e+00
4.070180784408025332e+00
4.997539684504824997e+00
1.003357459623303694e+00
9.824190979830481618e-01
1.254003734484774979e+00
3.946777699386059268e+00
1.334392156468692914e+00
1.094832884942988471e+00
2.175886526137693622e+00
1.994122923534117353e+00
1.076107124148821814e+00
2.309095010831511363e+00
1.897155723437016439e+00
1.213634091337342458e+00
9.202021722165046880e-01
9.215394758405295317e-01
1.894546274272019382e+00
1.288721442622090319e+00
2.523107544406484770e+00
1.998496213371013797e+00
1.453901812429110096e+00
1.641224847331846037e+00
2.671799429501121370e+00
2.087516109037109491e+00
3.047202744504259098e+00
1.343042465665752916e+00
1.860550236114521860e+00
1.635311916815256561e+00
1.611462258223848032e+00
2.481539235429273127e+00
2.166753380772385551e+00
2.376355609078437681e+00
2.661234693383685457e+00
2.252073122987009235e+00
2.399800718914960829e+00
2.690374437682382602e+00
2.584064772424283341e+00
2.770807951573500905e+00
2.966722376210781054e+00
2.843813320215891061e+00
2.622440616759661225e+00
1.775136939437887529e+00
2.657472719796795335e+00
1.980931264407541637e+00
3.647615837305064890e+00
1.924360291790593758e+00
1.438755202421183377e+00
1.443741185863513410e+00
5.503603913403918302e-01
2.197537943703498975e+00
2.711170692158999973e+00
1.843171535811305883e+00
2.687249312640473953e+00
2.268460628661111755e+00
2.042753318003625029e+00
1.684172325663451986e+00
1.606300344159656612e+00
8.446002387966414782e-01
5.253739225852026573e-01
2.175190412248902749e+00
1.547523916288934487e+00
2.636927153413844316e+00
2.377292637617086868e+00
1.795078740334899559e+00
1.476044437776768747e+00
7.196809627205471571e-01
4.880898068137636270e-01
3.125818676652609707e+00
1.511796730508098374e+00
9.145455552641792440e-01
7.524125964027599256e-01
1.332991812110815966e+00
6.936874749094759096e-01
1.260418738091227286e+00
8.043622424123064718e-01
1.192111617314414618e+00
1.795284228741995447e+00
1.768714519155192511e+00
2.972129955003369073e+00
2.127175219417511087e+00
1.836101405940266051e+00
2.137284175240294015e+00
7.823232655134298996e-01
4.962456854876860501e-01
1.103113037502549520e+00
1.141347246734728316e+00
3.253176049713734752e+00
1.061671987732633937e+00
1.689401544164726099e+00
1.232240132366951180e+00
1.111442892444290065e+00
4.834352067290285659e-01
1.234474375136110025e+00
1.193094526616329976e+00
1.164629830297768676e+00
1.809920173007680155e+00
5.687518566956003552e-01
3.976621596571907169e+00
1.386066394206950214e+00
2.110398436373203790e+00
1.732814061297941688e+00
9.379078073801292437e-01
1.637277243980040042e+00
5.763392804332321262e-01
1.261834474119259308e+00
5.070965239548096415e-01
8.065362313138089156e-01
2.174629859744248606e+00
1.362347423359288490e+00
1.846426035838941715e+00
2.432344152692544004e+00
1.116041433291912632e+00
2.128443516341488984e+00
7.170130483515122499e-01
6.176942911723071195e-01
1.743763236300631903e+00
1.628405203685062697e+00
3.677951333303902448e+00
7.874636907912143657e-01
2.228105044848250227e+00
9.354101764745605951e-01
6.160576847854698501e-01
2.590206931778407551e+00
1.009540988126643946e+00
1.969768034695814407e+00
1.068014528554688258e+00
7.917319738914638805e-01
2.482537499694197347e+00
1.345116537242050825e+00
3.244375431578174318e+00
2.597135804140239035e+00
2.175927476745632028e+00
6.832775178925695192e-01
1.558431901035690625e+00
1.324874378735977798e+00
1.998545079064318886e+00
5.496625098113129271e-01
1.673986138511812882e+00
1.057758572108447925e+00
1.270853953777410617e+00
1.883023348855774382e+00
1.170550223745289165e+00
2.663677860267654296e+00
1.741377946966586654e+00
7.857612610228282835e-01
9.433335805622007353e-01
1.256669356911672919e+00
6.463434119648083787e-01
1.237211699389756836e+00
1.295132901131801129e+00
1.691560422850830747e+00
4.340131197114230233e+00
1.268651617050482461e+00
1.708483084225889348e+00
2.244993819302926852e+00
1.362628674780931526e+00
1.431176384013639558e+00
2.194660857677646959e+00
1.645254708107521058e+00
7.538531935165853071e-01
1.985489575969678677e+00
1.014151193322935907e+00
2.117788006661151190e+00
8.797700872999907329e-01
1.636631889515537841e+00
2.833561007942285936e+00
1.176200763142438932e+00
3.446837774177835545e+00
6.419674508963266746e-01
5.166312496380325303e-01
1.792450472909085990e+00
2.039089912352642031e+00
5.762636590075006504e-01
4.121608191060138537e+00
2.512002775899368601e+00
1.004588330258573192e+00
7.666468659135500241e-01
1.116327949611515713e+00
1.338217087302150610e+00
2.926176538805369542e+00
1.649278539753429751e+00
1.384312012378221990e+00
8.179805729422141569e-01
1.004831823576177063e+00
5.722388692248546738e-01
8.542578926289048358e-01
1.357492345985791493e+00
2.778529371176380103e+00
2.424838880323990420e+00
3.406387993899418376e+00
8.328266849512426795e-01
5.113999527537086420e-01
1.454640313106807081e+00
2.377318160943802550e+00
2.046836744980435885e+00
2.113841539995878538e+00
6.590493019113824458e-01
8.332731958593680988e-01
5.448746346789660189e-01
5.592742357798689001e-01
1.038126295263619658e+00
7.691083534044637071e-01
1.649341260521539398e+00
1.973609731158289859e+00
9.989662483740137100e-01
8.137541444286480186e-01
1.043191099115672538e+00
9.708558889557792337e-01
2.174703267976276777e+00
1.896566694041887713e+00
1.120309716392162480e+00
3.472973837263216179e+00
4.833750128053883599e-01
1.686370111567350616e+00
8.341146603540037230e-01
6.295432891221545146e-01
2.213751595127227745e+00
8.365585696577024777e-01
2.577907202014810828e+00
2.520627777208469755e+00
3.694598438130674012e+00
3.895807536117357639e+00
1.378235797283165365e+00
8.957413458398930661e-01
9.015627365978992058e-01
8.402180994158624516e-01
2.194017272923129092e+00
2.225962967363531497e+00
1.283244910093771285e+00
6.825579974260990168e-01
7.444695333635420464e-01
7.301944165925638996e-01
2.954836127527927570e+00
2.103897266922367670e+00
2.042989103248094906e+00
1.939966378540924907e+00
5.952408599078057305e-01
3.116184178091275569e+00
9.471594260313486169e-01
9.107937750398783505e-01
1.746877580204996949e+00
6.217947023806844609e-01
5.871268358205667948e-01
2.789442086089511719e+00
9.494905046596655573e-01
1.180074641510567401e+00
2.445250695407128916e+00
1.514913403630700151e+00
3.750599627397122937e+00
4.707280279750421847e+00
1.164930471718203409e+00
1.835181840797886155e+00
2.029779210106831933e+00
1.067654056677403096e+00
1.519451702740308718e+00
1.151149632447858728e+00
9.913589291185408436e-01
1.753335097908522711e+00
1.430536562306724768e+00
3.311021177861626086e+00
1.028728763789369616e+00
5.441801624374864588e-01
2.960907668256491654e+00
5.899744173248322454e-01
7.379897983325143240e-01
5.943886132481122075e-01
8.150309429276247908e-01
6.566898754576397934e-01
5.904209282329578867e-01
8.017024283177546229e-01
1.734564531562136303e+00
1.578438656888152769e+00
4.797322894089209311e-01
6.445389336860987139e-01
7.204117295759868700e-01
2.015872791169788236e+00
1.098823560576497327e+00
2.071460120935618932e+00
2.248424541896686613e+00
5.904811221565982038e-01
1.032571415620210153e+00
6.088759967994060718e-01
5.970453381865153952e-01
1.021901445932454910e+00
1.833750823575266864e+00
2.456236669693176111e+00
6.314554453690963687e-01
9.062775306062744729e-01
1.037296007672768416e+00
7.049181360106349103e-01
2.554574014524872538e+00
9.174039189335024824e-01
2.145115444291449514e+00
5.772114226107667445e-01
1.580288014872380797e+00
2.326196952717126010e+00
7.579995325886699220e-01
1.652875070571264704e+00
1.863526872967017134e+00
1.089660108047939557e+00
1.044823237486759648e+00
5.294141398699394596e-01
1.530486469005381656e+00
9.381161549990835180e-01
4.635982019971312540e-01
3.041356663532896132e+00
9.948069628566169609e-01
1.101392709415497828e+00
1.615155369478294745e+00
1.359257158278277977e+00
8.199433023898965445e-01
1.292481355022524925e+00
3.726320271159320630e+00
1.311284446473679477e+00
5.475793925163501275e-01
1.207449183974401041e+00
1.652545788415164418e+00
1.947275866999785165e+00
7.870740742062941608e-01
1.286530353377290270e+00
2.243897987076683975e+00
1.956570873648529441e+00
1.361097064471751494e+00
5.282338424354104944e-01
1.060053126178513772e+00
5.638661016392040315e-01
2.006507641789492702e+00
2.356015013498062416e+00
2.389199308756669637e+00
7.010833573898459514e-01
5.842823434724498943e-01
6.506806076027554786e-01
1.017442196579178226e+00
8.513925206420714931e-01
6.334727392825106884e-01
1.122628776805987716e+00
1.800691915630255213e+00
2.165475883758463116e+00
1.524684743044182555e+00
7.742694353498311699e-01
1.499188746607551304e+00
1.337575800666801484e+00
2.491602620492811226e+00
1.424633078894375293e+00
2.667972846585238145e+00
7.302225539737033921e-01
5.807754354253542584e-01
1.002874723586402839e+00
2.121995268612347108e+00
1.302098710448989172e+00
1.712733622493421537e+00
2.579372503459929078e+00
1.705818296596537387e+00
9.128657154310569899e-01
2.092079656608151428e+00
9.430187164171723868e-01
9.112234795863111136e-01
1.042191560773347403e+00
1.804743803108890932e+00
2.004545044498114326e+00
9.011812897726469984e-01
1.573444354877684637e+00
1.286142292973254886e+00
1.108616251988245427e+00
1.261081364234492241e+00
1.558775803117546932e+00
2.578695370513402363e+00
6.477037091928661283e-01
9.377675240150072922e-01
1.813506999306964129e+00
1.849921654161729156e+00
7.913479867644521715e-01
6.131473690558043588e-01
9.260695915953397472e-01
1.297380919238789732e+00
2.043797028344383371e+00
8.659150498920146211e-01
7.541616096600496366e-01
4.860066895188006608e-01
1.288108144700089053e+00
9.968469059502753638e-01
9.261915356235048691e-01
1.876389375889647049e+00
1.415100670541778793e+00
1.869986547464179694e+00
1.545892243234917807e+00
1.389759072464584078e+00
1.181564466088534715e+00
8.689054550631619689e-01
2.117210078263294992e+00
5.768909290078301222e-01
1.441483391964534011e+00
7.439178847889440505e-01
1.337268813825122749e+00
1.359710117187967970e+00
2.269326371093315586e+00
1.784613167097267361e+00
2.193192097496280635e+00
1.138355960050894122e+00
4.128615714774470646e+00
7.219528190192516792e-01
1.602786836153783367e+00
8.377292463693316593e-01
1.112569670943466704e+00
9.367494690144421154e-01
6.119547332753328961e-01
1.708250809622122501e+00
2.274355656166095585e+00
3.669501483477843440e+00
4.874304802709333861e-01
5.507627178043603688e-01
1.534900469693597724e+00
7.925917777230562233e-01
1.418542087865623857e+00
2.441720699225119695e+00
2.234749843869282770e+00
4.082469094110865448e+00
8.173687304439758439e-01
1.715906749767653894e+00
1.251841607178456162e+00
3.214345870404643701e+00
3.232193663256343719e+00
7.811724843196418133e-01
1.477099227779870683e+00
1.643414145659137127e+00
3.078850294429271273e+00
2.998802132944303978e+00
3.246276070287129834e+00
3.199624962934345618e+00
1.188567976016380312e+00
1.768031630306327262e+00
3.348632018353035367e+00
1.011050607465331153e+00
1.806043755214003177e+00
1.094886943889670672e+00
2.637215558563265283e+00
6.418623132298540979e-01
6.823901255342267325e-01
6.590395038671996719e-01
1.331000043173151237e+00
6.505698404783746280e-01
1.748361888145580467e+00
7.525621289576754913e-01
7.011001637515387186e-01
2.831893968089050251e+00
2.639718580779413237e+00
4.625581879277241848e-01
1.077809553917207896e+00
1.300494702485884391e+00
4.849666754493933696e-01
1.473501991858533477e+00
1.662906182474183092e+00
2.370113370048264390e+00
2.716607925098341259e+00
1.463804357223247310e+00
9.500390640781151141e-01
5.203509733198329323e-01
1.041762840347789654e+00
7.989808641186779692e-01
1.018035699740459599e+00
1.123223121277976855e+00
8.261389919178961927e-01
1.306111154912535488e+00
1.449678362713603397e+00
5.309889961522520352e-01
2.183424468606527835e+00
5.415035419812419537e-01
6.847949048474418765e-01
1.415725802383831278e+00
2.176790073148654248e+00
1.455392800613758864e+00
8.561393711929474737e-01
7.184337499474964250e-01
7.019510315516304111e-01
7.146063482974638337e-01
4.727522401537772034e-01
6.215414110188980379e-01
7.495905398742439552e-01
6.409299771286791625e-01
9.451896161625260584e-01
9.600050504886552538e-01
6.358640118344679459e-01
6.882467716780469313e-01
1.025203305961031264e+00
1.317802079014693151e+00
5.613638515185799260e-01
6.850850853274281782e-01
9.293453446707740095e-01
7.902005051710989658e-01
7.632748347448014004e-01
1.187296950537526596e+00
1.505952094189632273e+00
6.927551388083009742e-01
1.472092407921352875e+00
1.569612010964788862e+00
2.650983596974114676e+00
6.865827279637642944e-01
9.595835878055207768e-01
5.383553623918809761e-01
2.680142530562708458e+00
4.100385409746622578e+00
7.804496642527365413e-01
2.116973392260949272e+00
2.372397980043359667e+00
1.158988106674993190e+00
7.195306583401090972e-01
5.970747951822757971e-01
1.323694081301448833e+00
1.335647852357819687e+00
1.031229744737556686e+00
1.222463167875301959e+00
4.985416184173533938e-01
2.011281663313937429e+00
1.450856986213767241e+00
7.314599561757241242e-01
1.800231006505892628e+00
6.376991677960769378e-01
6.894161026530777336e-01
6.050684906672149088e-01
6.593881348512757867e-01
8.915684023619331322e-01
2.806600509685130529e+00
2.169444760887111023e+00
5.254464548547852498e-01
1.675225391969481725e+00
1.700198109330833596e+00
1.293194928990891057e+00
7.306143591590840147e-01
1.750005966856836848e+00
6.357237284693461055e-01
7.946422896211294828e-01
9.048610432464153641e-01
2.014284499898046032e+00
1.511381276659303330e+00
1.279609481776763813e+00
6.953868155217133307e-01
5.571141181995731273e-01
2.901943629787391732e+00
1.111222880476666619e+00
1.701669340658531704e+00
1.306596980105585004e+00
7.702139678842860882e-01
6.714701640851197251e-01
1.292380678398645566e+00
8.043454360506138157e-01
5.577734447424032016e-01
1.266251305753017808e+00
7.960635400715025956e-01
5.584777150280655356e-01
1.912862317571976112e+00
1.307901761870038593e+00
6.798211830462143057e-01
6.912655246746195470e-01
7.686223052402808564e-01
1.900476497711957036e+00
1.199365837570061100e+00
7.678578410309783164e-01
1.938296148736575519e+00
2.516118260070114410e+00
3.291259923710804891e+00
8.728655829064172478e-01
7.220161020990405465e-01
9.013864455214457561e-01
1.123175088378995712e+00
1.532951279155321478e+00
2.089700847865255451e+00
1.453666332863234878e+00
1.547248072447225065e+00
1.505928576023548571e+00
1.502217330771309811e+00
6.905460042081491556e-01
1.724980588795654191e+00
1.512480714593993136e+00
9.925867105976616811e-01
1.207037564985299349e+00
1.398517934063586710e+00
1.401865057966445782e+00
1.752927400245305911e+00
9.306307797717753294e-01
7.620999437970471524e-01
1.120969042934992554e+00
6.070144137532045292e-01
2.297716025563667497e+00
2.544231621050452308e+00
2.251066590746298779e+00
1.005029211708790449e+00
2.046475835236564844e+00
6.725318170919184491e-01
7.952957762617650639e-01
3.764306419753879585e+00
3.653985353332215080e+00
1.848632176890107504e+00
2.283587056941794646e+00
7.908598317139290401e-01
1.041826123427578299e+00
6.289733012105996890e-01
5.696041033552937671e-01
1.971763838927970580e+00
1.615927052449393386e+00
1.768427555073206259e+00
1.308308448619478481e+00
1.222870249363467998e+00
1.004349087539276209e+00
7.308160571349849866e-01
1.724677880227414306e+00
2.367743910214898495e+00
1.569393930432124495e+00
1.204551206590678047e+00
1.145730568153821238e+00
1.078726639837574552e+00
1.684937282069710163e+00
7.072975635760855306e-01
1.093224120862526849e+00
9.057858655110304635e-01
9.518107265156490193e-01
2.440270867178242931e+00
2.137476829724690219e+00
1.810341861868057345e+00
1.202571187731392710e+00
2.006560068096947536e+00
7.585930357499514054e-01
1.232559340177305618e+00
1.832828094116990325e+00
9.943942780325198960e-01
1.339367940599568874e+00
2.256298816830279108e+00
2.562307554699786216e+00
2.066210387767519308e+00
1.757594823493058067e+00
2.059543792772363879e+00
2.739037948459035476e+00
2.017343887741149810e+00
2.239631212364530555e+00
1.135881060039690249e+00
2.232714935252771316e+00
5.823099933018677232e-01
1.256817192762179403e+00
1.317972421723140330e+00
1.777977280810449923e+00
1.103015049742402054e+00
1.337513475558042009e+00
8.331471785541794128e-01
1.012727402570802848e+00
1.090547500406282344e+00
9.329093574853613013e-01
7.999031027461943610e-01
6.925366937156881564e-01
3.775836571710335932e+00
2.079495110230690003e+00
2.101266453948540391e+00
1.924685407408411431e+00
1.656062159012697155e+00
1.675706563759181700e+00
2.046985844858987047e+00
1.536495854159824814e+00
6.877040521617917568e-01
1.231075355501532576e+00
1.681912030629389543e+00
2.310403065522778743e+00
1.761144660301185327e+00
7.916242959232318022e-01
1.256762507933502082e+00
2.762881484109415364e+00
5.850468076817524343e-01
7.624555830986333715e-01
1.413449216117615981e+00
1.323314772634473169e+00
9.108813470459827810e-01
1.396194563806474109e+00
6.444312557178666356e-01
1.002232203405265532e+00
1.820910721516514119e+00
3.921524348869565024e+00
2.464891807463366113e+00
2.315267561169660926e+00
1.901572031997038836e+00
1.553265107918294863e+00
1.809106692654732784e+00
1.772757715132170286e+00
1.884322063593804275e+00
1.365109285964164254e+00
7.637421796417929176e-01
1.358680885283618522e+00
1.588707678971541304e+00
7.598239063852209041e-01
1.265104775157536832e+00
9.502825573957186522e-01
1.249772768470273743e+00
1.183125642450925774e+00
6.915511720083826752e-01
9.305312715632112486e-01
5.299933769712881215e-01
5.357487339034594509e-01
2.706877922689772564e+00
2.068859881961689240e+00
2.787389591226424823e+00
2.388607399472562953e+00
1.620284074119996642e+00
1.225577547502611830e+00
2.218967869340710664e+00
2.315831891709745793e+00
1.207592876627122225e+00
1.654266329862859042e+00
6.903331885734446116e-01
1.287266680205453095e+00
1.485048858748021283e+00
1.461205403570435157e+00
1.264714794012667731e+00
9.651101196235043478e-01
6.892482307612052272e-01
7.187671764006150488e-01
5.500431973378899775e-01
1.134533026416611801e+00
2.541803926855165319e+00
2.832453712419966685e+00
2.418665030539059568e+00
2.620124205136959539e+00
2.793025987448736203e+00
3.156367616581165159e+00
2.645653338972214996e+00
1.981704590287566514e+00
1.424002279349320332e+00
2.870216663013617886e+00
1.013875094608442273e+00
1.326448870458341700e+00
1.621894623890056897e+00
7.996781260868303098e-01
1.077262373358359948e+00
1.337765056623281268e+00
1.051639882865781361e+00
1.196076322860584851e+00
1.396783491551484069e+00
7.298682935317190035e-01
5.802268760069048126e-01
1.787644412555444928e+00
1.307586420974251373e+00
1.001981701770151778e+00
5.452232656630422447e-01
7.445322675889419761e-01
6.964717733339526040e-01
1.883401738094726552e+00
6.269405797950942105e-01
1.240252488019333299e+00
2.488280635650690353e+00
1.237595796203933229e+00
1.685215921085963187e+00
1.434493417764681311e+00
7.075981616611808356e-01
1.526962684551667282e+00
1.415716763638323883e+00
1.777127364008229682e+00
7.016938210284827671e-01
1.019084432423923881e+00
5.072643958466820369e-01
1.251406003484847984e+00
7.182731814478975352e-01
7.589768124326771170e-01
1.105732375870019490e+00
7.796884996438688820e-01
5.283937675387483379e-01
2.119900875986375777e+00
2.510117080799147971e+00
1.658222794638890107e+00
2.099623101020161364e+00
2.757330585107402587e+00
1.238044158367706871e+00
9.512598372397259583e-01
8.459869631092917786e-01
9.181081892191650384e-01
1.329568082661350514e+00
6.400578349511445442e-01
5.014044501024270684e-01
3.556057724378969276e+00
2.859809852547337883e+00
1.677527427511012137e+00
1.427713550723536562e+00
1.050610650961431913e+00
1.857169478553947428e+00
1.467051773068247078e+00
1.081621528065149107e+00
3.003735119030711775e+00
2.954690689746406917e+00
1.776922821508760242e+00
2.139136530825159088e+00
1.370072041305893329e+00
1.524609011931286506e+00
1.546569909114704711e+00
9.846216922107817737e-01
6.711111154959343850e-01
1.040615148310150229e+00
5.044199034985651364e-01
7.981466573664653952e-01
6.248101557768225289e-01
7.006755526672745482e-01
1.951060465693072121e+00
9.833796409505477509e-01
6.252985212716314356e-01
5.315881287714419035e-01
5.661002844643465703e-01
1.852627814991960831e+00
1.747933522039767151e+00
1.631731717199903064e+00
8.634680514321674272e-01
8.636038667815388870e-01
6.621033102937691206e-01
1.234120114694125414e+00
5.536577833532179138e-01
7.200605582901510315e-01
1.678484043608460041e+00
7.649950093459045863e-01
9.803554689403528588e-01
1.077550810418796079e+00
1.573855937504604396e+00
5.014044501024269573e-01
9.418929834483754648e-01
1.805537924815947992e+00
1.508094236992920001e+00
8.375831231020154366e-01
4.711605775097720827e-01
1.800887320456735718e+00
1.380024156395227575e+00
1.022184189497668427e+00
1.419857108692551328e+00
2.565011211496492027e+00
5.760004474933385632e-01
1.340919051058149680e+00
2.053424788548205093e+00
6.806458411791571628e-01
1.091728666826651040e+00
6.651724591697992794e-01
2.133321470742620019e+00
1.620719294840369029e+00
7.177896735854742971e-01
1.977921209299504657e+00
5.415484857240741023e-01
1.386004279542476736e+00
7.748660276672614255e-01
1.383796829116894056e+00
8.487128110296783268e-01
2.025893175400558910e+00
6.609196035716408124e-01
1.338432515342245166e+00
5.653807639978761790e-01
5.065448753802115345e-01
1.370078539749641333e+00
1.140820933287749472e+00
6.368438319802348646e-01
1.237322167084661917e+00
5.875106125032925064e-01
1.077839070157948997e+00
1.029488759982921886e+00
1.878689591447465279e+00
1.304376668601648692e+00
5.625331824936107283e-01
1.052062030240315194e+00
1.304244262539876464e+00
1.142369572929755606e+00
1.188775670315340038e+00
8.912787968861816124e-01
6.800707112545789634e-01
2.503692930187682020e+00
1.336037943189853028e+00
1.047256364625400504e+00
8.025102800890049348e-01
1.627670478687634592e+00
4.802069376981859539e-01
6.121812068706006249e-01
1.138633378380008221e+00
5.485559130616821655e-01
6.429625212229015396e-01
8.037785372952077623e-01
3.625349946288242364e+00
6.397791959348911872e-01
1.327486636682307264e+00
6.306282469343937880e-01
1.650793188654811505e+00
2.049355375861599882e+00
5.765808530100026141e-01
4.913333260254141299e-01
4.620032397526913082e-01
8.420371431839810406e-01
1.179543398327572490e+00
1.625100298928835896e+00
5.043597095749248194e-01
1.548621977193662458e+00
1.725286053356195115e+00
7.297310993227457132e-01
1.025813980043954077e+00
6.807535191473893521e-01
6.194538257081847465e-01
5.678445688194161400e-01
1.847374191975200475e+00
8.429547033514612764e-01
1.752256787111526881e+00
1.032009669571953392e+00
9.159382041095016636e-01
1.580607456720324100e+00
5.192058215839533419e-01
2.343193570078175192e+00
3.252318504274715583e+00
1.381637567663788646e+00
1.222361119364978155e+00
1.755505190077540911e+00
1.013228954695419182e+00
1.054846118220505558e+00
8.355033054074871846e-01
1.564312166102716395e+00
8.803773852183175430e-01
8.003251142837182197e-01
1.427545506766159322e+00
1.359389943716481586e+00
1.123707025730193099e+00
1.271481664166316916e+00
4.224141523060770953e-01
7.051793005824731342e-01
5.981052477737639483e-01
9.887174543609457134e-01
5.524468082357896215e-01
2.320304918447247289e+00
6.416944413379817025e-01
1.265524017670362156e+00
1.078365670507556162e+00
6.802075000306996300e-01
1.143004619476313044e+00
5.302829824470395303e-01
1.403009313450362283e+00
8.636094962394472718e-01
1.348737334692679202e+00
1.134129321093041876e+00
3.940648986892854033e-01
3.472481670036108858e-01
5.463433691739311149e-01
1.142599490000916429e+00
1.077946748126181076e+00
7.021638471863351771e-01
9.397553016876804000e-01
1.010969764940424120e+00
2.793749858267404740e-01
4.506223916483610981e-01
6.157188518455765092e-01
1.474571932062065827e+00
4.572049470152350636e-01
8.082113926868951248e-01
4.645656837969556752e-01
2.447086979654622130e-01
2.328044483548379617e-01
1.368738208398644352e+00
7.316432555696875673e-01
6.600136945550580947e-01
3.790235083166308416e-01
1.832405298224103918e+00
2.142497303228127203e-01
1.376950701055711601e+00
4.474992602839910072e-01
1.619447115556447825e+00
8.260062657246732831e-01
6.590645520921905032e-01
1.990729893218525781e-01
1.272155984795818373e+00
1.003293786926879205e+00
5.631450249918490414e-01
7.249713615715382975e-01
5.802589325494054151e-01
2.003258190259642468e-01
6.658374322260978140e+00
3.019062045572646902e+00
6.239098762181481961e-01
6.144185380968728571e-01
2.654456503252296873e+00
1.877000185208719252e-01
8.756881161856918672e-01
7.015396663421544776e-01
1.815521527329039930e+00
3.801686600525104320e-01
6.194987694510168952e-01
3.490028439071025668e-01
4.071953812731265443e-01
2.316625962193931687e-01
9.404521729739069302e-01
5.569124202236720445e-01
2.495021489485143018e+00
7.419952072634141693e-01
7.288685873449138319e-02
4.699496023923438459e-01
4.864981441697585063e-01
7.200420085089082045e-01
4.881445942506290603e-01
5.268962882311151175e-01
4.801160660916464762e-01
3.234520119331433241e-01
7.673369777288799876e-01
1.110280236457546810e+00
1.002783851979863305e+00
4.845749519781333281e-01
2.490771228345022292e-01
5.354892311063725874e-01
1.108078628220802164e+00
6.150145815599140642e-01
2.294853077174560385e-01
2.405167382734126891e-01
8.222519451986126660e-01
3.062024034785031379e-01
7.487513232250496698e-01
5.049082689933742651e-01
7.929179007839014526e-01
2.731680974844133414e-01
2.850136235550269070e-01
7.461270532888423235e-01
8.326557239032216229e-01
4.817077287356517079e-01
5.404033339881945119e-01
5.712407097421311475e-01
8.203773190476718602e-01
9.418428869983935803e-01
9.478156634180302520e-01
1.385155806730331118e+00
1.323769702727179975e+00
8.646678496458112262e-01
6.274418324902348854e-01
1.341922697648610052e+00
1.242923778447144967e+00
1.070216500721667963e+00
1.023981364384104698e+00
1.206726574351781656e+00
7.897121396762900591e-01
1.457533712787615565e+00
5.966646506599384558e-01
9.479264305424108805e-01
8.007783340798777516e-01
6.149069035916819859e-01
1.470119357697076579e+00
9.413413348737773578e-01
1.755112484336472489e+00
1.181254938945096589e+00
8.278959861520140961e-01
7.382676655232450758e-01
1.250459140437270023e+00
5.606210262466687633e-01
1.200610796943980541e+00
6.929648652868568570e-01
5.705364394564688135e-01
1.218052061108170658e+00
1.040893787326403253e+00
1.327680425785010332e+00
5.569462463077006209e-01
8.729314062879659497e-01
5.251074114706055784e-01
1.363033176986711004e+00
1.300228773348679479e+00
5.940298847903774382e-01
6.867844259396652662e-01
6.991483937901972201e-01
5.864256546910531220e-01
6.247017185099151826e-01
7.349317185241703854e-01
1.148110804761095283e+00
9.902587211254932908e-01
1.058797207318253442e+00
1.432694556417032583e+00
1.276454945578967548e+00
6.512291670212047023e-01
7.088540805214411655e-01
1.805606096905878477e+00
9.744955231960980013e-01
1.076990383985160005e+00
6.110193080180091885e-01
5.258302315375108504e-01
1.396821893051784169e+00
6.499105139355444427e-01
8.881612949797199619e-01
8.499436816649479365e-01
8.514473080789368709e-01
1.284075408128908746e+00
8.876040169472136920e-01
1.149391266327296934e+00
8.957346369518590645e-01
8.010513436382228347e-01
5.745348021545222394e-01
1.256832499901325173e+00
6.742791906031365690e-01
6.862929712887074762e-01
6.220885915777457642e-01
9.236642372778899324e-01
6.938972013880319034e-01
1.907634775957486539e+00
5.931577426128427089e-01
1.015517330453187927e+00
7.887767144189662405e-01
5.874054748368199297e-01
5.226019625066682384e-01
1.152500890930409083e+00
7.813571625732069759e-01
8.773048270546881522e-01
7.555357277671300720e-01
5.710278941074266035e-01
6.330920517559338601e-01
1.583561488532525319e+00
1.118226599097199569e+00
1.259856517795857389e+00
1.357361867638009700e+00
6.604700035073665099e-01
1.318361456084170769e+00
9.078691932502797046e-01
5.601463779574036295e-01
1.465812813592183295e+00
8.333150504460518082e-01
7.997166810730791386e-01
9.560221152926930976e-01
5.441801624374864588e-01
1.200228181703413277e+00
8.204443777637541180e-01
9.371236249742680435e-01
9.697205352640823062e-01
6.335804172507427667e-01
8.467404608590960446e-01
1.025750696964164987e+00
6.927969933949844616e-01
7.167062719541196225e-01
1.007481839626546138e+00
6.439428902230572849e-01
2.373542844181339984e+00
5.655486358897486854e-01
1.206220464024255312e+00
6.585129035175923962e-01
5.931577426128425978e-01
1.034907824276959820e+00
7.058988210489435255e-01
1.049490547450543154e+00
5.839016559458729549e-01
7.787472344843506811e-01
2.511323154743214214e+00
1.491760189245106671e+00
6.943437122961574337e-01
7.209479506484939293e-01
8.091470283885048298e-01
1.259208745243607597e+00
5.728354615422849294e-01
1.303714042458383737e+00
1.431614066620543690e+00
8.310038673355759631e-01
5.773792945026391399e-01
1.724323977701978761e+00
1.056921499171220358e+00
1.480822430234455256e+00
5.319688162980188428e-01
9.543227746804558986e-01
5.317407504825062414e-01
7.877687568920598293e-01
1.948155836038485855e+00
9.010769114048498007e-01
7.409024313928060934e-01
7.125707150470927953e-01
7.576606996487764700e-01
1.137825849656566080e+00
7.551968948272363980e-01
2.733930999285682617e+00
7.509286117269868832e-01
6.031268181795318428e-01
1.375067325586170064e+00
6.945981720732593567e-01
1.063829954627805607e+00
5.431401483680793341e-01
1.675715212888053696e+00
7.424690458118203829e-01
8.545156520064416394e-01
6.091995795584913553e-01
1.033544227448466968e+00
6.863853990761316082e-01
6.015922603030183780e-01
7.728905883405305932e-01
1.491156875512794855e+00
6.903933824970848177e-01
1.368705322198249252e+00
1.079233344669340733e+00
1.596200534912405988e+00
1.354600479280247072e+00
1.069866490877990017e+00
1.235882948830437922e+00
8.453616138497954680e-01
2.498866850669046791e+00
5.368964259410987649e-01
7.138418840881612937e-01
5.874054748368199297e-01
9.529622670081120406e-01
5.330537741102581162e-01
5.690973985235279198e-01
9.904265930173657972e-01
5.741203477888974227e-01
1.160226600833986987e+00
6.205387835204241309e-01
1.583798332207075665e+00
1.040995835836727057e+00
6.472155541423432190e-01
1.556270622013236737e+00
8.832504916983328069e-01
1.317016557845391178e+00
6.002703076169232377e-01
5.295050114764789928e-01
6.359365441040506495e-01
1.400092316098786371e+00
6.471430218727604045e-01
1.237540612177274735e+00
1.860978153101454202e+00
9.399878355189433821e-01
5.310966741204841135e-01
6.436588447200295438e-01
6.649413041981379058e-01
8.276229765936693461e-01
5.830713683550217130e-01
6.721480404091927374e-01
1.217624896863497286e+00
9.678502336038239395e-01
1.328726828611000998e+00
6.457192311206275681e-01
9.275135979967643607e-01
1.612156939861292715e+00
1.124538685207488342e+00
1.021602801711195774e+00
1.483676332861185942e+00
8.405416821749478462e-01
1.534470409529743673e+00
5.332216460021306226e-01
1.120395435291552388e+00
5.204586512880650107e-01
7.732294212804240452e-01
5.497701877795451164e-01
9.676374179691193955e-01
9.005163337719087613e-01
8.881724718835042331e-01
7.491241334482771075e-01
1.861027444602910252e+00
8.544971022251985904e-01
1.158061400031726196e+00
1.491972787356548480e+00
5.007619299212896502e-01
1.146054150912906522e+00
8.676593342470841907e-01
2.336399219945445083e+00
4.987696842328661617e-01
1.016680821526024348e+00
1.344877327645756848e+00
7.075716650914034567e-01
9.766235842338930606e-01
1.504127246145967822e+00
7.198727908804373188e-01
9.241030118417670192e-01
9.333982718345594787e-01
6.399920115695958422e-01
7.192134643376071335e-01
6.480304142311033022e-01
7.778181979836105153e-01
6.747828062787537551e-01
1.038193198075293644e+00
6.172444806637468195e-01
7.061116366836480696e-01
6.486127404886006254e-01
6.011008056520605880e-01
8.024149404667151320e-01
8.577188728122931982e-01
8.560381916684633996e-01
6.599816380125573811e-01
6.746149343868813597e-01
1.122394212546726999e+00
1.032402164868736039e+00
6.078359827299988360e-01
7.812143389063255228e-01
8.070220565068583207e-01
8.831647727989425656e-01
1.294310012540385912e+00
6.384354946242399853e-01
6.674990697823661723e-01
6.382226789895354413e-01
7.919029349394850481e-01
7.358038607017052257e-01
8.167752272826942495e-01
9.675016026197479357e-01
9.625388472780184168e-01
5.054599175679722611e-01
1.235965578573679169e+00
1.494465808989353883e+00
8.452089921387312410e-01
8.899152000576893151e-01
1.257904537390229560e+00
1.563396425918947896e+00
8.181990180348270858e-01
9.559144373244610193e-01
9.481841899199476842e-01
5.751283053158037228e-01
1.508414814596620301e+00
1.616016180636382416e+00
7.216772691591470945e-01
7.460428566705904485e-01
5.640171671693837707e-01
7.458902349595261105e-01
5.807754354253541473e-01
1.743949029569761278e+00
1.464166471375278444e+00
7.001465532729208574e-01
1.572869332012461152e+00
8.566187745064102188e-01
5.491108612367149311e-01
1.154716734418594903e+00
5.436917969426773301e-01
5.693760375397811657e-01
6.942264136050255718e-01
1.039131163634376964e+00
1.024665739151925603e+00
1.022693388981343432e+00
7.430932266560010824e-01
2.277872581784585737e+00
1.901116131403463250e+00
9.430541822472725544e-01
7.732712758671075326e-01
1.492629209037670490e+00
7.304506197892161046e-01
5.684732176793471092e-01
2.746827730695939440e+00
5.008528015278290724e-01
1.242246630613255354e+00
6.205387835204241309e-01
2.090472398049388225e+00
8.055349826749366171e-01
5.344326211195588039e-01
5.222631295667748974e-01
5.793547338293699722e-01
6.114505687453266614e-01
5.349842696941567999e-01
7.265477740347353608e-01
6.988937235688090777e-01
8.888149920646416513e-01
5.030410564892645597e-01
5.680124407112885354e-01
5.336054226848563342e-01
6.987522787615291220e-01
8.135162805689525323e-01
6.756549484562883734e-01
8.119496661499381318e-01
1.199578653204765644e+00
1.330359586543014672e+00
7.598040108673795867e-01
8.434969416474455972e-01
7.152054809166538130e-01
5.617059840589081476e-01
8.558343050921018991e-01
1.295781287337110621e+00
1.163978240099186934e+00
1.062406163875672993e+00
7.058386271253032085e-01
1.361793234482930881e+00
1.111154918936841263e+00
5.360692275063961842e-01
6.374680128244155641e-01
1.346293403360300900e+00
1.184524193576782736e+00
1.108343242429900455e+00
1.333475389458424143e+00
1.036343776053751720e+00
5.452232656630423557e-01
1.087009914676287492e+00
5.725118787831996459e-01
1.106469641169207208e+00
7.384386265712661324e-01
6.111719297290736375e-01
5.069607086054380707e-01
1.558703930610870092e+00
8.667269981459090333e-01
1.029086433518953347e+00
1.513439754088008016e+00
1.267175874238007482e+00
1.466424866534707494e+00
7.716346694802702633e-01
4.967371401386436736e-01
8.208281544464797186e-01
8.766929845564496171e-01
7.160301390495968921e-01
7.417745735703408227e-01
6.365387658793892900e-01
9.383289706337880620e-01
6.230025883419639809e-01
6.642049773699749693e-01
6.208174225366773769e-01
9.104732814369416172e-01
1.538730560453859697e+00
1.313299341342347271e+00
9.094639450504334865e-01
6.603173817963021719e-01
2.018766165164195492e+00
9.754126091164647683e-01
5.525070021594299385e-01
1.045986728559596068e+00
9.005854567538922328e-01
1.264921475763573167e+00
5.183755339931021000e-01
9.358018827324591227e-01
8.534725487808858535e-01
1.774912426225691231e+00
6.109591140943688714e-01
6.553295782295819327e-01
9.167797380893218939e-01
6.327684689968483545e-01
6.546100577631116524e-01
1.077094501466487664e+00
1.954604311409221751e+00
1.036627060407038226e+00
1.626342966028816006e+00
6.215787975898312556e-01
7.008002503578426579e-01
5.517425379501272875e-01
1.319942301077147606e+00
6.373153911133512262e-01
5.744240350301413889e-01
9.691984029302255221e-01
1.268941797530468651e+00
6.361044159959231559e-01
1.082500168686431952e+00
1.192010947663692200e+00
5.193848111346293095e-01
6.238481261136233913e-01
1.234860692120595349e+00
1.195939128651611671e+00
6.597688223778529482e-01
6.102548438087065374e-01
5.831973856602106210e-01
6.870357965606185280e-01
7.720184461629958639e-01
8.522197190767740738e-01
6.910527090399151140e-01
5.728323723861362682e-01
1.273295799530108185e+00
9.650209914365153185e-01
1.146968742181364131e+00
8.014318207205135547e-01
6.532464609346191331e-01
1.238548392382897934e+00
6.017601321948906623e-01
6.820063488515011318e-01
9.552022202502639114e-01
1.799863984018855279e+00
6.117235783036715224e-01
1.069354456017791888e+00
6.369765581734578852e-01
1.351449100847573082e+00
7.795808216756366926e-01
1.714441738678053495e+00
7.741015634579587745e-01
1.146343756388657820e+00
1.065211890793255067e+00
1.012636530964263315e+00
1.617106080711485205e+00
5.947341550760397721e-01
1.397841326911950732e+00
5.090086802017513845e-01
9.939335010644614332e-01
1.111288703858215099e+00
7.968907385062051763e-01
1.302681542225536226e+00
7.058386271253032085e-01
9.171635147720476056e-01
1.254532506221480936e+00
5.160224962959429895e-01
5.602821933067753113e-01
1.303029878134848829e+00
7.822124983890491601e-01
7.679180349546185225e-01
1.098728427305195599e+00
5.784825916518353539e-01
7.525652181138242636e-01
6.937293294961595080e-01
1.308841764830277254e+00
6.230684117235125719e-01
9.997025752021768685e-01
9.248433662971032865e-01
8.812582460099092074e-01
8.506280564327688420e-01
5.569462463077006209e-01
1.213866407751162058e+00
7.195089097155529245e-01
9.220880352589786444e-01
6.322168204222503585e-01
5.855351731765616741e-01
1.080441230630619920e+00
1.190139267143832225e+00
1.093449646376280171e+00
1.007904381739806565e+00
1.330464404078036456e+00
1.592797933461279181e+00
6.218099525614926293e-01
1.602033281746545690e+00
8.731737381634114836e-01
1.512524775053981196e+00
7.103197258602573783e-01
5.819864105427823286e-01
5.549708069809697886e-01
1.180940285244354238e+00
5.740182992785737293e-01
1.173071682188709497e+00
1.038833105851041383e+00
9.756881589765692420e-01
1.128912105974210656e+00
1.008916807282463246e+00
6.096983376017226508e-01
1.494051144179442847e+00
7.931557646435968278e-01
1.344703826295975846e+00
1.341139813481388554e+00
6.928923330172741535e-01
1.456937989456025040e+00
6.438194132196282116e-01
5.592017035102861966e-01
1.400396323471480908e+00
6.912655246746195470e-01
7.069388351183506503e-01
7.855933891309557771e-01
7.030961832875101125e-01
7.947474272876018375e-01
7.844007533504845364e-01
7.347663869340576026e-01
9.565681344093827088e-01
6.661829569984653032e-01
8.722062563635869514e-01
6.163306943438147112e-01
1.853700905789013920e+00
7.886088425270938451e-01
1.335974339978613479e+00
9.318201159518122445e-01
5.053997236443319441e-01
6.858520898384902198e-01
1.210728026205983854e+00
2.347747643294487485e+00
9.524075292773651613e-01
9.009692334366177224e-01
4.702884353322372979e-01
5.248978954363356930e-01
1.431614066620543468e+00
6.161948789944430294e-01
1.896962488939105018e+00
1.054786683595540620e+00
9.228260723836888557e-01
6.876565681171999955e-01
6.963191516228884881e-01
5.277423877844527045e-01
5.891022751472976271e-01
1.015191207392343031e+00
1.362830100151208423e+00
1.216720698143461732e+00
1.011731783389838935e+00
1.188188876042092446e+00
2.061238141309267746e+00
1.439504753794489833e+00
6.141817661941505468e-01
7.147140262656960230e-01
9.421139688427481174e-01
5.404033339881945119e-01
9.884542428467834041e-01
5.169098886542857763e-01
5.546286744406416780e-01
6.886965821866072313e-01
1.745961535335974757e+00
5.245141187536102034e-01
7.200254125915016568e-01
5.807754354253541473e-01
1.044118967201097092e+00
1.039733385409715716e+00
8.410902415933971810e-01
9.033222711337767219e-01
1.533406759323769686e+00
8.341596040968359826e-01
7.737177867752332849e-01
8.301919190816815508e-01
6.869972415743699212e-01
7.131223636216909023e-01
6.647566259445729653e-01
7.751446666835146715e-01
1.580075572646758353e+00
8.307910517008715301e-01
8.453166701069633193e-01
9.042127526482682809e-01
1.347812006909013816e+00
9.546590673185894049e-01
1.493697725048165559e+00
1.279869636282925383e+00
1.511739500691147153e+00
1.303184032821177452e+00
1.519081687691624882e+00
6.224692791043228146e-01
9.420006614166075432e-01
5.055048613108044098e-01
9.841828705903850061e-01
1.397421645231900600e+00
1.054711062169809255e+00
7.840169766677587138e-01
1.060586435416154938e+00
9.387723923857647090e-01
1.220251574985422582e+00
8.022021248320105880e-01
5.620417278426529384e-01
1.302014152991757268e+00
7.252918551744750308e-01
9.767312622021251389e-01
1.389059339679856953e+00
1.186216525871510274e+00
7.792572389165512980e-01
1.467508878656267335e+00
1.301387431845816955e+00
8.849692510776524523e-01
5.537179772768581199e-01
1.156251292295108257e+00
6.899525010468675612e-01
6.330889625997851988e-01
1.020372407826684924e+00
6.597657332217041759e-01
6.952607982165244227e-01
1.128081607939072972e+00
6.125507767383741031e-01
6.114505687453265503e-01
9.805881800928986092e-01
1.163442601004071930e+00
5.510832114072971022e-01
8.337725278136755014e-01
1.595549704475943686e+00
7.445772113317742358e-01
5.861975888755404096e-01
7.130146856534588240e-01
6.781187532778284455e-01
5.202907793961926153e-01
1.041483990887250188e+00
6.242936529008737967e-01
7.812801622878740027e-01
1.286408804087851854e+00
9.411285192390724808e-01
5.466470564151750811e-01
9.459540803718287094e-01
5.298856990030560432e-01
1.257371438596874835e+00
1.001385109452721522e+00
7.136892623770970667e-01
1.235107307717350889e+00
6.468348666157662796e-01
7.425336312928686455e-01
7.255648647328197809e-01
8.794297989363344392e-01
9.962896279177694270e-01
1.440614104206523916e+00
6.848691805365747509e-01
7.397572796569263920e-01
8.462995794088788992e-01
1.492492014828697089e+00
9.358589874999507785e-01
5.291661785365855408e-01
1.591465186844635449e+00
1.236158498690542062e+00
5.743821804434580125e-01
5.831065140536710878e-01
7.384355374151173601e-01
5.083999268596618437e-01
8.011590216064548020e-01
2.620426400897871044e+00
8.862879041633130450e-01
9.071156955004753275e-01
6.668846869823681356e-01
1.452790091286698670e+00
5.777630711853649625e-01
4.870497927443563912e-01
1.700569949513187407e+00
8.721644017769034640e-01
1.486857959158143894e+00
1.026149723827698645e+00
5.106003428457566162e-01
1.895834362075520252e+00
1.923792278955040125e+00
1.256654829965269782e+00
5.957894193262550653e-01
6.645887540527005699e-01
6.445389336860987139e-01
1.115615802022503544e+00
1.382895516952046933e+00
7.301117868493225416e-01
9.956930356003389493e-01
6.290334951342400061e-01
9.133484514679576227e-01
1.015149352805659433e+00
5.875258626841005638e-01
5.883409000941437483e-01
6.947724327217154050e-01
7.339993824229953390e-01
5.402956560199623226e-01
8.921860847623658275e-01
1.343400900141882737e+00
1.805945964738588483e+00
8.549621629145672808e-01
7.083024319468431695e-01
9.633507955319128291e-01
7.421552610969177621e-01
6.585578472604245448e-01
9.724016237360770809e-01
8.421782885617852266e-01
9.682935266256351703e-01
1.305777458071114783e+00
6.439903742676492682e-01
9.647888979938291643e-01
5.828585527203170580e-01
1.090620032675865048e+00
1.346918774648476758e+00
6.222983180563017580e-01
1.574903950333464975e+00
1.101672727291352460e+00
9.709033730003708840e-01
7.067709632264782549e-01
6.530785890427467377e-01
7.090668961561458206e-01
5.519553535848318315e-01
6.355558565774737101e-01
1.416749665716742212e+00
7.812199683642336856e-01
8.723170234879678020e-01
1.145799480691518601e+00
7.872201974736104946e-01
1.063117442478844987e+00
5.546503133780331662e-01
6.657364460903398840e-01
6.684314058835409966e-01
9.191512924447209354e-01
4.982813187380569775e-01
7.701062899160538988e-01
6.483539969901886968e-01
1.149189992156325335e+00
1.103233494835015094e+00
8.444894716722609607e-01
6.224692791043228146e-01
7.286727459163817588e-01
1.009975338010110191e+00
7.087014588103769386e-01
6.201580959938471915e-01
1.153763308234417417e+00
5.971561053108961348e-01
1.216384412478485277e+00
1.495788355086529631e+00
7.474633478222885152e-01
7.495497647176863065e-01
5.604500651986478177e-01
1.052076296300248126e+00
1.206679090307190005e+00
5.150395869940274096e-01
7.732263321242752729e-01
1.460358309617891148e+00
5.833500073712748479e-01
5.616008463924355709e-01
7.127866198379461116e-01
1.020655215429212781e+00
9.271545494075791316e-01
1.082398330620393923e+00
6.296928216770700804e-01
1.494702593418923531e+00
9.581654265112962143e-01
6.397234700270010288e-01
1.067060763960407943e+00
5.719000362849613328e-01
2.132738403095079782e+00
8.335911491605451085e-01
1.124210244816017168e+00
6.323694421333148075e-01
5.911603442172695955e-01
1.974536297088952397e+00
8.405987869424395020e-01
1.884494422650247136e+00
5.069286520629372461e-01
1.222471045178651350e+00
1.009822716299045631e+00
1.449868557141108072e+00
8.969677815824157463e-01
9.097844386533703309e-01
9.022012291518635152e-01
7.119746715840516993e-01
5.500431973378899775e-01
6.594299894379592741e-01
5.321816319327236089e-01
5.830111744313815070e-01
7.818486172241647658e-01
7.464938355944663595e-01
1.452674494502976144e+00
1.153727293549928090e+00
1.474606845188614290e+00
7.412645691381402058e-01
9.368571469826744158e-01
1.002057145874600153e+00
6.800941926045591668e-01
5.859189498592872747e-01
5.518226273916088109e-01
1.160453752013809403e+00
1.303876972087392616e+00
1.403487078161899104e+00
4.862347553343132067e-01
7.275877881041424855e-01
7.156463623668709584e-01
1.304010656251644917e+00
1.492837079905866116e+00
1.228824366314697158e+00
6.111719297290734154e-01
7.300097383389988481e-01
6.302444702516682984e-01
8.564278082533834935e-01
1.766568185637815480e+00
4.970101496969885901e-01
1.545296519903327281e+00
7.459408081602666440e-01
5.569462463077007319e-01
5.077558504976398268e-01
2.272116303321047859e+00
5.048005910251420758e-01
7.331272402454604986e-01
1.066233565525705584e+00
9.390004582012775325e-01
6.082518159552252612e-01
1.020863862477642936e+00
9.348246028884519276e-01
7.268835178184800405e-01
5.860868217511596701e-01
5.473482375446887538e-01
8.771338660066668735e-01
1.001666837625123430e+00
1.032060242772694147e+00
9.227153052593082272e-01
7.767146903901280819e-01
6.502310075384811761e-01
1.980706677505491342e+00
2.003805286019031406e+00
1.288550736446853362e+00
1.033985108898684446e+00
1.095716063065206525e+00
7.238373867394429784e-01
1.120477588284034987e+00
1.660924793558093082e+00
6.166511879467514445e-01
8.636038667815391090e-01
1.567705158624301820e+00
1.041428475423646249e+00
9.524932481767551806e-01
6.466220509810615136e-01
7.268835178184800405e-01
6.806275018422004441e-01
5.712407097421311475e-01
1.331166103253447419e+00
7.372276514538379510e-01
8.215768196205853746e-01
1.376405520323849219e+00
8.004547513207924681e-01
5.733238270370939471e-01
6.762065970308863694e-01
1.722808988996606061e+00
5.883378109379950871e-01
1.023015050999595665e+00
8.334007693454417165e-01
6.447517493208032580e-01
5.387039933759570909e-01
8.744603347065710297e-01
6.698521074795252828e-01
8.700210905583002363e-01
6.053119839848186690e-01
7.280286695543596309e-01
7.511414273616914272e-01
5.252785829629128544e-01
8.924913281844945034e-01
1.082949979194992141e+00
7.249530222345814678e-01
7.677920176494296145e-01
8.065024644747611493e-01
6.557102657561589831e-01
1.512458037036742420e+00
6.981652740439954208e-01
1.476792605498140398e+00
6.617917457491754307e-01
1.468451454066413531e+00
1.283622508464199452e+00
5.777599820292161903e-01
7.112102073747490483e-01
9.748101768968401304e-01
9.750639781323886535e-01
6.425665835155165428e-01
1.638450705626008697e+00
2.190697337595929106e+00
6.357084782885379370e-01
6.980634359779578357e-01
1.035498238282092531e+00
6.599366942697252325e-01
1.095757917651889901e+00
2.143080676374080173e+00
7.817057935572832017e-01
6.983364455363026968e-01
5.600693776720707673e-01
6.277806654301282263e-01
1.164847113948223489e+00
7.591921683691413847e-01
1.218858379904156797e+00
1.247573324078206536e+00
1.476275297673666387e+00
1.316746637443194645e+00
5.560741041301658916e-01
2.320851622631430189e+00
6.232812273582173379e-01
6.203861618093597929e-01
7.298387772909777915e-01
1.161904051862566956e+00
1.311072166834714725e+00
1.170716716777560062e+00
6.607011584790277725e-01
4.985011426902715703e-01
7.295448880939165992e-01
7.113780792666215547e-01
1.297710404061407585e+00
9.422191065092204720e-01
1.064321409278763397e+00
5.812219463334797886e-01
8.242268356709543387e-01
9.540022810775189432e-01
1.589318429618625572e+00
5.037003830320946340e-01
8.498635922234661910e-01
7.984222072265699799e-01
5.601045233707201421e-01
5.551386788728422950e-01
1.480101353587100377e+00
6.795874877727933194e-01
8.498635922234663020e-01
5.821390322538466666e-01
5.670326205655218388e-01
7.936317917924633480e-01
8.490715394874130961e-01
1.063083829755459675e+00
7.559011651128988429e-01
1.708577406632168616e+00
1.282388592008120387e+00
5.658691294926853077e-01
9.566789015337636704e-01
9.892156178999373939e-01
1.325595060644606304e+00
6.155662301345120602e-01
7.829769625983517001e-01
6.790092347923200045e-01
5.357205965223199584e-01
9.781519637981093140e-01
1.768000041708706727e+00
1.211213092100358102e+00
6.250438510502435152e-01
1.011411289786902534e+00
7.781570309235038563e-01
5.503789411216347682e-01
6.447517493208032580e-01
1.065468890872116603e+00
6.199452803591425365e-01
9.773124270174643469e-01
9.281669749502357014e-01
9.797885701849464724e-01
1.299481115501069706e+00
7.634160565809477994e-01
1.085934754908230992e+00
6.032288666898556473e-01
1.098940094024589698e+00
6.133152409476767541e-01
1.136869334316239932e+00
1.232391468285433112e+00
1.432842839299516058e+00
6.417546352616220195e-01
6.065831530258872784e-01
8.953606583133161267e-01
4.883628163721083215e-01
7.720153570068472026e-01
1.713567279169892599e+00
5.734916989289665645e-01
7.030512395446779639e-01
5.898217956137680185e-01
1.026134473646890699e+00
6.633328351924401289e-01
1.955940793958077517e+00
5.726645004942638728e-01
6.659490512807582085e-01
5.259981034293832458e-01
6.560274597586609469e-01
1.887570972078867815e+00
1.017592277988482952e+00
5.544191584063716816e-01
6.361044159959231559e-01
1.218521876821736516e+00
1.854570866339245283e+00
8.864436150305260442e-01
5.323495038245957822e-01
1.877121809540586606e+00
6.399920115695957312e-01
4.892349585496431064e-01
1.106731473823767686e+00
8.883586831123334582e-01
1.758995483164228935e+00
6.335804172507428778e-01
7.840787267722836296e-01
1.952742041167976117e+00
1.195542903935778778e+00
5.728323723861362682e-01
6.127186486302464985e-01
7.108111805112152792e-01
6.270611449636579460e-01
1.095967433686159787e+00
6.859541383488141353e-01
6.594772961612681561e-01
7.153426751256271032e-01
1.077179966586252480e+00
1.417400963756917598e+00
8.213165199412888473e-01
1.598972774920411011e+00
8.508408720674736081e-01
1.189126631156889768e+00
2.349254865418068050e+00
6.274418324902347743e-01
5.179948464665251606e-01
1.448792418700047158e+00
7.338284213749742824e-01
8.829718526820795610e-01
8.360268166009456881e-01
5.909123828839157877e-01
1.472407343838209703e+00
6.451982602289287883e-01
7.916395461040398596e-01
1.205641616539542493e+00
9.684339387209227601e-01
9.031600286998127114e-01
6.691356761692033306e-01
1.111778779649571280e+00
6.675407139247635513e-01
1.154387998952359995e+00
7.119144776604113822e-01
1.882451731655299554e+00
6.969126547841699715e-01
5.897616016901278124e-01
8.282221092128591033e-01
8.586401729687851425e-01
7.687330723646617070e-01
6.711080263397856127e-01
1.275328343624330785e+00
6.012717667000817556e-01
1.467907682795165147e+00
8.888382968700823117e-01
5.775921101373437949e-01
7.474217036798910252e-01
1.218864009362065071e+00
8.077890610179206954e-01
7.401765221697521602e-01
1.186674003239134079e+00
6.583450316257200008e-01
8.936791081836467088e-01
7.122502214441561730e-01
7.043673523285786109e-01
1.291936064396018713e+00
1.776529610248641422e+00
6.467271886475340903e-01
5.565624696249751313e-01
8.370347741278520992e-01
7.406052425953101315e-01
8.369327256175282947e-01
1.784587186286744176e+00
1.455520045579243860e+00
1.543817367803253182e+00
1.081310832506395148e+00
6.162103064965341881e-01
6.878244400090725019e-01
5.013442561787868623e-01
6.224692791043228146e-01
6.989136190866505061e-01
9.889842524839901339e-01
6.169900208866447855e-01
6.721092749786579112e-01
6.680925729436476557e-01
6.967447828922974651e-01
7.479733522544891322e-01
1.136443803803952157e+00
7.913206086819876139e-01
9.292978606261823593e-01
1.244226594914074058e+00
9.964422496288336539e-01
1.335364064355385683e+00
6.661804166967058016e-01
1.864202487825642907e+00
1.822111336509731006e+00
8.545542069926904682e-01
5.777181274425327029e-01
1.476065022340721455e+00
1.825648845675564402e+00
9.788438957378291505e-01
5.457749142376403517e-01
1.585269173588380820e+00
6.292013670261124014e-01
5.680124407112885354e-01
7.897090505201412869e-01
5.698169189899984222e-01
8.576432513865620555e-01
2.050448329333408370e+00
8.150926930321497066e-01
9.009661442804691722e-01
9.968798314786161407e-01
7.186618157630090264e-01
7.506499727107336373e-01
2.209794240953080191e+00
9.618376661485047441e-01
7.950204368459468096e-01
6.910976527827472626e-01
6.144660221414647294e-01
7.896488565965010809e-01
5.298913284609643171e-01
9.212189822375927983e-01
8.597668444086068451e-01
8.666263284951869483e-01
7.848320140778018983e-01
1.094966849036711931e+00
1.318564832927448638e+00
1.002030277525219226e+00
1.517742200617098636e+00
5.978154318537264311e-01
1.025819609501862129e+00
7.967799713818243257e-01
7.145012106309915900e-01
1.380656368658420119e+00
1.346197543885459202e+00
9.094608558942848253e-01
8.034100107932901080e-01
8.264150906323898260e-01
8.932542362129123337e-01
1.525419216765630859e+00
7.373353294220700294e-01
2.533813062402773486e+00
1.217115415163708025e+00
9.095210498179252534e-01
1.114432599726266293e+00
6.546253079439197098e-01
6.823451817913945838e-01
1.060606153612713598e+00
8.771971490864558518e-01
1.125367811356181580e+00
1.404701462566926962e+00
8.288097724719463155e-01
6.477222589741089553e-01
9.390203537191187388e-01
1.147784540741149106e+00
6.081564763329354584e-01
8.646846560075038823e-01
1.183702147849229780e+00
1.482648657137721093e+00
1.643210622549565736e+00
1.201230509772411192e+00
1.061644788822519114e+00
1.164819915038108444e+00
9.406505713493729104e-01
6.055400498003312704e-01
6.619289399581486100e-01
8.459132624243936860e-01
1.649394368470349370e+00
1.275933974687268435e+00
1.536522300287418430e+00
1.038852524618123940e+00
8.201055448238607770e-01
2.703714665984468191e+00
2.191034047699578657e+00
1.299484204657218145e+00
9.374087955572724118e-01
1.908976893114209261e+00
1.069908345464673394e+00
6.193461477399526682e-01
8.202765058718817226e-01
1.676128026442316621e+00
7.154335467321665254e-01
1.217695846802349768e+00
6.546253079439197098e-01
9.398154956113206060e-01
1.388749736078076280e+00
8.467975656265877005e-01
6.369765581734578852e-01
8.692566263489975853e-01
5.195865091105302813e-01
7.206507618509978563e-01
9.109523977419566876e-01
9.641305099220236485e-01
1.210090658731995950e+00
1.079446160304045277e+00
6.069638405524642177e-01
1.011411289786902312e+00
1.246091987293793446e+00
8.138585227964452162e-01
1.122884288338083403e+00
7.330670463218202926e-01
1.072755926968939066e+00
6.546702516867518584e-01
1.143437724380302223e+00
1.639655062042562506e+00
6.260180417381019380e-01
9.229939442755613621e-01
1.095976185423219729e+00
6.930416551279037218e-01
1.045194126969153814e+00
6.320489485303779631e-01
1.858958845622219025e+00
5.690973985235278088e-01
6.725318170919183380e-01
9.055730498763260305e-01
7.732496369297160443e-01
7.270963334531845845e-01
6.792388567887170936e-01
1.012483909253199199e+00
1.781152728795110329e+00
5.141072508928523632e-01
6.242135634593922733e-01
7.298989712146179976e-01
1.066464720497366736e+00
1.279920209483665916e+00
6.595978613298317805e-01
6.410320256390028559e-01
6.580245380227833785e-01
2.135578340265455122e+00
5.711805158184908304e-01
1.198253291231071271e+00
8.117368505152336988e-01
6.055247996195232130e-01
6.680925729436475446e-01
5.483463970274123911e-01
6.352322738183883155e-01
5.685640892858866424e-01
1.306469406619511275e+00
5.699878800380193677e-01
6.579612549429942892e-01
7.930031429325323789e-01
5.611695856651182091e-01
7.183888062046642764e-01
8.431733588883602026e-01
1.091615651856829183e+00
5.476870704845820947e-01
1.193570553765196829e+00
6.930250592104971741e-01
6.838075275297761380e-01
1.608020303524140271e+00
6.256373542115251096e-01
7.411627310721026207e-01
1.038803297153982008e+00
6.148467096680416688e-01
7.878345802736085313e-01
6.007201181254835376e-01
1.534930427199127090e+00
1.260450175072801215e+00
6.326005971049759591e-01
6.615131067329222958e-01
6.433277481243844242e-01
1.192629499049964847e+00
1.026751945603037175e+00
1.590082688533601019e+00
6.047755855910285083e-01
7.220359976168818639e-01
5.735366426717986021e-01
6.435309761591923028e-01
7.837889108522461123e-01
1.023454764034497533e+00
5.562234262407954599e-01
1.275442520036310867e+00
9.762147593261764067e-01
6.020837149539760569e-01
8.654710792856487034e-01
8.696347735738149121e-01
1.221122875852250100e+00
7.645637486185870024e-01
8.198325352655158049e-01
1.522325901071477583e+00
1.000410918764862878e+00
1.703941861052479467e+00
7.650552032695447924e-01
7.001465532729208574e-01
1.363032667112949348e+00
5.447318110120844548e-01
1.326395749982683947e+00
8.254321813304741351e-01
7.958577327543079338e-01
1.331379933817518735e+00
1.179607366098760712e+00
7.600168265020842417e-01
5.652098029498551224e-01
6.153952690864908925e-01
8.894084952259231347e-01
1.388765560169960223e+00
6.636114742086933749e-01
7.842649380011128546e-01
1.022903115459899315e+00
5.132351087153176339e-01
1.268460440353169627e+00
1.372332828536911631e+00
6.657966400139800900e-01
7.038957931954621383e-01
1.922544855737703173e+00
2.206085680123173187e+00
8.383983709563446185e-01
8.232317653443793626e-01
6.508903340813113614e-01
1.573428453128480786e+00
6.310089344609708384e-01
5.717321643930890485e-01
1.865370766905001476e+00
8.289865734221618654e-01
6.516098545477816417e-01
1.042191560773347403e+00
6.365958706468807238e-01
6.724114292446378149e-01
1.706095301016677945e+00
5.284649974070718681e-01
5.382195470425094053e-01
1.058902344984725685e+00
6.439839855110658373e-01
5.756350101475696812e-01
1.082141120097246390e+00
4.898034134859338695e-01
5.445189953773797997e-01
6.381273393672457495e-01
1.175519223751141151e+00
5.549708069809697886e-01
1.079025317181836918e+00
9.698360905356639972e-01
8.986144854429114481e-01
1.204652175670875902e+00
5.865782764021173490e-01
1.031334882404028930e+00
6.627209926942018159e-01
1.987816344754707920e+00
1.546648939828035196e+00
1.335576846090344105e+00
8.019234858157574530e-01
1.428983551349289449e+00
1.051234831805612391e+00
7.076431054040130952e-01
9.535276327882542535e-01
5.831821354794024526e-01
6.521535563338453079e-01
1.471073263250457952e+00
6.041514047468479198e-01
9.941013729563339396e-01
1.063404323358396519e+00
8.696347735738149121e-01
7.615899393648465354e-01
9.844558801487298672e-01
1.573473212576872227e+00
1.125622591264734185e+00
7.222764017783369628e-01
8.000740637942155287e-01
1.223934442672026446e+00
1.325435066056083633e+00
5.773792945026391399e-01
2.202594849947586475e+00
1.041240708013932537e+00
6.826181913497393339e-01
7.123104153677964900e-01
8.142425099234570363e-01
7.601813987935219785e-01
5.048005910251421868e-01
8.242026564318032378e-01
5.881699390461225807e-01
7.979756963184444496e-01
1.511925852879077325e+00
5.867461482939898554e-01
6.933486419695825687e-01
7.250548603006190529e-01
6.247652120339902693e-01
7.959109183604382576e-01
7.037906555289897836e-01
6.305649638546048097e-01
6.308410625690984430e-01
9.355441233549223190e-01
5.425915889496298883e-01
9.865389974436929998e-01
1.042508754775849367e+00
1.030801783610673761e+00
7.492292711147495732e-01
9.532319769660217990e-01
8.120573441181703211e-01
8.707855547676028873e-01
6.161178787091101672e-01
6.540767485254702640e-01
1.295902836626549259e+00
8.951214487170222611e-01
6.194987694510170062e-01
1.409895583324603852e+00
1.095897441718336696e+00
1.854023156863634503e+00
5.532112724450922725e-01
1.234702651395908735e+00
7.304322804522594970e-01
6.439428902230575069e-01
7.808938453033886784e-01
7.644586109521146478e-01
1.835028223200456221e+00
1.260329245344289362e+00
5.487270845539893305e-01
1.051082210094548275e+00
1.656673240361193900e+00
7.821972482082409917e-01
1.256774846279444358e+00
7.120823495522837776e-01
5.984089350150080255e-01
1.026641178478656213e+00
7.630322798982223098e-01
6.185214896070097002e-01
9.033574168324260967e-01
8.740921436983991599e-01
6.493588653609464467e-01
1.264704122627933414e+00
1.470512187788569625e+00
6.856183945650693445e-01
1.410282769294928684e+00
1.051177727038120846e+00
1.205036062040766076e+00
8.876698403287621719e-01
5.811592121080797479e-01
6.346235204762986637e-01
6.507826561130791720e-01
6.534174219826401897e-01
1.026127764758856475e+00
7.959597812646316273e-01
8.828610855576987104e-01
1.261290447316786967e+00
1.568080331800137728e+00
5.121920054897618479e-01
8.428461902971359221e-01
8.047230344210423159e-01
6.777380657512512840e-01
5.912623927275933999e-01
6.048205293338607680e-01
5.273617002578757651e-01
1.545583877533637240e+00
1.280811011129608046e+00
5.627010543854831237e-01
1.068160761509169054e+00
7.004195628312654964e-01
5.576055728505308062e-01
9.720035809934184368e-01
5.222212749800912990e-01
8.637466904484206731e-01
8.083825641792021788e-01
1.162215616407160645e+00
5.676317531847115960e-01
6.900126949705078783e-01
8.245447889721313484e-01
7.813667501731035303e-01
1.595625569005519662e+00
8.227403106934216837e-01
5.938170691556728942e-01
4.968575279859242522e-01
6.660125448048332952e-01
1.835317151091652832e+00
6.001113647833939968e-01
6.030160510551512143e-01
1.853147944572952621e+00
6.345127533519179241e-01
6.526948123600210261e-01
6.109591140943689824e-01
5.590895575263038486e-01
1.562008075940227947e+00
7.184337499474963140e-01
6.527606357415697280e-01
7.492261819586009119e-01
5.496625098113130381e-01
1.005869297343824353e+00
9.436581474421612548e-01
8.572966508304834532e-01
6.613604850218579578e-01
7.149619875990499418e-01
1.070983294788443896e+00
1.518216848906363436e+00
1.286700949865362764e+00
8.705617031882152412e-01
8.612477399282312263e-01
5.567303415168474157e-01
7.773016951076617831e-01
7.235323206385972927e-01
6.515527497802900969e-01
6.390596754684207959e-01
9.366892750908020204e-01
5.570539242759326992e-01
6.762065970308864804e-01
7.477636257759332494e-01
1.946808181378179459e+00
8.613079338518716543e-01
7.069499527771542224e-01
7.447900269664788908e-01
1.597915954489311119e+00
1.114830458174484562e+00
1.284524236367660333e+00
5.931577426128427089e-01
8.163287163745687192e-01
6.182428505907566763e-01
5.867461482939898554e-01
7.166894655924269664e-01
6.718122966254479467e-01
8.426124611239682594e-01
5.785902696200674322e-01
8.292177283938231280e-01
1.748257127267992095e+00
7.294876060051418420e-01
9.875821006692488968e-01
8.837822447550894855e-01
1.060991091737597092e+00
9.474178049698119830e-01
7.565186370690455409e-01
8.774510600091687262e-01
9.805168092654739098e-01
7.142040218334955171e-01
8.185105825794206647e-01
1.152909715838125404e+00
5.273617002578756541e-01
8.101420987150798059e-01
5.349842696941567999e-01
9.760764036750452233e-01
7.975531542051840228e-01
6.052701293981351816e-01
8.698026454656874185e-01
4.997525935347816306e-01
9.960615621022566035e-01
1.324215313079617484e+00
5.047403971015018698e-01
1.389113904145589107e+00
5.615533623478438097e-01
7.474666474227232849e-01
8.493445490457578462e-01
6.649750710371858942e-01
5.782514366801739802e-01
1.061354608342532924e+00
2.042314871088923844e+00
5.115678246455811484e-01
1.034340748200270443e+00
1.814198401294617513e+00
8.441056949895352490e-01
6.755793270305570086e-01
5.395005141277604555e-01
1.932409663087204965e+00
1.017765779338263732e+00
1.078879084227355900e+00
9.547034622070327270e-01
5.929449269781381648e-01
6.250857056369270026e-01
6.635037962404612966e-01
5.509153395154247068e-01
1.204985379152861080e+00
2.544660917681662138e+00
5.503636909408265998e-01
1.121946322778999861e+00
1.013473826872624661e+00
9.600902926372865132e-01
1.592630413270705869e+00
1.597660729965663329e+00
6.852313182819089743e-01
9.864788035200527938e-01
5.650419310579828380e-01
7.925116882815746999e-01
5.280812207243461565e-01
6.262275577723718234e-01
1.426488535135754132e+00
8.332579456785601524e-01
7.645637486185871134e-01
6.662279007412974519e-01
7.511414273616913162e-01
5.676766969275437447e-01
1.738686474118305014e+00
7.992468653595129480e-01
6.546702516867519694e-01
5.878311061062291287e-01
6.822344146670138443e-01
6.731725938535056963e-01
1.290742910569649959e+00
2.105602087957731516e+00
1.599800631896667102e+00
5.126834601407196379e-01
6.345127533519179241e-01
9.381048239796364596e-01
1.521180814466071229e+00
1.011272934135770907e+00
6.313646834497214089e-01
5.931577426128427089e-01
9.373686068386379855e-01
7.216170752355067775e-01
1.050505513294959226e+00
6.351381026114141237e-01
6.182428505907565652e-01
6.307359249026258663e-01
6.549488907030049933e-01
1.165686217313449013e+00
6.299056373117747354e-01
8.845283696274354179e-01
9.584735817682904502e-01
5.401246949719412660e-01
1.010877980549260924e+00
1.782947694081199908e+00
2.570865126569501502e+00
5.703685675645964182e-01
2.291002495202731470e+00
5.606179370905201020e-01
8.663013668764999453e-01
9.456063183735923250e-01
1.106695600098380083e+00
1.244127196392674328e+00
7.096843681122924075e-01
1.436623772297768165e+00
1.426915651112131478e+00
9.043653743593327299e-01
1.464475457702776096e+00
5.060348709480109175e-01
1.268871805562645783e+00
9.404748221541507913e-01
1.037045506037654441e+00
9.093281297010618047e-01
7.178973515537063754e-01
1.383126882367994082e+00
5.759555037505064146e-01
4.894028304415156128e-01
7.875840786384947778e-01
6.739556078440511744e-01
8.586216926727271437e-01
7.356359888098327193e-01
1.393414421109622214e+00
5.843425373960901004e-01
9.524524730201975320e-01
5.975367928374730742e-01
6.873360745142633732e-01
6.132550470240364371e-01
2.013702985668050616e+00
1.130152597332379827e+00
1.174340923515787560e+00
1.129038123279399342e+00
1.149282209499463026e+00
1.558220281031437837e+00
7.095460124611611130e-01
6.725067688669273958e-01
9.472671039995806952e-01
1.826381253342365563e+00
6.063519980542257937e-01
8.509010659911137031e-01
1.029245266665318237e+00
9.755861104662455485e-01
7.475324708042717647e-01
1.405241492972952200e+00
7.138418840881612937e-01
9.905219326396556001e-01
9.234828586247595394e-01
9.710335588918344030e-01
5.963258177200448928e-01
6.231735493899851486e-01
1.410460782459243445e+00
6.646964320209326482e-01
7.569411791823059676e-01
1.008719419149849639e+00
5.028099015176030750e-01
4.768107967754710574e-01
5.208393388146420611e-01
8.244441193214092634e-01
5.330537741102582272e-01
5.924382221463722065e-01
2.184244389389241370e+00
8.728686720625657980e-01
6.374680128244154531e-01
6.977847969617045898e-01
7.840169766677587138e-01
6.638692335862299565e-01
5.597457949129854837e-01
1.374964294806037657e+00
5.078106379345052046e-01
6.365958706468807238e-01
7.624387767369404934e-01
1.537044726602880385e+00
1.194498211406335386e+00
1.042436432950552883e+00
7.555806715099622206e-01
6.974041094351275394e-01
1.663465490934687097e+00
8.691489483807655070e-01
5.431401483680792230e-01
5.307578411805906615e-01
1.154488668603082413e+00
8.255429484548549857e-01
7.172380250108763011e-01
8.659181390481631713e-01
1.320723571648142913e+00
1.125329576501383322e+00
1.424687130867900331e+00
1.489790714764210877e+00
7.388193140978431828e-01
7.251841772062428415e-01
1.412774282900345346e+00
5.148267713593228656e-01
5.360242837635640356e-01
7.937242195798874800e-01
1.096209006262930385e+00
6.886965821866072313e-01
6.207066554122965263e-01
8.162837726317365705e-01
5.929898707209704245e-01
6.624004990912650825e-01
6.721862752639908845e-01
5.595177290974727713e-01
7.474217036798909142e-01
1.056438540163185946e+00
7.714698867445464181e-01
1.459321020144684233e+00
1.026701372402296641e+00
5.904658719757900354e-01
2.086969450212349919e+00
6.976827484513808963e-01
6.341320658253409848e-01
1.082689679515695946e+00
6.764194126655911354e-01
8.034549545361223677e-01
1.422861772950474002e+00
5.915660799688374771e-01
8.144551151138755829e-01
2.275018434662238853e+00
6.000607915826533523e-01
7.032640551793825079e-01
7.861000939627217354e-01
1.048051506517602149e+00
5.440122905456139524e-01
7.000807298913721555e-01
6.808907133563625313e-01
5.448425781364653053e-01
5.199671966371073317e-01
5.574762559449072397e-01
6.772313609194855477e-01
6.601495099044297765e-01
1.322774455079322120e+00
1.027021866005233264e+00
9.386647144175328528e-01
7.200254125915015457e-01
1.248667000504502855e+00
6.381875332908860665e-01
