-1.698510793753949883e+02
-6.659228307338557329e+01
-7.119659806135457814e+01
-6.544839094730568263e+01
-6.101588889666732740e+01
-1.109950177715111863e+02
-6.090628832501750622e+01
-9.804422109620715275e+01
-1.253309253716902560e+02
-1.072578241101514891e+02
-6.544497229955766215e+01
-7.664391023779383261e+01
-6.403494049802702648e+01
-9.057748323762467635e+01
-6.133157731295415260e+01
-6.440153436975435852e+01
-8.582586412330387304e+01
-7.663263169995578039e+01
-1.019396653686047216e+02
-6.636003414239665688e+01
-8.137966209224600789e+01
-9.846514154831882593e+01
-5.843295416230446193e+01
-6.452134200063169089e+01
-7.937894846618357292e+01
-8.347733132841435122e+01
-9.927631223308837605e+01
-1.134260547629159817e+02
-5.837599166321983546e+01
-6.395903931922125452e+01
-8.833171592761515001e+01
-6.345174976233171549e+01
-6.491201253406075011e+01
-6.839917493976211915e+01
-8.845302677366767341e+01
-9.976941736030872221e+01
-1.653020806975434880e+02
-7.100668260411642052e+01
-9.141671531186261745e+01
-6.205299633317643071e+01
-1.485991649815471476e+02
-1.024874792375175190e+02
-1.138246843580209600e+02
-1.501320426048341119e+02
-1.067447374091064489e+02
-7.000935703703100899e+01
-7.599054531258984468e+01
-7.593451768254300305e+01
-8.197227824023471499e+01
-1.471452781934530947e+02
-6.944750870346943827e+01
-8.758678094950114712e+01
-8.996747826493005107e+01
-1.858825344981770229e+02
-6.120405362420395790e+01
-9.777450443718494455e+01
-9.932522575033262058e+01
-7.568282122249217991e+01
-1.114933004214462073e+02
-6.373551790664899386e+01
-1.120293190989949892e+02
-9.704427196500815000e+01
-7.100932658552180499e+01
-1.145698498029490082e+02
-8.518683393040281260e+01
-7.766663061122480372e+01
-7.000996682400001703e+01
-7.241368151757595228e+01
-1.022572953875718724e+02
-6.222941138139646711e+01
-1.010450406814538695e+02
-9.108507480211751783e+01
-1.759033998654485629e+02
-6.290427826356249597e+01
-6.146179831259301096e+01
-1.010344471406821754e+02
-9.625358891980015130e+01
-7.816558794269815280e+01
-1.047879259811027026e+02
-6.754542194540741207e+01
-2.533621775123168902e+02
-1.066013561953946152e+02
-8.241032177766267353e+01
-6.546979004810637548e+01
-7.036403324658449776e+01
-1.778066365825240780e+02
-6.249945465437459546e+01
-9.129842791490013099e+01
-7.433928467466289192e+01
-1.295215223743878141e+02
-6.733569905099724906e+01
-7.039579472759614021e+01
-7.334117267301363086e+01
-6.543620005680544693e+01
-1.424103262462460293e+02
-7.370474519106562639e+01
-8.766979317904036861e+01
-6.106982111905446686e+01
-8.072594942995735323e+01
-9.965063971077901783e+01
-1.113657715010529756e+02
-1.035104824297416997e+02
-6.130584476951478479e+01
-9.478388367190774488e+01
-1.945311676796488030e+02
-9.312601955879593163e+01
-1.322069842342127401e+02
-6.819156639079908189e+01
-6.247174439385528899e+01
-7.131234756540101216e+01
-7.599526280652996491e+01
-1.257771949372894085e+02
-9.076406159620478320e+01
-6.477251606844474452e+01
-6.479406607779662863e+01
-7.108552168709512387e+01
-1.630277670736576567e+02
-1.560254293540341166e+02
-1.022398555417790504e+02
-7.582196566648640612e+01
-6.292269445656003768e+01
-9.478476632279944170e+01
-8.427029065078706083e+01
-1.608824231933378712e+02
-5.863079177122875763e+01
-6.331955086789428577e+01
-8.610564483537798708e+01
-1.221026900197807663e+02
-7.292551830028934035e+01
-1.455689935571295734e+02
-6.839270424617915012e+01
-1.153049082957431466e+02
-6.382203093588220355e+01
-7.067395341735381464e+01
-1.156247589575066712e+02
-8.578192110434692097e+01
-1.818283848592501215e+02
-7.143865994707641676e+01
-6.566487381455834793e+01
-6.565550236512375193e+01
-7.188857210468252390e+01
-6.701086712908259813e+01
-7.155988721973329802e+01
-7.772073302831364572e+01
-7.528404124162833000e+01
-6.931487080805305823e+01
-7.738158094022141142e+01
-9.139420551006176652e+01
-1.254062458702809977e+02
-1.261919169038736470e+02
-7.843025117751562902e+01
-1.326249986649770847e+02
-1.360241716008436299e+02
-1.728986386465300029e+02
-6.459132890957016571e+01
-6.431904597931982437e+01
-6.937872006067445341e+01
-9.364675921764720101e+01
-6.343369863326066138e+01
-6.531712483821526405e+01
-1.894285953108260969e+02
-1.772006857669891247e+02
-6.802026128197573485e+01
-8.975205890752178561e+01
-8.167794264013507188e+01
-7.927289685456258894e+01
-7.998980236172094749e+01
-7.207402201566775091e+01
-7.122055022881136210e+01
-6.393723709139475631e+01
-9.265529916610722694e+01
-1.030286730710006822e+02
-9.363938956889397502e+01
-6.211247738926194017e+01
-1.186173004211384665e+02
-6.087517047907182643e+01
-7.944842338861653275e+01
-1.437943858586470753e+02
-7.050289641204895474e+01
-1.122671581881990051e+02
-1.220719371250864498e+02
-8.847279922792095874e+01
-1.132617445970575858e+02
-6.666908128171097303e+01
-6.820505546482600323e+01
-7.691354626955445895e+01
-9.832572057917408870e+01
-1.012986179300584411e+02
-7.808311444592580131e+01
-9.425505165720818468e+01
-7.246670840654445556e+01
-8.862268522991334407e+01
-9.748266479222023406e+01
-7.206501344887988125e+01
-6.156842552975640359e+01
-9.658287992756240214e+01
-2.185801174405732752e+02
-7.752306587937781046e+01
-6.473043505589976121e+01
-7.465953968956401354e+01
-7.197776427316640024e+01
-6.665892382547110628e+01
-6.991467169828800365e+01
-7.370090480764092433e+01
-1.304748407540279231e+02
-7.123174243092167046e+01
-8.202071218688074339e+01
-1.157501088817403883e+02
-8.205809802612054682e+01
-7.452036283403789696e+01
-8.519193621821241891e+01
-1.480859222595599647e+02
-6.319240884180269546e+01
-1.106380332337867856e+02
-6.767213020917766642e+01
-7.157398794949654075e+01
-7.870245813950947422e+01
-8.109267015538932810e+01
-8.167424121028309969e+01
-9.860691954133844206e+01
-7.830774682162697786e+01
-1.259838558348763371e+02
-8.524131353638387054e+01
-8.304557482979249983e+01
-9.707367387841786410e+01
-1.253848869661063503e+02
-1.969547794121121171e+02
-1.054919155284186587e+02
-6.363517577136284586e+01
-1.374355107393026003e+02
-7.804636137423101161e+01
-1.851965770235042328e+02
-8.657499154847809564e+01
-1.502148470828894631e+02
-6.376335415613139190e+01
-2.188580786867008214e+02
-1.593766152852188043e+02
-9.070109727802410760e+01
-1.105346029960124525e+02
-8.119767213190482380e+01
-6.769758857124108431e+01
-9.814864916973681375e+01
-9.155843939626862493e+01
-9.685672322388352029e+01
-7.840987512294040584e+01
-1.007532759369391613e+02
-6.102436429792238215e+01
-9.273314188070635566e+01
-8.683241386881947221e+01
-6.566654845917467753e+01
-9.720401365387078840e+01
-7.697119195603818298e+01
-7.920232709107392566e+01
-9.952692795779870494e+01
-7.174431365340612388e+01
-7.416691667836641955e+01
-1.205932642266422619e+02
-7.142671005602596779e+01
-1.026348002151677576e+02
-7.351522574824883804e+01
-9.364727311965395984e+01
-1.385732522515355072e+02
-1.265460112725383937e+02
-1.098509539188356712e+02
-6.558051811773343331e+01
-7.540339885318086033e+01
-7.492603545919212138e+01
-7.184040022367261713e+01
-8.072905397980065345e+01
-9.950761542826133166e+01
-8.750492138674701437e+01
-8.012246811017584491e+01
-7.109726144921209823e+01
-6.005854656031695527e+01
-6.751130460692147039e+01
-7.752126144384887141e+01
-1.140939075229891557e+02
-6.009817198612282851e+01
-6.533618764007103152e+01
-1.726999800435002896e+02
-1.272200033761846356e+02
-2.362142440378478909e+02
-6.861395484769701625e+01
-6.545349421943583934e+01
-6.532219635783212652e+01
-1.741958416470658619e+02
-1.496604873510533480e+02
-8.260392444691201774e+01
-6.557380277127059287e+01
-6.952568879017057668e+01
-8.660281727622378867e+01
-1.194602216113703292e+02
-7.695522238300421236e+01
-1.395861305121297562e+02
-6.504154612721144701e+01
-6.461161546278835033e+01
-8.210494653177788393e+01
-9.286134397679606423e+01
-5.883679353286122193e+01
-1.374973562763532868e+02
-9.075597094293483735e+01
-1.351254549860025520e+02
-7.459462427251224881e+01
-8.799773288831654838e+01
-6.693918369969155435e+01
-9.767760376438407377e+01
-1.282647945763535233e+02
-8.704917452823930546e+01
-1.457869135210642639e+02
-1.492426439622593080e+02
-6.630024413738674127e+01
-1.076767452964866436e+02
-8.782597684132795735e+01
-6.851678345957679994e+01
-1.079173011077019027e+02
-7.482601889291498765e+01
-6.788107639110327796e+01
-6.453304059538193371e+01
-2.990640477005171647e+02
-8.094181904790039539e+01
-8.150644547750611935e+01
-1.721664197893347819e+02
-7.509126353477823557e+01
-7.294645244648326354e+01
-6.946022165742428456e+01
-5.959269408971694304e+01
-1.080236220719742875e+02
-1.108046128230171519e+02
-8.555659689262562040e+01
-8.547857365240056993e+01
-6.119090118497273778e+01
-6.732406678200355543e+01
-1.522226710388492847e+02
-9.600992326861909021e+01
-8.815532691414665578e+01
-8.448464007665057807e+01
-1.015877255413321336e+02
-8.342642749503161781e+01
-2.961804658087366420e+02
-3.726835584093361149e+02
-7.259994910199762330e+01
-2.543306822455732004e+02
-7.872611915207009758e+01
-9.115988624080182490e+01
-1.096056803797247028e+02
-9.463445646720919058e+01
-6.486673197556292791e+01
-1.044245218260500110e+02
-8.974068031743823326e+01
-6.248520994704274045e+01
-1.070872763371280598e+02
-6.996372480934157068e+01
-1.224289987941770619e+02
-8.293380303451291979e+01
-6.999444483981798726e+01
-9.650120175557717062e+01
-1.359206669601671820e+02
-1.286070827460590920e+02
-1.829671157670036337e+02
-8.483134012694080184e+01
-8.381468242174277350e+01
-1.033184664825231494e+02
-8.141819269508025059e+01
-1.516164331124431328e+02
-1.043018943347963159e+02
-1.223879863291495980e+02
-1.253679886395399166e+02
-1.170127090096143405e+02
-1.142209107207123111e+02
-1.475626437986940687e+02
-1.371549864656100794e+02
-1.456921530455244067e+02
-1.579492206739612357e+02
-1.429048075293775923e+02
-1.193713942750312640e+02
-9.328641208839766819e+01
-1.564845950976811366e+02
-9.515214629645582534e+01
-2.283067327308421284e+02
-1.037940854796357115e+02
-6.593332248711796240e+01
-1.132816443789101015e+02
-1.188871533256329371e+02
-8.869590722871727451e+01
-1.512216603398712493e+02
-1.070069366515248106e+02
-8.211933562398553477e+01
-7.923462643296474539e+01
-7.767340939508524400e+01
-1.052024847986209011e+02
-7.784187789034879756e+01
-1.217813727482543129e+02
-6.646223460171226805e+01
-8.681816805594530706e+01
-6.511246401578152643e+01
-6.925940142161630320e+01
-2.036587777916041375e+02
-8.560722254664995035e+01
-6.420892657830330563e+01
-6.596252880596384216e+01
-8.115336479637805667e+01
-9.385914462454343266e+01
-1.398043279938086982e+02
-1.009694410108095326e+02
-9.163018988580918744e+01
-6.336805725642793163e+01
-1.926229515661035521e+02
-7.201397438958619546e+01
-7.544961576355088084e+01
-6.326974848687765274e+01
-6.102678483824692535e+01
-8.673467230901854919e+01
-2.309210662542809587e+02
-7.671818334974497589e+01
-1.104820076571431713e+02
-7.490178193749252955e+01
-7.345736813641759966e+01
-1.068874378538681356e+02
-7.235747450970615091e+01
-8.565378808693527901e+01
-1.089115658786343062e+02
-6.307613278570020299e+01
-8.380305249578032090e+01
-2.024977865568278332e+02
-1.142429709815076819e+02
-1.539969677382009934e+02
-1.382971937880690518e+02
-1.916922257447658353e+02
-1.630671355914480216e+02
-9.788604857264409986e+01
-7.289531021563436752e+01
-8.940549915502241163e+01
-6.814161282130683617e+01
-6.557076250294026920e+01
-1.023469241688725333e+02
-1.202033662035352961e+02
-7.701372898054957261e+01
-6.399225022159689047e+01
-7.821845738371644075e+01
-2.972006158442906667e+02
-6.754936148005917573e+01
-1.208472457558647477e+02
-9.775752529880587360e+01
-6.446900431825497435e+01
-6.688103689012896780e+01
-1.216154936797989166e+02
-9.103961492376451758e+01
-9.019535669706351655e+01
-1.096527942415007999e+02
-7.405334456459365811e+01
-1.357274293082627992e+02
-2.164261773073980919e+02
-9.189663591361447459e+01
-1.221062736878377137e+02
-2.565727782324448185e+02
-1.951237710015916491e+02
-1.797536780392652247e+02
-6.164312706544092180e+01
-6.339778990962695104e+01
-1.473755545535647968e+02
-1.109111583614942873e+02
-1.910818011625029555e+02
-7.549629849012443117e+01
-1.177997671922318119e+02
-9.109942576048267426e+01
-1.046774487764865000e+02
-5.959148028315203760e+01
-7.257396760339396735e+01
-7.290784106643735640e+01
-1.215126283993611196e+02
-1.022743926052600330e+02
-1.955963017404298512e+02
-1.098462066728145885e+02
-1.024289166283582944e+02
-1.083668487053550109e+02
-2.067346664096931192e+02
-2.150294262223330861e+02
-7.842101780520040677e+01
-1.113504178427862712e+02
-1.595509447364106848e+02
-6.758908672486120395e+01
-1.457230476373600823e+02
-9.773775420531558211e+01
-8.456738615619113375e+01
-9.396284569982383061e+01
-1.357429070687902879e+02
-1.001844211175544643e+02
-1.821747776592921184e+02
-1.038421370627378906e+02
-8.059110275270090540e+01
-2.007079264580391964e+02
-3.156837064186851194e+02
-7.344994574983148539e+01
-8.537323977943962916e+01
-7.436361421797164439e+01
-1.627078825837897682e+02
-1.562496021830311861e+02
-7.595589839209975480e+01
-7.433196553166463616e+01
-7.550735746190449049e+01
-7.043617328058476801e+01
-1.150647605268676017e+02
-7.115322113248068092e+01
-1.048640756364725206e+02
-7.766596803853406072e+01
-1.099324495982595522e+02
-6.656267872066210600e+01
-9.783933168685520343e+01
-5.602181952964247813e+01
-7.946137588819765085e+01
-6.168899409183445925e+01
-1.260732731034698872e+02
-8.936211079418900738e+01
-1.050222716767274846e+02
-6.695640250520987991e+01
-1.720435801877665938e+02
-7.282192132378611404e+01
-6.319344923454123375e+01
-6.827904083324085605e+01
-1.968411071891264612e+02
-6.950638869487654858e+01
-7.710628304798513000e+01
-9.465320188550994374e+01
-9.778402725662563455e+01
-8.547150968408520555e+01
-7.307184999998510477e+01
-8.779062725894996788e+01
-1.115467411375382909e+02
-1.196437401781944772e+02
-6.473030570241681403e+01
-7.912419980073165959e+01
-8.637819749038554562e+01
-1.048146842607045670e+02
-7.455786085517404160e+01
-6.126344632220213526e+01
-7.302939314456088482e+01
-1.345068835213691045e+02
-6.234954115162300781e+01
-1.206121866297361294e+02
-9.435402568993431771e+01
-1.091519825909764734e+02
-1.085572826388718823e+02
-7.605270110548309503e+01
-1.028582089955053789e+02
-6.771518073732674736e+01
-9.335935601754171387e+01
-7.822223101747051999e+01
-6.443541683965207767e+01
-7.181174038773760060e+01
-8.370611591860134126e+01
-9.517373037676588865e+01
-8.809500275114605472e+01
-8.101513742054780209e+01
-6.324994703982679312e+01
-1.009191527576836336e+02
-6.550950816200180782e+01
-7.675551237425430884e+01
-1.028970218960073595e+02
-7.278528459232084913e+01
-1.228010025618936112e+02
-7.793885413321132205e+01
-8.076035088875622137e+01
-6.453346748137069255e+01
-1.284380044032302521e+02
-8.543226284777593094e+01
-6.668937319038374767e+01
-7.391831957586416024e+01
-1.093114289902902101e+02
-1.078918555606816909e+02
-9.529217634257732072e+01
-2.423944269299954044e+02
-8.598640791276054074e+01
-7.131894615992099773e+01
-5.934493254975359378e+01
-6.580113748325570100e+01
-7.828172831423475486e+01
-1.092538242173775416e+02
-2.577661986419266213e+02
-8.057624013313846945e+01
-1.387035555130424029e+02
-1.211862973223769728e+02
-2.859925984724677619e+02
-8.165984763623863785e+01
-7.391560682790826320e+01
-1.804365284720472005e+02
-1.938152125036192786e+02
-7.881770056459367879e+01
-7.251423069886520523e+01
-1.519457198307380850e+02
-1.792735245545208613e+02
-1.889231676501123900e+02
-1.682851916719279473e+02
-7.127762035640915883e+01
-8.329575562777944242e+01
-2.236696944069370261e+02
-7.758639363154318858e+01
-1.207777640297694575e+02
-5.733964152972052375e+01
-7.423091141985361219e+01
-7.247128110284600666e+01
-1.487221626766022951e+02
-1.489991410810872026e+02
-5.661220513755954897e+01
-7.028298563315163960e+01
-6.833811455840078963e+01
-9.376183408685511722e+01
-8.508813317914747643e+01
-1.377781675682261096e+02
-7.792602321745489746e+01
-7.004155427079635388e+01
-7.205082342806514362e+01
-1.084425713414578212e+02
-7.083059029479080948e+01
-9.475774523603330124e+01
-5.794589563207367178e+01
-5.936550277551244648e+01
-6.843896756785805735e+01
-6.922602552703745005e+01
-6.127181010233105241e+01
-7.362472508302587926e+01
-7.024601088641117030e+01
-7.787001249811923742e+01
-1.328125129592199016e+02
-1.373831194039597392e+02
-2.804917005605757936e+02
-1.340936777219066300e+02
-1.007090466267005553e+02
-8.054631743346567418e+01
-6.430277824226938321e+01
-6.690345968943449861e+01
-8.240849780577666195e+01
-7.563877889624994566e+01
-1.172582024840838244e+02
-6.789855335964831795e+01
-6.852579692778726894e+01
-7.607108257708441101e+01
-7.414748568839189602e+01
-7.376213787931442312e+01
-6.250803889383062995e+01
-7.415828606523410826e+01
-1.555268291095935353e+02
-6.939588456692858642e+01
-6.363633823536279266e+01
-6.178690420892367285e+01
-6.797490431535007360e+01
-9.284150132530393762e+01
-6.086438212836115724e+01
-5.647919152441721025e+01
-7.286503367109217777e+01
-5.880752580020920561e+01
-8.440103756389963507e+01
-1.225450941086917709e+02
-1.741412855167592966e+02
-6.749791669328813271e+01
-9.511599537860597309e+01
-6.469110057962116400e+01
-7.895767443349799919e+01
-6.617126097709611088e+01
-8.664319431617145995e+01
-6.506322154799399016e+01
-6.538722983762899332e+01
-1.014460167696652633e+02
-1.464590323303303876e+02
-1.131521325490976295e+02
-8.087540331251700820e+01
-2.116432153322463137e+02
-2.198245863893842511e+02
-8.051707660642207998e+01
-8.856341074005349867e+01
-7.038078995637702917e+01
-9.473521449624102786e+01
-7.037120165355143797e+01
-6.916396085103842495e+01
-7.287175393993250339e+01
-9.080911836378963642e+01
-8.055053899975300169e+01
-8.265806559234840734e+01
-7.289505751983469395e+01
-1.266876924889270413e+02
-9.630259154943858846e+01
-7.564519385720784328e+01
-1.072692369245568784e+02
-6.603926179441886291e+01
-8.776242149951482929e+01
-6.442338775003833007e+01
-1.351337623316884162e+02
-1.130261457078495226e+02
-8.166522147896888839e+01
-9.424645386985710616e+01
-8.915570002101736691e+01
-1.216116563404467570e+02
-1.056592592465988218e+02
-1.251803905946772915e+02
-1.250757494168019690e+02
-5.863668097189533057e+01
-6.739190430670154797e+01
-6.185972604316788193e+01
-2.050034981350571854e+02
-6.713802402004192516e+01
-7.955569337134875241e+01
-7.898980842477384101e+01
-7.176689813100104232e+01
-7.625932664222359847e+01
-9.637324500700417218e+01
-9.210047115345788882e+01
-1.041148714474995103e+02
-7.048468114606636448e+01
-6.382637646909714135e+01
-1.232239001883740173e+02
-6.449711933506429773e+01
-6.549325726841237838e+01
-6.453943048179692710e+01
-1.516374913745674746e+02
-1.003726710064517818e+02
-1.310656926069354711e+02
-7.966175131561671208e+01
-6.628995182227106397e+01
-8.729150771485005578e+01
-7.649610155727027916e+01
-7.390932832097919913e+01
-5.794921072467365519e+01
-6.557153736584737658e+01
-8.694648552824533283e+01
-6.979594233003983561e+01
-1.373150235452368122e+02
-6.213268067271072681e+01
-1.307127080375773858e+02
-8.343532662650123655e+01
-1.402527150978930308e+02
-1.056631675291074544e+02
-7.994832920363310791e+01
-6.930256216956824744e+01
-8.282062639955175598e+01
-9.766721272927179598e+01
-7.862486080025374235e+01
-6.545324419782868119e+01
-1.053216368688385955e+02
-1.159156834487170045e+02
-1.236016734533407657e+02
-1.100653997688612975e+02
-1.475907326500847887e+02
-1.644917561645183639e+02
-1.284986307565016546e+02
-9.261886487137790880e+01
-1.339597852406689924e+02
-6.793616535218417596e+01
-6.216747265472503869e+01
-6.388899339304218472e+01
-9.429887854581765794e+01
-6.327883311567305924e+01
-5.748849091957950463e+01
-6.423852588576264111e+01
-1.088012336075747299e+02
-7.532279947350089344e+01
-7.326292236792623669e+01
-8.806405913362650040e+01
-5.990557421353437206e+01
-8.308749266835458513e+01
-1.185836021071624486e+02
-8.974764420122187403e+01
-1.520752009138592200e+02
-1.806473871391494299e+02
-1.605261515032553348e+02
-7.712054131047564454e+01
-6.101822683192835939e+01
-8.443198665990831842e+01
-1.658608197171916459e+02
-1.557226501266994489e+02
-9.680707163476665755e+01
-1.073592564381637118e+02
-6.226599628228245109e+01
-6.922661608401509170e+01
-6.741855959260543329e+01
-1.301890099256443989e+02
-9.279300900959432852e+01
-6.589206389174798062e+01
-6.317512150394065884e+01
-6.165677353913531533e+01
-6.347978418041353166e+01
-7.236273476704123198e+01
-8.228463377798662748e+01
-6.641333739520769086e+01
-7.929106628178277560e+01
-5.939667856829382231e+01
-1.404857719912195080e+02
-6.875260915816504337e+01
-9.095037140971342637e+01
-8.882827911528512743e+01
-7.401037536350008850e+01
-8.450059385650629906e+01
-6.246299644992178202e+01
-6.937934541750496464e+01
-6.136351977709703220e+01
-1.128358806166107655e+02
-7.337270974824258474e+01
-6.479716812534978487e+01
-6.245685268432351478e+01
-6.006515690660123852e+01
-7.044997382856601575e+01
-2.300123191519853378e+02
-7.447376365278661581e+01
-9.641105781189588697e+01
-1.155797702074148958e+02
-1.191627140569240453e+02
-7.376842352420169391e+01
-7.199695674039490711e+01
-9.108483959847507094e+01
-7.937495394427988060e+01
-1.263816316465115790e+02
-1.552684671713538478e+02
-6.279704110753169743e+01
-6.169563066623465630e+01
-6.859540131432609655e+01
-8.294099585962626975e+01
-5.585587237521009740e+01
-1.532097847913341013e+02
-7.088155413999562882e+01
-6.369498893568943032e+01
-5.063666949729128675e+01
-6.273798154952262252e+01
-6.716775514835408956e+01
-4.840064415177482005e+01
-5.532372813196784733e+01
-4.991156413060900121e+01
-1.131549062101448726e+02
-8.738145453569613608e+01
-6.626449724353381043e+01
-8.012257460415298738e+01
-6.547836286515328652e+01
-6.289228029953997066e+02
-1.507015879043979112e+02
-6.782845204320543075e+01
-1.084282020541408826e+02
-9.370643617884904586e+01
-1.551518321492290227e+02
-7.851412567668005238e+01
-5.953893333450222514e+01
-6.130256082582017996e+01
-5.769813790162504574e+01
-4.692306991906178126e+01
-5.022431772320096854e+01
-4.869139589518879774e+01
-6.485202902138006209e+01
-1.441084938871075565e+02
-7.075033332864590818e+01
-7.668989805632618584e+01
-6.948135388877179253e+01
-6.608059385989777468e+01
-6.251298757203930734e+01
-6.642231641836534095e+01
-6.441640733001723618e+01
-9.476551252164462369e+01
-5.947504543596255644e+01
-6.249586411535855035e+01
-6.077689237880694861e+01
-6.546078317581434192e+01
-6.629328230336523120e+01
-6.746101919233495892e+01
-7.289382577914861372e+01
-7.511685674218153963e+01
-7.606428196195385283e+01
-7.013603732434600602e+01
-5.889425114358460434e+01
-9.186906561070621535e+01
-6.036727878030458072e+01
-7.763974940134256997e+01
-6.408272611426815502e+01
-6.290344703212048216e+01
-7.021687231242552230e+01
-1.134733936078706478e+02
-1.329021834815574152e+02
-7.076708206069774576e+01
-6.908694909617172186e+01
-6.965554918080097480e+01
-8.755634035303341989e+01
-6.818472044994528858e+01
-6.761062778778310189e+01
-9.397203336829731768e+01
-1.372710758436698768e+02
-6.552321051184281941e+01
-6.730326156435043572e+01
-7.386541965771399987e+01
-8.907048283454986404e+01
-1.208029657398330983e+02
-7.857613487575304134e+01
-7.649946509101766878e+01
-6.588964483259620408e+01
-6.588870290501252214e+01
-8.200659599502824904e+01
-6.518291160958376906e+01
-6.446955753908250131e+01
-7.042929942346934524e+01
-8.963474505638795620e+01
-6.791152165407046937e+01
-1.157517392997436048e+02
-6.656088577003890805e+01
-6.420176013560327988e+01
-7.441398960096040582e+01
-6.398133404431417404e+01
-8.681068135837759314e+01
-7.967356818685826170e+01
-7.379564988252292324e+01
-8.631526923233988668e+01
-7.227529676606829412e+01
-7.060555363115526006e+01
-6.265979283379640918e+01
-6.238904342596104868e+01
-1.172187892703781245e+02
-8.886542268605674622e+01
-6.960242371591786537e+01
-1.573152282919914171e+02
-9.092898828500291586e+01
-6.744288516772815001e+01
-6.280822079034085448e+01
-7.014063557999807585e+01
-7.483636464042460545e+01
-6.958050033065588025e+01
-6.997331379814380625e+01
-6.279160436655634214e+01
-7.488140426280726558e+01
-6.600494814004572675e+01
-9.410575665297281489e+01
-8.978193006114929631e+01
-9.514477975142192179e+01
-7.732643752661385861e+01
-6.332742082675268591e+01
-6.067385639603199365e+01
-6.492213893123161483e+01
-8.364284599070701631e+01
-6.788287265257969239e+01
-6.813040259960692424e+01
-7.449822782717428993e+01
-6.282509611075985845e+01
-6.588954327498376529e+01
-7.010132891273141809e+01
-5.763180536856657454e+01
-6.246357081874894845e+01
-6.218113052719906619e+01
-7.878954458600954069e+01
-8.214275848899207233e+01
-6.919490959991098578e+01
-6.750951468060868876e+01
-5.841319247048667052e+01
-6.328442228655009671e+01
-7.027679273135936455e+01
-6.599154814955051052e+01
-6.727000132753650519e+01
-7.266091376641639954e+01
-7.790259305967536818e+01
-6.646622884261182662e+01
-1.328309853797224775e+02
-6.713002238203419836e+01
-7.818090541879145405e+01
-6.556626871892906649e+01
-6.204597679463326898e+01
-9.649645920365034613e+01
-5.973008016830087286e+01
-8.235170105515426542e+01
-6.589464790502540836e+01
-6.772360768881416959e+01
-6.111413075563348940e+01
-7.472930143340362008e+01
-6.959896460542383068e+01
-6.701212447770339509e+01
-6.394960150748834593e+01
-6.836385718566893388e+01
-6.690167840831230706e+01
-6.318979052303961907e+01
-9.187590515797843693e+01
-6.055813701770755131e+01
-6.363628956696891947e+01
-6.486433154885659746e+01
-7.897346437235120220e+01
-6.761874568752658377e+01
-6.978420823240897164e+01
-8.886157819014871961e+01
-6.064286358321115245e+01
-5.815187549258535427e+01
-6.091417961269941372e+01
-6.946195046643843796e+01
-6.746875273691134112e+01
-6.610999930482407194e+01
-1.223489460915220661e+02
-6.127100133469598831e+01
-8.778707529584822566e+01
-6.863366462244631805e+01
-9.124264409673939724e+01
-9.288273579233815269e+01
-7.083082605303916068e+01
-6.616874245829770018e+01
-6.829797814163823944e+01
-8.746095003369184440e+01
-6.092168443593904925e+01
-5.812949560775108893e+01
-6.437833509354460659e+01
-8.569733862699520444e+01
-6.312332701919507372e+01
-6.050280127570392352e+01
-5.730792927839101480e+01
-7.642049099672149737e+01
-6.048020625504406667e+01
-6.350315456317497365e+01
-6.168390233208257456e+01
-6.585599445039738953e+01
-9.868578554369854317e+01
-6.253795274135170956e+01
-9.082859437106799305e+01
-8.508886716615968737e+01
-7.907885946843478564e+01
-6.478393575753963773e+01
-7.566257139394058129e+01
-7.060345046678351366e+01
-6.979390919361938472e+01
-6.676098170803470566e+01
-6.552319538369874863e+01
-8.799521762318724427e+01
-7.720167127901743243e+01
-1.102071101296460824e+02
-6.489335406515874638e+01
-9.796087583046636382e+01
-6.635649649432221509e+01
-6.618201231365335957e+01
-8.502801525577410757e+01
-9.084548041106276628e+01
-7.013703928815289146e+01
-7.277973064659245495e+01
-6.894680736742085969e+01
-6.047116600719557766e+01
-6.417200626540306985e+01
-6.372825336680890729e+01
-6.945392950927322318e+01
-1.006503045595203929e+02
-9.955637173609636648e+01
-6.252808664817629136e+01
-7.005024265982338250e+01
-9.980806492834942389e+01
-7.388232643604334271e+01
-6.569517680846806229e+01
-7.761289764959788329e+01
-6.589503075496669737e+01
-6.964175519198990116e+01
-8.179353501921656289e+01
-6.355202957743559722e+01
-7.326133731516726755e+01
-6.457592910818421217e+01
-1.035250989660982981e+02
-9.089914136617093732e+01
-8.364365164605302994e+01
-1.036850316923851523e+02
-8.474087083260742759e+01
-8.349941707928935841e+01
-7.220120557343547318e+01
-6.122355849709732212e+01
-6.658032979245305683e+01
-7.033665846715129533e+01
-1.254885679627036268e+02
-7.206824742779838289e+01
-6.652691652455672511e+01
-9.215496152346375425e+01
-5.896592715773437021e+01
-7.092202903143306969e+01
-6.239491426993227918e+01
-6.265103282067180857e+01
-7.304037990516013679e+01
-7.678965541378595105e+01
-6.305984835429340052e+01
-7.894761569516943212e+01
-6.279499234561683352e+01
-6.406489849551331872e+01
-7.796830279811625530e+01
-7.611675554907657215e+01
-6.902294333283049355e+01
-7.503836874236310450e+01
-7.694048243243477714e+01
-1.045468586665904809e+02
-1.057398765579014253e+02
-9.253152322694273835e+01
-9.270853493763205222e+01
-6.265515011774958509e+01
-6.223419911332127441e+01
-6.664457210280464494e+01
-7.469910250234732985e+01
-1.345251411087544113e+02
-6.182704272922367750e+01
-6.139734634739077990e+01
-6.369534683403297493e+01
-6.908706080226590984e+01
-5.783766256840239350e+01
-6.305685662718453699e+01
-7.509321135012643822e+01
-7.116072296883228887e+01
-7.207428375359985750e+01
-1.247925728168266062e+02
-9.738046197196793230e+01
-7.902403999317735384e+01
-6.531754963856822371e+01
-7.538304113500423398e+01
-6.280363389021689358e+01
-7.686917706080994606e+01
-7.641722928107760993e+01
-6.918271022471424203e+01
-6.271199401636629034e+01
-1.066117254490330879e+02
-6.951421119788582814e+01
-7.042535257773668889e+01
-8.145917670751136086e+01
-6.037106340216820399e+01
-7.412451658319899650e+01
-6.183348544293863114e+01
-7.848493814162839044e+01
-6.364954724115334272e+01
-6.214204653925803967e+01
-6.235468587638751359e+01
-6.529652853391685596e+01
-6.429674175537968495e+01
-6.837305934714643740e+01
-6.933577430031358801e+01
-5.775395570976419890e+01
-6.469488921025441641e+01
-6.908127725870457425e+01
-9.899318291937026970e+01
-7.768226683281240241e+01
-8.792676169076624149e+01
-8.342807046647889990e+01
-6.280121534856090193e+01
-7.595291191662614949e+01
-9.391336203985817122e+01
-6.841240911058322638e+01
-6.443967194578429769e+01
-6.904452144169725614e+01
-6.076287179291525575e+01
-7.036198852234002743e+01
-1.114545928101615146e+02
-6.871294822908130584e+01
-6.009836359554119412e+01
-6.706176178707221425e+01
-8.649146274500628806e+01
-6.754374381114152470e+01
-9.000535427564669533e+01
-6.273213292101601013e+01
-8.648780128501194042e+01
-6.024021913088624558e+01
-6.738549990286047375e+01
-6.466136856552051881e+01
-6.207404580106996406e+01
-6.574559788797769500e+01
-6.000092340867903573e+01
-7.924788895606673123e+01
-6.649638856236464335e+01
-6.355793798235242065e+01
-7.124240891029266720e+01
-8.341692106831720821e+01
-8.371129929813199055e+01
-8.495632763253590269e+01
-5.953786321178129270e+01
-6.961323157862257460e+01
-6.508212348224522259e+01
-6.902238750430424830e+01
-9.424998148982461998e+01
-7.904029336997160726e+01
-8.410343581210349839e+01
-6.060739782147607002e+01
-6.792803403956412467e+01
-7.234513679304269829e+01
-7.289262255913450872e+01
-9.629318731386992170e+01
-8.709623590981412633e+01
-9.506635484177472506e+01
-1.157791562775628762e+02
-6.040499444870008006e+01
-6.700993172381292595e+01
-7.914500340723424188e+01
-6.842826918982545692e+01
-8.470970344813784436e+01
-6.316903402190378358e+01
-8.647310595730749583e+01
-7.888086955201507067e+01
-8.108906981292484772e+01
-1.636810419113273269e+02
-9.350306239563944644e+01
-6.774174634007337659e+01
-7.986425360125743111e+01
-6.187417474559723729e+01
-6.958033629814543986e+01
-6.243401906475735075e+01
-6.272307364757292447e+01
-9.701995314346903854e+01
-6.430489725875931128e+01
-6.026798899255908992e+01
-9.757003166158065710e+01
-7.047712921169062383e+01
-6.230453964759245622e+01
-6.574173810150934116e+01
-7.286138664168039725e+01
-9.794439131016068245e+01
-7.006612082004794217e+01
-7.255957731730180171e+01
-6.924473165527984975e+01
-6.240755357676651016e+01
-6.149388510240208916e+01
-7.505057426037707557e+01
-7.884156734619077156e+01
-7.396934273229751966e+01
-7.917852812639674198e+01
-9.680145130026068045e+01
-6.297838620842424717e+01
-1.175118819923852698e+02
-6.743772103404009499e+01
