-1.730417095204820157e+02
-1.642946005819648008e+02
-1.709792211130741180e+02
-1.838784574976636179e+02
-3.953311612441373768e+02
-2.232472872403728843e+02
-1.311204270481012202e+02
-1.547182752530352161e+02
-5.164129450561706562e+02
-1.394864231596039872e+02
-2.844320489025609504e+02
-2.338596326482547170e+02
-1.798373827506234477e+02
-1.407831235649485677e+02
-2.474858772974201031e+02
-1.832783674502335884e+02
-1.536360601475207659e+02
-3.392317212849117709e+02
-1.450093193958053917e+02
-1.998974097243138033e+02
-2.204894575505552154e+02
-1.363371416004409298e+02
-1.589691386676835236e+02
-1.489312289703829890e+02
-2.224454498602533192e+02
-7.102495461100256762e+02
-1.158901449698019661e+02
-2.164018938283191744e+02
-1.187476020935497587e+02
-1.252081189911140626e+02
-1.718965764783474981e+02
-1.771578766285499285e+02
-1.641388061273730727e+02
-1.245241488148923565e+02
-1.847954699589814140e+02
-3.243070365202807466e+02
-1.342064663120253840e+02
-1.377423568405271794e+02
-2.395205193952805871e+02
-2.159453010279520981e+02
-1.242457852144424493e+02
-1.696587370403910313e+02
-1.857263330363693115e+02
-2.091195504635122404e+02
-2.627106611886350152e+02
-1.377026969552178741e+02
-1.147881347027324637e+02
-1.682611632807987689e+02
-1.277878256125785867e+02
-2.293383860849968698e+02
-1.501483013337384307e+02
-2.234308940653212971e+02
-3.072883172813209285e+02
-1.550532024274735647e+02
-1.614317981621505567e+02
-2.475563233087443678e+02
-1.346116901680033493e+02
-1.844498461797404048e+02
-1.881685708212589248e+02
-1.641102971663223116e+02
-1.703396820033728432e+02
-1.326423892660948241e+02
-1.904590567795779350e+02
-1.390831428553426008e+02
-1.359858967719349039e+02
-1.831987178508543082e+02
-3.058206395809835954e+02
-3.528428208615804920e+02
-1.961798652924820203e+02
-2.792381929891784011e+02
-1.219258762079253415e+02
-2.936955855770930839e+02
-2.445554278838501716e+02
-2.447538137650111025e+02
-3.307752964351560649e+02
-1.537224526528077320e+02
-2.867590446111029223e+02
-1.701531758683287308e+02
-1.506232897744877448e+02
-2.155980212030851533e+02
-1.431207233945738722e+02
-1.732800666866202732e+02
-2.372663860090126207e+02
-1.243378380667469969e+02
-1.769743533391934136e+02
-1.876908745967691914e+02
-1.204344057485744344e+02
-3.047936681177276341e+02
-2.081704622514583320e+02
-1.620099832001752986e+02
-1.898049799349832938e+02
-2.540878852435692181e+02
-4.196256300784239670e+02
-1.576975539025451098e+02
-2.500327147418682614e+02
-2.288771200432331909e+02
-1.578248307611814596e+02
-1.870623961705439910e+02
-2.426626474558269422e+02
-1.965864295109501541e+02
-1.484976200400479627e+02
-1.930265749998468721e+02
-1.623743612264817955e+02
-1.420497081690137975e+02
-2.050963688572489048e+02
-2.332998691288203474e+02
-1.184557232266482316e+02
-2.557702325920116095e+02
-1.938037151857443519e+02
-2.109275598411823864e+02
-2.396510203909182053e+02
-1.845497593720010627e+02
-3.109403701481961662e+02
-2.374893990341369374e+02
-2.185405521800707049e+02
-2.001507254731179160e+02
-4.027668870718802054e+02
-1.915295956992886204e+02
-1.510615413390430888e+02
-2.146706456573260482e+02
-1.562466030758475881e+02
-2.193446871443536565e+02
-1.500168554905413032e+02
-2.410803361376063947e+02
-2.202149100642058670e+02
-1.300129300536640926e+02
-1.438051186171382483e+02
-1.725311818013949789e+02
-2.535001625318801644e+02
-1.496526668772714856e+02
-4.373232856390199004e+02
-1.705858837355400226e+02
-2.141944349764278286e+02
-3.202627068825862580e+02
-1.974570994797862511e+02
-2.103059395692176281e+02
-1.902556841461767760e+02
-1.292734965728527357e+02
-2.882644000346887765e+02
-1.821450168338782589e+02
-1.340118157459129407e+02
-1.153100370677167632e+02
-1.605497296002492362e+02
-2.030088821552268428e+02
-2.098891634057454212e+02
-1.340433592244307874e+02
-2.366849363085750326e+02
-1.477168327080217978e+02
-1.428824905331475179e+02
-1.685016626163758815e+02
-1.590784051906187528e+02
-1.504896940311126059e+02
-1.155589117437275064e+02
-2.842169904129073643e+02
-2.838844740605555330e+02
-1.772889737399817989e+02
-2.003217887441697371e+02
-2.347258396856984461e+02
-1.566875788653251504e+02
-2.500188181333788577e+02
-1.345199906326072607e+02
-2.319031220855836750e+02
-1.473729369056947576e+02
-1.483915754354461001e+02
-1.866179685949662712e+02
-1.647865325879280078e+02
-2.275595605338685914e+02
-1.754481579153717519e+02
-3.046086161155701006e+02
-1.827449613292216384e+02
-1.780828294183711478e+02
-1.225629300979257295e+02
-1.587474714342165782e+02
-1.286820404139481298e+02
-2.006745745739987683e+02
-1.777139558646027524e+02
-1.648272275929845136e+02
-1.198740107206275809e+02
-1.573291244628649395e+02
-1.476844358670331587e+02
-1.934620268562944716e+02
-2.142965413490779838e+02
-2.161344169372870283e+02
-1.414390983714219772e+02
-2.262925484595204182e+02
-1.483386372309384740e+02
-1.781132775773910453e+02
-1.790420958337041384e+02
-3.398301090916727958e+02
-3.014060766175773551e+02
-1.512043526198222594e+02
-1.431925106881812439e+02
-2.910263460338892401e+02
-1.565124040151435452e+02
-1.828128468521100842e+02
-1.900541673411830175e+02
-1.574911732888797644e+02
-2.154332800198862969e+02
-2.814417572900672440e+02
-2.204863258458775306e+02
-3.460458408624584763e+02
-1.517509637935558828e+02
-1.596686536302881905e+02
-2.219027451765742569e+02
-1.722666563290414672e+02
-1.262841451411497786e+02
-2.545552614022486466e+02
-1.442636009260681647e+02
-1.602186168597252731e+02
-1.883510017354445836e+02
-1.810541287161074422e+02
-1.601725721750445643e+02
-1.065760778169622114e+02
-3.040550295739287776e+02
-2.188009475456433108e+02
-2.803562339735891555e+02
-2.100358096680807307e+02
-1.292770397957414161e+02
-1.874866408637006430e+02
-1.852464315868809877e+02
-2.034528520606979214e+02
-1.487184654333081539e+02
-2.151588285922910586e+02
-1.157155021758249092e+02
-1.385963533770464835e+02
-9.844980626203442853e+01
-1.412950287839788075e+02
-5.817891718818763138e+02
-2.502698320396180804e+02
-1.742256018415801861e+02
-1.562868911709491044e+02
-1.678505923552316119e+02
-1.920421706360376106e+02
-2.199196182290088188e+02
-1.484894377088673707e+02
-1.154817319450946798e+02
-1.740439813025908506e+02
-1.711792049900915345e+02
-1.485496885837861214e+02
-1.573063421914488345e+02
-1.198783852319390064e+02
-1.961031671957253195e+02
-1.398659974944954456e+02
-1.919763051043136670e+02
-1.586139703008287256e+02
-1.449555624005990069e+02
-1.341595211663701264e+02
-1.641439526299048453e+02
-1.052592489170130818e+02
-1.429464826415608911e+02
-2.242488969833427177e+02
-1.570900796046623498e+02
-1.321046070168581252e+02
-1.978814587638511284e+02
-1.596819336759987209e+02
-1.267098418451372766e+02
-9.508347175456535183e+01
-1.582518326498422994e+02
-1.462495734307439079e+02
-1.455327093805323102e+02
-1.233329382059779249e+02
-2.945788589877693084e+02
-3.119615040754529787e+02
-1.385648480489498979e+02
-3.485596960689030652e+02
-2.156169237903793601e+02
-1.752672554123075201e+02
-2.045741404414369242e+02
-1.188923299157672204e+02
-2.108250019234250203e+02
-2.076563277033366148e+02
-1.744127330072734878e+02
-4.328802884576263068e+02
-4.410919726961099627e+02
-4.143270017909525222e+02
-1.463818418554117216e+02
-1.957903543841496230e+02
-2.638757480943270934e+02
-2.024265322508880161e+02
-1.876750181120555681e+02
-1.203226869598922235e+02
-1.183549642068945928e+02
-2.666130004498065773e+02
-2.261053663916244432e+02
-2.133036131731288663e+02
-1.288849187901411710e+02
-1.252702829540714902e+02
-2.315342861158283654e+02
-2.340689645342578444e+02
-1.649278929600227741e+02
-1.367911765886908597e+02
-1.310269663840304588e+02
-1.637894459372233484e+02
-2.760014678227170748e+02
-2.950116125936644949e+02
-3.589067230574612495e+02
-2.568124536958633257e+02
-1.993259700040003395e+02
-3.657155722551212307e+02
-1.520685586281999804e+02
-1.486582134246374665e+02
-2.352612873772031321e+02
-1.882400192493178110e+02
-3.795963388898009043e+02
-2.335408229363657711e+02
-3.348020935834694569e+02
-1.416655305574911665e+02
-1.162904917821714719e+02
-2.364791185666022670e+02
-3.205316504588193993e+02
-3.390556802383197805e+02
-2.812695586980018447e+02
-2.082637402935182536e+02
-2.181595880116204569e+02
-2.131523182911006984e+02
-3.406553989504446918e+02
-2.916370400559985683e+02
-2.454888275835296554e+02
-2.557936425849458715e+02
-2.410117942619770304e+02
-3.083865511212272850e+02
-1.326100187219714996e+02
-2.936200591451821538e+02
-2.003451330605535645e+02
-1.949740642057686557e+02
-2.424138572743379143e+02
-5.620729856614960909e+02
-2.193079979559044261e+02
-2.117791279385134260e+02
-1.704209202128456297e+02
-2.018350116587327250e+02
-1.815751946574205249e+02
-2.042873332444895595e+02
-2.051613567682271650e+02
-2.293553429291401073e+02
-1.972473867864623287e+02
-2.037265398803401695e+02
-3.657156886022046365e+02
-2.207288503600199761e+02
-2.512153989088461969e+02
-3.318725471060980681e+02
-2.228548082688982106e+02
-2.314512661220349514e+02
-2.403448602046575218e+02
-3.487726112716794660e+02
-1.883509083572910470e+02
-2.598410512900532581e+02
-1.802773687788617281e+02
-2.294041791814126441e+02
-2.084796257411758518e+02
-2.468694437888970583e+02
-2.136832584004612272e+02
-1.740340885516059188e+02
-2.601755577430319022e+02
-2.353293443204211997e+02
-2.964248800325910906e+02
-1.962109747124362400e+02
-2.710530479182054364e+02
-2.276087591903380769e+02
-2.789139656571161936e+02
-4.136605993988384853e+02
-3.130903564667677870e+02
-1.559387215006809413e+02
-1.850493426690708532e+02
-2.771923568184237183e+02
-2.167478519802685923e+02
-3.294710029803368343e+02
-2.601286405766717280e+02
-4.735856064899419380e+02
-1.671761224473203242e+02
-4.480610181127914871e+02
-3.620607329112373236e+02
-2.227540596091234875e+02
-2.642282112961162284e+02
-2.089778205014345076e+02
-1.580795936034872966e+02
-2.007167797657582469e+02
-2.018536874902195564e+02
-2.537780479670027773e+02
-2.164394594223583397e+02
-2.071762852600869564e+02
-1.235550787274973601e+02
-1.462444954695766342e+02
-1.969682349366740652e+02
-1.294320381237492938e+02
-1.407978650232684004e+02
-1.120083991658186022e+02
-2.539772298604291336e+02
-4.222719826869233088e+02
-2.530463258284853509e+02
-1.751066299937643862e+02
-1.626368159141468936e+02
-2.166070198364909345e+02
-1.462404477003082945e+02
-1.992163975677494818e+02
-2.271935596839207960e+02
-2.302624398230395855e+02
-2.141318584091712580e+02
-1.541223115266708135e+02
-1.875703146002707626e+02
-2.557438759062252132e+02
-1.194939937886285435e+02
-2.120153705046319601e+02
-1.201483335727474611e+02
-1.498067243746448298e+02
-2.935092094535602882e+02
-1.806669981140873915e+02
-2.319388907410484535e+02
-1.280720973846403865e+02
-3.176133799081940765e+02
-3.803841443606169719e+02
-3.070225749133730346e+02
-1.807073729759236471e+02
-1.465112503139249895e+02
-1.509078987173962503e+02
-2.083023196854250330e+02
-2.216235489271285815e+02
-2.086629315528464019e+02
-2.675808170865063289e+02
-1.828959011931382292e+02
-2.212682910048922054e+02
-2.559590452237182774e+02
-2.022456125265940727e+02
-2.426757521913449409e+02
-1.989444179872236305e+02
-1.482769632091716403e+02
-1.454825003428244088e+02
-1.428052268086644574e+02
-3.960000482068509200e+02
-1.911579571126326300e+02
-1.801063939308506292e+02
-2.072299773097307423e+02
-1.214809050413995948e+02
-1.541673521190686245e+02
-1.275498896431701752e+02
-1.821671844269060898e+02
-2.821278829136923605e+02
-1.750679263515765740e+02
-1.962187773375692927e+02
-1.462105312702189792e+02
-1.079247148024522289e+02
-1.420766903250498103e+02
-2.254795430975720194e+02
-1.588431279393614659e+02
-1.876751618919690827e+02
-4.160347216465573297e+02
-2.510471255426563459e+02
-6.082757842837168027e+02
-1.584327058574367300e+02
-2.237022227911029688e+02
-2.084277024505382485e+02
-4.175583373386322705e+02
-3.644862766487819954e+02
-2.936080790230565185e+02
-1.425852616204422816e+02
-2.865089409227772990e+02
-2.883868250518922309e+02
-1.969734829303285153e+02
-3.045749803486949645e+02
-1.116641467418784117e+02
-1.813521142930235897e+02
-1.416836477369402019e+02
-1.142347667671089511e+02
-2.413131127556693514e+02
-2.307476321106807973e+02
-1.915254745217695529e+02
-1.849666953378508083e+02
-1.740895681177235588e+02
-1.689414940902060209e+02
-4.110942046055145624e+02
-1.492763667897465325e+02
-2.402050366732178190e+02
-2.585167405255604649e+02
-1.859354968490518729e+02
-1.940366997351353291e+02
-2.737690508858493672e+02
-3.158623664775838051e+02
-1.662582583308034998e+02
-2.602223323577814540e+02
-3.398243983968498014e+02
-1.354592292805207308e+02
-1.591259650446846763e+02
-3.316056445807553814e+02
-1.689120884107260281e+02
-1.148131147669626557e+02
-2.655414323570898318e+02
-1.150192464236958472e+02
-2.376247078393431309e+02
-1.128676469565205309e+02
-2.193609835420341483e+02
-2.003233020594348943e+02
-1.346931303578874974e+02
-1.588384385371129213e+02
-1.198828395822883692e+02
-2.067509869804902962e+02
-1.793601712729867472e+02
-1.959859214744551252e+02
-1.746866243776705119e+02
-1.452990833308819845e+02
-1.546544419856176660e+02
-1.521427322512091678e+02
-1.277031991854962740e+02
-1.837226231543571657e+02
-2.216940077742780772e+02
-1.996966661177382321e+02
-1.503801678522961538e+02
-2.727779197444073134e+02
-1.153466622677872238e+02
-2.610534518192217206e+02
-1.423238068814061990e+02
-1.478565513286750956e+02
-2.279268921311271185e+02
-2.084575931990432878e+02
-2.150113997040394906e+02
-1.497219468013263395e+02
-7.326257756234434737e+02
-1.714517671578205409e+02
-1.192223494799771544e+02
-2.031456552521067636e+02
-1.189343780006931155e+02
-1.117586889789817377e+02
-1.624363508883305087e+02
-1.631965404502754780e+02
-2.522728821212224091e+02
-1.367566159967384749e+02
-3.375409997447306978e+02
-2.340354069826846342e+02
-2.109216058398780547e+02
-1.719363221944122131e+02
-1.903824088968610511e+02
-3.690686537445419049e+02
-2.838856142086450518e+02
-1.321110117472294974e+02
-2.150493805156133931e+02
-1.635723362712698759e+02
-1.282180102770988128e+02
-1.457845911466637006e+02
-1.363264675674136299e+02
-1.689762219970347132e+02
-2.641609306139304749e+02
-1.380478071216168701e+02
-2.229781754218979870e+02
-2.596285922391015220e+02
-1.388203091814501420e+02
-1.511707075478120714e+02
-1.991973199109320660e+02
-4.156566144927544997e+02
-1.229879005683949771e+02
-4.620003047492930364e+02
-2.692871281931694512e+02
-2.512124598034257303e+02
-2.473666322380301494e+02
-2.028621215759505105e+02
-2.280766974384862067e+02
-6.320858310624180376e+02
-8.531191144564868409e+02
-1.838494818647789373e+02
-2.421972692533808527e+02
-2.007476533706619080e+02
-1.265839551379303884e+03
-2.269467237107843687e+02
-1.758550625591328753e+02
-2.201173263316217685e+02
-3.218988280651551008e+02
-2.042285969773366787e+02
-2.828242897207802002e+02
-3.129607678236063180e+02
-2.442655887166377795e+02
-2.383708935486743030e+02
-1.958110566520670375e+02
-3.705401767931599011e+02
-2.934661024948725299e+02
-5.018538348510507490e+02
-3.522692980994908680e+02
-2.828565947272439871e+02
-2.337003428068011885e+02
-4.994670219647039175e+02
-3.126033511513842882e+02
-6.248152324378014555e+02
-2.978670298175235871e+02
-2.509513221111478458e+02
-1.993025056541596598e+02
-3.310247992679975937e+02
-4.264535961758203939e+02
-3.762280246706317826e+02
-3.422901779064950460e+02
-4.472149140286371107e+02
-2.613984700434451156e+02
-3.568830894946565309e+02
-5.717756469192853501e+02
-4.447594792509405579e+02
-5.428576746534307631e+02
-4.952199380202401926e+02
-4.304103665848008973e+02
-3.043281978364906877e+02
-2.907022808599043628e+02
-4.005299603803819082e+02
-3.195803036813397284e+02
-5.296736923210289660e+02
-3.667578163868191723e+02
-2.440338544354714543e+02
-2.092310208130385547e+02
-1.611624421571641790e+02
-3.175907779384055516e+02
-3.346810240500642522e+02
-2.911230007920974572e+02
-4.709358631929355852e+02
-3.658126067951727691e+02
-3.241104313729528030e+02
-2.269631413507472075e+02
-2.641156959463780822e+02
-1.566885905998165072e+02
-1.573947975078042418e+02
-4.112575090232709840e+02
-2.495031736031011462e+02
-3.530561208171528165e+02
-4.251005200597688258e+02
-2.666485655369884284e+02
-2.073263943378938450e+02
-1.848591192539128940e+02
-1.337923353084496512e+02
-4.347659441234806081e+02
-2.247919444234594835e+02
-1.689169201764771344e+02
-1.445646859245421183e+02
-2.056878187835253868e+02
-1.468133084631841427e+02
-2.072785957624860771e+02
-1.471443609711509168e+02
-1.820181047136244388e+02
-2.485632334968660757e+02
-2.260404687858781188e+02
-7.286502207235243986e+02
-2.392926477995724497e+02
-2.461010557645505230e+02
-3.398117398952652479e+02
-2.259057185042311175e+02
-1.106891290854802463e+02
-2.052050334278849846e+02
-2.162619542599262843e+02
-5.330209315413917466e+02
-2.895514171264618994e+02
-3.276118733456466998e+02
-2.826318140963708174e+02
-2.302779489880421124e+02
-1.207592687026177884e+02
-1.749282630193327179e+02
-1.703891523759278073e+02
-1.891678506874100947e+02
-2.948654951888401001e+02
-1.327863218818827704e+02
-1.574940372338367297e+03
-2.084902452531916026e+02
-2.824616322769668386e+02
-2.743954906180952094e+02
-1.871040019963453744e+02
-2.449943632656347745e+02
-1.367023496436439700e+02
-2.998973945922095936e+02
-1.194500632225391712e+02
-1.599873927413249532e+02
-2.477026274337067662e+02
-2.122501222776201644e+02
-2.716732196287809984e+02
-3.238576359978922596e+02
-1.647417829673753147e+02
-2.840909006822402034e+02
-1.701913268119289739e+02
-1.253231839093742934e+02
-3.003383649217912534e+02
-1.989122723310055676e+02
-3.904395844000964644e+02
-1.578829571258764304e+02
-2.533885078367153767e+02
-3.175347172804418392e+02
-1.169009215682938958e+02
-3.688463024320398631e+02
-1.498543986278787372e+02
-3.671244937597818421e+02
-1.517952104267057791e+02
-1.492463289836620959e+02
-2.838731470932713705e+02
-1.815280975418276626e+02
-3.421659692765528575e+02
-2.604034680291687209e+02
-2.215379074114411253e+02
-1.487981052210354278e+02
-2.331240853480053943e+02
-1.731711495908332097e+02
-2.351979242610594554e+02
-1.220825240268168699e+02
-1.942078490501396288e+02
-1.744745676636706548e+02
-1.610527700832622031e+02
-2.778571655537355696e+02
-1.689451286705194377e+02
-3.201186572170937552e+02
-2.017559313484227630e+02
-1.537802589163406424e+02
-1.825211145276589377e+02
-1.719237055740833000e+02
-1.203028442126756090e+02
-1.944229924417897166e+02
-2.023662118703220756e+02
-1.996971473917144806e+02
-4.600225797241751025e+02
-2.151287516053985200e+02
-2.229849642716873745e+02
-2.505150464506669152e+02
-1.745399226481799531e+02
-1.866810639055825050e+02
-2.639034791033640772e+02
-2.015457659278064853e+02
-1.560415620081998327e+02
-2.558216106430186016e+02
-1.474352175652451820e+02
-2.781064445402759588e+02
-1.811494121659351890e+02
-2.182524529890722818e+02
-2.637126336490962331e+02
-1.780555113646507834e+02
-3.716265455010000096e+02
-1.228241185066344769e+02
-1.139796609049301139e+02
-2.026261538676058649e+02
-4.160392245585562137e+02
-1.198724621870689049e+02
-3.989483833569397007e+02
-3.572670835537129506e+02
-1.829758945278203441e+02
-1.433747104078151438e+02
-1.867408451363009476e+02
-1.883387188302170046e+02
-3.996517996843467699e+02
-3.360517286853709038e+02
-1.576659059268518206e+02
-1.311176172801644668e+02
-1.486028447527727963e+02
-1.346682394908101230e+02
-1.304609130457267554e+02
-1.652453780956887215e+02
-2.533993915705765687e+02
-2.120068617157065205e+02
-3.119951016759494564e+02
-1.486735661914084687e+02
-1.585878581555156472e+02
-2.365299220740347153e+02
-2.466456652610907838e+02
-2.192308674867792320e+02
-2.482519725347755468e+02
-1.264600858560927179e+02
-1.528766966183461022e+02
-1.355527140332096394e+02
-1.634146198699135368e+02
-1.793094225920059728e+02
-1.697207182905950731e+02
-2.163302140695699904e+02
-2.744589136135656418e+02
-1.421187865355712745e+02
-1.584755351572297002e+02
-1.696701998774331628e+02
-1.733714532796215337e+02
-2.661404763287818014e+02
-3.946033791431347595e+02
-1.514639747473063096e+02
-3.847038334496687071e+02
-1.189643601169872085e+02
-2.466988723761539859e+02
-1.618046380429426563e+02
-1.340509108141947934e+02
-2.984580594996760396e+02
-1.540300256898533462e+02
-3.156402688064425206e+02
-3.198087293568698328e+02
-4.709596525995798970e+02
-3.849937827476046550e+02
-2.502604648561013789e+02
-1.857393539872150257e+02
-1.344997875374578200e+02
-1.502017889205677648e+02
-2.464586955959092336e+02
-3.902354496658696235e+02
-2.088947618436939422e+02
-1.543036353353056995e+02
-1.589473881740218815e+02
-1.484811632803196630e+02
-4.230931287733237696e+02
-2.840229800209216933e+02
-2.344249188043782794e+02
-2.341188408422386260e+02
-1.306184962794013416e+02
-3.668304859205316006e+02
-1.417245263762080185e+02
-1.500354717330928622e+02
-3.282304276591794974e+02
-1.281591800839476889e+02
-1.060593608546749351e+02
-3.645373943758574455e+02
-1.606113695862075303e+02
-1.866315510125444916e+02
-2.585035064498605379e+02
-3.092689706102498235e+02
-4.402313533171104609e+02
-9.192300119419295470e+02
-2.110067849047380548e+02
-2.674494300885305051e+02
-2.391935421326435289e+02
-1.844399697554131592e+02
-2.364273724120821214e+02
-1.787091912808430436e+02
-1.792068762556834542e+02
-2.307007535894815362e+02
-2.332861093945424784e+02
-6.193571811514125329e+02
-1.641476535647442461e+02
-1.172925724168425461e+02
-6.000205889547312381e+02
-1.235007920675067368e+02
-1.714693131120442047e+02
-1.783409504393623308e+02
-1.934504269728592760e+02
-1.469028255371470664e+02
-1.241451490838972518e+02
-1.643118149926756928e+02
-2.814152475152259854e+02
-2.052734777477290038e+02
-1.130495981283588378e+02
-1.354996160638127947e+02
-1.389091223547021343e+02
-2.356433371284667828e+02
-2.764826777638409681e+02
-2.457203669839812505e+02
-2.928712083089383782e+02
-1.374296046267120346e+02
-1.692711401734594290e+02
-1.049135674820395252e+02
-1.337235935654672403e+02
-2.055972539052995955e+02
-2.486569860409057924e+02
-2.486542820791785005e+02
-1.514206537129800267e+02
-1.452775634645763887e+02
-1.700472655110196740e+02
-2.043157957675006458e+02
-2.619238876144988240e+02
-1.648534191245150851e+02
-2.147152654916990286e+02
-1.321013714685270202e+02
-2.221380219058165437e+02
-3.065795704179913059e+02
-1.407333844668670508e+02
-2.509577288358076146e+02
-2.560402022567054132e+02
-1.721127917238290195e+02
-1.955825467418961807e+02
-1.301473868555432318e+02
-2.578171585833104018e+02
-1.647202539029610762e+02
-1.182042009377537113e+02
-2.859316925579620943e+02
-2.048456747860655298e+02
-1.954597587244740282e+02
-2.085560358681855178e+02
-2.069018687185298404e+02
-1.331039071567307417e+02
-1.840046505574421190e+02
-4.454462356184019427e+02
-1.957277582783765695e+02
-1.267236471145626240e+02
-2.101508252669197532e+02
-2.154322956606959565e+02
-2.092876093800477975e+02
-1.593490574802646904e+02
-1.693900644959061026e+02
-2.582550083640737739e+02
-2.300097575722233501e+02
-2.136906476595995912e+02
-1.170032861029467028e+02
-1.612584541166441170e+02
-1.507946828381591899e+02
-2.089148853738964817e+02
-2.806562308980634839e+02
-2.526252121296639643e+02
-1.559454277041349428e+02
-1.283918727272103411e+02
-1.456035425530167799e+02
-1.546939678231814241e+02
-1.654410984291018281e+02
-1.117849257585398135e+02
-1.641795741220355467e+02
-2.711366230565812430e+02
-2.431462198460958177e+02
-1.971020441395376679e+02
-1.249064037271119787e+02
-1.985859631700638488e+02
-1.807346029106661547e+02
-3.402294186832987748e+02
-2.201391231101380299e+02
-2.672611849560437918e+02
-1.574251540766578614e+02
-1.321551619640554236e+02
-1.477712952493537273e+02
-2.139154524239460500e+02
-2.181015908018010521e+02
-2.661317148100272334e+02
-3.445483676868121847e+02
-2.874370992101275419e+02
-1.936381254749511243e+02
-2.681545888986410660e+02
-1.979580636680452130e+02
-1.472943797247893656e+02
-1.986656222777781124e+02
-2.268282866820603658e+02
-2.735347687083808523e+02
-1.729400017186777063e+02
-2.067668424093982935e+02
-2.099886756115805042e+02
-1.970511781314054360e+02
-1.731055244275191001e+02
-2.136289459109079019e+02
-3.070648595776407319e+02
-1.699639811417064266e+02
-1.744703693608670108e+02
-2.244346959987557568e+02
-2.722118628521853907e+02
-1.561446863415993676e+02
-1.244001088246860860e+02
-1.423172683379734735e+02
-2.377606870071670357e+02
-2.471604343952338354e+02
-1.860078036889342457e+02
-1.868064287691826735e+02
-1.356639899106232861e+02
-1.958518295249380401e+02
-1.746361238896706993e+02
-1.440136400754551858e+02
-2.207760620723436489e+02
-2.112998911497942061e+02
-2.567833036157006177e+02
-1.841407048075779187e+02
-2.353971492909808205e+02
-1.705387772655709568e+02
-1.665961713724798017e+02
-2.752308256297357048e+02
-1.291338052021624492e+02
-2.261716875868242198e+02
-1.361025037739073866e+02
-1.858801307689423652e+02
-2.245942378441697826e+02
-2.666965297054537700e+02
-2.379080214342202737e+02
-2.205205027964343856e+02
-1.698661934988094231e+02
-6.403117607185017732e+02
-1.383450366338199728e+02
-2.381089807694845319e+02
-1.456804826690492121e+02
-1.645023734497426062e+02
-1.642378277537168287e+02
-1.354124445987379772e+02
-1.957427589716930640e+02
-3.392755389764441816e+02
-5.169246048466635557e+02
-1.722868140115814413e+02
-1.121065350612596774e+02
-2.304259692846665644e+02
-1.593009512636105001e+02
-2.312909039528886126e+02
-3.126632134774529277e+02
-3.183450739264193317e+02
-4.612410281451857372e+02
-1.340565655327757781e+02
-2.317940609621047940e+02
-1.689620473866000623e+02
-3.889059599883427154e+02
-4.133653217624748777e+02
-1.494695684369114588e+02
-1.880761773267078354e+02
-2.035613745478485725e+02
-3.554034752979233076e+02
-3.482370522331767120e+02
-4.243919796061935585e+02
-3.606886231453286769e+02
-3.594760064528910561e+02
-2.325622656476406007e+02
-4.573046568962518563e+02
-1.774538414419040464e+02
-2.038478051035207557e+02
-1.979987286262006023e+02
-3.163253330551905833e+02
-1.469705391196328321e+02
-1.472144941429373262e+02
-1.475393221231903453e+02
-1.845642661859752991e+02
-1.412577947693504257e+02
-2.324317780467214050e+02
-1.690959659807265609e+02
-1.807235928148157313e+02
-3.209055816538767658e+02
-4.295247809918373036e+02
-1.016460580306590060e+02
-1.744528986272639770e+02
-1.902159413764270539e+02
-1.204715866301660157e+02
-1.978909884757655675e+02
-2.165767078443325886e+02
-2.484693482938996567e+02
-3.007875217945442614e+02
-4.150845723503813929e+02
-1.804761061057458562e+02
-1.128446809720911261e+02
-1.526428911875614460e+02
-1.776082203957972467e+02
-1.550040230607801277e+02
-1.827484046908153914e+02
-1.482725554336496714e+02
-1.947799076674814955e+02
-1.925668507881314326e+02
-1.141648017486345594e+02
-2.831164069600373523e+02
-1.365523861049105960e+02
-1.650390095173527243e+02
-1.871771322555401582e+02
-2.842133022812658965e+02
-2.087803949748492300e+02
-1.395914377936023527e+02
-1.517080072748370299e+02
-1.471064443863183726e+02
-1.635570804182510756e+02
-1.317261282398893343e+02
-1.621647560361855653e+02
-1.830530802407870397e+02
-1.220458135177342456e+02
-1.677538112242340844e+02
-1.826480959870727645e+02
-1.726142745132042080e+02
-1.654901566093262772e+02
-2.051842910657433379e+02
-2.096727750916790285e+02
-1.384294102878667161e+02
-1.409192489166599955e+02
-1.710398879067519147e+02
-1.584151228767983639e+02
-1.828354009026026858e+02
-2.009406315213491325e+02
-2.122410938700056136e+02
-1.401348394634474346e+02
-2.281391275192166574e+02
-2.094120314579768092e+02
-2.746937413734927986e+02
-1.691829651092313611e+02
-1.692059053195231400e+02
-1.272363958104443213e+02
-3.856898066324031902e+02
-1.209784614376300169e+03
-1.527945587330943340e+02
-2.301196499193830505e+02
-2.554411521548823600e+02
-1.852538887408971675e+02
-1.457274136615363034e+02
-1.705329186485714956e+02
-1.592773141721810362e+02
-2.017118756633981036e+02
-2.029569010594910026e+02
-1.917768205068232987e+02
-1.158271282811595029e+02
-2.433233453500619135e+02
-2.189103128583253124e+02
-1.428499047682311414e+02
-1.951805580941564813e+02
-1.255722387554714459e+02
-1.414441727834312132e+02
-1.262608611654010957e+02
-1.392834851457733976e+02
-1.732989554374408385e+02
-3.145370332693013324e+02
-3.009211190778996183e+02
-1.287289145416645795e+02
-1.878871877849960583e+02
-2.025915642555375484e+02
-2.407488371184955156e+02
-1.770903662205381011e+02
-2.589337426435239422e+02
-1.220599725301650267e+02
-1.365308017202527537e+02
-1.578515896971485972e+02
-2.089311616507885958e+02
-2.085592825262938845e+02
-2.441895762888880483e+02
-1.460435350042983202e+02
-1.228318963199183713e+02
-3.173164472012695114e+02
-1.904603942134711190e+02
-1.930665322112711237e+02
-1.956897242218924475e+02
-1.743632899900027269e+02
-1.271069069427774849e+02
-1.989753981606037598e+02
-1.645965046206509328e+02
-1.227628339449650383e+02
-2.100164146444173809e+02
-1.330087708157972202e+02
-1.194152958202349168e+02
-2.603276892713229813e+02
-1.844681490992159070e+02
-1.368915415423483921e+02
-1.227259594606980357e+02
-1.613944015263081724e+02
-2.318896664888331145e+02
-1.600621958596831860e+02
-1.492314127446805969e+02
-2.041430267240455976e+02
-2.855027334173642544e+02
-3.256349764967684450e+02
-1.400408723387508587e+02
-1.391515280822843295e+02
-1.728526597085225660e+02
-1.482063753586144799e+02
-2.162292495773274368e+02
-2.209907284631798348e+02
-2.031881544498763787e+02
-2.154876657406071558e+02
-2.498284820270249895e+02
-1.885084465001086187e+02
-1.392509120239009519e+02
-2.110733347445362824e+02
-2.551971959957618310e+02
-1.616567214946265381e+02
-1.820565207257893405e+02
-2.034722874279395626e+02
-2.107909173207453648e+02
-2.631092793516158395e+02
-1.621370068952946895e+02
-1.577792932987584038e+02
-1.920731099855005084e+02
-1.558726089770142949e+02
-2.552043049620782824e+02
-3.275985520990307691e+02
-2.437379669791650656e+02
-1.810647365778739015e+02
-2.274853140853138029e+02
-1.227587838819802357e+02
-1.520227085433878642e+02
-7.729125014683372683e+02
-4.128220981295867205e+02
-2.303401077589284682e+02
-2.663770933645430432e+02
-1.415884751208308785e+02
-1.636681215441028030e+02
-1.260309483780984294e+02
-1.491331635923936574e+02
-2.256313637722777798e+02
-2.424813577278276284e+02
-2.791285037292889228e+02
-1.976099641518037231e+02
-1.697520281166300435e+02
-1.755372491850246206e+02
-1.319841017670012207e+02
-3.122799174520220618e+02
-3.030653684741413372e+02
-1.584831463868489720e+02
-1.638895317461359298e+02
-2.021957660917545354e+02
-1.776926730752569483e+02
-2.243542031432833994e+02
-1.528645376222406185e+02
-1.949194398256732939e+02
-1.809469913141983568e+02
-1.820455684325736740e+02
-2.794680662906288831e+02
-2.856917590966604052e+02
-2.465418207816909728e+02
-2.443891982373704366e+02
-2.508161993279819058e+02
-1.184549882015573417e+02
-1.572229472231369414e+02
-2.028904037942155867e+02
-1.746567431768734480e+02
-1.717181865214832328e+02
-2.458969127004242523e+02
-3.327179226843788911e+02
-2.565956809950487809e+02
-2.695667777826886322e+02
-2.314208724454409491e+02
-2.646724152723405723e+02
-3.201622528068160136e+02
-2.687836222586796566e+02
-2.115343370263810243e+02
-2.885820655867974551e+02
-1.370166946981852050e+02
-2.175728634451295136e+02
-2.054932473988923789e+02
-2.193413478253513063e+02
-1.672810757668368637e+02
-1.956441786755898704e+02
-1.620029815123104129e+02
-1.442260231676699505e+02
-1.739389245684112382e+02
-1.641045848967065695e+02
-2.055740704561820564e+02
-1.268782294458496125e+02
-3.888377280764968873e+02
-2.449293937135655881e+02
-2.368474879489024545e+02
-2.195982128462040066e+02
-2.070651067634307481e+02
-2.057514895543290265e+02
-2.885929724011558051e+02
-2.419537577258408021e+02
-1.275112924556213727e+02
-1.728333017182397384e+02
-2.026313629737052224e+02
-2.160336062012603122e+02
-2.037903623918496692e+02
-1.345384573759061198e+02
-1.816372029865917170e+02
-2.815807034318449951e+02
-1.227857810057379027e+02
-1.267911449161110511e+02
-1.927756414446525355e+02
-2.055029731182058299e+02
-1.739467592117906349e+02
-2.317338854477987979e+02
-1.236469478936188722e+02
-1.992968043552171764e+02
-2.609288916338133504e+02
-7.113503033631315020e+02
-3.211711389885459198e+02
-2.369247631153477016e+02
-1.981037552574324820e+02
-2.190215960415873155e+02
-1.945781921501555018e+02
-2.201579480205835750e+02
-2.122028797077788624e+02
-1.633874510757861742e+02
-1.310963228301605454e+02
-1.824806027329286735e+02
-2.059835576292524308e+02
-1.463856870909496593e+02
-1.941499228408896158e+02
-1.547546056543872055e+02
-2.121296633026092593e+02
-2.523406040816726943e+02
-1.823118454011413689e+02
-1.781294099233192583e+02
-1.087246289253848346e+02
-1.170975997424950492e+02
-3.021174556271689653e+02
-2.311222289625115991e+02
-3.029021329201053163e+02
-2.383665277147233610e+02
-2.215432894029027864e+02
-2.018413207056405270e+02
-2.229658386770687173e+02
-2.942620634292396176e+02
-1.751040831163585096e+02
-2.154469920414395858e+02
-1.332378431252807047e+02
-1.781277390667791849e+02
-1.947572373015396465e+02
-2.181820650910364066e+02
-2.051818873216913346e+02
-1.733436435534309510e+02
-1.613602574581378803e+02
-1.576422688473157621e+02
-1.277600516609593342e+02
-1.889781353297385351e+02
-3.106277441363372418e+02
-4.192211300126423339e+02
-2.589951997352247304e+02
-2.786598814060960763e+02
-2.966844001699348041e+02
-3.312031752128684730e+02
-2.889381955824335932e+02
-2.220377967222717928e+02
-1.839412440637599673e+02
-2.696076331846655876e+02
-1.556510805495758234e+02
-2.023462366029532973e+02
-2.742241489183149952e+02
-1.679354336297100758e+02
-1.683491551440529292e+02
-2.318253236731884499e+02
-1.841457510952041901e+02
-2.368391010722592398e+02
-2.154029764458903173e+02
-1.943770647469597748e+02
-1.235479210577847908e+02
-2.624868286013234524e+02
-2.005963068398215796e+02
-1.575215549378841615e+02
-1.197302979826632594e+02
-1.322358046336530037e+02
-1.261205437441521013e+02
-2.814047436347486268e+02
-1.402383176424253861e+02
-2.058346386419629539e+02
-2.450090272051384943e+02
-1.924786000585378076e+02
-1.913860206385465403e+02
-1.895154635863167414e+02
-1.176373935186905300e+02
-2.071236588138189632e+02
-1.990810713966752701e+02
-1.965987136658160068e+02
-1.484896214147570959e+02
-1.957827824305651632e+02
-1.148731646711676433e+02
-1.873640577374116845e+02
-1.521531849583950873e+02
-1.747171801959751178e+02
-1.888503626885956805e+02
-1.430437623534377281e+02
-1.469801213015443295e+02
-2.465574205027175481e+02
-2.547247367423390472e+02
-2.037776328559497472e+02
-2.734410150837981632e+02
-2.501018167366528928e+02
-2.163330075410286497e+02
-1.548113639882058408e+02
-1.577466094915193935e+02
-1.425514628390241398e+02
-1.938670286651680783e+02
-1.623903254472054414e+02
-1.254404395467664983e+02
-3.854270397379640940e+02
-3.721805119041468402e+02
-2.236055977183327172e+02
-2.137563232417081736e+02
-1.929804874588350003e+02
-2.656799812594908303e+02
-1.960199688976169057e+02
-1.755004355204826254e+02
-3.253416015261917664e+02
-3.079547463195531236e+02
-2.612891235578408100e+02
-2.417553126502522503e+02
-1.680758236049181562e+02
-1.810028558961447516e+02
-1.845194292955717685e+02
-2.413784887083485273e+02
-1.384953384973084667e+02
-1.675566723785329941e+02
-1.237604045214013695e+02
-1.653273030051713590e+02
-1.394494092907817162e+02
-1.708139988819914379e+02
-2.880789228000979847e+02
-1.935775871408808371e+02
-1.298111349029496182e+02
-1.386052046405822296e+02
-2.035950134374967035e+02
-1.992135870719077104e+02
-2.130521606061638806e+02
-2.141655768647174796e+02
-1.867639081614766496e+02
-1.478168046306658709e+02
-1.357262988883829280e+02
-2.072027405291392199e+02
-1.102290622165890710e+02
-1.404087454011290390e+02
-2.108199068358063641e+02
-1.422033628308052755e+02
-1.605935000406380766e+02
-1.836573739528232068e+02
-2.308882991648385143e+02
-1.194702659298566942e+02
-1.783227813162997961e+02
-1.965415195669691286e+02
-1.948124870538514415e+02
-1.943747223598850269e+02
-1.078709684652147871e+02
-1.913330609940190925e+02
-2.069098794312087932e+02
-1.936672494535927740e+02
-2.094317980480088295e+02
-3.186963621386342425e+02
-1.111923807914898532e+02
-2.203432715549615466e+02
-2.661168515457434296e+02
-1.361575723672681875e+02
-1.927700500113917883e+02
-1.507855905613948551e+02
-2.635001051834181567e+02
-2.118166516568441580e+02
-1.453887572231002707e+02
-2.662935126272157618e+02
-1.113303669695819025e+02
-1.810010996357582371e+02
-1.359275435854167995e+02
-1.953870708270671912e+02
-1.660193333900239736e+02
-2.519892027433118926e+02
-1.325844334430514380e+02
-1.597183949279171316e+02
-1.320649989545788401e+02
-1.664080674663513832e+02
-1.778150781652266801e+02
-1.947634195774260775e+02
-1.524243941943112759e+02
-1.481571804293236312e+02
-1.092828382866054255e+02
-1.597760591574032674e+02
-1.459097134238122919e+02
-2.611365512087424463e+02
-1.591263690099537484e+02
-1.144757951374956377e+02
-1.600402667918266388e+02
-1.798888775792104866e+02
-1.608268828203165413e+02
-1.840108805877841007e+02
-1.839822633383176367e+02
-1.960170149401006938e+02
-3.032269839527762088e+02
-1.829222030462251496e+02
-1.588229664581364489e+02
-1.438993173548797699e+02
-2.296802883372849351e+02
-1.240654700142601996e+02
-1.600639458052236819e+02
-2.133501970382098420e+02
-1.388449208620511115e+02
-1.376844181211504292e+02
-1.524753503893925881e+02
-6.583021033974976035e+02
-1.314582986301903986e+02
-2.147531106904016553e+02
-1.345051660864723715e+02
-2.322015915061916189e+02
-3.496313486478259733e+02
-1.814115294143676351e+02
-1.226846874043755093e+02
-1.685027357034361160e+02
-1.802984817801736313e+02
-1.825011720928093268e+02
-1.916484060349572474e+02
-1.417225156318797872e+02
-1.873858582739140104e+02
-3.819292959614233496e+02
-1.700130263791043035e+02
-2.435335866886065048e+02
-1.474238012174314747e+02
-1.218664120107286521e+02
-1.184235523769271339e+02
-2.223887495268743635e+02
-2.160826589963269271e+02
-2.312413202695059340e+02
-1.810027851703854367e+02
-2.971421655270675615e+02
-2.628820881756507788e+02
-1.266380532616453962e+02
-3.667440958396127826e+02
-4.451259477225380010e+02
-2.096700867042537197e+02
-1.787963134700941907e+02
-1.919242474037484669e+02
-1.899685908114936979e+02
-1.675043298792116104e+02
-1.723363211579354015e+02
-2.084060319124726846e+02
-1.547161294560362990e+02
-2.027858881614726556e+02
-2.938109957454877872e+02
-1.769294984272457327e+02
-1.940644610167694850e+02
-1.934333794685161649e+02
-1.708739701053169995e+02
-1.308231159541042814e+02
-1.447701995131818364e+02
-2.057765020050817952e+02
-1.331843458250718868e+02
-2.883364644564193782e+02
-1.275848847685818868e+02
-1.835346889749318677e+02
-1.904080467845706721e+02
-1.738460566127283471e+02
-2.057308631425263172e+02
-1.417652399654275257e+02
-4.650633589726879791e+02
-1.777241945993040133e+02
-2.929982064431164304e+02
-2.100079659571920843e+02
-6.777484393422790845e+02
-1.844084561969142158e+02
-1.264097172372598408e+02
-4.095006866585780472e+02
-2.201514904552855683e+02
-1.303474713673845145e+02
-1.903513726400582584e+02
-2.109811521787138133e+02
-5.008155556146549543e+02
-1.300285516102274244e+02
-1.769186388843548912e+02
-2.144044635132947008e+02
-3.496451608210367681e+02
-1.646525049632795685e+02
-1.297490497815988704e+02
-3.697751165701022842e+02
-5.221666019912784122e+02
-5.483051776466528281e+03
-2.131274153624528367e+02
-1.330147094140247930e+02
-1.429544764231574163e+02
-2.491820436499739344e+02
-3.110361664478501780e+02
-2.759705462333694754e+02
-1.371289946040923553e+02
-3.253903261510257607e+02
-1.716177553490223602e+02
-1.233807253403526119e+02
-1.994989169367846955e+02
-2.209397560190942613e+02
-1.848012685088417868e+02
-1.181580785013901789e+02
-1.484969116372877806e+02
-1.755183314939652917e+02
-3.060232231284047657e+02
-7.069444100540366890e+03
-3.535547233434613190e+02
-1.426894574297425606e+02
-1.267924832659960259e+02
-4.729592235790775590e+02
-2.426326313703247251e+03
-1.666806684305027204e+02
-1.432139437680875460e+02
-2.585665527054755444e+02
-1.385837377482573913e+02
-1.258138068258227946e+02
-3.475094710626979122e+02
-1.388609268921742341e+02
-5.588084836986075743e+02
-2.392678832556446480e+02
-1.489212562471542185e+02
-3.343354214402386333e+02
-1.766260606124070307e+02
-2.334056501607144583e+02
-1.228480697914648090e+02
-1.115091530874116899e+02
-1.706400633144733376e+02
-1.483381344880607458e+02
-2.897057603572296216e+02
-2.069750579451135479e+02
-5.650199913654747661e+02
-2.792668943136138751e+02
-1.717312593805278027e+02
-1.607392414289429041e+02
-1.466776451360574072e+02
-4.746179684190237822e+02
-2.292427084233130188e+02
-2.190700702690963624e+02
-1.234758499231627553e+02
-6.184365834267409809e+02
-4.448336195770041854e+02
-1.721532981132886277e+02
-3.036860505674085857e+02
-1.660408197471548988e+02
-1.356643934230560831e+02
-1.513928562132002185e+02
-3.259833424822087977e+02
-2.111791419258111944e+02
-1.633008188723466958e+02
-1.675502420124521734e+02
-1.554489002388347672e+02
-1.427301815754438792e+02
-1.420190264557319892e+02
-4.216050683448065683e+02
-2.186581270162593285e+02
-1.387002254922369957e+02
-1.689682901654017826e+02
-1.735143348331266964e+02
-1.717391470817352683e+02
-1.096599068143298439e+02
-2.304791517755077166e+02
-2.051613831668747139e+02
-1.709680097663506899e+02
-1.690147071303624671e+02
-1.650340766755611241e+02
-1.536653289496666730e+02
-1.743557180128701702e+02
-1.097507001759811374e+02
-1.406953303535987629e+02
-1.525682883850518863e+02
-1.465010381486543736e+02
-1.947555297488820543e+02
-1.294447260685527112e+02
-2.161955867348987681e+02
-1.872907317239621534e+02
-1.318548866050901722e+02
-1.224112832783458913e+02
-1.757961986205297933e+02
-1.157694848130656737e+02
-1.876993519827489365e+02
-1.308355134233991066e+02
-1.038913953771860292e+02
-1.562147113753925964e+02
-1.837759964387249454e+02
-1.824768925408668281e+02
-1.175330734053270447e+02
-1.721063909770232385e+02
-1.463667801142527480e+02
-1.792127818261454308e+02
-1.629725155534871988e+02
-1.061329553332241886e+02
-1.269472223173365819e+02
-1.123145250781903854e+02
-1.865066111685847545e+02
-1.331002472700700423e+02
-1.311041786792979735e+02
-1.815105220279936589e+02
-1.506435721100887974e+02
-1.418087364127038086e+02
-1.815158628079840923e+02
-1.881658287914956986e+02
-1.126588514947124651e+02
-1.155552416494913359e+02
-2.344410952075954526e+02
-1.432421328836618386e+02
-1.712250331528808260e+02
-1.097378629135693586e+02
-1.218468702724568828e+02
-1.757422742638368902e+02
-1.147275450107831176e+02
-1.434425581833109220e+02
-1.499242661267774395e+02
-1.889673020124731693e+02
-1.961589027867044592e+02
-1.322312328414972740e+02
-2.018003370726587207e+02
-1.816138211864409300e+02
-1.183069653903817056e+02
-1.276233075066955394e+02
-1.536705301079531125e+02
-1.193677961696159855e+02
-1.309202546518542079e+02
-1.233648512403204336e+02
-1.675302982006417665e+02
-1.190415968394937920e+02
-2.252032838718389769e+02
-1.241152017384170279e+02
-1.491742245048216660e+02
-1.278632752308120502e+02
-1.230101691510582640e+02
-1.265690603901584552e+02
-2.036910919181661086e+02
-1.510481387887436426e+02
-1.352757552792206468e+02
-1.534252241894383815e+02
-1.268367922597690978e+02
-1.252726575122516408e+02
-2.343038083525672448e+02
-1.536423635046409970e+02
-2.484628435843630427e+02
-1.997511072741390876e+02
-1.031530378917265267e+02
-2.179436690679458479e+02
-1.382531824642931610e+02
-1.525653026816525824e+02
-2.113051941720211175e+02
-1.229687735771172754e+02
-1.452389975374726419e+02
-1.529382197925215223e+02
-9.394999659170416351e+01
-1.572902830553505851e+02
-1.394121588021030220e+02
-1.665307440224139555e+02
-1.471399736674403300e+02
-1.161778319120310101e+02
-1.357933663733268759e+02
-1.594514920055838445e+02
-1.147224706868422572e+02
-1.337986725750806158e+02
-1.576902646408701116e+02
-1.212428514711670857e+02
-2.726238398513111747e+02
-1.059062983977283068e+02
-1.789655914163691364e+02
-1.264476633360941520e+02
-9.910390363440400563e+01
-1.548884182163464232e+02
-1.244347116858291002e+02
-1.489777282600647936e+02
-1.366112295900770732e+02
-1.394778296499808619e+02
-2.534528889642715228e+02
-2.328985268788285907e+02
-1.238724961748426949e+02
-1.312399021235710848e+02
-1.322592818813038775e+02
-2.138518932706928126e+02
-1.202779272951770508e+02
-2.196205066639016366e+02
-2.029127577448853685e+02
-1.334687813524432727e+02
-1.519334850119282123e+02
-3.128159880520561842e+02
-1.973388091234405692e+02
-1.872430336377080664e+02
-1.341432275176438509e+02
-1.470451341962991876e+02
-1.125288280226726414e+02
-1.385463966705128200e+02
-2.016642762788755761e+02
-1.423383863243817018e+02
-1.334279659799425986e+02
-1.207088976922970431e+02
-1.338723179388302640e+02
-1.999475766744662621e+02
-1.444217422211247026e+02
-2.838905973864347629e+02
-1.296293569487564525e+02
-1.290120633634882381e+02
-1.679555262502950654e+02
-1.524042452018852885e+02
-1.530783076167608101e+02
-1.056880746573106080e+02
-2.172992636028923812e+02
-1.429826670806060633e+02
-1.574916042797556770e+02
-1.552016378012819189e+02
-1.683517740434313339e+02
-1.264106473391495058e+02
-1.272825124129330732e+02
-1.316211475564129216e+02
-1.739305914036408183e+02
-1.250480695046469606e+02
-1.753337231066816173e+02
-1.700649530724779481e+02
-1.969108762765596339e+02
-1.904986393050570541e+02
-1.567018861124952309e+02
-1.483066000539884328e+02
-1.332301759309969214e+02
-2.697549157112334228e+02
-1.288439106507626946e+02
-1.247464685479522899e+02
-1.254369575783993440e+02
-1.661851732789476728e+02
-9.655268627714853835e+01
-1.157954092376079274e+02
-1.585438630402354647e+02
-1.116941504578441737e+02
-1.930685481411638307e+02
-1.028341259403596837e+02
-2.005558151309165282e+02
-1.562348407465837283e+02
-1.040251172111605911e+02
-2.762581438793591246e+02
-1.477136647320658653e+02
-1.572111288785664556e+02
-1.496472465436594064e+02
-1.037689512864995578e+02
-1.078997076399883213e+02
-2.163976252533833815e+02
-1.546357170146526983e+02
-1.635008847423812028e+02
-2.254092331454485532e+02
-1.625514872351972429e+02
-1.131786967902983605e+02
-1.442142868167127574e+02
-1.191760610470408182e+02
-1.306839812950896089e+02
-1.281248050721840457e+02
-1.143679500170560459e+02
-1.806752895751754693e+02
-1.451802628453982038e+02
-1.603557237535316631e+02
-1.259148602544896107e+02
-1.491660987503039166e+02
-2.063199146480029640e+02
-1.585715412179848727e+02
-1.427991354095848067e+02
-1.859828236824068313e+02
-1.320133558106147973e+02
-2.194034730392174879e+02
-1.134506305057820157e+02
-1.690989265497964595e+02
-1.105853812660998443e+02
-1.376001723117414031e+02
-1.180593140759517468e+02
-1.349775342099025011e+02
-1.666351823866676227e+02
-1.413709338887453555e+02
-1.419866532967646719e+02
-2.400595171755475121e+02
-1.590422016921668558e+02
-1.691420529410870870e+02
-1.686089649016418548e+02
-1.347916421087940364e+02
-1.599090174826928035e+02
-1.400408723387508587e+02
-2.511128290420714961e+02
-1.130213552977346012e+02
-1.579083547292383969e+02
-1.912769085871957486e+02
-1.835219814337421269e+02
-1.546790761722880063e+02
-1.881827962411972237e+02
-1.280052508869948724e+02
-2.116003895478895345e+02
-1.400528269058575859e+02
-1.331880931943944404e+02
-1.257228685013183735e+02
-1.318255153598918810e+02
-1.463861217196465248e+02
-1.264148389148119662e+02
-1.404061654313068743e+02
-1.398397415513719579e+02
-1.330159132358309932e+02
-1.441946666216153119e+02
-9.954304392235833632e+01
-1.480768166398783876e+02
-1.397861818703948416e+02
-1.619421098685819516e+02
-1.357931075580550271e+02
-1.205533625374398241e+02
-1.672805708093513033e+02
-1.641389794268520177e+02
-1.094239330362665896e+02
-1.416345629923384877e+02
-1.286129754910794247e+02
-1.287804791762419256e+02
-1.846380256347760849e+02
-1.325569109188585060e+02
-1.317735032268351176e+02
-1.466070665806165607e+02
-1.610753824140642223e+02
-1.291958310179291232e+02
-1.469812894457189998e+02
-1.633027917180731947e+02
-1.422064926612879674e+02
-1.255458000624243198e+02
-1.998940066715821331e+02
-1.727450536847027820e+02
-1.393930502486363423e+02
-1.300322026650063947e+02
-1.866021399716719316e+02
-2.016385669584621780e+02
-1.392216404781049164e+02
-1.402816616635997491e+02
-1.421417724338037374e+02
-1.111435906273204353e+02
-2.440678457852566510e+02
-2.170567358536331710e+02
-1.316319475035476785e+02
-1.241340769308268648e+02
-1.189989165218306795e+02
-1.275517011843308097e+02
-1.057504274005638081e+02
-2.003336516918487291e+02
-2.442003669596780071e+02
-1.612433968637689645e+02
-2.542391446666019874e+02
-1.862043832738514766e+02
-1.403318772180472820e+02
-1.642149117653201245e+02
-1.138489487992160747e+02
-1.189831681648625477e+02
-1.398738811425106974e+02
-1.441099857849350485e+02
-1.675442995316700774e+02
-1.391732292323458182e+02
-1.612756298250159261e+02
-2.378446834281533881e+02
-2.192312001077667105e+02
-1.817434702890760718e+02
-1.300828683498327223e+02
-2.015117484033446829e+02
-1.317795771391774053e+02
-1.533698401854190081e+02
-2.588292352735572877e+02
-1.126848830611133963e+02
-2.187858500420077235e+02
-1.050040304277193570e+02
-2.549641301082563700e+02
-1.275973548986989101e+02
-1.104651348379609459e+02
-1.139151223837925357e+02
-1.348291745234514281e+02
-1.182226774082762404e+02
-1.261847974897008839e+02
-1.523917421446040805e+02
-1.429420100526039050e+02
-1.323445615268042559e+02
-1.148700155547651036e+02
-1.273909511917260033e+02
-1.106962465589243294e+02
-1.472168226029706375e+02
-1.437630892786200434e+02
-1.480086751388062680e+02
-1.331375725082397707e+02
-1.485335222094250867e+02
-1.648470418552247736e+02
-1.442859406799656767e+02
-1.554185556680060643e+02
-1.280097052373442921e+02
-1.044736702908529509e+02
-1.347435442488282149e+02
-2.214527457197682452e+02
-1.721753865546386351e+02
-1.529552639970968642e+02
-1.199045805742888149e+02
-1.873706298462513473e+02
-1.819770177112666829e+02
-1.056517070131397276e+02
-1.118257477530600710e+02
-2.385908580379972932e+02
-1.784381411951830216e+02
-1.509268480797151994e+02
-1.762250910292738411e+02
-1.383964894877081804e+02
-1.098952824442925902e+02
-1.787954354878717140e+02
-1.131667951276212989e+02
-1.844615554613396000e+02
-1.206340855589613170e+02
-1.046258854095877382e+02
-1.277148537627938651e+02
-2.424405448414885598e+02
-1.389000962121970133e+02
-1.761079287187442901e+02
-1.907419196385783948e+02
-1.772483959847289441e+02
-2.045286251145467133e+02
-1.433085394259101406e+02
-1.133904527616718951e+02
-1.281034960373588092e+02
-1.475712555360722149e+02
-1.308468595354614763e+02
-1.333186685653529935e+02
-1.322815146549994836e+02
-1.406968814097215841e+02
-1.075938828507519673e+02
-1.353032801344088227e+02
-1.209371527778463502e+02
-1.416078031624508071e+02
-2.577986930295954835e+02
-1.683238621439147948e+02
-1.435604629690025149e+02
-1.137830834019422923e+02
-2.585431763210994518e+02
-1.451619644455016100e+02
-1.041144110885951193e+02
-1.602406068541232855e+02
-1.552525428440507369e+02
-1.916079431632025205e+02
-9.347386655759802920e+01
-1.488749038214927509e+02
-1.266457673019161945e+02
-2.110221787110214393e+02
-1.363284780190772096e+02
-1.207202084915518157e+02
-2.121620045345323149e+02
-1.146047567739905020e+02
-1.327022164787078111e+02
-1.799210954245620542e+02
-1.998605299079490578e+02
-1.988989182005563521e+02
-2.006542674394472670e+02
-1.069798483809988596e+02
-1.281784176670149975e+02
-1.068816158995048227e+02
-1.683369356625745468e+02
-1.252075956418835432e+02
-1.031982481966260963e+02
-1.583012329034494883e+02
-1.616019189554589275e+02
-1.291253298095290063e+02
-1.547364957597833950e+02
-1.587983127881030043e+02
-1.427639695067079515e+02
-1.451491984875758021e+02
-1.612895531086083736e+02
-1.765626127359202826e+02
-1.123195994021312458e+02
-1.101534478609974173e+02
-1.146814284082943658e+02
-1.505696619829459451e+02
-1.522112895985493708e+02
-1.586547550895613767e+02
-1.207100868333806574e+02
-1.122785705601594231e+02
-1.904020768812826532e+02
-1.432823909404636993e+02
-2.029177793848323859e+02
-1.411760594008533758e+02
-1.010791701598794390e+02
-1.495740188816595264e+02
-1.039674967929965277e+02
-1.280564528957545178e+02
-1.803789956245165058e+02
-2.562519513084245659e+02
-1.114798371605245961e+02
-1.945489165043313164e+02
-9.735647954387786740e+01
-2.060660053459562562e+02
-1.612468614126657656e+02
-2.123783176932326171e+02
-1.286069618300231525e+02
-1.743796223106104435e+02
-1.684177166414313831e+02
-1.778154536228400957e+02
-2.109496578815203804e+02
-1.059258294620504017e+02
-2.050404554852971728e+02
-1.036771389069062081e+02
-1.381426786040923389e+02
-1.717735272366055028e+02
-1.292995022092372892e+02
-1.812100698641876306e+02
-1.378730763649736559e+02
-1.767695955017479719e+02
-2.295216914217721751e+02
-1.113554894877959356e+02
-1.062064029901786597e+02
-1.686189564540799779e+02
-1.455162489677967699e+02
-1.714546697895609100e+02
-1.437651263324382001e+02
-1.303377780064883780e+02
-1.279835513921514831e+02
-1.232367850844640031e+02
-2.050375547582256104e+02
-1.307431739917919344e+02
-1.645614697429700470e+02
-1.423006213010410761e+02
-1.749216273878763275e+02
-1.270104104155040972e+02
-1.227853763042834885e+02
-1.760007865972384309e+02
-1.347172919357913656e+02
-1.995706290525053532e+02
-1.059720224183192983e+02
-9.684201269602507978e+01
-1.570352414697448751e+02
-1.812402965239333810e+02
-1.828078978315045333e+02
-1.423478567055551309e+02
-1.782592130425871346e+02
-2.275583443740641485e+02
-1.328221774332921541e+02
-2.229149153136219468e+02
-1.476910534253602805e+02
-2.036205629180147412e+02
-1.078130204958125375e+02
-1.349977430581152191e+02
-1.044429151555671638e+02
-1.873961170088825270e+02
-1.518663457090906093e+02
-1.790840833240031600e+02
-1.736819527768353169e+02
-1.595481322664887784e+02
-1.494898937212843180e+02
-1.491394947133125299e+02
-1.391797226945007537e+02
-1.981398229960165622e+02
-1.335590722640381216e+02
-1.938653632854576756e+02
-1.887370328672863593e+02
-1.660114259599046136e+02
-1.702409557751662419e+02
-1.305911859934851122e+02
-1.457360767868126175e+02
-1.736925627260378917e+02
-1.213678359765448391e+02
-1.473251335872831760e+02
-1.657411772218687815e+02
-1.309000769952404255e+02
-1.299281108686596440e+02
-1.471181931797479763e+02
-1.264568647311384382e+02
-1.590213017764296808e+02
-1.296337147396801583e+02
-1.392957182624459165e+02
-1.085338901092434298e+02
-2.580432969300082959e+02
-1.239946647452595414e+02
-2.016140572114719873e+02
-1.733403908335416475e+02
-1.068756791957817711e+02
-1.259155700723516702e+02
-1.635683437976619530e+02
-2.570658493781637617e+02
-1.542745516892879607e+02
-1.456523270306809366e+02
-1.113569942577737208e+02
-1.261171773020258939e+02
-1.678319614526598116e+02
-1.231473458561907108e+02
-2.078293786895143569e+02
-1.446901386494715496e+02
-1.515243840267203836e+02
-1.183561379601036094e+02
-1.508316914846031978e+02
-1.049786200859134908e+02
-1.091902336010555956e+02
-1.398461722025796519e+02
-2.096916031245432066e+02
-1.641395755262154239e+02
-1.918438233530898742e+02
-1.704204180730281166e+02
-2.859715096141670756e+02
-1.995933581104903567e+02
-1.708232629309420929e+02
-1.470338614891429643e+02
-1.553694847864047688e+02
-1.145829179742962936e+02
-1.633419311143873074e+02
-1.445488785238538867e+02
-1.101268090326904030e+02
-1.329377385328303660e+02
-2.022999793683058556e+02
-1.025990130767657007e+02
-1.327793499563852322e+02
-1.057504274005638223e+02
-1.526402192730259628e+02
-1.703670816405029882e+02
-1.348812529736158865e+02
-1.223063598823346467e+02
-2.011855804552323832e+02
-1.581157069554566590e+02
-1.422789200087289885e+02
-1.267943913149300528e+02
-1.168704669998294463e+02
-1.161457386419128284e+02
-1.076890333253591905e+02
-1.498952362523371562e+02
-2.429904891548059140e+02
-1.486318098397276515e+02
-1.356287231238416666e+02
-1.378723071012792616e+02
-1.720462965098053019e+02
-1.416056026683372977e+02
-1.862630798904325502e+02
-1.698161297210393172e+02
-1.646125183318617928e+02
-2.088789135403103501e+02
-2.402774694622583525e+02
-1.079461034443413183e+02
-1.274817777641671057e+02
-1.156840948873839636e+02
-1.331623558004607162e+02
-1.946388699066183392e+02
-1.812767695111821524e+02
-1.412936364053678915e+02
-1.470772824382093233e+02
-1.480004339047831365e+02
-1.587165509406131036e+02
-1.468522245483497386e+02
-1.081371981549107062e+02
-1.865000060733792111e+02
-1.321205037261480015e+02
-1.492432884816991816e+02
-2.267804584317492527e+02
-1.477281072253373964e+02
-1.470158720142236746e+02
-2.729280362288346282e+02
-1.844249042758319774e+02
-1.330609767457616783e+02
-1.044020931610469063e+02
-1.869903479325540445e+02
-1.480015329105419255e+02
-1.131350810730438354e+02
-1.775631139157405869e+02
-1.014224275257162162e+02
-1.184864354019077552e+02
-1.691847250648961278e+02
-1.078144951238325007e+02
-1.351245052147512808e+02
-1.512661596718906196e+02
-1.613058021740138486e+02
-1.058599646519728594e+02
-1.542473433186204375e+02
-3.028405394193032407e+02
-1.333465046795094224e+02
-1.198950592542028630e+02
-1.139458037370572185e+02
-1.155272516406616319e+02
-1.099691951266760412e+02
-1.729159583151763968e+02
-1.210141138189824659e+02
-1.619140219180739280e+02
-1.581178339139910065e+02
-1.430462822161903773e+02
-1.093844568205265944e+02
-1.448097289568815995e+02
-9.712805042205211237e+01
-1.585484210811403045e+02
-1.303984635643660397e+02
-1.346009560255866120e+02
-1.617526446359806016e+02
-1.181561460324620754e+02
-1.667311219755825960e+02
-1.282929600141865194e+02
-1.263969136070707577e+02
-1.426513861521355011e+02
-1.824238277596073488e+02
-1.251046398561353357e+02
-1.339630255817434659e+02
-1.456414662736835908e+02
-2.166317508967719618e+02
-1.567603276132060444e+02
-1.045517106257491804e+02
-2.127269551052546888e+02
-1.677393712134003181e+02
-1.189073812910253025e+02
-1.344645314098635254e+02
-1.164203759485296814e+02
-1.134191826725076453e+02
-1.572341457591365383e+02
-2.364801723389904851e+02
-1.404601315390553111e+02
-1.842956671282990726e+02
-1.170594999144045829e+02
-1.930902453142222157e+02
-1.104096214522402448e+02
-1.196242887697788149e+02
-2.423606602579610581e+02
-1.922790727209662407e+02
-1.671198243438308850e+02
-1.669663346050664359e+02
-1.054203919631749358e+02
-2.488920712016845016e+02
-2.267777652513636042e+02
-1.895799947932691794e+02
-1.091629135110790116e+02
-1.210583756402206319e+02
-1.119011609232376827e+02
-1.777273333190188396e+02
-1.852670550482284284e+02
-1.357345823436540115e+02
-1.428282469116596474e+02
-1.591440444376465848e+02
-1.417585830472577868e+02
-1.808147811653540202e+02
-1.259227144343904996e+02
-1.229693471565380207e+02
-1.338515371974339985e+02
-1.332128758872125331e+02
-1.130016509388288881e+02
-1.769276145844386008e+02
-1.974864866551413627e+02
-3.160979076858369012e+02
-1.494418399775331352e+02
-1.587817031305041269e+02
-1.487245644805533118e+02
-1.314619384125047361e+02
-1.135791467234406866e+02
-1.555791949380861467e+02
-1.379058497222079893e+02
-2.985115247587266367e+02
-2.632213819948401579e+02
-1.441345824508270823e+02
-1.802764349106168140e+02
-1.231424559496766591e+02
-1.865844580457892903e+02
-2.155941404069506859e+02
-1.274780788567920240e+02
-2.781586843126561917e+02
-1.876708618351916584e+02
-1.751658135305496558e+02
-1.290595273618429530e+02
-1.094932153145858109e+02
-1.229424899138041525e+02
-1.100467406597951339e+02
-1.194584664020767804e+02
-2.267910802382582460e+02
-1.356305456360688027e+02
-1.436937216890569289e+02
-1.507879006217636118e+02
-1.444788468787270972e+02
-1.714356694835551025e+02
-1.074749143156421667e+02
-1.091931155919127434e+02
-1.175579030181720270e+02
-1.431225005330751685e+02
-1.080388300055874424e+02
-1.385431897794385350e+02
-1.418737523112191923e+02
-1.633631595545835182e+02
-1.820860131399194586e+02
-1.256369783568224818e+02
-1.148860185477516325e+02
-1.363188551892563396e+02
-1.560988929325934294e+02
-1.244912820373175038e+02
-1.157646970414487839e+02
-1.633924070995018951e+02
-1.106669909078552934e+02
-1.832570864327653339e+02
-2.015219007748087279e+02
-1.387142978668963735e+02
-1.224394812100524348e+02
-9.469800602477330642e+01
-1.444750454784081910e+02
-1.463134941430712956e+02
-1.368329980835442257e+02
-1.191178020959179946e+02
-1.740235688711998989e+02
-1.133750411089575039e+02
-1.150556136327485888e+02
-1.436894012480157130e+02
-1.453602303739147601e+02
-1.302876599395793846e+02
-1.510755428270167045e+02
-1.374445566060929877e+02
-1.783559254579124911e+02
-1.459725617540930216e+02
-1.371080843694717544e+02
-1.468357592306163042e+02
-1.181722379486462131e+02
-2.220265710570995168e+02
-1.259578835137740072e+02
-1.938911446686996953e+02
-1.111515586858115086e+02
-1.472354564825422187e+02
-2.518434057172683254e+02
-1.178490157496888884e+02
-2.076176889277301711e+02
-1.113065568696426766e+02
-1.852849331204203907e+02
-1.676902437047385490e+02
-2.076468085743419749e+02
-1.411118022133501881e+02
-1.605767176547518034e+02
-1.661191396266243032e+02
-1.620928882734552587e+02
-1.038963151880825535e+02
-1.101863673649230293e+02
-9.684036834960032536e+01
-1.103169120541359831e+02
-1.383371516960272345e+02
-1.501362831766192016e+02
-1.990685203901210230e+02
-1.696743968038355206e+02
-1.768982387469478397e+02
-1.346299419069991927e+02
-1.518260405582271346e+02
-1.439990296501092075e+02
-1.393774476924694738e+02
-1.256290237733560105e+02
-1.301838092075296061e+02
-1.545477362007567876e+02
-1.778835041007397990e+02
-1.813909326165287723e+02
-1.324581569484687691e+02
-1.290959220607536793e+02
-1.118822472637513243e+02
-2.148553651440012402e+02
-1.761887909037024542e+02
-1.734799288831648028e+02
-1.165610011753783368e+02
-1.536894009201575386e+02
-1.200746525415005976e+02
-1.238860408821146706e+02
-2.086576099958470536e+02
-1.150931591060792982e+02
-1.981683381703824693e+02
-1.472785366460391288e+02
-1.123101079997129972e+02
-1.220864280878297308e+02
-2.832598442625063626e+02
-1.108523015973650843e+02
-1.273687011126632029e+02
-1.614503099116200246e+02
-1.671731997988304954e+02
-1.249216824740612566e+02
-1.778924961136363549e+02
-1.384685401829176215e+02
-1.387989727258847097e+02
-1.156183384273712704e+02
-9.388545807056659953e+01
-1.299278816290794509e+02
-1.644310355897601141e+02
-1.551845561711680546e+02
-1.434258534105530600e+02
-1.669538275894699098e+02
-1.165467081200279864e+02
-2.368684783989892821e+02
-2.431848352437835104e+02
-1.537515556362852749e+02
-1.642865778320611412e+02
-1.560996022232879170e+02
-1.205221217851537290e+02
-1.394476382189018580e+02
-2.022860781537298465e+02
-1.223206672830062587e+02
-1.361654400155866540e+02
-2.389074058773269655e+02
-1.683799230791374271e+02
-1.773934791333871317e+02
-1.139806073346947954e+02
-1.341689038243388836e+02
-1.194390018918035565e+02
-1.210956426406089292e+02
-1.928507453757273709e+02
-1.378660923661687718e+02
-1.358891494810936820e+02
-2.822646186380231370e+02
-1.523278714803650473e+02
-1.124860704670599034e+02
-1.835852413262026914e+02
-2.220948912010200331e+02
-1.150587226394358424e+02
-1.946621025079699905e+02
-1.518618705658206238e+02
-1.203718370841625784e+02
-1.200333951019737668e+02
-1.459003763419151483e+02
-1.058972738561311218e+02
-1.520675357079021239e+02
-1.064176448788157927e+02
-1.140830150639762195e+02
-1.470351903874073685e+02
-1.011232393856312655e+02
-1.591785310007812484e+02
-1.701397628284665586e+02
-1.146062632077407812e+02
-1.398870090477673216e+02
-1.411342223331228638e+02
-1.213851847951450651e+02
-1.646030281147799883e+02
-1.449142530925739436e+02
-1.741339396388038949e+02
-1.389676321963549128e+02
-1.586725426245788242e+02
-2.395677578741557738e+02
-1.004846862442886959e+02
-1.291728560471499350e+02
-1.769741449584390125e+02
-1.657572803485536781e+02
-1.174843853760547887e+02
-2.275680364007716605e+02
-2.449510044801760387e+02
-1.162956149476873975e+02
-1.352176288512363556e+02
-1.795250145535561899e+02
-1.190619804149482945e+02
-1.422371038114896180e+02
-3.303650665623065947e+02
-1.237638877871064125e+02
-1.412387779527974772e+02
-1.173507518485330792e+02
-1.157723619341455645e+02
-1.800390766220948535e+02
-1.306147379517898628e+02
-1.588197256645572111e+02
-1.548645965330960053e+02
-1.717045229017327586e+02
-1.725472959436271765e+02
-1.147916480869141083e+02
-2.103705095239028253e+02
-1.104220468663767321e+02
-1.132343926507072354e+02
-1.482740157778380024e+02
-1.780052434045760208e+02
-1.947687557415558786e+02
-1.616931388963485574e+02
-1.170351782236379847e+02
-1.788401658083550103e+02
-1.454574653839101188e+02
-1.235104527843057696e+02
-1.575652716130131523e+02
-1.461723067913842158e+02
-1.547369731304714264e+02
-1.307308254643752718e+02
-1.422390861927124206e+02
-1.534452723344034553e+02
-2.050402102624108522e+02
-1.052457548248200681e+02
-1.610591028239174420e+02
-1.387391390269092710e+02
-1.455772172793320181e+02
-1.117906821118412068e+02
-2.242582111993101535e+02
-1.151342090525520234e+02
-1.666039512264272560e+02
-1.080742638752171985e+02
-1.120835978858119120e+02
-1.367748399086023028e+02
-1.468024451075549166e+02
-1.480754237702077489e+02
-1.232733593423080833e+02
-2.623334316923834422e+02
-1.872160153675829122e+02
-1.113011078697345653e+02
-1.272213226337526351e+02
-1.408120368837111300e+02
-1.478382519622409745e+02
-1.127925598984281947e+02
-1.419941538983933640e+02
-1.313016449702909654e+02
-1.269487137379925343e+02
-1.495309720571595449e+02
-2.152301864908269238e+02
-1.789599954308650354e+02
-1.305200304404777114e+02
-1.515211454116357856e+02
-1.461809966738350113e+02
-1.178725381688084042e+02
-1.226542194698391057e+02
-1.610487060278050535e+02
-1.193277099956349900e+02
-1.856854492132463577e+02
-1.491839754042365485e+02
-1.412280230363359692e+02
-1.880471436228984885e+02
-1.353329744568945330e+02
-1.410829579942356702e+02
-1.282907453059615932e+02
-2.147737255363664133e+02
-1.188168843718690084e+02
-1.668763226634267482e+02
-1.690518390068838244e+02
-2.401455622232117264e+02
-1.168069865524629591e+02
-1.147666409244502148e+02
-1.352194942413370313e+02
-1.314409600512861687e+02
-1.191665922600874268e+02
-2.136421198280175986e+02
-1.109204470760062122e+02
-1.123706573294991671e+02
-1.035123808287073075e+02
-1.403510127726252961e+02
-1.199799660588700334e+02
-2.386960304422121055e+02
-1.062400781700248160e+02
-1.498480218171842466e+02
-1.185522548806452789e+02
-1.331090499870539645e+02
-2.353609003339979893e+02
-1.402798096906630860e+02
-1.044917053197365959e+02
-1.148279003253047250e+02
-1.561208283345859513e+02
-1.923535654825280119e+02
-1.629542093340795930e+02
-1.079906597503046441e+02
-2.733063422046670894e+02
-1.035640768096674407e+02
-1.154009014318647814e+02
-1.952261459508057158e+02
-1.656676398269537458e+02
-2.397482467468395271e+02
-1.138770184177732148e+02
-1.351904771709220086e+02
-2.321433239285190666e+02
-1.950652787608129586e+02
-1.036037133047342564e+02
-1.041026372658232049e+02
-1.146921954321359891e+02
-1.188168892416462654e+02
-1.650275195852269405e+02
-1.181738164033096581e+02
-1.374880821917464857e+02
-1.481078929265327986e+02
-2.028143772629710497e+02
-1.860472674233679982e+02
-1.343442476052275367e+02
-1.814198715737407781e+02
-1.508696182931434180e+02
-1.599869117238444574e+02
-2.335466036799161316e+02
-1.146391584698201171e+02
-1.177246041604733335e+02
-1.700348229180380031e+02
-1.163144485376246138e+02
-1.604863216894611924e+02
-1.385599168762580575e+02
-1.353992886161019271e+02
-1.969686754212195865e+02
-1.184438281049138766e+02
-1.473777043752330371e+02
-1.486580974886163347e+02
-1.508913728131284984e+02
-1.525771178702645727e+02
-1.231277446345116999e+02
-1.734250235397413178e+02
-1.593199686505166142e+02
-1.989590447419508337e+02
-1.407088499935794061e+02
-3.260660930056802158e+02
-1.159765918259734434e+02
-1.231234978363652743e+02
-1.422109153157457513e+02
-1.708835897412788825e+02
-1.542424059765761513e+02
-1.109764570379962976e+02
-1.714640878061779858e+02
-1.180830304914109519e+02
-1.830354471197435089e+02
-1.454962010321691537e+02
-1.085930576686323548e+02
-1.530408572934494487e+02
-1.591245215583722370e+02
-1.382562706106557187e+02
-1.594456043419941977e+02
-1.842153292909606535e+02
-1.490415459513172891e+02
-1.504945355563020541e+02
-1.178896775537465373e+02
-1.314064482686570443e+02
-2.224258448121817651e+02
-2.126162705960309154e+02
-1.066187737945262768e+02
-1.056086502236919529e+02
-1.337410015547629598e+02
-1.739748390490349550e+02
-1.409410347344415584e+02
-2.040690993850301709e+02
-1.953215720400966120e+02
-2.006476111932912261e+02
-1.388757542138813790e+02
-1.119261242631530138e+02
-1.440521886695574949e+02
-1.130903481692215564e+02
-1.539827500014591237e+02
-1.508862730167902271e+02
-1.824348441608797486e+02
-1.175641214033736190e+02
-1.369842509404526822e+02
-1.183406623574216638e+02
-1.073202030706774224e+02
-1.364217631097558296e+02
-1.579719124019019034e+02
-1.500242401593891088e+02
-1.429795663079246708e+02
-1.795194651936090224e+02
-1.461785648396667909e+02
-1.853651726065264143e+02
-1.108155220053549783e+02
-1.990422406320016364e+02
-2.079711455801108286e+02
-1.580523207141768580e+02
-1.124736479470613517e+02
-1.842946702252222622e+02
-1.839572269130495670e+02
-1.725773692022879686e+02
-1.178361705246375237e+02
-1.908171739759065701e+02
-1.020728366753029377e+02
-1.145373411317730472e+02
-1.235202067656644260e+02
-1.065765504066460352e+02
-1.896682077319727000e+02
-2.558930474356159266e+02
-1.701563024929168364e+02
-1.495812164608152557e+02
-1.572512451946093677e+02
-1.192693588166583680e+02
-1.299658291853776575e+02
-2.378375351321050744e+02
-1.486677675908339324e+02
-1.581876594073628155e+02
-1.183402528917296621e+02
-1.178172123001680660e+02
-1.300675109152175821e+02
-1.463201501990873226e+02
-1.546312545077829554e+02
-1.583237367036226431e+02
-1.607656378588134487e+02
-1.373778709830849607e+02
-1.426068738989540634e+02
-2.015267765773849362e+02
-2.030715516756186787e+02
-2.234562247041412490e+02
-1.243383452897312509e+02
-1.572809204542276404e+02
-1.251064348655404075e+02
-1.247464685479522899e+02
-1.832495512459861118e+02
-2.162484243626504394e+02
-1.550224306234204334e+02
-1.384749598116205220e+02
-1.428461228889766232e+02
-2.012892476558270118e+02
-2.178078248663948102e+02
-1.411549605628570134e+02
-2.546885647163008173e+02
-1.953093929443344905e+02
-1.318074856933237982e+02
-1.781809667231589458e+02
-1.465311050398134967e+02
-1.327608042852516803e+02
-1.683152424795377442e+02
-1.316938012222231009e+02
-1.708595874066413955e+02
-1.899776818533316032e+02
-1.508119502687217448e+02
-1.208782083575791830e+02
-1.647122857333119157e+02
-1.808227277284978527e+02
-1.072012550050555717e+02
-1.806472014499192937e+02
-1.576162860128795558e+02
-1.918894604650825784e+02
-2.153130724703908356e+02
-1.565079402959862023e+02
-1.409614385523165936e+02
-1.545758643818223277e+02
-2.069612357450106401e+02
-1.092007894849523950e+02
-1.363039331818210371e+02
-1.310611222306274044e+02
-2.351082570074315186e+02
-1.710254387560468956e+02
-1.783984346670163177e+02
-1.790600587234780505e+02
-1.186217228555766781e+02
-2.509407887274867051e+02
-2.383700943591372834e+02
-1.637511857471796475e+02
-1.348586079555946355e+02
-1.959372245976178704e+02
-1.524053728830729995e+02
-1.143251581658100662e+02
-1.240011848426892413e+02
-2.332699873855513886e+02
-1.204733316209842968e+02
-2.008589148530688533e+02
-1.120710648298103536e+02
-1.564716108943727022e+02
-2.189587466993043847e+02
-1.182568089710677839e+02
-1.219403356663803493e+02
-1.704090160294285283e+02
-1.205643321855507679e+02
-1.639916058793634193e+02
-1.597631866568353871e+02
-1.430901581658460202e+02
-1.771965154752060414e+02
-1.738808041151214070e+02
-1.166967361302910717e+02
-1.388028952209245119e+02
-2.496615607408526500e+02
-1.446569071546421128e+02
-1.480852664859884840e+02
-1.520204766941188836e+02
-1.507704619397592012e+02
-1.064286054641670347e+02
-1.644091311105711952e+02
-2.155994875415198635e+02
-1.181237420610863182e+02
-1.481826687155921718e+02
-1.502669391326240884e+02
-1.589163590085661042e+02
-1.710007177891773722e+02
-1.085928548205482684e+02
-1.796485530879922408e+02
-1.073795124532131666e+02
-1.249277008709439372e+02
-1.797812397226926464e+02
-1.725991861439884190e+02
-1.283619528856734746e+02
-1.784730592557065449e+02
-1.536133841489658778e+02
-2.011034294142724832e+02
-1.063716409719439184e+02
-1.184804170050250605e+02
-1.491154449842917984e+02
-1.379129881437840197e+02
-1.654258732503705289e+02
-1.135441914936599233e+02
-1.139806073346947812e+02
-1.302860399257198480e+02
-2.316295868187784208e+02
-1.023942287491731378e+02
-1.890272763075447813e+02
-1.509788000355972599e+02
-1.094363555562651698e+02
-1.334061601495229468e+02
-1.109222093971490182e+02
-1.161654093920324584e+02
-1.337927707534562103e+02
-1.518502833827462268e+02
-1.181314159541259841e+02
-1.197959495900284850e+02
-1.440790822763031258e+02
-1.096216284114716899e+02
-1.401286967355162005e+02
-1.393285117274987499e+02
-1.455080956374968082e+02
-1.105602587478858396e+02
-1.905649013483002250e+02
-1.505440094121514107e+02
-1.277141218989422242e+02
-1.902998539055497247e+02
-1.263430989239530362e+02
-1.224157376286952683e+02
-1.896935303275291176e+02
-1.216790852527984583e+02
-1.622558828622049703e+02
-1.075038346474853626e+02
-1.960795294518962351e+02
-1.591071128799421786e+02
-1.299402119452247746e+02
-1.458019923589443465e+02
-1.522477706586319641e+02
-1.700200549119905133e+02
-1.508145700450693596e+02
-2.485567917011399288e+02
-1.097116151087183766e+02
-1.605981556994727555e+02
-1.198304660252497484e+02
-1.384787342417057801e+02
-1.469762688214165962e+02
-1.594878596497547392e+02
-1.305180112956162759e+02
-1.623156854232216233e+02
-1.567995020468661664e+02
-1.213725603616574773e+02
-1.546986248678682045e+02
-1.388494311598174988e+02
-2.083695238001618861e+02
-1.322628800263961466e+02
-1.480272602371766766e+02
-2.502116859752995026e+02
-1.417211016147820715e+02
-2.255729527276635906e+02
-1.290132682090049627e+02
-1.266239680935161402e+02
-1.611233398491025355e+02
-1.198356584983210666e+02
-1.680136173752156310e+02
-1.445728183409956955e+02
-1.502631320676714495e+02
-1.723223249025870984e+02
-1.559586946432964396e+02
-1.366479477873625115e+02
-1.039346737901202857e+02
-1.019616497298659539e+02
-1.436454990273076646e+02
-1.964575122845873238e+02
-1.276178421123627942e+02
-1.613284903213586290e+02
-1.573456417018883826e+02
-1.231298862841232733e+02
-1.603676560357565393e+02
-1.598633193963322014e+02
-1.116696042185562590e+02
-1.308592550007201680e+02
-1.801845808423989297e+02
-2.698567715596092853e+02
-1.309066850639641189e+02
-1.355968747490709347e+02
-1.251487682829633314e+02
-2.188973340686116558e+02
-1.253780180279094481e+02
-1.362619290462760944e+02
-2.458745782465668697e+02
-1.512220770051735030e+02
-1.176291557313217169e+02
-1.447465626140066206e+02
-1.136929203924657372e+02
-1.212997542325185663e+02
-2.493540847257275459e+02
-1.456137689805259754e+02
-1.313288173005506962e+02
-1.449284660136191860e+02
-1.552984231697113842e+02
-1.310954685779631745e+02
-1.474131837920319015e+02
-1.081913629474243379e+02
-1.306932399718122326e+02
-1.324335318976980034e+02
-1.909410709564316733e+02
-1.016627229665754442e+02
-1.780363165362548727e+02
-1.782721842718040364e+02
-1.780823163397577673e+02
-2.249009810599447974e+02
-1.159648935319901142e+02
-1.697431241163547782e+02
-1.416714816953664808e+02
-2.138184545189764663e+02
-1.852456182833329592e+02
-1.634628691000837932e+02
-1.374661733510963870e+02
-1.864465191701353604e+02
-1.453640844741932199e+02
-1.177242953498608529e+02
-1.452425947188671955e+02
-1.195349948923442582e+02
-1.482956516416445254e+02
-2.522435227468035919e+02
-1.381204947998401735e+02
-1.545661163955415418e+02
-1.562152551633881217e+02
-1.351801564122255570e+02
-1.485272157279340774e+02
-1.226479379354355785e+02
-1.849088817814087236e+02
-1.941254301128213342e+02
-1.293315248197862388e+02
-1.381105303674868878e+02
-1.732169693437782882e+02
-1.867082118759142304e+02
-1.090550931282289184e+02
-2.798890187664163705e+02
-1.497241545236054208e+02
-1.404016403137080431e+02
-1.187077102009191947e+02
-1.182627113936366356e+02
-1.540394184509912634e+02
-1.103414759735990884e+02
-1.666026835189448434e+02
-1.117656031965234007e+02
-1.430642458159884711e+02
-1.731651158617349324e+02
-1.016296322787122506e+02
-1.256097181203861197e+02
-1.526483451664940105e+02
-1.257834831360176224e+02
-1.571318975632409831e+02
-1.379012472419403537e+02
-1.165832970201391703e+02
-1.133943636709739309e+02
-1.593215546275551446e+02
-1.052462419050315674e+02
-1.489309493515804945e+02
-1.799437169050683849e+02
-1.767628428587296412e+02
-1.461188996555332267e+02
-1.733310270043392620e+02
-1.341949935427589651e+02
-1.425786617958948455e+02
-1.146818331097488084e+02
-1.223595121930002279e+02
-1.617303967231925412e+02
-1.496562098659433673e+02
-1.081917893549739773e+02
-2.369564818099547097e+02
-1.926633168119219874e+02
-2.355725825247887997e+02
-1.033209510431790079e+02
-1.666791681198826041e+02
-1.268623298392465841e+02
-1.351223218326713038e+02
-1.210633735931707804e+02
-1.247682737259196131e+02
-2.192859277726054188e+02
-2.030805689413829498e+02
-9.920460309503171459e+01
-1.720660026985800926e+02
-2.011117353278910969e+02
-1.627737422984596662e+02
-1.584674031244775279e+02
-1.347942529769274813e+02
-1.207753323355450163e+02
-1.378514733923634594e+02
-1.299940974620166969e+02
-1.324659405895330053e+02
-1.609899629501789207e+02
-1.802928265239878272e+02
-1.087122324438497145e+02
-1.976727758541569244e+02
-2.983241053334759840e+02
-1.379744692165080266e+02
-1.862638159730844905e+02
-1.994448591617891964e+02
-1.985963823786802323e+02
-1.699862723661178165e+02
-1.189063862329218892e+02
-1.240607165382764947e+02
-1.251079462884430740e+02
-1.362139654520233307e+02
-1.680850435546273047e+02
-1.624752490596568180e+02
-1.624293201194709297e+02
-1.937635340031456792e+02
-2.243743246985725648e+02
-1.154067772605702658e+02
-2.045111441283545730e+02
-1.156880951854866311e+02
-1.257906846057389600e+02
-1.189472082274421325e+02
-1.043411958639961199e+02
-1.097128330475935059e+02
-1.799014024773501319e+02
-1.686576622537498054e+02
-1.108743913799670651e+02
-1.501977260226426552e+02
-1.391827306704168450e+02
-1.608558527772505897e+02
-1.717575062070004890e+02
-1.248744646693840394e+02
-1.558741981976724276e+02
-1.377301388969308675e+02
-1.760694624943988629e+02
-1.344321274384877540e+02
-1.194264426603992320e+02
-1.422188834853949402e+02
-1.402429479955470697e+02
-1.924105560547138793e+02
-1.300728473631988322e+02
-1.145661766508716681e+02
-1.353213573297313133e+02
-1.208594510463937155e+02
-2.980602572978048102e+02
-1.230589593152276962e+02
-1.167533730680257662e+02
-1.912424447259083422e+02
-1.100121244026231295e+02
-1.134590336853196249e+02
-1.242177872678921204e+02
-1.048258908844423303e+02
-2.129335974703791408e+02
-1.347072415999378734e+02
-1.210768834354905579e+02
-1.121002881119424046e+02
-1.209839117381487767e+02
-1.376176323374479011e+02
-1.589743651809095581e+02
-1.471658134763802650e+02
-1.139721893115503093e+02
-1.399669126488500126e+02
-1.968368459436137812e+02
-1.878838318054761771e+02
-2.539922733893361908e+02
-1.519641137718251116e+02
-1.409131243445292228e+02
-1.329688671664544586e+02
-1.384317218151604720e+02
-1.307201111220228995e+02
-1.323205926266897450e+02
-1.129997732119057900e+02
-1.368533082688193758e+02
-1.079212014182705701e+02
-1.285546274019669397e+02
-1.496058065865831281e+02
-2.246996058714339597e+02
-1.480635137860624297e+02
-1.444651615349638405e+02
-1.234203104630641690e+02
-1.878008081710196961e+02
-1.683973774500011018e+02
-1.580341731432334882e+02
-1.267134419432893111e+02
-1.414676552196105774e+02
-1.123225562691824706e+02
-1.117656031965234149e+02
-1.155171299824904452e+02
-1.059096963761297161e+02
-1.725317071386103862e+02
-1.290850199077702882e+02
-1.372685792950650239e+02
-2.772516754274038817e+02
-1.471903403281351643e+02
-1.444092853495720590e+02
-1.485800969625705079e+02
-1.604425702242347427e+02
-1.858686323809967007e+02
-1.546625252878016852e+02
-1.722033024381945552e+02
-1.568424862158287283e+02
-1.277809406498222131e+02
-1.317541542786525213e+02
-1.943981135477422129e+02
-1.061825928902394196e+02
-1.307754071918451189e+02
-1.156407082684441150e+02
-1.856891365287028748e+02
-1.598274161389506105e+02
-1.329624201836978727e+02
-1.554077083877264727e+02
-1.191080792346827479e+02
-1.401958507442872985e+02
-2.000264147009210092e+02
-1.176040018379064804e+02
-1.660488030209668580e+02
-1.347897970129822909e+02
-1.270453299109141767e+02
-1.494700108544998614e+02
-1.371270825629574404e+02
-1.353639874530701093e+02
-1.785952938649004977e+02
-2.228481519834602409e+02
-1.174862188022500931e+02
-1.475555189804172471e+02
-2.220994756220115960e+02
-1.254546568000285305e+02
-1.334706986706605107e+02
-1.210550463495057443e+02
-2.803555672559885465e+02
-1.501348510505158913e+02
-1.698736561527064453e+02
-1.366252383009065454e+02
-1.105492078721989060e+02
-1.243749801431576429e+02
-1.482545357164046891e+02
-1.062654297600810196e+02
-1.774999459046259460e+02
-3.179558818131914109e+02
-1.155496031117839095e+02
-1.511762926748545794e+02
-2.240428756623782647e+02
-1.501740212691464933e+02
-2.107033400577432474e+02
-2.243734057033388183e+02
-1.419308498283384665e+02
-1.463270246216606552e+02
-1.069456478705833291e+02
-1.314641015592574149e+02
-1.351899901512765041e+02
-1.429276715816623096e+02
-2.094212076823847610e+02
-1.504167357046777909e+02
-1.301030710571502311e+02
-1.152620321171900883e+02
-1.497979972019321337e+02
-1.020349695469152920e+02
-1.964943167786229594e+02
-1.473727603097752592e+02
-1.127250645102394202e+02
-1.136848507983145140e+02
-1.117794193440424237e+02
-1.402409085840671708e+02
-1.836049896054738610e+02
-2.408124054965597338e+02
-1.942109914082955981e+02
-1.202867004489525016e+02
-1.121134298255118580e+02
-1.654669341336540924e+02
-2.002901973943968414e+02
-1.450733210280571370e+02
-1.453275996822643776e+02
-1.062780500556397527e+02
-1.767087465658889869e+02
-1.217674834792471472e+02
-1.538279964090333749e+02
-1.587075887210227449e+02
-1.168727506913272123e+02
-1.242430380950704603e+02
-1.269221213156892816e+02
-1.792968526006856393e+02
-1.107539403512686107e+02
-1.491126254288683413e+02
-2.003504361752655711e+02
-9.135388220823031702e+01
-1.540754196085624130e+02
-2.380201798114840130e+02
-2.588450560580844808e+02
-1.407685233288993913e+02
-2.113165507310649502e+02
-1.214354495873344604e+02
-1.505827361665943727e+02
-1.803947836159982216e+02
-1.739631741816833994e+02
-1.934635939939836078e+02
-1.499673834007243443e+02
-2.636953475937642111e+02
-1.797497716651399742e+02
-1.479999494253478360e+02
-2.215467768200232968e+02
-1.163924420902095562e+02
-1.776335180356255421e+02
-1.636117848076658845e+02
-1.611163696202321773e+02
-1.782248827343547930e+02
-1.456119007744145222e+02
-1.792914012649214897e+02
-1.090550931282289184e+02
-1.042184566552717229e+02
-1.498862316497032339e+02
-1.165503692026861842e+02
-1.670649313309602917e+02
-1.285085853131702152e+02
-1.905071591183611588e+02
-1.118301417176609647e+02
-1.330046502304267051e+02
-1.148810345421867396e+02
-1.373616089140537895e+02
-1.229600239680378024e+02
-2.633752356818167186e+02
-1.745922555164174526e+02
-1.862846184611764784e+02
-1.544019996843429965e+02
-1.793450966530856476e+02
-1.810679102122705046e+02
-1.621971728123043590e+02
-1.373094041197514059e+02
-1.483884755323940965e+02
-1.892809452405036268e+02
-1.138232442480388897e+02
-1.290462192100851553e+02
-1.603709087166484153e+02
-1.682015590329145596e+02
-1.526215602901561681e+02
-2.119904811205227588e+02
-1.208787967290924428e+02
-1.616712805177851919e+02
-1.685563753056454459e+02
-1.309008365390476172e+02
-1.139908125059680941e+02
-1.429865120816852482e+02
-2.148534221690092068e+02
-1.114441306647773757e+02
-1.386414624404524147e+02
-1.368111564715809720e+02
-9.835097045906972824e+01
-1.199451893699989142e+02
-9.278071937703805361e+01
-1.687823856937447999e+02
-1.164234676076937802e+02
-1.090567022084310480e+02
-2.303242213263064286e+02
-1.507127830187691870e+02
-1.230108944137778337e+02
-1.101801441099441519e+02
-1.379867808825773920e+02
-1.149335280502180581e+02
-1.167221431891107102e+02
-1.714949629396534192e+02
-1.502227136530298424e+02
-1.237929018062419431e+02
-1.376015200189884808e+02
-2.261159400235288501e+02
-1.834101535423095868e+02
-1.488021758795665050e+02
-1.284253841444305237e+02
-1.290117109948504890e+02
-2.306337042415130441e+02
-1.358537681753189759e+02
-9.646927903547374683e+01
-1.363270345168780864e+02
-1.603772218899018753e+02
-1.330018749626120780e+02
-1.477015865475510452e+02
-1.650050372995926580e+02
-2.052424586507441973e+02
-1.560945209319083347e+02
-1.898327909015808359e+02
-2.344971734834027473e+02
-1.232424799443393937e+02
-1.226081665849833229e+02
-1.915024865031151364e+02
-1.807501839708812668e+02
-1.194773744741802091e+02
-1.332445670218666862e+02
-1.811782231104613174e+02
-1.315286606039590538e+02
-1.174226218410999394e+02
-1.307238267164865988e+02
-1.139499905114478366e+02
-1.143049193907956891e+02
-1.363443232237077893e+02
-1.067172286139446271e+02
-1.289759469734487141e+02
-1.683583094854528497e+02
-1.568998124448596343e+02
-1.936846278020921943e+02
-1.516574135551071834e+02
-1.298162092268904928e+02
-1.882084371458588805e+02
-1.367737855614318789e+02
-1.384015446030146563e+02
-1.475955053488258386e+02
-1.172153455062794194e+02
-1.227160674177987545e+02
-1.767817445504065006e+02
-1.179619246240810497e+02
-1.542619378145533346e+02
-2.600314468015664033e+02
-1.339638687239123271e+02
-1.258002364443842538e+02
-1.430801299976086511e+02
-1.502651274892451170e+02
-1.038599475439116731e+02
-1.183429632192490288e+02
-1.234926163456546249e+02
-1.071101433621491310e+02
-1.121337944766961670e+02
-1.236428265361347201e+02
-1.111350620681729424e+02
-1.181056196353393943e+02
-1.676803840832757828e+02
-1.361774954557832302e+02
-1.421120657402198901e+02
-1.184608501229876794e+02
-1.557179223993635162e+02
-1.289509764223842581e+02
