3.205672761190207609e+00
1.403216132729689480e+00
1.438367158290430714e+00
1.420061836568679237e+00
1.235357399746055629e+00
2.385041167792922412e+00
1.211762999297951948e+00
2.124677252548555106e+00
2.621353698429637280e+00
2.290350295151956761e+00
1.245271622562076796e+00
1.199739332413452209e+00
1.331320159115771284e+00
1.947223925316863502e+00
1.322054086562512998e+00
1.345625636656906599e+00
1.918267874479314239e+00
1.744325324322300919e+00
2.193519582912534016e+00
1.334473628157432978e+00
1.816708191567132369e+00
2.095833195809441829e+00
1.198809042767693178e+00
1.245528846646840604e+00
1.691851652999181166e+00
1.865490493220869572e+00
2.084516659387685156e+00
2.425154675238976321e+00
1.236405328000083292e+00
1.318024010434107884e+00
1.904167165843670739e+00
1.371101618268183442e+00
1.513168940743126578e+00
1.563173174397369136e+00
2.016575461416100445e+00
2.098788048175441290e+00
3.125314032140885434e+00
1.552063753689637338e+00
1.988410885568137498e+00
1.319321271094868075e+00
2.912356856361468793e+00
2.228256026786943345e+00
2.410456673299004926e+00
2.947118055920329383e+00
2.277302512515806843e+00
1.525339551122601556e+00
1.679563856173448277e+00
1.523778266623938116e+00
1.886624518115712412e+00
2.925435026407954275e+00
1.544490405696835378e+00
1.882185639211430672e+00
1.946596146254378823e+00
3.397230798461777113e+00
1.116654739184299583e+00
2.116726357413135862e+00
2.206113607751587491e+00
1.735724384470317849e+00
2.358911312800847426e+00
1.362212705923437683e+00
2.412311729348742162e+00
2.115013263645902697e+00
1.555055203729740487e+00
2.437669317160016114e+00
1.827505291254989173e+00
1.668727706907872310e+00
1.525054299973665373e+00
1.701952479891319259e+00
2.222775928219908881e+00
1.363316147941223244e+00
2.200122548748841389e+00
2.009769531845145174e+00
3.243046035258422943e+00
1.329325088703969815e+00
1.340986098665036819e+00
2.189530526481850536e+00
2.084504224290306240e+00
1.731900003816926326e+00
2.284144604894327912e+00
1.532070265145101473e+00
4.089347060074362439e+00
2.358181249996638584e+00
1.798590015550415311e+00
1.509706296951784488e+00
1.511598864030809342e+00
3.304940807676134629e+00
1.334776171774304521e+00
1.958421936102566319e+00
1.617141130064263743e+00
2.686365594590056638e+00
1.527058528984977182e+00
1.433580895734826388e+00
1.635920173003955425e+00
1.457614717440307350e+00
2.858381332332977642e+00
1.682252544984474518e+00
2.009147803504631291e+00
1.273584374152943344e+00
1.824184720563272410e+00
2.117135352468888509e+00
2.342033593500499666e+00
2.252130353069166535e+00
1.416802558551175428e+00
2.112956945849945978e+00
3.473779318431070795e+00
2.077536443367109520e+00
2.734940402097303380e+00
1.427186950863276405e+00
1.383736390074799649e+00
1.510702310194229847e+00
1.609913918817280631e+00
2.629103843031713961e+00
2.033436989792841043e+00
1.465223399876073751e+00
1.417193034376714511e+00
1.594648720454777013e+00
3.115202213934857411e+00
3.014688288445309450e+00
2.219484110602080840e+00
1.680107974465800513e+00
1.398963146116800171e+00
1.952418474535706272e+00
1.795952261599760735e+00
3.094137420764930813e+00
1.023766621047777159e+00
1.296864626264830234e+00
1.881263544141545729e+00
2.532761762487234058e+00
1.627815517953353552e+00
2.873413802694535502e+00
1.441632755254198317e+00
2.360030219970226995e+00
1.352756529861959045e+00
1.546653471786176848e+00
2.474381315032875950e+00
1.927444746922641450e+00
3.304888720856441253e+00
1.379306303384172150e+00
1.401913482803484268e+00
1.330508614037306359e+00
1.472129958469229782e+00
1.347223600110359687e+00
1.595880079279085262e+00
1.739772589783533885e+00
1.677893749395743983e+00
1.525726102501582693e+00
1.661702622678661978e+00
1.992634222074176842e+00
2.587209302134533928e+00
2.616990697166488467e+00
1.756744865917221121e+00
2.697436624786640813e+00
2.753700176700081048e+00
3.222192420427520076e+00
1.327763804205306375e+00
1.406830150938479962e+00
1.370385981043020562e+00
1.941557245648975805e+00
1.403689997513845045e+00
1.358111507313465305e+00
3.424236684791142959e+00
3.247376460672001031e+00
1.587517827249724567e+00
1.899833783728685610e+00
1.635708050669797853e+00
1.797538529235685356e+00
1.824365432901024597e+00
1.621280939615068917e+00
1.682314132729358258e+00
1.253398895395431145e+00
2.013792951786626428e+00
2.164995220849134760e+00
2.037183645977052482e+00
1.314335982890891819e+00
2.441471473497886180e+00
1.348179178571786929e+00
1.765551931580701783e+00
2.886751621066987905e+00
1.569882181780476227e+00
2.315300309792418965e+00
2.506543831720276838e+00
1.872061676166776323e+00
2.379852499774997021e+00
1.512981597272565093e+00
1.486918405194720405e+00
1.704733968678109335e+00
2.042574861650324980e+00
2.207872607174371282e+00
1.718181736742359300e+00
1.981295380056213196e+00
1.659610847691217694e+00
1.990033445625139619e+00
2.138441515401212190e+00
1.631749632029145580e+00
1.269277557526422573e+00
2.107023951336812750e+00
3.736144483951820749e+00
1.665498918825391694e+00
1.285026229455755509e+00
1.650527187005390140e+00
1.553778586080774460e+00
1.404096495642661813e+00
1.577693595379932479e+00
1.544964270480991164e+00
2.616039102450841813e+00
1.546730884068812095e+00
1.801638091295143962e+00
2.410563087739799659e+00
1.877748302584500317e+00
1.598481167914667989e+00
1.786145490818234149e+00
2.917261487893945571e+00
1.343836405286333635e+00
2.383061054737765083e+00
1.534237255681001111e+00
1.593098590492295408e+00
1.739298922764905164e+00
1.757288815589243658e+00
1.815634087469650382e+00
2.200071389768125663e+00
1.730394622727030818e+00
2.613199052360757779e+00
1.926674315197596021e+00
1.792793182267974128e+00
2.145145110259720767e+00
2.592530204716834152e+00
3.499962142601101611e+00
2.216252156177533461e+00
1.343209714905561958e+00
2.792318505618133440e+00
1.735559292396652298e+00
3.380195213837206669e+00
1.940707842549246331e+00
2.933742709028637208e+00
1.318189102507773214e+00
3.734918314704531728e+00
3.081544393672956073e+00
1.888400814512297465e+00
2.373141941179384151e+00
1.866096397023631503e+00
1.523668533201537834e+00
2.173268068371789763e+00
2.042232467551674535e+00
2.157334047589532844e+00
1.738605903322494317e+00
2.201416119691123718e+00
1.412662917620699954e+00
1.953393985359288543e+00
1.883354996705386419e+00
1.455829410516293221e+00
2.112714234091396026e+00
1.736008234750995305e+00
1.704604415321072652e+00
2.169395128820271967e+00
1.575688821611117785e+00
1.614961591488481396e+00
2.552522404104329734e+00
1.540415460388782742e+00
2.175840965558843099e+00
1.604549836965575071e+00
2.060875795102637742e+00
2.788277892918502587e+00
2.577373844261959146e+00
2.275736216763839970e+00
1.406987717851851505e+00
1.748684119911031898e+00
1.705031045571070880e+00
1.547515141362955315e+00
1.676279397253157111e+00
2.101283723210748633e+00
1.863161666961316909e+00
1.788016840982764810e+00
1.439864909418449468e+00
1.209745821055469905e+00
1.467152740183050863e+00
1.739127601597621142e+00
2.440145736842080471e+00
1.284110729865344913e+00
1.411965973731730939e+00
3.229376576374508812e+00
2.630109382693153641e+00
3.911806764258758395e+00
1.493624304700288397e+00
1.364260571866468874e+00
1.370324591063663444e+00
3.259490110558571629e+00
2.925824228706794372e+00
1.702052509956706539e+00
1.472875174486056205e+00
1.476479362887492819e+00
1.895616364129719011e+00
2.452827056112752313e+00
1.713101182747727824e+00
2.818220761245262107e+00
1.400917103175183032e+00
1.332309943264598395e+00
1.825302013318864436e+00
2.051585343558035568e+00
1.206614459844488785e+00
2.706375316763105499e+00
1.888962013249876559e+00
2.629308478489809531e+00
1.641449777265810983e+00
1.893410931273315834e+00
1.347520677003321676e+00
2.100742608686106294e+00
2.604738035675385088e+00
1.919222288531841958e+00
2.913037771415152299e+00
2.948001228513528638e+00
1.489896628622539243e+00
2.282626957327383632e+00
1.851244406690438105e+00
1.363992976460026707e+00
2.274171226749858832e+00
1.666504090667347615e+00
1.427967283710861457e+00
1.284153631753186087e+00
4.478232183625825868e+00
1.739734605125345501e+00
1.677247662891996338e+00
3.229036294875961666e+00
1.576250400991735523e+00
1.634428018526344228e+00
1.376087940954561883e+00
1.192115859922336929e+00
2.308255262062356650e+00
2.186113346189223261e+00
1.859423796482620350e+00
1.766748916097280242e+00
1.289346582723982948e+00
1.445944316308772182e+00
2.959235318329067166e+00
2.095877607326775305e+00
1.912656300197151715e+00
1.729791389957184844e+00
2.271671450897981615e+00
1.842222615498912086e+00
4.477350930976684573e+00
5.093236318465301338e+00
1.609110131470067762e+00
4.046325872388869982e+00
1.707029728242885458e+00
1.988733699302808411e+00
2.374955067005504628e+00
2.058569523849508531e+00
1.367527079973595905e+00
2.225658893336224242e+00
1.945915508130358740e+00
1.336569862712214896e+00
2.231529926239466555e+00
1.412434071255586732e+00
2.452897729090342427e+00
1.683638603715974957e+00
1.497109368508856564e+00
2.090977885976957662e+00
2.723814248837046481e+00
2.614447705779628262e+00
3.309083647765381997e+00
1.853491802965492763e+00
1.797353892451375224e+00
2.243931664475837806e+00
1.760694492344219153e+00
2.957567343016857642e+00
2.205151514679889235e+00
2.488037813716152069e+00
2.590504257836296897e+00
2.466491084069266648e+00
2.253903591281658514e+00
2.817799064423469169e+00
2.724907860561292861e+00
2.808380084890983674e+00
2.970570944946822500e+00
2.849706102411168285e+00
2.532946293337511534e+00
2.010518904879487589e+00
3.005950482667403278e+00
2.084728192401752445e+00
3.835617596535422003e+00
2.096639171393134049e+00
1.412591626518802768e+00
2.369587816568811789e+00
2.499981807373880205e+00
1.915708835509218000e+00
2.943741864511802309e+00
2.232181036062144130e+00
1.666501419634431436e+00
1.722901670236325344e+00
1.609825768695230641e+00
2.173169734994677693e+00
1.732223648107905856e+00
2.461093737644063584e+00
1.397470679452644138e+00
1.878343385203339544e+00
1.411101633122036070e+00
1.274873708462121780e+00
3.575641280895073937e+00
1.911517213706978247e+00
1.388266506830814651e+00
1.455013342034455537e+00
1.790729125401335331e+00
2.091551780826499840e+00
2.786846781662631667e+00
2.201942388204375600e+00
2.029741416541082533e+00
1.186645464712315690e+00
3.435052240844388205e+00
1.334894697410358599e+00
1.461836007286521522e+00
1.352160214995191234e+00
1.219946175540074673e+00
1.850996783202539575e+00
3.829088726342874338e+00
1.677372051120617158e+00
2.355897777990677344e+00
1.613697186117253324e+00
1.507052724971517099e+00
2.299182079319156635e+00
1.656334948413622277e+00
1.714966932373450881e+00
2.323313762530029525e+00
1.303977023899215659e+00
1.815839926510879110e+00
3.567955508373943374e+00
2.393636497354779902e+00
2.964940605822860675e+00
2.799381071529049692e+00
3.467992363837435033e+00
3.120240812305592915e+00
2.162563671354551964e+00
1.625867994262254479e+00
1.978614426018461936e+00
1.528189857743899038e+00
1.298784072928418798e+00
2.150591470638336222e+00
2.518407090014011640e+00
1.800116885667497835e+00
1.446234762068924429e+00
1.695926903014628229e+00
4.491238797163287444e+00
1.480936737362441580e+00
2.537201742821250772e+00
2.175331698145122949e+00
1.441904705443683543e+00
1.467929767387571083e+00
2.537815106315489899e+00
2.042706332335829877e+00
2.004266923408239087e+00
2.324320685343518100e+00
1.562097749047216988e+00
2.732492348474019117e+00
3.736518090963275363e+00
2.076472240392167823e+00
2.405823420905043086e+00
4.130903886579680773e+00
3.489918763599713536e+00
3.281043411068387705e+00
1.355506806417869026e+00
1.396191048500478704e+00
2.932491443010883714e+00
2.377700447149454721e+00
3.451859315213049673e+00
1.649242497529073148e+00
2.505056026525403823e+00
2.039076831859570671e+00
2.236189298153261618e+00
1.184629008765690328e+00
1.639685979215662393e+00
1.560713174981281703e+00
2.491374725458049166e+00
2.231077425824420590e+00
3.509127438459245685e+00
2.330003783298535414e+00
2.015271819292075772e+00
2.318136934296239460e+00
3.613864897642435903e+00
3.723117201835302481e+00
1.781198940005431330e+00
2.342532610042246333e+00
3.074709595466735390e+00
1.499263330197998734e+00
2.880453884007951437e+00
2.120995301216380913e+00
1.893217670895681604e+00
2.086923999359607151e+00
2.771091413038221152e+00
2.178954203745580021e+00
3.333635188677460004e+00
2.277550743458219618e+00
1.705921249837674569e+00
3.557722969942621827e+00
4.640922284293228728e+00
1.660026138033688037e+00
1.900390618681250254e+00
1.565536300617484056e+00
3.105575556292748729e+00
2.970686587221935682e+00
1.644672900858855202e+00
1.650393484110439069e+00
1.726554729722433512e+00
1.588015563230274152e+00
2.392606624107692870e+00
1.577843095486804792e+00
2.233312301385423027e+00
1.750609985954613812e+00
2.384114576530901974e+00
1.365916924390261133e+00
2.155592417138973538e+00
1.085465115483671639e+00
1.786154649417744711e+00
1.259131033055449711e+00
2.540536588115490435e+00
1.952527144830840111e+00
2.243902817599467525e+00
1.395892260709836075e+00
3.237537258787047456e+00
1.679210153575861231e+00
1.369530942599051837e+00
1.517739660900489174e+00
3.527002488959657622e+00
1.532313476371096383e+00
1.688180097942405977e+00
2.125563898754456282e+00
2.108751043696860616e+00
1.881710154627776355e+00
1.638212320308718661e+00
1.870591995905701799e+00
2.360373792002901538e+00
2.516449891263192296e+00
1.325978497281291801e+00
1.746601736094055557e+00
1.826920292180175265e+00
2.195942368367645781e+00
1.587999540926996467e+00
1.375425297026154903e+00
1.610940476194059778e+00
2.717385535583468403e+00
1.294095854138253010e+00
2.521681557120579509e+00
2.065957660112881289e+00
2.317832037155025837e+00
2.322030207131305701e+00
1.597502951522632220e+00
2.202804007470244407e+00
1.529772651116428683e+00
2.017337100927492077e+00
1.805484579779216281e+00
1.338828499299605346e+00
1.591718330517928992e+00
1.809959973448441506e+00
2.112559465997602803e+00
1.905153644349432573e+00
1.761471717314265328e+00
1.288759372257413993e+00
2.160947782256642746e+00
1.292821090953183205e+00
1.662012416231835710e+00
2.159318244074854398e+00
1.600778251843413047e+00
2.591485449968643273e+00
1.773973610274101498e+00
1.806523547199259783e+00
1.378600567281549560e+00
2.665256344307797232e+00
1.905243861358481006e+00
1.499434651365282312e+00
1.618220869505984760e+00
2.340798007679811832e+00
2.354536671856673813e+00
2.132047768295188384e+00
3.986462514414566893e+00
1.779750107161696571e+00
1.553144141080048168e+00
1.175634599631647736e+00
1.333871029997735436e+00
1.704662677576212371e+00
2.355843506626556838e+00
4.116317162625064086e+00
1.784828541880613795e+00
2.796481904917094141e+00
2.540389222111204326e+00
4.389919653074356276e+00
1.775955766260164159e+00
1.709073669739358259e+00
3.323598873158188916e+00
3.473516899899594890e+00
1.758686106315390685e+00
1.661873943845945778e+00
2.983317462746457593e+00
3.315820505658328976e+00
3.411768892204271264e+00
3.172381467113777109e+00
1.401545426995171262e+00
1.876433554801575809e+00
3.802779585086931480e+00
1.719642392218821758e+00
2.487531443023794697e+00
1.054275491783043472e+00
1.624253696318978646e+00
1.597919153008462212e+00
2.943240926304987681e+00
2.797488629957534556e+00
1.194151009205155933e+00
1.515954353976475044e+00
1.457614717440307350e+00
2.050509078379708860e+00
1.901264181841082923e+00
2.791427942845218002e+00
1.583066681868393610e+00
1.506872012633764690e+00
1.580228641724146010e+00
2.334295289690392572e+00
1.535420781014337877e+00
2.049075438574874397e+00
1.228743850033087393e+00
1.228853583455487675e+00
1.309300190163027677e+00
1.408825820307095800e+00
1.181266395039734629e+00
1.607374730113126926e+00
1.553388422441780214e+00
1.653610684288272292e+00
2.726440084759382820e+00
2.774773419932488494e+00
4.311201295447023796e+00
2.724490160284198215e+00
2.227803963216520522e+00
1.721303196830801019e+00
1.375135762409362084e+00
1.449996643834073229e+00
1.809264234819175421e+00
1.672823438793934914e+00
2.456037115633284529e+00
1.490307051197914401e+00
1.539841164347952596e+00
1.695015159250446768e+00
1.550515383616712706e+00
1.570695581021660292e+00
1.318598073903979984e+00
1.616382168093926541e+00
3.037437676334130643e+00
1.581995453077492897e+00
1.370189444167517312e+00
1.287776506011665045e+00
1.404295703551080798e+00
1.993208715880533388e+00
1.242562147173040810e+00
1.182827679538398291e+00
1.650737957649749399e+00
1.255275440171178314e+00
1.891300012766514493e+00
2.555138474991190733e+00
3.266159769953073333e+00
1.499263330197998734e+00
2.140059791990357674e+00
1.308484522872478184e+00
1.822356009278496058e+00
1.577074860495938591e+00
1.861968750457511534e+00
1.395884580437049216e+00
1.372122926834435486e+00
2.153307133537977869e+00
2.891429400553093831e+00
2.423250655077646698e+00
1.787858041821465127e+00
3.635994518352598792e+00
3.743588331385561574e+00
1.758786735337591889e+00
1.913201456083204244e+00
1.425391124013229094e+00
2.029282266847643790e+00
1.566400641227178703e+00
1.392641126957296915e+00
1.601068528983235373e+00
1.892199687819173359e+00
1.831477830535409801e+00
1.797073768851729314e+00
1.558423902983099074e+00
2.634195797575903608e+00
2.108045619780782864e+00
1.633606267617945695e+00
2.257595366492894051e+00
1.479309722758954004e+00
1.980817590825499686e+00
1.436278376759506870e+00
2.714046337988354818e+00
2.380338060777072329e+00
1.846869911222033700e+00
2.042852562452972087e+00
1.966965914403832283e+00
2.569354423229530671e+00
2.258374485647298702e+00
2.539313200684803817e+00
2.551062794216305107e+00
1.277317516954602272e+00
1.435931107529202500e+00
1.176508331411810770e+00
3.607517347072694669e+00
1.498588806326255574e+00
1.764138822824941943e+00
1.817500928888384548e+00
1.603825605292285017e+00
1.723694719744122805e+00
2.063980393059628327e+00
2.069456764945630578e+00
2.312155033893003253e+00
1.544649010203907435e+00
1.382981782887505506e+00
2.585558106305228421e+00
1.294004616286519971e+00
1.345310376379822648e+00
1.379368802272415540e+00
2.928638712933190114e+00
2.190886661423211645e+00
2.680474631502163696e+00
1.831249883663500500e+00
1.486918405194720183e+00
1.926303276169821110e+00
1.657850355284134602e+00
1.594072664524390115e+00
1.242334200301131508e+00
1.426525435991611079e+00
1.951344872911145556e+00
1.490365026682784810e+00
2.786196606025394651e+00
1.191474819442136512e+00
2.709810197402318543e+00
1.890682624551468516e+00
2.798574108777551750e+00
2.267715827948323160e+00
1.829333858973549942e+00
1.487605645726675752e+00
1.903570850976902706e+00
2.116318988916380928e+00
1.712381093434378831e+00
1.447852073315399002e+00
2.230448212482813997e+00
2.389355906704500043e+00
2.608921617627509182e+00
2.319226917130783772e+00
2.925756315405500629e+00
3.143884748626071257e+00
2.648687226707654663e+00
2.050749537638165698e+00
2.748538374009534824e+00
1.480927632962242502e+00
1.230485247912688873e+00
1.388744296061528383e+00
2.029086863078721326e+00
1.475863101270888933e+00
8.948278819134414253e-01
1.323624163274830456e+00
2.358630993255041997e+00
1.714380813699893036e+00
1.619061153547939336e+00
1.967764144265663040e+00
1.160597660327598479e+00
1.861535686840230852e+00
2.523014285200070095e+00
1.937364359004107195e+00
2.995830126213701927e+00
3.317215104924447822e+00
3.090000770388161566e+00
1.665424519845956297e+00
1.274869784015563390e+00
1.815318658572236732e+00
3.172251576553837715e+00
2.991055140754321329e+00
2.103497032622809293e+00
2.321367823099687033e+00
1.332718914660804721e+00
1.546266321450381787e+00
1.485834909926770253e+00
2.663024754864099730e+00
2.033701907658228780e+00
1.440115474073110358e+00
1.349677964182207868e+00
1.240676810183639622e+00
1.405063339585132631e+00
1.593853197679589773e+00
1.843413898563500686e+00
1.551283618607578685e+00
1.682932867613351924e+00
1.265475794655782860e+00
2.792815899362985910e+00
1.486918405194720183e+00
1.963243730866661929e+00
1.871935411807611249e+00
1.703170523098600730e+00
1.846736541331319037e+00
1.318874891860560172e+00
1.561336109535825134e+00
1.249968296210643759e+00
2.385537388643675705e+00
1.641849357491549144e+00
1.433222231096980659e+00
1.198689918174824731e+00
1.282640683218414512e+00
1.598267262066939587e+00
3.851743335149159009e+00
1.561203230689044208e+00
2.128247458196825814e+00
2.299762120043447045e+00
2.462114716003568571e+00
1.638174476945029712e+00
1.525873966057940567e+00
1.959131689907052332e+00
1.787675855045390616e+00
2.600009856248088891e+00
2.992991136847829914e+00
1.337632707489219808e+00
1.352709295327801930e+00
1.410199162378384052e+00
1.821562959770699042e+00
6.876455929657230293e-01
2.997916856578281219e+00
1.284023416460170486e+00
1.260542935597179781e+00
5.562082760077322607e-01
1.325232682307651233e+00
1.422141345079074304e+00
2.919169812377945261e-01
7.154976268730088851e-01
3.789952712301074556e-01
1.783853895564231351e+00
1.876543288223975869e+00
1.343964322092856323e+00
1.687035014929572307e+00
1.378285307004465388e+00
6.750136451003162286e+00
2.942633566166594772e+00
1.128019536124915012e+00
2.282905612996845246e+00
2.072285800453122828e+00
3.028801211492598178e+00
1.660790448577995848e+00
5.271412834722833951e-01
1.261713313933820135e+00
1.222599747520342062e+00
4.069425135063919341e-01
3.338196938804873781e-01
3.657863447856354311e-01
1.070223105678635767e+00
2.850000535531962420e+00
1.596516473016870608e+00
1.685821616555152502e+00
1.503749035436680259e+00
1.406343569494112211e+00
1.361129210655487753e+00
1.417595608058973111e+00
1.369412416962997092e+00
2.142535160553596718e+00
1.263599249880035691e+00
1.378285307004465388e+00
1.345219138528090053e+00
1.469328522932604297e+00
1.521735362721165163e+00
1.487027826430575406e+00
1.693054176376105779e+00
1.563116380072413936e+00
1.707578808575496376e+00
1.598454605537501294e+00
1.236234006832799270e+00
1.978863716725886679e+00
1.331201633479717206e+00
1.677115402848106784e+00
1.350573517022781944e+00
1.352546766374171927e+00
1.595485773280150177e+00
2.367536680121063775e+00
2.710470640629421890e+00
1.650737957649749399e+00
1.516875632477340252e+00
1.602654796619160660e+00
1.931685833043945255e+00
1.558682537555557523e+00
1.470827620729570073e+00
2.116197509365542295e+00
2.791010831535063463e+00
1.482247145019898626e+00
1.427025333053006051e+00
1.697912869026230620e+00
1.917604690515098298e+00
2.519969078253784467e+00
1.774325643779137263e+00
1.680278261150682795e+00
1.516293071864484698e+00
1.494127507404748201e+00
1.843257965089345252e+00
1.447820861084519573e+00
1.408610590095399129e+00
1.506304436730486751e+00
1.949290286830562158e+00
1.472453288664111293e+00
2.487125674786123675e+00
1.497206073084499156e+00
1.385612934850547484e+00
1.629420112539615939e+00
1.468261049967932053e+00
1.913206246391834675e+00
1.761599634120787350e+00
1.673363632639729426e+00
1.916492144097113659e+00
1.635424200389119509e+00
1.445261000223375225e+00
1.436668852585045730e+00
1.287504555822180485e+00
2.500157101041507346e+00
1.956727335912499033e+00
1.539035398179942282e+00
3.061287768201649051e+00
1.973208908389733285e+00
1.547701850223367703e+00
1.300530402411150588e+00
1.430134274246761095e+00
1.569815852718837501e+00
1.606072679143735638e+00
1.527799381918359511e+00
1.359172582564189158e+00
1.585767038199655143e+00
1.505969229703566947e+00
2.067197424617130519e+00
1.999034762425201617e+00
2.154332133979830033e+00
1.741565943366191638e+00
1.394195379131863310e+00
1.351941060336935729e+00
1.269528122181083907e+00
1.761174952607848843e+00
1.423240862650301697e+00
1.483681235007896948e+00
1.667644523826467884e+00
1.264801270784039700e+00
1.434879621214473211e+00
1.559073013381096384e+00
1.002845739329776720e+00
1.309212876757853250e+00
1.358953427905934319e+00
1.749136183481454498e+00
1.862009551624385972e+00
1.516379347675959055e+00
1.474493084689344924e+00
1.277720090636860428e+00
1.398844620480746537e+00
1.520361421693062987e+00
1.457658121801068907e+00
1.561483973092183231e+00
1.559300960253005908e+00
1.720028745832276051e+00
1.417121743274817769e+00
2.711584126017378082e+00
1.491032320464904526e+00
1.684165264031360243e+00
1.332899626998557130e+00
1.343043355778536174e+00
2.131957645860480088e+00
1.237417532166136258e+00
1.835303478242161335e+00
1.334485726014152052e+00
1.448495187190736555e+00
1.295781130996880526e+00
1.674986504883276384e+00
1.603419107163468471e+00
1.487789465941966593e+00
1.469257231830707333e+00
1.487027826430575184e+00
1.421787846755151907e+00
1.245806037497415808e+00
2.045533631529364182e+00
1.238887578813066881e+00
1.431604320893691940e+00
1.401260039759170573e+00
1.650641253074106807e+00
1.511292395967379409e+00
1.561383943026796395e+00
1.930561224422575606e+00
1.425504127425359702e+00
1.273651740808282140e+00
1.352112381504219973e+00
1.495091878079829462e+00
1.462316155363606152e+00
1.414082459743743136e+00
2.572563036421549931e+00
1.391226546874511971e+00
1.958953555346911735e+00
1.564611409856606405e+00
1.994227515526060923e+00
2.016680468480498423e+00
1.622051371340114345e+00
1.466468512954294257e+00
1.565733347445058987e+00
1.916898642225929983e+00
1.184688033390538076e+00
1.248553518362332193e+00
1.342665596613209722e+00
1.853046785057707702e+00
1.367049290742882395e+00
1.268147862206717491e+00
1.183142939815482020e+00
1.676604246466235404e+00
1.341701225938128239e+00
1.416496090487745940e+00
1.310786259113235985e+00
1.406949275531348631e+00
2.173818183186802422e+00
1.304182862940444609e+00
2.005871686614831173e+00
1.949100470092610893e+00
1.728814950570580544e+00
1.410080636742329752e+00
1.712513972281159313e+00
1.600778251843413047e+00
1.591490071459474853e+00
1.509534376827686319e+00
1.497983100289019376e+00
1.897987424180566984e+00
1.700175965180959148e+00
2.374188907219326072e+00
1.450167965001357029e+00
2.196166925799182934e+00
1.446659755768408662e+00
1.504718337714891607e+00
1.870762814600065438e+00
2.034649029969323841e+00
1.505354731452677175e+00
1.565794935189942727e+00
1.440440437707208199e+00
1.241469859691437083e+00
1.401207746700861456e+00
1.376943177164057008e+00
1.531545241380231070e+00
2.217849664640779928e+00
2.113087533689384845e+00
1.343577770713875186e+00
1.599901194573506436e+00
2.219219885495988809e+00
1.636313954472560228e+00
1.435971908696076715e+00
1.679286726030322363e+00
1.404773492781794753e+00
1.415354931921470438e+00
1.859533529905020854e+00
1.286119115894173603e+00
1.615360859527674497e+00
1.509415851191632019e+00
2.216163739833462820e+00
2.014208722935971974e+00
1.944426414226796407e+00
2.252382554274342308e+00
1.911981974090934511e+00
1.836889745878085956e+00
1.544183937633405668e+00
1.078281426747389471e+00
1.473028816952869358e+00
1.566142006654720031e+00
2.622261432809643633e+00
1.590000078062707933e+00
1.472791166723947054e+00
1.994483492705320771e+00
1.189874564981341365e+00
1.571536776206974961e+00
1.419881124230927050e+00
1.239593314915689692e+00
1.670547625978994422e+00
1.649487065661073837e+00
1.397545895001099270e+00
1.757857100148660257e+00
1.412443762962444671e+00
1.383468364331873479e+00
1.718462791332043604e+00
1.688168720471989737e+00
1.547143977677102988e+00
1.646466475466193291e+00
1.689781671746318104e+00
2.295461339081611207e+00
2.273646488783793718e+00
2.005388628425734066e+00
1.957239757438176575e+00
1.327329419335353977e+00
1.348604172271271162e+00
1.412978177897783905e+00
1.594862096202577240e+00
2.737367975589330094e+00
1.365137629136375930e+00
1.180103656284407387e+00
1.383302005204847918e+00
1.553725790549544516e+00
1.270408485094056239e+00
1.290517391397107305e+00
1.658926932649005925e+00
1.626990657257862072e+00
1.445457135907590063e+00
2.616520022213043362e+00
2.171034016858958360e+00
1.737406990296029186e+00
1.387230845053836426e+00
1.662264419671485083e+00
1.338850919316830757e+00
1.707894068852580327e+00
1.716479621011435031e+00
1.572329513528227585e+00
1.392844457077801135e+00
2.310617930620157079e+00
1.549335782729934552e+00
1.574496504064126778e+00
1.815615591898982917e+00
1.326303460915388976e+00
1.687878873668651858e+00
1.326421986551443277e+00
1.715039752112981652e+00
1.427560785582044911e+00
1.348397734273228510e+00
1.392490155523399498e+00
1.473568193928467052e+00
1.474942134956569229e+00
1.533119242539106031e+00
1.517865416626167363e+00
1.186832173572728077e+00
1.430520825625742454e+00
1.535588776691877655e+00
2.158810779568583804e+00
1.706881864686527361e+00
1.954488134213319350e+00
1.839134346462147240e+00
1.438931948739773814e+00
1.617827722647529720e+00
2.120560229400831442e+00
1.534517998084140356e+00
1.459176001938971012e+00
1.546347003722747360e+00
1.362447882884970651e+00
1.553546947333264816e+00
2.345729012378396039e+00
1.571002049085090668e+00
1.295565900785183633e+00
1.431130287489206676e+00
1.936484193856661484e+00
1.462912470230374407e+00
1.991878361473240711e+00
1.426397206998544220e+00
1.923929505365595816e+00
1.371588199712550971e+00
1.366704817203571842e+00
1.411579422352750246e+00
1.311782440976011488e+00
1.422472796279765417e+00
1.204451393755147537e+00
1.749768065362144798e+00
1.555077311560421061e+00
1.337854737454055698e+00
1.594387612614928562e+00
1.768081144815148775e+00
1.853323603014288334e+00
1.877345129945427127e+00
1.199855764807690850e+00
1.409641289832118893e+00
1.516962633695969398e+00
1.401049142193790065e+00
2.033031440370272502e+00
1.816495954811955027e+00
1.841128382391546525e+00
1.388872212868051070e+00
1.437365197517200821e+00
1.615470592950074780e+00
1.660284772606146708e+00
2.100159208245076847e+00
1.917017480048529787e+00
2.003727313861683790e+00
2.434594699185976818e+00
1.339134967363035278e+00
1.380074538375038351e+00
1.821947037882290177e+00
1.567861895660455529e+00
1.848456010237629066e+00
1.372504298259775490e+00
1.928559652186997653e+00
1.779527795634026743e+00
1.770997547927126270e+00
3.146747536956673752e+00
2.103991343518422319e+00
1.503706133548839086e+00
1.666388073952017601e+00
1.446721343513292179e+00
1.538039018551640824e+00
1.380389798652121858e+00
1.350690168348260611e+00
2.148279579348240542e+00
1.354497927741560526e+00
1.245422157151350850e+00
2.189039358083874731e+00
1.644116065906290780e+00
1.247148167337824187e+00
1.470340727098657485e+00
1.623150254301192863e+00
2.148261745365980691e+00
1.481867020500062804e+00
1.638517119279597534e+00
1.466703689915827002e+00
1.263348685225374135e+00
1.389836583543132331e+00
1.640278968592686404e+00
1.661902994995981153e+00
1.624864582309855310e+00
1.724971644010036886e+00
2.160867838916556760e+00
1.408132800864685175e+00
2.496777338413831426e+00
1.569866357242725163e+00
