8.235406873543423822e-01
3.236568178805181439e-01
9.209814629542372177e-01
9.252371058071158227e-01
4.191832068536265887e-01
7.609366039539893212e-01
7.257159629325117267e-01
7.382554381797720167e-01
1.063871035586370972e+00
8.476306507906049559e-01
1.544886674212025524e+00
5.402654200352672298e-01
6.716413563578886858e-01
9.014266805092184809e-01
9.627473344203867356e-01
1.263429225418978286e+00
6.623842268212289941e-01
9.021933634014775993e-01
4.651005338189117544e-01
5.517368616836985096e-01
6.868098235823133502e-01
8.084387140550055584e-01
7.578446161156650041e-01
4.647639219781899977e-01
7.808987759184733424e-01
8.299071389082037786e-01
5.769148920972989592e-01
5.898793682505505398e-01
6.244745130888388340e-01
4.413099507299511615e-01
1.123024664707743314e+00
1.001587407584917155e+00
6.898269955057425573e-01
7.908469490957897863e-01
6.616400232965602424e-01
6.595943959543427715e-01
5.786600882429678849e-01
5.575218086562414577e-01
6.573712667305172674e-01
3.815285909878455839e-01
9.015215886555819624e-01
5.718561576037329841e-01
5.703726718901672710e-01
6.859546548030518442e-01
3.924701702593456631e-01
9.355669807505913038e-01
6.306568010276927261e-01
4.789271430238507543e-01
7.078692223362800240e-01
1.028786508655474163e+00
4.871857839129109524e-01
1.015049857095283281e+00
9.761102272269790436e-01
7.203363792824435397e-01
7.010776074950552106e-01
6.869486483759775775e-01
8.217518795829817924e-01
5.291165165758020539e-01
7.051267228760745853e-01
9.019697830434018071e-01
5.457746768142212046e-01
9.608416195356477285e-01
5.775631158498935047e-01
3.917722067687959275e-01
5.116937566232148127e-01
6.466772192667977759e-01
8.033756274491793414e-01
7.520748527210375789e-01
4.911714129889421243e-01
7.837336037835284097e-01
6.132548079474413605e-01
7.951494847116178377e-01
4.862814023589757673e-01
8.790616450901308498e-01
9.603998195734279042e-01
7.908094538019738717e-01
4.481098378415111494e-01
6.914519755555618152e-01
9.579605490144510460e-01
6.168209869877112617e-01
6.337449131118837453e-01
5.492616709597958335e-01
6.949400641143186341e-01
5.387410410468640443e-01
5.883182647699560786e-01
3.710956792423306116e-01
5.216797049519149576e-01
7.125546013370854803e-01
9.405744730241771823e-01
4.642803497913964850e-01
7.194787541272280595e-01
4.459511472890604344e-01
9.019147940568731370e-01
4.945687611762993874e-01
5.957951358766002681e-01
3.053775043819336732e-01
6.161407622787513638e-01
9.498772300462070550e-01
9.103441254100430591e-01
7.486807035919554876e-01
7.608192566088648467e-01
6.490244720730249384e-01
5.821503836992376613e-01
8.042896795172961300e-01
8.310398625541700612e-01
7.810597432299836163e-01
8.547259274051616229e-01
3.549946552655161014e-01
9.056623201965681158e-01
9.918632811782828185e-01
9.256876137459003617e-01
8.759094958634421335e-01
1.037452449495389395e+00
8.497331257216408362e-01
7.645012395534658278e-01
6.133387515956848501e-01
1.118530750549560970e+00
6.838356443266120355e-01
6.029459291617746963e-01
5.720412745333922633e-01
5.934257592459618591e-01
7.369282406953880926e-01
9.520044134005233305e-01
8.192015355470346760e-01
4.596442778441557908e-01
1.071042609938886114e+00
6.804951465613049422e-01
3.411814759232492111e-01
3.379783893825333840e-01
7.488575536804230603e-01
9.732456055905912562e-01
1.105557215949566352e+00
7.401110503351748804e-01
8.995130303630481938e-01
4.600563852058180414e-01
5.169934955396560117e-01
3.771246908913419293e-01
6.309976849210831018e-01
6.446728885668520093e-01
4.119899538984800880e-01
4.771937228685420029e-01
4.607352044572051164e-01
1.001619119384093981e+00
6.897424229347206559e-01
4.131005545716985305e-01
7.388564777122328397e-01
3.541274398849778016e-01
5.643984157887828035e-01
3.910252200067710904e-01
5.273610321852680860e-01
3.117635827851280017e-01
8.312556015492705841e-01
4.631513915941808945e-01
4.822447365297664601e-01
4.613255159633575797e-01
7.361331938438063771e-01
4.747203040584378475e-01
4.941368596814209591e-01
3.979660710767700116e-01
4.497182920480905510e-01
3.160708990842011068e-01
3.990109802009998430e-01
3.604292049987345425e-01
3.372235251574550730e-01
6.898786022046828892e-01
6.397631399681241726e-01
5.196550945180368197e-01
3.506816771537147326e-01
3.525643442686695606e-01
3.620274199585625241e-01
6.221348563741176951e-01
7.778630304975848730e-01
5.285602134466662605e-01
5.948615220802340176e-01
3.599782815864883134e-01
7.327630844888574080e-01
4.730603476669890672e-01
4.652073690398041417e-01
5.312367604634274931e-01
3.281920295239577623e-01
6.629933837093656690e-01
6.336683803910635460e-01
5.224173577183227613e-01
3.637452802926812168e-01
3.599192799269030907e-01
5.366783174005052004e-01
2.877954590670653845e-01
3.505064331031116365e-01
8.879958813729409428e-01
4.454019661804505814e-01
5.386024067960418771e-01
3.936763200783768291e-01
6.374208114208557152e-01
5.152464142381901757e-01
5.893153018717449676e-01
4.785598654529782392e-01
4.025899541957093097e-01
3.370664933739350722e-01
3.707475284626935985e-01
3.775504362952768478e-01
4.528951986344687541e-01
2.751250584675072886e-01
3.139481183361551020e-01
4.039303493462243488e-01
5.042994461859147126e-01
3.554246621922586002e-01
3.774667728360446839e-01
4.718437182019980525e-01
5.908933892468389848e-01
4.932671396978152711e-01
8.067623040471819662e-01
3.049920510567877274e-01
4.809165903926617691e-01
6.108064016138066155e-01
4.785775128079362006e-01
5.565350007245074559e-01
6.798133118700443456e-01
3.435862401271441713e-01
5.422851526013074963e-01
5.583769585933646695e-01
4.133275070663560702e-01
4.801511290618512007e-01
1.013198397216600988e+00
6.344683866796193561e-01
6.738905967951339671e-01
7.416799697960771987e-01
8.430334735701494608e-01
5.409296138462450498e-01
7.784620897549500151e-01
6.899216807947969876e-01
3.455178980429788327e-01
4.651250390667889256e-01
4.213660439738886598e-01
4.444074726111794660e-01
8.884600641678754851e-01
5.016264445693012775e-01
5.169395123505549083e-01
3.258963910119788143e-01
7.251289680256074455e-01
4.251165167163880598e-01
4.632198667494683009e-01
7.150583345607867125e-01
3.921349895153926624e-01
3.931392130706155563e-01
3.795005779554749270e-01
6.870350919233272347e-01
6.073867958262108013e-01
6.671163920947539294e-01
6.735008333993621754e-01
5.854403189647826578e-01
5.972879123709183835e-01
6.001749873981101491e-01
6.425660462763643777e-01
5.256053586571380887e-01
6.452841311340110630e-01
8.985815295578968298e-01
1.680928530577128654e+00
6.597076388746351272e-01
8.991821869866364336e-01
7.289765834747253814e-01
5.072848166724120977e-01
8.082892155225067654e-01
7.049522109156132199e-01
5.708076905852497163e-01
6.498674011643120751e-01
7.893081019899902406e-01
6.743863762043678101e-01
8.300679291817454342e-01
6.705796081843112821e-01
6.427249338685682156e-01
8.268742912988920057e-01
1.453835926395888656e+00
8.945638991159150510e-01
9.464387321293895594e-01
9.741796180337737310e-01
1.127625135529409572e+00
1.219814692747920093e+00
8.149422379506642278e-01
7.559575353300902467e-01
9.976702363047725841e-01
3.885774662125867640e-01
6.890823603076938753e-01
6.958506323445620145e-01
6.806161976693937410e-01
5.934953180504022319e-01
9.786210586888116625e-01
5.001124349731683738e-01
5.426591624029787342e-01
5.323217102282178370e-01
3.725737183435859912e-01
5.418711491602065111e-01
5.186267875948914474e-01
3.483068505683388771e-01
2.081014403398312174e-01
6.919843051978771253e-01
4.737931531345890290e-01
3.541003195973590478e-01
3.893468978862503760e-01
5.514818706435085094e-01
5.048442305085841797e-01
4.664029300869307892e-01
7.451629898862426327e-01
6.043119169862634088e-01
4.269146883431581552e-01
6.141408579109615129e-01
7.735789630830772756e-01
5.266686684157069198e-01
8.287383871025301163e-01
5.494220464540062743e-01
5.773203404703830532e-01
7.741740191897212853e-01
5.099916501575928462e-01
3.888639148163817172e-01
4.065192436906466256e-01
5.486822759022750295e-01
7.768543491274423340e-01
6.617024736505092708e-01
4.874265326516807884e-01
5.783252243496669331e-01
3.977324082277071682e-01
3.382291260826798540e-01
4.048305542377328425e-01
4.962681120285081793e-01
4.605827364221015685e-01
4.812121332291514064e-01
3.759038612390840917e-01
3.861004595327813260e-01
3.479920059191158876e-01
3.465081181760140128e-01
4.166624329855479480e-01
3.719519301072325423e-01
4.528834948006932870e-01
3.877282373256363268e-01
3.254251711441991102e-01
3.349454821403559657e-01
4.998197422425605940e-01
8.072823058857608869e-01
3.871022521313730591e-01
4.008270297121771519e-01
5.441091015142524023e-01
3.167503422537444879e-01
4.440222716076693832e-01
3.898099692777177161e-01
6.648816507406798415e-01
8.005825631360707906e-01
4.100179648149777645e-01
4.329219318205847489e-01
6.010919687758428109e-01
6.318897090556550022e-01
5.413728537740911673e-01
6.214472860489426154e-01
1.233970926406858792e+00
6.916706808519106353e-01
4.580448416962835667e-01
4.504911864270051414e-01
6.356199753632533200e-01
9.090717303251005799e-01
6.249197856037657095e-01
7.518841679781278486e-01
8.939813073664528709e-01
8.472845602679007770e-01
7.418915907045975366e-01
6.049994991030180902e-01
6.777187056214474259e-01
8.698961909253420943e-01
4.101708695675153615e-01
8.382959101231617360e-01
7.811131434720484101e-01
3.515334903723673077e-01
5.729935485521573391e-01
3.351715704159000664e-01
5.996096491558005059e-01
4.956288596427025905e-01
5.410779217933848750e-01
4.390307181153984550e-01
6.834010375515896518e-01
6.950940470970843332e-01
6.303596018245941623e-01
4.282662517568662230e-01
3.612196803201426221e-01
7.474825506032616307e-01
5.615212668896717441e-01
8.621563811530238430e-01
5.849752175200020332e-01
9.082704004916175577e-01
7.826288407952876058e-01
6.636249936579486919e-01
7.802351845272283981e-01
8.034405172173690879e-01
3.744546966022313517e-01
4.523120748596847762e-01
1.139512858259100980e+00
2.472341291876448688e-01
5.971565779056789980e-01
1.202188378327663232e+00
6.258533487389134065e-01
6.895367353058191595e-01
7.502398288153401262e-01
6.304485079347128540e-01
3.005127745016183960e-01
3.139489388137360337e-01
7.283864619992307388e-01
4.859824922052407015e-01
4.020207331401114970e-01
5.874865530127542090e-01
9.395418513667790350e-01
6.879286888440783176e-01
8.163190155180712893e-01
7.347443452541319031e-01
4.783399447958964767e-01
3.900607763388933003e-01
7.231547598320748893e-01
1.267424430871820107e+00
4.333074248621763824e-01
4.279339723626182646e-01
4.321857922628459248e-01
6.696631857447776781e-01
5.732285010720052920e-01
5.502634116936161446e-01
1.088417026583484271e+00
4.329180751540898098e-01
4.554847076575596621e-01
7.363901329272058982e-01
7.678767984658252388e-01
6.874995383499684642e-01
3.743838213139930038e-01
8.077595026573560766e-01
3.315917116145984389e-01
3.577681760032826452e-01
5.325990995510149206e-01
4.330708289302109826e-01
5.819004726416425743e-01
4.914228623032693699e-01
7.113230549910614098e-01
7.478128598427228324e-01
2.369450353735878256e-01
5.642194602944732296e-01
5.753583240394078979e-01
5.697499154558193224e-01
5.848057289180060847e-01
4.970241566039247938e-01
6.701448848172372186e-01
5.733523287176384153e-01
1.061912945539275954e+00
8.736524092709064826e-01
6.939859926586594563e-01
2.885575877307442472e-01
7.220035889215934422e-01
8.106001391165738035e-01
7.964408213999151220e-01
8.841715892975480218e-01
6.635139460197692074e-01
5.600843002785370617e-01
5.686388638035057008e-01
6.648345644096856910e-01
5.911054164256646093e-01
8.118604391087750338e-01
5.379318849484509002e-01
5.379629953348642468e-01
8.554747422374489041e-01
6.015764317623303326e-01
6.755429949977794779e-01
7.266451652272664097e-01
5.321000267926216942e-01
7.273355802503861378e-01
5.055102529556247948e-01
7.590742487817566664e-01
5.714361938194177926e-01
7.256424524958378086e-01
6.490011538143238834e-01
5.205851245255419535e-01
5.207307695152953997e-01
5.499042006385356229e-01
1.061167681260253071e+00
9.513796190687312526e-01
6.454714799274025028e-01
5.381337372674689368e-01
8.396306541502808196e-01
5.294533919370015829e-01
4.471006860174168152e-01
8.511620032012969794e-01
7.957289563852220082e-01
6.647168722221836745e-01
5.253863509338155824e-01
6.828699481234444812e-01
5.680965237354306252e-01
5.186828639223112214e-01
5.416718742450861157e-01
6.623567828803006430e-01
3.938651408164930978e-01
6.060670745408106574e-01
4.916354892920827835e-01
4.111156193589206032e-01
5.808201286138713337e-01
6.532993935812423381e-01
3.549133634608497845e-01
6.477501235980137606e-01
4.784130162651181739e-01
7.975190268731460197e-01
8.550675214937771829e-01
7.277313770903125478e-01
5.033146025182153593e-01
4.262585781326285184e-01
5.008069963783823297e-01
7.730388329525149649e-01
8.907597141771251836e-01
8.024178386559556175e-01
8.119402551361786236e-01
1.417751833553765328e+00
5.104486161216790219e-01
6.902692378328197931e-01
8.088753402425780115e-01
7.426666155505504685e-01
8.079478221293309170e-01
8.098856620757148850e-01
3.081461980590825545e-01
6.481518565626491757e-01
5.022767717814622390e-01
2.280812301683985965e-01
3.851893015149835398e-01
8.281044650263401641e-01
8.729397997120169617e-01
1.014834730876539082e+00
7.587833589418186975e-01
7.723959707784029405e-01
8.738743858473372317e-01
8.076386434302724737e-01
7.364207175076514789e-01
5.171416100924171033e-01
8.815233085133135083e-01
5.986150591174489444e-01
8.513190203033361714e-01
9.715196258448075550e-01
5.097360160848626309e-01
5.756227537303345576e-01
7.133610334896913763e-01
3.598210345079849715e-01
6.034607720675972953e-01
7.417641416289836309e-01
6.536743588986150266e-01
5.665711402879183289e-01
5.032292826354669568e-01
7.332570217848579652e-01
8.193268223055608646e-01
3.952104762231740120e-01
7.665805713170574798e-01
9.110826524362011236e-01
8.671604867971126618e-01
8.101381561311635782e-01
6.607697192773107631e-01
5.451017420764315835e-01
9.014740714058778748e-01
7.264856572394992051e-01
7.898129391445579683e-01
9.608124940589860552e-01
5.924850784264936721e-01
6.288015132470531343e-01
5.768599345894176444e-01
8.925537743618180420e-01
8.831485950486634984e-01
5.851971681763170618e-01
6.380014000986884426e-01
5.534024320442478828e-01
7.673844128601151615e-01
8.141908907511118398e-01
4.521553531273588278e-01
4.911590252901848475e-01
7.482819571044100337e-01
6.231660415533736286e-01
9.662521388297632408e-01
8.670192898265113302e-01
5.661322525347016743e-01
1.112392284455221869e+00
7.560794792213055837e-01
8.116237314740901709e-01
5.597709655290082909e-01
6.304943180493229882e-01
1.020635507888038029e+00
8.824909605116831868e-01
9.791299270289042234e-01
6.066758024580802822e-01
8.000118023599078754e-01
1.017599924196275651e+00
6.868940862128647407e-01
8.905986097339807506e-01
7.237954316257724230e-01
1.051601360890989989e+00
7.362748066448441264e-01
7.060785949519384763e-01
7.721758548523965926e-01
8.303616067621409913e-01
7.128888298406829138e-01
5.157015112739581353e-01
8.147453986161488082e-01
4.789243560335280647e-01
1.223084231340697769e+00
6.019869036956013719e-01
7.865007589162170687e-01
7.247231222494741054e-01
7.502244120964587371e-01
9.850043821534147925e-01
9.131883612206275203e-01
1.029921863676522387e+00
1.261655306692962109e+00
8.112462335846511996e-01
5.946319571797620274e-01
7.928846552308300710e-01
7.616122102038171970e-01
8.343069831033234074e-01
7.353093567273236708e-01
6.489998882082245180e-01
1.040820415547698996e+00
5.583795915948976951e-01
7.440165138807864897e-01
1.072020430911898359e+00
8.554766848218275932e-01
7.816171016821633621e-01
9.471694208391685521e-01
1.041684392069377463e+00
1.105432721397442641e+00
1.451460054854628146e+00
7.160509634624462327e-01
5.902086382115334651e-01
4.032328633954034292e-01
6.669661252583684030e-01
5.112611571572194258e-01
7.148435244941825362e-01
5.568648092823812457e-01
5.445544612576280752e-01
4.672097754787248314e-01
5.309004625696381874e-01
6.571006764442135495e-01
4.060309194968964031e-01
5.975850235538325839e-01
6.211115080660797316e-01
5.468994436662348857e-01
6.864624104572765173e-01
4.709043171182296095e-01
5.733486435361492273e-01
3.897435047288634324e-01
7.043266005439446920e-01
6.256667955954855476e-01
6.399828002287193396e-01
4.747131118089435442e-01
7.288439718879323737e-01
7.340786939731295258e-01
6.160876845355675036e-01
4.309841658469746872e-01
4.246718690402218610e-01
4.942182440468201876e-01
5.459662319883218373e-01
6.346796089929356288e-01
7.010082143730829163e-01
7.706768572092392855e-01
5.606838686165069863e-01
7.788095765429745576e-01
7.481109497677289610e-01
3.861498334980288383e-01
6.539675688086132865e-01
3.721788969288662985e-01
4.758977775387693288e-01
7.884294716613520215e-01
6.220264127299552914e-01
7.802845407827125879e-01
6.155127938033294610e-01
4.563829778587685237e-01
6.260903679229613550e-01
4.559658706031783360e-01
4.772374297019245093e-01
3.894908442905432033e-01
4.731282027487086483e-01
4.104628881659324047e-01
6.399545275925563326e-01
5.615309966080200832e-01
6.925272329868999988e-01
6.039723767875445626e-01
5.292084605922768858e-01
6.065430196594383538e-01
4.715069591694754370e-01
5.909325546441286381e-01
7.690575958153402780e-01
5.493486414582364752e-01
4.624893692895737929e-01
6.345459572003081528e-01
4.555429298555013218e-01
4.157458037009945095e-01
5.615031058664716745e-01
7.104711055352200821e-01
6.226982544788641771e-01
5.279601111074306852e-01
4.447359551975065273e-01
6.136433801322970227e-01
3.554628858815494508e-01
6.824874272336867165e-01
6.567782082939498389e-01
6.811884248366503192e-01
6.009318362484895593e-01
7.167566527204785043e-01
5.929971612629723055e-01
3.725894346736170482e-01
5.091840960681686123e-01
6.493499253905479218e-01
9.112961294094793496e-01
6.740170460529967267e-01
5.786992892816320566e-01
8.048231685245305078e-01
5.515949662373530460e-01
6.380067023632085554e-01
6.786445286604686489e-01
4.564389732346961770e-01
7.994397507790866886e-01
8.652206038982576120e-01
5.050665957461494271e-01
6.219231148592641034e-01
5.511743898570244937e-01
5.898472502738573153e-01
8.472632850749574063e-01
4.100634738962430914e-01
5.118764415309403626e-01
4.020251844075190539e-01
6.396308587257397704e-01
7.315311478753290242e-01
5.782596339868639745e-01
3.148923775196780239e-01
7.329117011896083556e-01
6.277641025566291777e-01
5.382641271523666004e-01
3.588693286935946691e-01
3.948364515965215871e-01
5.006686208817354711e-01
5.909896131519705165e-01
5.174099995263492513e-01
3.993777987349516612e-01
8.076120155988378846e-01
3.640574832474410827e-01
3.613315283531374766e-01
4.493767470733850411e-01
7.039561248773210655e-01
8.183688558885108266e-01
4.329700875158876139e-01
7.213952924190762950e-01
7.317744130840406758e-01
4.981691809496068268e-01
5.528128683162480961e-01
5.398211573650237849e-01
6.240406812099705824e-01
6.501234538115771011e-01
4.135567519695902972e-01
4.170814375006443586e-01
6.205439833855345144e-01
5.493933318298396262e-01
3.807070040251837040e-01
5.026050186618156168e-01
4.635988751357451032e-01
7.143713314178792295e-01
7.188027043885100165e-01
7.813145582621698892e-01
7.227983827244817139e-01
3.731594257811695070e-01
8.573894456426283117e-01
5.871462865443788370e-01
7.000953620821586121e-01
5.434026003890980450e-01
8.606040234669485312e-01
6.699547323770542739e-01
7.130569985684422907e-01
7.173214127030309584e-01
6.661600291430624932e-01
4.957411970547744295e-01
5.469603907756145356e-01
5.217723490427427224e-01
3.938103273204595078e-01
5.873508260665716296e-01
5.524542783533826773e-01
6.470046721051436744e-01
5.089934676465681651e-01
4.624213518273048162e-01
4.683821327715672611e-01
3.778737450928029151e-01
4.490129260441970693e-01
6.087269088857841792e-01
4.792357238015524379e-01
5.310575717718485356e-01
5.680798829629074564e-01
3.932353444137127174e-01
6.741667085053731912e-01
7.600413024680370278e-01
4.148140789517774651e-01
7.790757241350019235e-01
5.590503467826326567e-01
8.615069826484361704e-01
5.297034162782152666e-01
6.359898123459908348e-01
5.441144734606383482e-01
5.853472890319975086e-01
8.107244858325143300e-01
7.069763187071006483e-01
6.516198100677071947e-01
6.037994554255902147e-01
5.566015170727562911e-01
3.572249012135538804e-01
5.637415320731288260e-01
5.748148368288094057e-01
4.537444113485055164e-01
4.381324214810457529e-01
5.724966063497145541e-01
6.559019242080628143e-01
7.814057821698900952e-01
5.831311574469156822e-01
5.217744725637842862e-01
5.290512140357724880e-01
5.290640990183842485e-01
7.174556405239892465e-01
7.257245578959188315e-01
9.085200671182420695e-01
4.038091095791655483e-01
6.005942674123113667e-01
3.517583263116269010e-01
4.475383498806645433e-01
5.487082274185534070e-01
3.911159631546225479e-01
6.639312955654947945e-01
7.164793915855027784e-01
6.606242586564574637e-01
7.205865792088593791e-01
3.724481082066163351e-01
4.306509957838596248e-01
4.973925795327252541e-01
5.515837567227913629e-01
3.960498628539310673e-01
6.951239339455076438e-01
6.169188917471419842e-01
4.983462552684350677e-01
5.638529102010232386e-01
5.064162644613049435e-01
5.184141099462947766e-01
6.706790736881358406e-01
5.871920328513566822e-01
7.020733169148953845e-01
6.435201403530583786e-01
6.354948520962991898e-01
4.530166224605173264e-01
3.969439167950495340e-01
5.899829432923330286e-01
3.762621400106438418e-01
2.333856267418687735e-01
5.968919531280764135e-01
6.294012166731124402e-01
4.852813546823451230e-01
5.620579381194227286e-01
3.801336191425689348e-01
4.977023519081082981e-01
9.052067807108545860e-01
7.308507602852368779e-01
6.598822284809860994e-01
5.648511712200123824e-01
3.708848501448804291e-01
3.768489946984511230e-01
6.592229602175310177e-01
5.177655689486239110e-01
7.278045526871398385e-01
4.267679200415515628e-01
9.728180104035117903e-01
5.268545930104919783e-01
6.206650606436514561e-01
5.262221031568390384e-01
5.261789622500011587e-01
8.114478841648011809e-01
5.888650442980915001e-01
5.086300985680812792e-01
4.857278746279110049e-01
4.931864099277005753e-01
4.032423933461302124e-01
6.548044572725743029e-01
6.436434691601253810e-01
7.711694017622753305e-01
6.494293796204647640e-01
7.581832871238185501e-01
5.819321927210026058e-01
5.020948805326571618e-01
7.696107053780356644e-01
5.093414844667044639e-01
6.299500253589475074e-01
7.235995598525052364e-01
6.643942879031232707e-01
7.216048182922819576e-01
4.331564161401991186e-01
6.824007228277669812e-01
3.395601818027031982e-01
5.129814687159711672e-01
4.221338423145480356e-01
5.846956520646977573e-01
6.979158794801468835e-01
6.186343382005496938e-01
3.544590337863111618e-01
6.912654297314366758e-01
