5.919272313814667452e-01
6.477974683544304169e-01
6.637412359920339400e-01
7.014745432625427712e-01
8.161023164679618302e-01
6.711702455563547387e-01
6.498924731182794678e-01
5.886422715456909316e-01
9.395038669032929057e-01
4.610675560566529496e-01
8.297181861176139428e-01
6.922846800490620733e-01
7.211398734021330359e-01
5.796355841371918505e-01
6.805603766699598323e-01
5.263918519028283338e-01
6.420869013637805489e-01
8.180959655579473910e-01
7.456848283584971426e-01
7.369236247454686861e-01
7.410633083100827134e-01
6.390974055107486729e-01
5.543432053280430427e-01
6.567717996289424987e-01
7.941189059624191859e-01
9.450679593901083475e-01
3.950263009271124393e-01
6.259468433613496474e-01
5.115136628799510365e-01
4.991916898143913262e-01
6.572838080421582463e-01
6.594413404356002095e-01
5.997736875922370370e-01
6.002635046113307116e-01
5.083865026639480256e-01
8.031636369009454990e-01
5.138654729376199715e-01
3.826592255911627771e-01
6.985625879669239424e-01
8.308484124526243075e-01
4.021607808519572780e-01
6.196380291682538344e-01
7.282312522213008066e-01
6.741665457008757523e-01
7.955801104972375359e-01
4.974037936875728150e-01
5.143308133255793946e-01
7.274363732033564123e-01
5.188146067686854046e-01
6.602964546494667353e-01
5.917876972693028037e-01
6.052292711641996670e-01
7.791495977213667157e-01
5.905138339920948942e-01
5.983681200597384953e-01
7.727098768460821665e-01
4.884902476929101067e-01
6.384621136999593105e-01
7.065638776278769795e-01
4.775735284732389729e-01
6.038636099150471725e-01
3.359870650164560324e-01
6.743439993419428902e-01
3.593011639895685172e-01
4.991255871546456668e-01
4.430465680636410664e-01
7.996125644227262130e-01
7.962340613832621372e-01
6.195641216910949822e-01
7.492001518355836387e-01
4.368723415862640347e-01
7.097345736963387441e-01
6.339283757023960186e-01
6.123206242606376026e-01
7.929449992204873343e-01
5.464098073555165858e-01
7.983444312688132705e-01
6.795605800807927865e-01
6.290781404195827653e-01
6.642495043708502855e-01
5.294059649987675753e-01
3.560910307898260130e-01
8.483848591023607222e-01
4.768192281183143422e-01
5.646945018170410613e-01
3.785426295604287783e-01
5.001803837871122704e-01
7.348443858645677951e-01
6.102143913257762620e-01
3.988990332975296260e-01
4.483463255884356791e-01
6.714473492040308189e-01
8.390768290905051829e-01
6.388700886973248672e-01
7.000910746812385455e-01
6.007294329974431912e-01
6.531249999999999556e-01
4.872505543237249936e-01
6.580764402287628823e-01
6.706084630814787007e-01
6.483367277664628947e-01
6.422201688978662615e-01
3.100866245778887698e-01
5.897015573019622758e-01
3.283887967209914716e-01
6.440020061111262351e-01
5.472993136377199974e-01
6.874720416809200207e-01
6.806087033905847683e-01
6.477286869943994496e-01
6.767583236040097816e-01
3.913963795118295397e-01
7.879289816369379196e-01
7.689548004392725566e-01
6.728723033370984652e-01
5.347960017602314542e-01
8.360001188318825216e-01
5.759749361035535475e-01
6.290269559500327734e-01
6.938509492774157517e-01
6.385089433338342335e-01
5.497641125752400493e-01
4.102793696275071622e-01
6.416831480597422477e-01
7.131021296935577958e-01
6.316775591134987655e-01
6.585278437345996050e-01
7.690773849158339948e-01
6.525447135302636648e-01
4.120352880048938071e-01
8.427749528515839916e-01
6.364944776446294084e-01
4.696702123290484310e-01
8.418832638786687417e-01
5.697322086643189509e-01
7.206076642975783875e-01
6.645313885877600635e-01
5.432936144210205320e-01
6.573878250928836264e-01
6.028493364558938916e-01
4.999416830033379111e-01
4.561427656602646263e-01
6.354426866500139104e-01
4.880553067272396794e-01
6.620479681869020361e-01
5.784820234593078814e-01
5.532417534342461973e-01
3.789352275704306883e-01
5.037475345167653495e-01
5.649578116908831049e-01
5.403165075046806320e-01
5.773806154341996066e-01
1.513940031562336086e-01
7.680046333601934228e-01
6.789932568827039550e-01
6.200669238039285824e-01
4.194647420092347256e-01
7.509440701979330779e-01
1.352957941451895518e-01
6.871348212665576716e-01
4.952246706360333151e-01
5.357902259553030122e-01
6.429089977366869713e-01
5.797507860497325138e-01
3.327548479589525487e-01
3.489886395123302232e-01
5.805815672745194833e-01
6.531373175668476749e-01
6.683976943102979407e-01
3.466632043625033077e-01
5.819868106460681645e-01
7.809594644849396361e-02
6.372018147226694573e-01
6.338746197292328688e-01
2.917573525308332361e-01
5.844783164374656170e-01
4.861111111111111605e-01
5.855067000327212057e-01
5.374294862021649077e-01
3.909374981131478743e-01
6.041218390350791001e-01
6.749818771054539868e-01
4.363047001620746768e-01
6.025066154764717741e-01
6.757199905195652168e-01
4.049306426251834123e-01
5.833517332744536654e-01
6.528689069372060061e-01
7.574878124337632856e-01
7.306261850357332888e-01
4.995264184229682991e-01
4.377725852517176941e-01
7.667640617404621883e-01
6.733050938908901051e-01
7.324805339265850757e-01
7.680218345375761091e-01
6.248008112414891180e-01
6.954736452934886515e-01
7.367467449993678752e-01
6.358622464631384918e-01
7.999619265181800998e-01
4.874862269793797109e-01
5.178250449370881414e-01
5.954457145438936116e-01
6.425120772946859571e-01
5.755995828988529350e-01
6.519462830144507892e-01
5.495909000199560301e-01
4.100779141184996424e-01
6.517609643939231701e-01
6.245843143918246021e-01
7.279155274818516208e-01
5.163398692810456936e-01
7.727947010728947186e-01
7.225389224283353951e-01
7.276717653940574237e-01
6.419624689125028594e-01
5.043791859866048055e-01
4.988724931686946418e-01
5.390394674274845421e-01
6.616303947376358519e-01
6.911887444855133733e-01
5.038203648838297521e-01
4.517380637320672077e-01
5.956284153005464432e-01
2.819461527948613488e-01
6.625724067049423294e-01
9.030807618721330421e-01
8.030619516993132700e-01
6.667041999774799832e-01
6.004661099242571964e-01
7.452821809362527583e-01
7.384895686523118563e-01
6.744956094077163566e-01
6.637428131901140782e-01
1.990008326394672178e-01
6.732286829435057962e-01
5.401486535884001405e-01
5.825105782792664444e-01
6.914181588814521939e-01
5.692583374161168663e-01
6.739404112463280860e-01
4.595233516232244964e-01
5.246002095317163771e-01
5.009156323025066859e-01
5.385551330798478142e-01
5.469387755102040893e-01
5.386662930792940340e-01
3.074403369209171011e-01
3.532381928761921808e-01
5.939283975748994582e-01
5.922908484818368846e-01
4.970577961994495642e-01
6.541261206037851661e-01
7.301397593678480291e-01
3.519758628302303571e-01
9.338360783192970684e-10
6.749775868946510382e-01
6.663196838695338853e-01
6.020591074137059406e-01
4.929720644089097270e-01
7.070725069089970338e-01
7.313257000174629985e-01
6.809870670432585094e-01
7.726591655330167230e-01
7.312801654792002726e-01
6.175116508967660733e-01
5.991472705668553500e-01
2.842832469775473658e-01
7.173607055591884052e-01
6.465102629734091888e-01
8.051326247246959333e-01
9.133649877319649502e-01
8.555215190267387859e-01
8.440585227734705986e-01
4.585953879683031253e-01
6.915463748177654857e-01
7.800772109280121880e-01
7.972823424829013073e-01
6.088772264117033872e-01
3.371682143150628863e-01
4.996088227553419636e-01
7.379978526509534120e-01
7.401763036007770191e-01
7.021894840837437091e-01
6.388585864385369906e-01
6.056023797719386481e-01
7.108630669159549109e-01
6.948890946774264332e-01
6.313234542667348625e-01
7.055339626133630970e-01
5.815725254449140014e-01
3.146335009261709281e-01
7.966570195196883697e-01
7.459288235044005955e-01
8.399690736557429149e-01
7.020692238069973223e-01
6.715159653834676945e-01
8.379327533808229589e-01
4.608498553696281919e-01
5.620114760764470807e-01
6.623193099184503385e-01
5.762976535010098100e-01
8.363944414615913647e-01
6.690819064407834693e-01
7.995394512783819962e-01
5.641754670999187260e-01
4.998747812501150856e-01
7.844660194174757351e-01
7.311249850143400897e-01
8.238452694934739196e-01
7.358702870213236213e-01
5.622855790843487300e-01
6.130193747499571577e-01
6.601869104033097901e-01
7.977505080260235415e-01
7.746498398805921060e-01
7.108772311513602560e-01
7.069105876972330282e-01
7.338749708751632905e-01
8.014625845125483705e-01
5.434309218485362525e-01
7.355936456353056041e-01
5.213733404658853487e-01
6.627710565244250285e-01
6.744109543977959698e-01
8.968784409064324281e-01
6.437620289175645105e-01
7.279066818815772555e-01
4.618015493624748613e-01
5.920851389242927088e-01
5.814850381435501259e-01
6.063621100998498603e-01
5.989865578154690562e-01
6.549533720773077494e-01
6.643891232448062567e-01
6.254064439846289680e-01
8.148362497446721697e-01
6.862534441580319111e-01
7.155119670529362930e-01
8.081850576219474780e-01
6.096650849956235518e-01
6.833494147753493841e-01
6.697763371732825544e-01
7.904022011815164950e-01
5.192009309542281459e-01
6.525208303911876895e-01
4.848400794560401295e-01
6.732966182695372392e-01
5.352298516915606763e-01
6.825397044034222649e-01
6.649749864771949959e-01
6.369771728342549233e-01
6.865862948091484563e-01
7.330160436017502112e-01
7.322550806718711724e-01
4.156444002979884922e-01
7.443907773467653977e-01
5.960730414294129753e-01
6.978877403789294220e-01
8.282370883991146959e-01
7.723116956185385185e-01
5.663543950568068475e-01
4.849187935034802721e-01
6.607034613531451717e-01
5.911602209944751829e-01
7.583655103219725246e-01
7.127016198547716508e-01
8.834202489625359034e-01
2.756891363746410972e-01
8.469079421762867321e-01
8.188638445882452377e-01
7.326772101490499622e-01
7.195677215975877505e-01
6.096442487585983505e-01
4.554590490880178200e-01
4.034189878686048059e-01
5.038839341374268255e-01
6.313727525101834326e-01
5.496501536053451931e-01
4.419142999865979249e-01
4.345801441009208288e-01
4.363019962177838718e-01
5.186476059120646021e-01
2.446166455554727448e-01
5.358831996709849665e-01
4.681600436411150201e-01
6.988921108025655249e-01
8.534590482005293133e-01
6.938823072441250295e-01
4.083906121676538770e-01
5.348321254252328405e-01
4.836275475446276673e-01
6.200173660695064148e-01
4.936334472856390709e-01
6.592755268838670357e-01
6.178114706464079564e-01
6.193456071884830827e-01
4.856521570302488322e-01
6.261222440068111572e-01
6.070652770159078448e-01
5.223656559591715043e-01
6.460584588131089712e-01
3.206434767960918419e-01
5.128870758390505769e-01
7.638843755767323884e-01
4.529826370981606676e-01
6.609612724757952806e-01
5.133133260966731282e-01
7.763276924275083202e-01
8.314847728748675504e-01
7.614032915076272001e-01
5.190237636480411476e-01
5.513010264979709696e-01
5.358060034521955339e-01
6.008294141511275610e-01
5.982754174088891208e-01
5.907079646017698860e-01
7.447749624878218233e-01
6.807803649069288365e-01
7.919341812737444863e-01
7.324367658126370584e-01
6.741377141111132287e-01
6.981023974395701437e-01
6.956298200514138275e-01
7.698818059154440840e-01
4.004832092610861594e-01
6.665296114085788037e-01
9.228481623828045377e-01
7.202772027720276693e-01
6.648400805188995344e-01
7.282947751494670552e-01
5.200471698113207086e-01
6.283602633955654992e-01
6.476067289189016973e-01
7.050819478835042009e-01
8.362333080344511727e-01
4.989925995041720741e-01
6.810925644916538957e-01
4.653370559718961741e-01
3.191442190444517268e-01
4.993636360496308546e-01
5.979818492039400413e-01
6.218511587735712220e-01
6.255892387274651911e-01
8.405676853893438993e-01
6.057259152546249359e-01
9.081221223277124999e-01
3.550761126389589406e-01
6.232927737770052046e-01
7.432264792074935178e-01
8.414139552032445790e-01
8.151459374178280370e-01
8.219208050754758244e-01
4.266049169249228612e-01
7.957571415220708877e-01
8.065124658999377472e-01
6.443761309025819450e-01
7.560560859188544258e-01
4.610709652667767666e-01
5.252946698654428204e-01
4.905709994903280635e-01
4.968915288466199676e-01
7.180548315998381836e-01
7.317807362509585190e-01
4.248363460450633178e-01
6.800388448287821852e-01
3.224861358166788983e-01
6.739471884795413814e-01
8.675781987653897742e-01
4.768772384762375305e-01
6.752641301054564948e-01
7.081750920290119655e-01
5.951215984959868921e-01
6.021101755097899577e-01
7.612467846114175929e-01
7.592738702183212673e-01
6.558784057925781674e-01
6.528787974616828693e-01
7.848253490994494541e-01
5.377301122228979047e-01
2.476276547672842665e-01
8.506948102967573089e-01
7.017222425796996177e-01
5.713954745540195113e-01
8.242876526458616793e-01
5.213940262413638838e-01
6.847797228033319916e-01
6.151532799968996157e-01
6.726353486412470772e-01
4.552258167652523113e-01
5.577123430388770675e-01
6.527350051327174274e-01
5.758420885263029199e-01
6.796664301376179607e-01
6.800695318630786135e-01
7.248644461657629545e-01
6.527397909436853940e-01
6.109499637418419615e-01
6.514131897711978869e-01
6.558960295695719367e-01
6.771400834505640898e-01
6.767921036397285262e-01
6.852459924906825206e-01
6.577567370721049134e-01
5.485626508667984513e-01
7.377445457338933643e-01
4.975355786959205773e-01
7.482157676348547559e-01
6.289357287009182951e-01
4.959306440198160693e-01
6.801287714127907114e-01
7.563756080782272351e-01
7.503194589304814643e-01
6.990023023791250845e-01
9.294213435504438126e-01
6.115304569316311056e-01
4.709507824491082073e-01
7.977341702953872904e-01
4.961436828193188098e-01
4.714285714285713635e-01
6.391557496360990021e-01
7.468275690470267403e-01
7.220959047594717184e-01
6.181331694286057443e-01
7.718865598027127017e-01
7.999783760406530275e-01
7.591207941214386246e-01
7.362850971922245691e-01
7.730061349693251316e-01
8.195130726209903793e-01
7.454729025411542809e-01
5.906025357008989340e-01
6.999376169681845727e-01
6.733937535797311913e-01
5.460122699386502632e-01
6.397727265843334843e-01
6.500301871603945125e-01
6.296434455531721985e-01
7.077070756186765177e-01
4.977053033337909271e-01
6.347185667973206380e-01
7.766204471571684920e-01
6.382851760697035859e-01
5.204894830300275110e-01
5.920959551052767944e-01
8.729254598766649220e-01
5.377687391051714227e-01
8.656375459676589612e-01
7.205288536319801596e-01
7.081197587546831373e-01
7.095429465381408729e-01
4.273051327577560565e-01
6.683744226294856539e-01
9.156260180258443127e-01
9.382554385550203602e-01
6.362991487636807664e-01
7.959890699716990481e-01
6.461268890998028702e-01
9.642048254984496580e-01
6.929710380735437658e-01
6.018414750728134921e-01
5.363964442330391158e-01
8.070062463777448736e-01
6.907015538020353507e-01
7.063726523411684166e-01
7.915749943099916752e-01
7.447808661294432753e-01
8.138421340463024567e-01
7.123637054149418724e-01
8.551571607155598054e-01
8.181616791016642631e-01
9.024889893739826974e-01
8.360277439064364158e-01
8.123296910832321638e-01
6.948513142512678931e-01
8.904368932038835283e-01
8.068752761654697236e-01
9.234884259275879526e-01
8.339714224973990842e-01
6.741744284504656015e-01
5.520489386750997429e-01
8.542942481936958155e-01
8.737264705116603025e-01
8.420935965195747164e-01
8.030055085624726585e-01
8.788604296646705949e-01
6.560915831601153991e-01
8.026186180868372100e-01
9.050866934503684069e-01
8.563420782609797444e-01
9.069415863850581738e-01
8.820728800796898694e-01
8.654025018745908904e-01
7.539073891307055408e-01
7.892931479477146572e-01
8.462793882868409057e-01
8.175108444658460982e-01
8.981919037384817894e-01
8.357626122723076367e-01
7.442122186495175873e-01
5.986498417928236560e-01
7.580482897384306362e-01
7.950213019644336576e-01
7.806615838361092852e-01
7.635727611940298365e-01
8.750779742876256817e-01
8.433380378967597624e-01
8.000383742125291020e-01
6.684337245287693685e-01
7.315326133836226319e-01
6.032025855736741216e-01
7.576820031091853203e-01
8.586745515332351308e-01
7.304013152978102719e-01
8.152114912376589029e-01
8.754754286219785797e-01
7.554744734926223115e-01
6.337460322236095900e-01
7.674563729969466896e-01
7.034712499396513774e-01
8.606822364389212776e-01
6.743956098284471512e-01
6.258072377238941275e-01
5.854549460538656103e-01
6.322359700030573126e-01
5.956658640488979861e-01
6.520720815199342324e-01
5.324128247133161906e-01
5.920152091254753390e-01
6.681675210226595274e-01
6.488433183628505851e-01
9.313160013259458303e-01
6.114535433584449287e-01
6.698542481336650090e-01
8.135349555871377314e-01
7.646404360005398804e-01
4.973918299232387152e-01
6.937967760506621451e-01
7.102822996084895424e-01
9.015589420895430139e-01
8.638424685442873674e-01
8.384130998901633269e-01
8.020417156950072624e-01
7.756520577465717547e-01
6.128287015016647965e-01
5.202035400651110475e-01
4.996429624463209485e-01
6.365499680001494021e-01
7.931560223615110594e-01
6.281808849748770074e-01
9.805285000468647594e-01
6.493804709192806390e-01
7.552780010006058253e-01
7.542778425567883138e-01
6.769329866164086607e-01
7.179524949364758379e-01
6.383628588882102051e-01
8.508804704008821052e-01
5.899558111804728000e-01
6.035070628348757626e-01
6.241252370505335767e-01
6.685031504193041929e-01
7.478795272984495313e-01
7.672678052470242038e-01
5.025992516804078658e-01
7.258672931884976309e-01
7.185061984920300127e-01
5.349041818922263269e-01
7.936423957851111988e-01
5.186341361329589450e-01
7.968745645006559686e-01
6.481449345781418181e-01
6.662612749569271076e-01
8.862049364248317795e-01
4.244050265171849246e-01
8.179969672650657664e-01
4.139393096701523556e-01
8.508574923769294251e-01
3.818547772126895667e-01
5.894548033204021209e-01
7.133754553499762618e-01
5.468305157388994031e-01
7.670090266228243303e-01
6.100613395907948933e-01
5.202747508338531057e-01
6.366612111292961895e-01
7.090005348098278315e-01
4.428678772786718287e-01
6.383236853963741853e-01
5.820320287062262787e-01
4.820591010861480785e-01
5.842224744608399689e-01
3.610420020488803727e-01
7.565848349256258931e-01
4.960623750004109489e-01
7.635715567778496027e-01
5.017075842515626993e-01
6.222659674878036062e-01
6.870703300337829278e-01
5.001681048325703483e-01
4.144170579804510868e-01
6.189836579359748736e-01
6.534879333116069278e-01
5.187545161926031545e-01
8.365419366728689132e-01
7.114147452319955489e-01
6.201927710843373465e-01
6.528214592051569953e-01
4.521792654979063242e-01
5.284406808656231247e-01
7.080449362579512851e-01
5.395018374846876075e-01
6.260097844034037129e-01
6.960287328285292840e-01
3.897475874428534270e-01
7.403835564715322004e-01
7.065175840978593635e-01
6.469918670165593078e-01
5.968974447293556862e-01
5.776409204232926253e-01
8.059066272638569783e-01
4.841391883459609802e-01
4.990475521900850087e-01
5.298432972071424052e-01
8.856858660875362999e-01
5.231591927934452491e-01
7.979877844810041587e-01
8.288189390410711788e-01
6.768599152761338722e-01
5.491295938104447938e-01
6.424962326034926452e-01
5.419806243272335955e-01
8.394603108561917715e-01
8.346446673241068037e-01
1.719099700181579427e-01
3.150376140206374020e-01
4.068283742124874092e-01
6.447395301327886186e-01
3.283828382838283044e-01
3.226603556885809798e-01
5.452177452177452421e-01
3.699642827477365170e-01
7.090707734902231829e-01
5.571914417323174940e-01
7.488699387705994859e-01
6.915971076097410242e-01
5.726685237550608321e-01
5.128274738699606372e-01
6.366942449313574004e-01
5.020231895457677451e-01
5.540477896245100675e-01
6.667821267751991021e-01
6.954143751929642292e-01
6.156502939703129007e-01
7.056730766242740316e-01
6.189296656019814824e-01
7.511860347289393003e-01
3.267905386778407473e-01
6.035070628348757626e-01
5.834814551487143008e-01
6.071260028315242918e-01
7.024972631856550853e-01
8.538808066288693377e-01
3.567512147283020130e-01
8.050156159240333675e-01
6.081382385730211837e-01
6.931490804673701156e-01
6.026523478323543292e-01
5.267308289351132489e-01
7.718380258532584470e-01
5.922000847816871749e-01
7.776348753923258972e-01
7.571810092190257580e-01
8.651645209495624211e-01
7.882687133907410049e-01
7.718794952445936497e-01
7.055884529977793918e-01
3.411086029596186453e-01
5.651333085465931605e-01
6.454037440625872701e-01
8.494263350412787350e-01
6.774419344575246527e-01
6.565594059405939209e-01
6.418304488119682683e-01
6.002787942150200617e-01
8.584477998427404444e-01
7.468928423272774841e-01
6.227450655500553767e-01
6.387806680595979891e-01
5.579482097291009746e-01
8.132126101556083064e-01
3.668667328178115694e-01
4.990242029432806481e-01
8.367831693247370639e-01
5.201164637374272592e-01
2.752030578117535820e-01
8.034067823097359451e-01
5.319085226634726604e-01
6.138323366704742101e-01
6.573771085006094861e-01
8.367613349353076879e-01
8.457642563346103870e-01
9.444068668656013799e-01
6.911061738369352891e-01
7.250530785562632197e-01
6.537528409017726583e-01
6.263264459785816696e-01
6.932633872906391881e-01
5.608767910986403038e-01
6.552895896402703979e-01
6.421602191030467699e-01
7.137843048964935821e-01
9.161151242977513265e-01
5.357590966122961484e-01
5.403202817137662262e-01
9.132562149546159525e-01
5.335596037958023619e-01
7.343602800480206749e-01
7.802949028217859295e-01
7.612854783551326054e-01
6.636238229105413389e-01
5.563022995321867947e-01
6.503019165135205393e-01
7.546408881004436076e-01
5.943607254708636045e-01
5.558936060198556017e-01
5.934924994717938329e-01
5.357391817255617861e-01
6.367873392005053423e-01
8.499809907900515160e-01
6.291696495362810726e-01
7.630132120594226297e-01
6.399920571882444786e-01
5.844186880152946184e-01
1.973140495867768962e-01
6.023142936967409433e-01
7.251503360452776770e-01
7.039976176870639257e-01
5.802868364599313988e-01
6.759124087591240615e-01
4.914441215811078956e-01
5.797967722653915024e-01
7.332723355099696194e-01
6.067379541355321093e-01
6.155292767666464826e-01
4.677422461862960623e-01
6.274786218194861043e-01
6.561278950806739285e-01
7.557179223865563289e-01
5.551884189271900638e-01
7.390118116785892033e-01
7.008301700459833583e-01
5.787029534761128913e-01
6.989021318997891141e-01
6.569603294200772048e-01
7.716122809837646646e-01
5.868120180802978147e-01
6.545356642978649164e-01
6.629313124798452694e-01
7.402396366539427675e-01
6.563872982821445934e-01
6.024623452128190504e-01
6.531912052643376043e-01
3.705529414532202637e-01
5.693674304065070579e-01
8.546089466931061640e-01
6.304435290433658690e-01
6.162603564403648093e-01
6.816726690676270239e-01
5.918722786647314660e-01
5.052567600770733192e-01
6.492947289123837118e-01
4.260641914682433140e-01
6.636052428681572524e-01
5.744230628214663792e-01
6.385850854297105972e-01
5.543510990665462268e-01
5.030027362211719755e-01
7.007736215921982481e-01
4.473066837906879978e-01
7.048241058258276626e-01
6.490906264930428327e-01
6.698465667960389336e-01
5.696867379478521842e-01
6.256323777403035580e-01
4.570795826135138906e-01
6.267414790320661178e-01
2.607311450214073734e-01
5.001445689867206612e-01
7.550235566979655033e-01
6.453318626548376624e-01
5.422960447829677788e-01
3.768873403019744051e-01
5.637104266418923038e-01
4.957445291582732727e-01
8.031790260274840332e-01
6.565174807307414540e-01
6.483576571064040284e-01
6.677595975824955898e-01
6.156906077348066608e-01
3.714110169379832849e-01
4.711068165291099619e-01
7.059141199440573944e-01
7.276116195284352273e-01
8.054916490514488769e-01
7.909343420825675208e-01
7.405825401270199615e-01
7.198532144184318637e-01
7.061599550944887005e-01
4.767035970076443085e-01
7.161246689038469615e-01
6.280448511406109269e-01
7.347920399886823661e-01
6.495092444647339036e-01
5.766750948166877722e-01
6.877348610854431277e-01
6.818768916391957369e-01
4.702250020608586545e-01
6.252548935383698270e-01
7.576823862355681616e-01
7.374902662013670396e-01
6.221515478656667320e-01
6.336955471069117829e-01
7.502082042380333604e-01
6.270737539084054735e-01
5.327356636214927166e-01
4.425542529309054451e-01
7.549233162925094165e-01
6.714785455242724410e-01
6.939142401908338087e-01
7.397609586299240814e-01
7.069583254761456770e-01
6.288585650207242361e-01
5.866909590514022277e-01
4.240747958395171824e-01
5.975046621081609999e-01
6.302340290955090740e-01
7.230017602471531246e-01
4.466639965555996850e-01
7.447614432942424312e-01
5.313486206051613037e-01
6.447562776957165287e-01
7.235727029438000502e-01
6.028004667444574194e-01
6.968593536640873554e-01
4.996129699890204390e-01
5.493944192893627232e-01
6.992346265505411385e-01
6.783103630987311616e-01
6.430286993690209618e-01
4.995805072324596696e-01
5.463238234693479356e-01
9.114433404749604506e-01
5.571275709706434709e-01
6.881836809751483708e-01
5.281397113944242827e-01
4.745988758791497286e-01
5.785191212367778446e-01
5.981754995655952367e-01
4.307018988464772491e-01
8.232997004049152912e-01
8.858991710245923690e-01
8.080792484987773250e-01
4.380398227522042109e-01
6.906136031689739108e-01
6.207351003075121110e-01
7.090917754693605302e-01
7.825608341626444364e-01
7.851388893337735153e-01
8.457702536824877049e-01
3.951564919714932178e-01
6.801974058922304334e-01
4.277523372805835944e-01
8.263920315157173846e-01
8.498340914517260591e-01
5.829918032786884918e-01
5.265427934833710744e-01
5.487301966403947961e-01
7.819942315615986406e-01
7.672719894491223380e-01
8.498644322087499647e-01
7.771557810293769908e-01
8.938554940289545891e-01
6.230015074658068475e-01
8.699647377728431108e-01
6.395082093976338644e-01
5.109668429719836924e-01
6.974807251917560791e-01
7.544886807181889754e-01
6.419574311684506096e-01
6.431716214516332020e-01
6.360074870500151967e-01
5.074393108848865852e-01
6.148062463851937665e-01
6.724982920961178889e-01
7.170521384901734629e-01
7.450521815667042747e-01
7.589198953379365786e-01
8.708952122905981863e-01
5.094371254240895874e-01
5.700260468843918460e-01
5.367708429936011161e-01
6.128287015016646855e-01
5.259869523227623800e-01
5.979182677398913182e-01
6.325701986107034047e-01
7.202065847247427488e-01
9.053425853667204093e-01
6.480542344378168451e-01
5.027889118075296038e-01
4.451053009624443835e-01
6.985296101443410066e-01
4.860260202696692899e-01
5.795563626929562950e-01
5.270587153432341188e-01
5.977617905675460808e-01
5.415409054805402356e-01
4.979285099485912247e-01
7.402412501411466117e-01
6.456381428273995082e-01
7.184259010225225728e-01
5.294954415156153393e-01
7.323307367883891139e-01
6.381527316631452340e-01
4.540028701327210037e-01
6.222002635046114394e-01
6.455148382161450815e-01
6.848230383789993825e-01
6.696407559561161627e-01
7.237461451063137430e-01
7.495156056679972423e-01
4.571172429448966956e-01
6.277983502330938270e-01
6.757882640235581828e-01
7.524676464136872411e-01
7.158703071672355422e-01
7.024746588142022352e-01
6.844040568440404870e-01
6.631152781156786080e-01
5.790586458595520236e-01
5.906869050681758937e-01
6.180326042556353316e-01
7.184408383841647261e-01
6.577501746172579322e-01
6.351545032391217038e-01
5.587866108786611052e-01
6.801218772062376239e-01
6.150033269514881828e-01
6.638494365539774344e-01
7.089085657988778433e-01
6.138132585810991415e-01
6.356766659033662448e-01
8.446639333810870287e-01
9.658836383671922654e-01
6.051290219815228522e-01
5.780949268257253859e-01
6.408929149142672532e-01
5.838919582565991195e-01
6.171093480510519980e-01
7.716097323584113488e-01
2.785717082338200479e-01
6.243654822335025223e-01
7.130676075491115817e-01
5.952197886689659656e-01
5.776509462300991604e-01
6.687750077513547886e-01
6.876448944939206331e-01
5.665391876845620178e-01
4.690277137778948169e-01
5.105291576673866016e-01
5.783686525389846178e-01
5.659955317659137730e-01
6.063829787234041868e-01
6.643062624474441735e-01
7.284661112412308404e-01
7.656061848833355388e-01
6.655563984431764890e-01
4.474456725180762651e-01
5.432308658426381331e-01
7.650993173590394658e-01
7.590145365301115277e-01
6.837928172414530215e-01
4.748784474509862852e-01
4.492664995400966754e-01
5.623906183087699073e-01
4.934070244077951028e-01
6.196178035800676831e-01
7.834217246120603884e-01
6.151486864915322039e-01
5.799366050934585681e-01
7.500841326933680442e-01
6.665560320649950299e-01
4.552742537767197062e-01
5.996194779713419631e-01
7.295058919761765459e-01
5.002433223919070526e-01
6.325855093784478189e-01
6.418677614231834694e-01
5.485590070822522479e-01
6.715833442109385709e-01
3.591281069400348858e-01
5.313314954176290295e-01
7.251461824167821923e-01
5.287079031168581134e-01
5.573199912986730453e-01
3.975526637569918309e-01
6.534846361554499383e-01
6.373692506089698728e-01
3.613777440739238678e-01
5.945381128882257782e-01
4.681204087297942684e-01
7.221784472769408048e-01
7.278457916842565600e-01
4.340944186893624379e-01
5.568408660490351547e-01
6.524445450430058635e-01
3.147161844441245249e-01
6.312223528753009294e-01
4.836212035211388538e-01
6.100357947766140709e-01
6.481774960380347617e-01
7.247190156394264227e-01
5.253748095887116332e-01
5.919531156459697518e-01
5.817633760361718975e-01
7.388724582400472141e-01
5.433380084151471223e-01
5.898158586997368502e-01
6.350020483408438388e-01
5.918411375465466584e-01
7.392994088808787501e-01
5.946018172100480115e-01
6.312109491222850366e-01
6.219368839858938625e-01
7.108964341525785269e-01
6.546461152065107258e-01
7.857289035331559424e-01
5.846367664109710649e-01
6.449903297917766176e-01
5.965753681291917632e-01
4.485353796207481869e-01
6.130966479272618175e-01
9.354264173998967369e-01
8.203356718162846395e-01
6.521026001137613104e-01
6.692860917717883273e-01
5.078620405217302292e-01
5.306766152280820714e-01
4.940555527999792029e-01
7.274178796571355576e-01
5.830619566003990561e-01
7.181106660809648545e-01
7.732089237412212990e-01
6.031978161255728832e-01
4.899472855024082363e-01
6.292962576013286791e-01
4.610263251913910287e-01
8.291668966024686727e-01
7.609096196784058685e-01
5.017502917152873165e-02
4.039921939886846891e-01
6.750992848408491342e-01
5.595364752566349686e-01
6.457941661572530467e-01
6.345312186307969782e-01
6.754970865621433562e-01
6.780329859354446986e-01
6.664731128601648624e-01
7.087572889655263664e-01
7.441265806316020859e-01
6.874224801158786979e-01
7.480879272543595748e-01
6.947860112379515840e-01
2.099644128113879182e-01
3.646479035921917911e-01
4.995273311634800262e-01
5.830043694440258939e-01
4.372038399931905128e-01
6.353044341270759343e-01
7.948317683572613257e-01
6.867460102786042686e-01
7.465604917705979116e-01
6.034569861431871018e-01
6.280895008605852370e-01
8.195057913299930163e-01
7.044728434504792247e-01
7.035592254428784109e-01
7.512560719181267110e-01
6.295608195283066699e-01
7.120052889833634602e-01
6.480944350758853778e-01
6.129581231051699497e-01
5.098058410833741227e-01
5.945205479452053687e-01
6.145833333333333703e-01
3.425161663424635683e-01
5.611167365832488985e-01
5.741117276079539256e-01
6.796240336152427064e-01
4.756684491978608875e-01
7.960858164599351472e-01
6.649046078829909945e-01
5.889033896511586264e-01
5.599949395622721982e-01
5.889491063271189430e-01
5.303866524581298814e-01
7.473600635172686912e-01
7.093347428204251903e-01
4.729684343635994770e-01
4.825413902141202915e-01
5.072907650309607108e-01
4.302176563134919030e-01
5.330266572304788175e-01
4.442915359741940740e-01
5.497988421155923788e-01
6.700897467599526980e-01
5.325659741718136164e-01
4.478686822811912549e-01
5.480456026058632135e-01
6.534904115028872251e-01
6.547433903576982406e-01
7.339530716245729058e-01
4.833654938446924620e-01
6.836993595688120040e-01
7.368312273274750801e-01
9.282129425783275378e-01
7.867895451631355952e-01
5.923740221939239881e-01
4.229306960145849392e-01
6.597961471724730353e-01
4.566959560491256065e-01
6.034639490933447759e-01
5.385203984033261060e-01
3.482266392197888027e-01
4.191079681050127737e-01
4.992197137397271778e-01
5.565976292822717442e-01
5.724489331695554739e-01
6.024044300800789342e-01
5.038430089942763646e-01
6.966285259744233738e-01
7.986275437766209295e-01
7.427405607488957173e-01
6.418435815641843067e-01
4.862988673730362366e-01
4.980385491484804472e-01
7.286835516630252307e-01
5.669422126081581359e-01
7.403085631506164388e-01
5.729727184221681258e-01
6.328778247243475041e-01
6.649793241123627130e-01
5.212491462396600106e-01
7.372206712949979091e-01
5.446762974852863426e-01
6.211227624466939545e-01
5.428733352224426323e-01
5.190237636480411476e-01
5.419405530748739874e-01
6.389514406143541603e-01
6.375181422351232641e-01
6.191598861447341617e-01
7.124748587342892847e-01
6.620499307972914638e-01
6.094986807387862138e-01
6.266330300027028732e-01
7.662186696331757529e-01
8.468884290943816673e-01
6.601878149884988778e-01
6.994177789952310542e-01
7.087737186342044637e-01
7.410316232011272541e-01
7.137553193547714336e-01
5.401961227348729411e-01
4.839221501805415215e-01
5.966406425178873985e-01
4.654448557913442586e-01
5.986802184466020194e-01
7.911533634260892178e-01
6.711111111111111027e-01
5.354470513633481366e-01
7.329631214497733804e-01
6.362799932205029929e-01
7.495071234609231858e-01
6.653980307055942234e-01
7.917492245864767852e-01
5.325659741718136164e-01
7.401480386102833320e-01
6.298990633809221640e-01
4.996031853043449988e-01
5.298033282904690555e-01
4.583742913430950972e-01
4.650845608292417666e-01
7.673525810195785946e-01
6.436377106871642440e-01
6.689690633301910161e-01
5.689412671397836574e-01
6.344071613035486834e-01
5.062669718681193087e-01
5.530062998620761672e-01
3.207379021477587133e-01
6.090890995115528783e-01
5.923525599481529458e-01
4.730700673813444390e-01
6.070796460176989262e-01
7.093100212750635958e-01
5.440505721373130044e-01
5.996478727913430173e-01
6.426111572945774064e-01
7.111070275445149358e-01
6.574811635841091295e-01
4.973878163155111554e-01
6.895339020866465551e-01
6.501349254784891674e-01
6.106030334580858643e-01
5.748674708901166941e-01
7.128958904751857562e-01
5.501368473879998389e-01
7.121713161920023571e-01
5.126887247028590888e-01
6.103999347172365253e-01
4.246107828798286188e-01
6.054748841627731748e-01
7.120812450540753291e-01
6.002635046113307116e-01
7.949372747509820814e-01
8.252298468725325353e-01
5.954599885458427000e-01
6.292251609400449919e-01
6.738025436061838569e-01
7.180464149636299753e-01
5.845172584736321175e-01
5.710876235935902212e-01
7.532855143382424234e-01
7.266984517276879885e-01
7.220700058492133255e-01
6.455334732980564372e-01
4.033705140640155284e-01
4.725201518886150143e-01
4.026561122983157159e-01
7.560535966755350668e-01
5.969619747164343071e-01
5.741905155432573959e-01
6.352106192557261943e-01
6.798475176232111616e-01
6.446469847446886225e-01
7.094345007902450595e-01
7.600916930466107280e-01
6.773422456342268472e-01
5.428393135725428920e-01
6.830313014827017470e-01
8.268054141497950260e-01
4.311761782358647932e-01
5.903885761563356649e-01
6.203099946552644850e-01
7.277895911312789456e-01
4.871015597381946338e-01
5.846125145379299504e-01
6.960372172786315481e-01
4.301957391460370927e-01
5.789635352203305052e-01
5.937248997209627621e-01
5.143750000000000266e-01
5.381174008731103298e-01
6.359508041627246477e-01
6.825544148773614594e-01
5.578246728689206790e-01
6.761165821147914201e-01
4.399553785088413105e-01
5.368048553109721066e-01
7.503702470419434389e-01
4.962747129642477995e-01
4.111766543543377006e-01
6.305216886455999870e-01
7.093710755143848301e-01
6.397519379844961440e-01
7.755221345494416330e-01
4.156162728489859459e-01
7.133062791776954015e-01
7.050208268016302515e-01
5.463664734730272476e-01
6.549452429842573808e-01
6.620467813033636961e-01
7.133852094797676902e-01
5.597743378476011111e-01
5.937785910338517770e-01
7.183616404308201808e-01
4.768974145397580355e-01
5.052463775012490110e-01
4.836304550017614390e-01
6.030227689783456135e-01
6.534022890979084286e-01
6.643303598519327835e-01
5.395009778936762368e-01
3.353372696367864503e-01
6.284654005675615052e-01
8.083354426179300001e-01
4.231367476792829430e-01
6.702884389900728435e-01
6.621277627378883146e-01
2.152169682817667296e-01
3.981381675649189877e-01
4.576278161393532717e-01
3.172852598091199239e-01
7.206032446166912298e-01
3.725945470536499715e-01
4.841993763194700207e-01
4.990386429571677107e-01
5.117813383600376964e-01
4.517705479174453087e-01
5.851461427886919253e-01
7.019289294589730055e-01
8.037401053088398806e-01
7.614724059215816077e-01
4.974767430166299187e-01
5.040023809278025846e-01
5.328104074995215766e-01
6.841985132152220705e-01
6.418466120625464510e-01
7.172685406120015150e-01
7.320296940068802272e-01
6.870332770390416011e-01
6.054946875841369369e-01
6.014198935654367917e-01
9.198401520491596983e-01
5.721644559144740683e-01
6.703484469396473466e-01
5.475215197387948152e-01
6.741838487972509064e-01
8.253806354752598606e-01
8.165027789653698242e-01
6.139980191482338201e-01
8.280261075949366667e-01
6.992786752006502349e-01
5.913179790184494022e-01
5.108211914790719010e-01
7.379131390731825668e-01
4.870395829781841712e-01
8.771549416784180098e-01
6.978140763872208163e-01
7.978870538464221118e-01
6.283982683982682893e-01
4.889989913085900919e-01
4.981560892278538710e-01
5.922144006206573330e-01
7.803932273641099870e-01
6.670774841935450672e-01
6.464858412169635082e-01
8.712184934884126264e-01
7.418771800913843695e-01
6.158220024721877683e-01
8.288072519327349674e-01
8.531830207564813362e-01
6.534764001736650396e-01
5.211328622099477004e-01
4.890191323093505682e-01
6.467738488209172631e-01
5.565905110547449963e-01
6.842611177887759633e-01
6.130988122610975255e-01
5.621644919869911439e-01
7.826357858757766461e-01
8.023088422567963285e-01
4.773490706305784648e-01
6.705620478575402554e-01
6.201532022427543867e-01
8.516175028963550719e-01
4.995258140300151140e-01
6.651877882714694046e-01
7.241832931374699855e-01
6.423528996755374365e-01
7.300704749088076095e-01
5.008234120577343962e-01
5.653957303999254114e-01
6.681754068335402641e-01
7.490866079642528597e-01
7.091272485009992854e-01
7.069476436014073828e-01
8.767988385152691855e-01
6.677823429476463790e-01
8.075640134625692301e-01
6.738344056114874414e-01
9.709204660674846110e-01
8.414662915821321532e-01
6.026557853572371837e-01
8.720949766750308862e-01
7.264122879404106836e-01
5.040277648808106914e-01
7.063173464394313372e-01
7.489849437277964483e-01
9.827313186538430001e-01
7.136251696235614839e-01
6.916357684463390054e-01
6.645856076824284697e-01
8.991629953751525406e-01
6.557708842206835254e-01
7.109127918732122131e-01
9.737386756910987318e-01
9.795253356184849824e-01
9.967234842744605583e-01
7.997962883051623617e-01
5.553168135958700402e-01
7.740351326099975671e-01
6.794833285939340106e-01
9.632220555138784057e-01
7.952543334994676139e-01
7.551533252713880096e-01
7.732486330133154784e-01
6.911297233048622202e-01
4.592837608235808000e-01
9.326936626484416681e-01
7.120782044003820532e-01
6.562235611709673622e-01
5.152962934422439245e-01
5.785412456365975897e-01
7.795932775690005423e-01
9.676608412335091502e-01
9.953816172120300010e-01
7.909017855119554463e-01
6.555582079701707254e-01
4.947010025411459067e-01
8.737454122221208763e-01
9.980495367137790508e-01
6.375287674158121032e-01
6.056596839397280219e-01
6.991749320461525530e-01
7.966876306718930767e-01
5.201073384756957907e-01
9.613664106368194906e-01
7.334889554061203576e-01
9.853613162852384866e-01
7.598597735724654800e-01
6.759268370582945940e-01
8.001513114802923932e-01
7.207811966129142878e-01
9.805259497358972398e-01
6.387762924817230736e-01
5.296907087081509369e-01
7.157110091743119629e-01
7.545012234351542446e-01
8.714563890147207781e-01
8.609159700236944657e-01
9.770020798890655112e-01
8.567823459570149680e-01
5.350410826486226012e-01
5.160911094783247055e-01
7.173688158127493608e-01
9.791244107984574674e-01
8.620508003898615934e-01
7.555294249398062378e-01
5.169444444444444287e-01
9.834189672461375320e-01
9.735232834683048564e-01
6.898303258330094057e-01
9.518730489073882195e-01
6.919353375600792999e-01
6.950939057110003816e-01
5.842523617295767302e-01
9.627692916762892184e-01
8.954742379817667297e-01
6.487536982889006154e-01
6.671603622119450794e-01
7.721177947200618119e-01
6.735849932674002893e-01
6.669116296160204627e-01
9.327817954511926635e-01
7.650793650793650258e-01
3.865619546247818783e-01
3.904300423985462842e-01
4.594598184541088814e-01
6.583326073699800052e-01
3.400891771382243967e-01
7.319385498236595788e-01
6.540765361440429304e-01
5.582489146164977267e-01
5.854317082506668157e-01
4.908256880733944949e-01
6.112836454002970044e-01
4.722591562915507968e-01
3.332588386405044290e-01
4.305115436849251687e-01
6.093520169766146743e-01
6.893615320033582572e-01
5.539503061057462485e-01
1.795261239368165507e-01
5.937137964035661408e-01
5.854932118105002914e-01
3.741559037566380974e-01
3.471286493423164643e-01
4.978845912699916276e-01
4.977339185232887431e-01
6.050204345981194942e-01
5.152243402512647341e-01
2.593437222855695112e-01
3.372414916137436158e-01
6.455279902766855038e-01
5.246023916652631236e-01
5.077605321507761005e-01
6.730058801730866014e-01
7.048631313963746869e-01
4.897039035759354619e-01
3.187222781318722054e-01
2.448051149637279766e-01
4.483127783984129922e-01
2.177255739455418171e-01
7.999834535056251639e-01
5.815932877698185566e-01
4.516327012054748291e-01
6.146518432362478856e-01
4.362804528490016320e-01
2.586520947176682572e-01
4.549007030079715297e-01
5.814993423936870576e-01
3.167874516032958554e-01
2.786697247706423908e-01
6.686105609980204090e-01
3.634803456804056587e-01
5.657683215697733026e-01
2.793014664726297114e-01
6.170610461054898410e-01
4.904893996433525860e-01
3.407884761182715661e-01
4.444587167556791618e-01
5.259786476868326677e-01
7.271784003355631354e-01
6.267676671551740686e-01
2.831556206007387888e-01
6.918906468701829793e-01
6.655103542520760529e-01
1.269537158414840716e-01
5.921012780907383144e-01
2.831476976912901677e-01
3.569921047737908415e-01
4.996785697359298339e-01
4.997140343973396348e-01
6.241963308818725409e-01
3.680509042196918879e-01
6.066118448376109917e-01
5.248464544946958021e-01
3.903407204919214224e-01
3.396435216132273616e-01
4.996176777979402517e-01
6.293823038397329261e-01
7.013076454059440357e-01
5.894548033204021209e-01
3.564239854476374258e-01
6.238661244917109716e-01
5.433187498226181855e-01
5.157889922277844041e-01
6.968407163454888309e-01
4.073904518812845876e-01
7.866389455515455653e-01
6.114068995696886333e-01
5.278297137926095395e-02
6.826548666324251391e-01
4.029933789573248992e-01
6.097982758107364232e-01
6.348098218584496966e-01
1.658400216430696017e-01
5.441623546888122442e-01
4.981233794352796784e-01
5.179570474643556410e-02
3.630052758935300994e-01
4.780531377654035907e-01
5.868380190954441966e-01
4.039671411474068941e-01
3.748791395009666849e-01
3.684996616857984519e-01
5.058476295886368268e-01
3.151350846031597541e-01
4.976352521977153165e-01
4.752622733953431600e-01
4.383461026418570827e-01
6.949747339838945326e-01
3.559546105541478433e-01
5.745543710314198194e-01
5.034378359516280543e-01
8.841415874005917330e-02
4.610604252039098849e-01
4.026931384144237791e-01
3.745819186326521666e-01
6.267096572884706118e-01
5.002618204281555903e-01
6.341948690353769180e-01
6.960174526550315655e-01
4.189876079345653537e-01
5.032464289991870343e-01
4.046998615168130309e-01
6.911245317636266483e-01
5.290072426658862792e-01
6.908695728186431406e-01
6.279235340226596573e-01
4.026328862394435437e-01
7.288951717039776623e-01
8.079139925601930283e-01
7.029405816696278064e-01
5.106149957877001988e-01
6.511117586971468807e-01
4.250807029512075341e-01
5.046495410128979398e-01
5.220634744308065844e-01
4.463353089607417501e-01
4.347637687861789502e-01
5.005450406611122727e-01
3.216367655399181569e-01
4.533214986810201741e-01
6.869517443457560102e-01
5.657480869442749194e-01
6.892700325408891437e-01
4.284237227330317532e-01
5.815725254449138903e-01
4.456460515940069977e-01
6.642468239564427446e-01
4.364238410596027462e-01
4.326069410815174265e-01
6.275118016512797325e-01
5.747126436781609948e-01
5.802657124367125441e-01
6.965565490530593040e-01
5.176932264118752069e-01
4.669166013888225164e-01
5.738789512374418145e-01
3.975801379910044453e-01
3.984059511158342115e-01
4.491960378137950238e-01
4.619613601016605009e-01
5.754588285083137578e-01
5.440487428130095227e-01
5.722190106532329956e-01
4.278932743055131049e-01
2.585307290945190184e-01
3.959930744496660826e-01
6.841826290393332455e-01
6.261541141629406448e-01
4.036962376138850117e-01
5.391280801516382670e-01
6.157155549688259066e-01
1.827655934048841302e-01
5.017063820358611537e-01
5.221251530649092532e-01
5.004255419221792511e-01
6.455645241182018657e-01
1.484931506849314908e-01
5.758629572385368656e-01
4.655192809314983027e-01
9.605774569683496467e-02
7.707718935944196659e-01
5.148298470184203834e-01
3.379477927911342383e-01
7.041376224851715326e-01
3.728813559322033400e-01
1.906107902175250557e-01
6.822640163518388645e-01
6.971133132270573851e-01
4.237540628385698671e-01
6.163032853074928985e-01
5.887237176911744863e-01
4.997603832553834668e-01
6.388789792038653825e-01
4.944002253997323293e-01
3.681963713980789255e-01
6.026244621472242047e-01
2.753154972236246945e-01
5.793610317870387938e-01
4.022403697383433174e-01
3.362631029141601724e-01
5.283721653189937806e-01
5.008914920630915812e-01
5.448716902947942087e-01
4.298747477036892195e-01
3.268019594121762128e-01
4.492939873667240458e-01
3.549803712821877899e-01
6.660616144809156092e-01
5.143308133255793946e-01
5.086823289070480092e-01
5.001886126748609218e-01
4.962745588460960589e-01
5.396405295543551528e-01
2.578796561604586035e-01
6.270761636583650489e-01
4.540983606557376651e-01
5.001789443491172493e-01
6.454120132810141630e-01
6.109523305458522957e-01
4.976286874732587795e-01
3.370119852853921683e-01
7.000333826124277570e-01
3.900579332721983428e-01
4.079149008375672625e-01
6.087091757387247393e-01
5.398391509825054557e-01
4.992335054030033192e-01
5.835964699214639673e-01
7.725207163859930670e-01
4.994038966542789781e-01
4.847436151305840601e-01
4.823200203510556450e-01
7.448940454856014526e-01
3.005876875399182135e-01
5.435108103252080936e-01
3.741753878117261012e-01
5.553351613091417338e-01
5.602486743463155339e-01
4.607328250990920249e-01
2.560409195131989057e-01
6.520395341829883229e-01
4.989576894564760612e-01
6.488921777739085073e-01
1.062801932367149343e-01
5.388024560269608632e-01
4.622999157540016446e-01
6.306970287867271763e-01
5.908240792963177501e-01
3.619534567771735545e-01
5.237440639840039713e-01
4.977708626284473858e-01
3.177530017152658814e-01
5.382498894511864584e-01
3.341074020319303450e-01
2.921419967405935458e-01
5.273985959438378668e-01
5.731346901964222695e-01
5.512608225247167537e-01
6.577127095268406887e-01
6.586660116715844504e-01
4.730606843531414141e-01
5.406244294321709276e-01
5.707913861342978068e-01
3.415188496874202451e-01
6.188442211055277253e-01
6.422834571616664601e-01
3.686147668971671010e-01
4.900199091326763456e-01
2.444510210121338400e-01
5.609850608950281980e-01
5.282247263246244717e-01
4.623347949584032390e-01
3.707828185857698911e-01
3.596334956918398329e-01
4.010976836237534204e-01
7.379120292653580382e-01
6.071408923364692845e-01
4.874901007817413756e-01
3.725015142337975149e-01
4.961012601070744488e-01
4.141232853241003653e-01
2.915731001063704420e-01
4.716570447916820230e-01
7.147691889194084380e-01
6.942228886557813006e-01
7.573614594015340984e-01
7.165405205833488278e-01
6.624505742060325941e-01
4.928198433420367119e-01
5.309375812918170068e-01
5.223656559591715043e-01
5.882613619577526931e-01
3.008253692441355542e-01
5.659139649299860242e-01
2.614593916213471259e-01
6.861182519280205616e-01
5.885590759133417782e-01
5.919716491911012346e-01
6.721692859794579089e-01
4.429755202732620911e-01
5.622862029646522597e-01
4.857343119648405705e-01
7.367099204688153380e-01
5.832651518413788372e-01
5.341223873079827822e-01
6.888023129311996451e-01
2.227851229457554760e-01
6.762270192679290526e-01
3.335285933953284210e-01
4.590156646651314398e-01
5.295076622106291708e-01
6.388389416902132689e-01
4.553227428377288333e-01
6.029581872608277271e-01
6.321921348761381232e-01
5.859540806482732567e-01
3.046711282363281925e-01
5.670104897010489475e-01
5.955793053194073927e-01
4.685907906987953342e-01
6.145140866086948872e-01
5.273071939111488859e-01
6.579806547323134858e-01
4.201986550681721111e-01
2.908432298592323328e-01
4.264628686120117140e-01
5.783491642038303127e-01
5.941903877127607814e-01
4.498485208162137372e-01
3.144893111638956129e-01
3.829283015976352456e-01
6.790446200463431392e-01
5.033557046979866278e-01
3.908045544037120900e-01
3.573814295257181084e-01
5.565054883680965458e-01
6.201719618510276311e-01
3.601736876235258067e-01
3.058447582723430869e-01
7.308512333032534114e-01
5.354803493449781238e-01
3.382141698716463196e-01
4.634991609584737660e-01
2.422902150863373572e-01
4.271052531605744051e-01
5.817845886316704851e-01
4.222256162771795829e-01
6.266151089314344613e-01
3.120682302771856098e-01
1.973140495867770072e-01
6.563099682379468502e-01
7.056483691328561125e-01
4.351903643842681135e-01
6.279329288689580180e-01
5.007220156662137711e-01
5.199726869238647797e-01
6.076042880830035964e-01
5.415833373981757681e-01
5.398391509825056778e-01
2.899786780383795670e-01
4.993946014857007509e-01
5.004205231656677633e-01
4.756447846251440903e-01
5.434309218485362525e-01
4.148980441115271978e-01
2.416067852515020598e-01
5.583691226504544636e-01
5.005845244371117664e-01
4.351145038167938406e-01
7.601416828176168483e-01
3.937134509059826426e-01
4.137221448610484686e-01
3.839886645412681765e-01
7.061474636388227477e-01
4.074413046879866163e-01
3.530840918905671644e-01
4.780079437954414812e-01
5.498606805070443970e-01
5.892149088025376846e-01
1.227336122733612839e-01
4.631812463117537249e-01
2.335882727852134910e-01
5.682067166910486078e-01
6.032864605350506393e-01
4.272959164403652421e-01
7.511542874959094007e-01
3.606152372096568248e-01
5.183784788941918631e-01
5.975719888333690388e-01
4.044015993631288053e-01
7.084185799802986683e-01
5.156344948521625060e-01
2.836560108059431595e-01
4.325949169490161395e-01
3.895939086294415987e-01
3.999435388195822783e-01
4.983000551004859724e-01
2.451904454486766027e-01
5.469661293243976985e-01
3.811481218993622577e-01
5.302183849669883653e-01
4.664825893541953428e-01
4.414503386004514085e-01
6.778779720016334664e-01
6.120388349514563897e-01
4.067874421725464207e-01
5.640085326370308794e-01
2.802152317880796106e-01
4.030018761726079646e-01
4.334427490755564105e-01
6.598337926902070327e-01
5.763784272371196282e-01
5.961911737776963705e-01
3.570581738565327123e-01
4.463174975209591167e-01
6.107167318641973930e-01
3.508787313885258774e-01
7.012900012023980389e-01
5.305813774495159452e-01
8.520692975899587441e-10
2.141340027032245519e-01
2.752030578117535820e-01
5.000833358791454408e-01
6.584856594790793327e-01
7.076414094369317676e-01
3.104024561601290699e-01
6.742648122507181041e-01
8.520758946683357633e-10
6.268779584276600314e-01
6.165803108808288746e-01
5.932297227824573360e-01
3.804572943114994388e-01
5.379239230064161159e-01
5.658452928964707862e-01
6.048064085447263372e-01
5.802447137087193285e-01
3.447084233261338837e-01
6.435948569325068425e-01
3.838030418351323636e-01
3.221891458667278108e-01
5.538403285468790349e-01
3.488082239428255127e-01
5.466159137559813974e-01
5.518487037824054697e-01
6.787329943435119750e-01
7.383513897801770032e-01
5.063202247191010974e-01
3.244515493740983136e-01
4.523752685605156865e-01
5.416428435296359867e-01
7.226254087247786506e-01
2.614770459081836029e-01
6.056575466949905007e-01
3.671319952382551821e-01
4.342840341076154020e-01
6.350457202028888526e-01
5.591261960642716078e-01
5.612890405060775301e-01
3.845933470052494974e-01
6.710397918247857918e-01
2.335882727852133522e-01
5.758750013813034307e-01
4.972724880321793273e-01
4.980806279029937889e-01
7.208077636089792462e-01
2.142072500915416233e-01
2.381360287819100571e-02
4.112144582936049786e-01
5.737263409890028809e-01
6.073431409530993808e-01
3.958137463506358755e-01
4.788013534997910825e-01
6.503312548713952035e-01
5.778183477863989559e-01
6.529442417926002440e-01
5.033100404560499896e-01
5.967367470656519401e-01
5.964730290456428385e-02
6.293200722625512666e-01
3.522791860861658186e-01
5.706206390011018259e-01
7.394006352713714536e-01
5.589339635026914221e-01
6.042122765692116149e-01
4.989076348302041164e-01
3.348084635596737524e-01
4.768458481489228351e-01
6.190629225594697083e-01
5.804577404793639372e-01
4.566556134533396594e-01
6.121006994899063081e-01
5.379155435759209736e-01
7.042027434034944244e-01
4.424485752274683881e-01
5.324076177677209420e-01
7.032247503683088929e-01
4.388290466547602464e-01
3.270360489716290231e-01
6.266878912172140215e-01
6.549115678415673436e-01
4.997401765678477492e-01
3.629061988413520567e-01
5.360942249240120416e-01
4.015937562423393392e-01
5.502961065390765683e-01
5.225806451612903247e-01
4.425312096427033159e-01
2.416067852515021708e-01
7.306073749862880273e-01
3.052196053469127812e-01
6.441343809265781539e-01
6.403300553860065136e-01
4.615720484224039577e-01
4.475907271022671052e-01
4.574030842074112702e-01
6.551333348752226282e-01
5.126887247028590888e-01
4.526071109247998825e-01
5.640919273209988871e-01
6.420179682100899399e-01
3.693118506249057909e-01
5.266739248775176296e-01
4.936279874822218638e-01
2.817884405670666448e-01
5.299119997727972375e-01
3.405100150004411463e-01
6.393089017258809514e-01
3.407730115586470321e-01
3.165580487683667954e-01
2.894493290143451691e-01
6.718403547671840670e-01
4.838066766317887235e-01
6.717517650216938696e-01
5.055284211787972604e-01
7.345078070122966762e-01
6.112127991322622300e-01
7.712896379617094622e-01
5.927963981990994613e-01
5.059999180898553384e-01
4.989019712356212999e-01
5.238577212261422700e-01
7.451655629139072312e-01
5.031047535952398730e-01
5.228630582667850302e-01
4.894743861583085720e-01
3.541706254469029758e-01
5.096463965284701025e-01
2.915731001063704420e-01
4.386815092198257382e-01
5.031820021963586687e-01
3.962901768568359295e-01
6.713978896255487494e-02
5.831670409463086679e-01
6.032025855736742326e-01
5.208280222301535645e-01
2.978915662650602481e-01
3.191019506808982498e-01
2.727793149508634385e-01
1.757869249394673483e-01
5.636948365195639798e-01
7.239122947996785573e-01
5.288339094051300870e-01
4.016225767893141785e-01
3.247135496696766932e-01
4.353194654741842640e-01
3.723352338013759533e-01
4.921620811332286238e-01
4.966368968855852106e-01
2.206773127753302310e-01
6.368537461985070980e-01
7.316290130796671010e-01
2.671599317017644415e-01
1.205638882058847339e-01
5.596939958272159066e-01
1.922753988245172463e-01
5.498121835701454962e-01
6.178545863585234166e-01
5.316832086835978632e-01
3.741554453106543110e-01
4.694050730552423167e-01
3.977979894686453077e-01
5.121355667334080985e-01
3.747036981437695813e-01
5.790342192113948627e-01
4.761944112895309389e-01
4.142543724418658035e-01
7.110407607691454634e-01
2.216858899446164655e-01
5.689964157706091097e-01
7.795639931912043963e-01
5.503457267245593920e-01
3.688504326328799210e-01
3.411955139322465080e-01
6.209561466570814314e-01
6.064539390661619622e-01
3.457689692023704353e-01
6.327018528624515081e-01
8.520676483672354379e-10
3.350951374207190581e-01
5.094077535042303984e-01
2.589659990684675672e-01
6.033609674249994503e-01
4.933179343342681822e-01
4.179542189873789448e-01
3.169798303687449970e-01
5.830663126244680639e-01
8.101208675029287765e-01
4.507385660434179986e-01
4.993197114568697081e-01
1.994060246075519960e-01
3.297597042513863985e-01
4.794470244987874552e-01
5.795454545454545858e-01
5.271684312552137319e-01
6.345936794582391904e-01
3.644832605531295178e-01
3.831328669038865375e-01
4.097017245972234267e-01
4.078393455964643421e-01
2.011555420404439465e-01
3.666269723131884706e-01
1.175085453854917972e-01
4.982990709479464542e-01
3.754231167488724652e-01
4.312757867486448626e-01
7.077581297289184947e-01
4.282369147499025530e-01
2.526387728756928630e-01
2.833138856476077327e-01
4.991454160114856542e-01
4.119783350160682311e-01
4.886972490395188884e-01
5.129557766041080713e-01
6.186190200359428237e-01
5.437900575475785869e-01
4.218750000000000555e-01
6.305669441726141633e-01
4.698965068213871721e-01
4.978704094517623080e-01
6.438841408183170190e-01
2.031800342155578865e-01
5.446910326843155126e-01
6.155587689168934284e-01
5.443092358817397391e-01
4.471553210386082777e-01
7.050570210805207072e-01
3.122830787089052595e-01
5.626439309602006000e-01
3.831498538378229068e-01
5.966017699115044870e-01
6.995660086798264343e-01
7.249716724363323150e-01
2.515740120562626747e-01
5.597492323439098305e-01
4.213497706980069424e-01
6.651924790968126722e-01
6.065160596280929628e-01
5.902191144215944707e-01
2.884736064455775129e-01
4.392652123995407498e-01
2.902418682235196057e-01
5.634399667636059705e-01
5.372145926844553721e-01
4.990959556376860506e-01
3.607248209018121266e-01
7.061196446581801123e-01
4.168204321773700816e-01
6.206532079061409801e-01
5.012894376937981900e-01
4.993893866679588456e-01
4.948928407311387057e-01
4.971918098005296272e-01
4.790713162193965258e-01
6.739055861941579684e-01
5.650891814961193083e-01
8.095792637114952450e-01
5.259786476868326677e-01
7.022727443543258508e-01
5.044768241315762403e-01
4.516665947875256881e-01
2.637972562571997415e-01
5.386869989091225275e-01
4.247896488045416752e-01
8.733117144177950930e-01
8.014709012753326034e-01
6.272815489117877785e-01
6.742037470256347920e-01
5.373714920811337725e-01
6.582092600947003769e-01
6.850432066035168077e-01
5.506166656232392986e-01
7.722182199227193289e-01
6.585189022838348061e-01
6.327745919717688849e-01
4.483469814979394452e-01
1.902949571836346498e-01
4.050364077669901808e-01
4.066324688239544849e-01
4.851983422143280045e-01
7.028259338432453207e-01
4.632699060333718699e-01
4.440056031110297674e-01
2.848006924075586754e-01
5.510078385801475687e-01
5.879609024630826353e-01
3.589887385440441170e-01
2.126758952064980446e-01
3.567605414323157809e-01
4.154823524056809880e-01
5.011856889176745655e-01
4.842472560608962473e-01
6.280714817572599085e-01
4.616142304360341120e-01
6.205737458186548761e-01
2.223316912972084780e-01
3.676336541081023923e-01
4.987421473256026250e-01
4.834257936984532322e-01
4.145779720075045138e-01
4.722662440570522535e-01
4.656156149331621696e-01
3.900901774459420435e-01
5.900372439478586140e-01
5.800054704595185573e-01
5.396677176744196780e-01
3.021219265746040716e-01
5.178163945936473805e-02
4.058693244739757233e-01
2.501333333333333186e-01
6.679188937782718494e-01
2.387801547564861737e-01
4.277307642234083884e-01
4.328783747409952198e-01
4.936103553466896776e-01
5.807511096531704498e-01
3.469577333952623688e-01
3.349367088607595466e-01
3.737667441009849822e-01
6.151476899772784224e-01
4.228870654061640533e-01
4.439330609624402846e-01
5.975415123086320612e-01
3.575149527300792163e-01
5.059006211180123724e-01
5.561327060433005620e-01
2.113787026936309876e-01
6.646187934333770420e-01
2.998317914213625146e-01
6.664933263997226964e-01
6.987463721732269928e-01
9.539078156312610912e-02
5.081778896121657008e-01
5.160868427936174951e-01
5.984147357517621835e-01
5.624116210309808572e-01
6.450516357675428747e-01
4.178428009642843333e-01
5.965157620660650473e-01
6.176362642895121269e-01
6.795896139482958676e-01
3.767730496453899347e-01
2.126758952064980446e-01
2.011555420404439465e-01
4.232322283782513628e-01
5.011494366270553558e-01
6.253733213976270244e-01
5.939922852211397819e-01
4.994982098249245994e-01
3.747712215300015304e-01
5.011936104615889453e-01
5.052352718556830657e-01
4.130089899524060915e-01
5.928220862006831071e-01
5.697564500257210618e-01
6.439387159432137242e-01
3.492144808743168349e-01
5.366569394559606021e-01
4.796538840594752329e-01
6.731066049284155639e-01
4.586346806433494461e-01
1.663134411600669105e-01
6.677877019818860838e-01
4.211114497612516994e-01
4.793713380221257814e-01
5.100613452075777321e-01
5.982354937224295677e-01
4.677073767982859454e-01
2.223316912972084780e-01
5.372418826290408234e-01
5.474734470550369769e-01
5.203040011921614694e-01
5.676928783382789723e-01
4.159176396701600442e-01
6.253164556962025333e-01
7.340245972147956266e-01
4.918890754988718417e-01
4.256789054407909556e-01
4.692374988471050279e-01
5.723410726959342609e-01
5.310934646670143477e-01
5.970132494947227864e-01
3.344451724343321941e-01
5.276936391172651897e-01
4.882598906400772432e-01
9.988007538118898188e-02
3.137322250463694950e-01
5.612890405060776411e-01
4.736879115144725927e-01
3.777738279937506993e-01
6.993825809995042331e-01
3.792494481236202697e-01
6.379463305371337878e-01
6.514457673688343053e-01
2.116287468400146199e-01
5.135857147878659656e-01
4.303029070823932711e-01
4.181008902077151257e-01
2.177589852008456894e-01
5.202692620164806048e-01
4.982516868162042978e-01
3.977514847326271696e-01
7.237666975957386395e-01
5.750389148328480804e-01
6.235586705855754586e-01
3.547116736990154062e-01
5.091422968218262124e-01
3.508329362853741529e-01
4.986834561479923655e-01
6.013321667068476373e-01
5.115647013145487865e-01
4.400854812943704175e-01
8.154822030246734466e-01
5.763299761795311893e-01
3.952688392911280491e-01
6.710013363982335610e-01
6.333206278803840128e-01
4.820963541666666852e-01
7.041440410605352973e-01
5.807786572381374857e-01
4.015355633670419366e-01
5.582883854728514228e-01
4.980586611779014850e-01
7.650569723277263201e-02
5.114537640125835782e-01
2.798887859128823541e-01
1.864693446088794282e-01
5.847880299251870806e-01
3.681214421252371749e-01
5.863551669772109065e-01
4.991805929112998474e-01
1.990008326394671068e-01
5.306873977086743466e-01
4.992302859588833575e-01
4.562087582483503323e-01
1.853016871604233340e-01
6.151486864915322039e-01
4.231285493030458866e-01
6.034927564993055604e-01
1.304029601919245718e-01
7.518768980660894830e-01
1.682997118155619143e-01
4.728903531303381702e-01
6.475452737359991273e-01
5.526180961164052219e-01
4.357560025957168959e-01
6.715490457168220573e-01
6.177047848940826480e-01
3.904224676413551309e-01
5.532172802383157340e-01
6.095562043013631470e-01
3.761396312037884049e-01
1.685393258426965690e-01
8.169273762858276777e-01
3.036274430949891801e-01
5.776465333267160052e-01
5.190343546889508719e-01
3.796725767247182137e-01
5.919475169258793246e-01
4.189054499259045050e-01
4.564116325093079962e-01
4.433059876774347874e-01
3.721009163932569863e-01
4.514434195916196546e-01
4.974914706560638056e-01
4.108140225787285105e-01
3.498402555910541945e-01
4.143174744330813675e-01
6.163847386824420349e-01
5.261944736916992493e-01
5.723442261216770133e-01
4.163702526752517397e-01
3.368131742623670655e-01
8.488927658055945846e-01
6.069690315982831930e-01
3.879782894057122178e-01
2.404139803189683788e-01
4.276810976975535805e-01
4.566813509544787597e-01
6.190423470799888417e-01
4.927160063668954426e-01
4.985077482552507933e-01
5.874131215153135521e-01
4.349209707569437477e-01
6.221608272291071495e-01
4.949562282726148732e-01
6.875052589678238846e-01
4.534660584516245208e-01
6.767390811177441678e-01
3.109083998479665878e-01
6.603964937469918306e-01
3.650062787777312856e-01
4.003558788231075249e-01
4.908256880733946059e-01
5.241917096082813199e-01
3.588012829718992269e-01
3.370332196939666014e-01
7.265659991042293653e-01
5.855331712400140276e-01
4.305729123269150804e-01
1.090179375870261036e-01
2.786316607858381755e-01
6.840117498950917807e-02
3.472501499349809895e-01
5.304382312115802911e-01
5.098124187457439005e-01
6.228964209528324858e-01
4.077002295656456110e-01
6.046739485572982797e-01
5.671062224224746595e-01
5.591261960642714968e-01
4.480219472237057521e-01
5.511384845091450435e-01
5.368978081821492720e-01
5.012691218782669988e-01
4.935882971596035063e-01
4.934523809523809756e-01
6.844732067285377308e-01
4.713792675801424803e-01
3.549792983220745879e-01
5.329188435261578149e-01
4.496162574224947805e-01
2.687747035573122556e-01
5.622937550588381628e-01
7.253695362557889270e-01
4.444601262528879992e-01
4.994087063229772916e-01
4.441455883348615075e-01
7.399959991401866555e-01
3.930816635735462916e-01
3.877657296045762814e-01
4.469357249626307871e-01
6.597041387334476870e-01
2.387801547564861737e-01
6.083557573361559889e-01
3.841271649132469990e-01
1.726296958855098040e-01
2.085038954179322113e-01
2.958767557770728973e-01
3.799935950077599212e-01
6.563498071235737141e-01
3.416370106761565384e-01
6.439245481989441799e-01
5.508430123641813170e-01
5.447285576225060488e-01
6.615438670720453773e-01
2.866955266955268367e-01
3.629960871995528970e-01
4.011259676284308351e-01
3.722740829685864949e-01
4.264933826159532648e-01
6.085878954679961872e-01
4.720240330454376076e-01
7.504658463723454798e-01
8.146668568982742831e-02
5.762388333206076574e-01
6.752636822637313463e-01
6.296855820980077345e-01
6.689647159068904392e-01
3.977282890618011879e-01
5.003334574909942267e-01
6.060439990605183125e-01
6.431930472051907710e-01
2.593437222855696223e-01
1.816745655608215382e-01
2.354132901134525224e-01
4.533322742076416612e-01
5.344098925493795393e-01
3.141682681156059975e-01
6.041197940102994712e-01
5.980775753176678089e-01
7.057204037932089946e-01
5.155885942527460575e-01
4.295105480188848857e-01
4.250785970162235805e-01
5.251544897965146896e-01
4.185945002182452357e-01
5.679945054358402912e-01
3.818774020164606986e-01
5.280612244897959773e-01
4.112056580837661901e-01
2.327856025039121424e-01
5.945993708691195145e-01
4.626866355669554953e-01
6.208736069296995064e-01
5.879903715316399104e-01
4.380046366616036080e-01
5.721793973370706832e-01
2.858455882352943234e-01
4.883642495784147886e-01
4.987687730645222750e-01
3.897318511361230753e-01
5.354537845270835872e-01
6.980413492927094454e-01
6.785952928947954765e-01
5.500233875578193210e-01
8.251771852851839117e-01
2.741575216082353661e-01
5.237960540272963428e-01
4.988194612825550545e-01
6.399899381756241068e-01
5.627051871306630870e-01
2.019525485299127898e-01
4.674409241028806283e-01
5.032089339582016541e-01
5.105796924709116169e-01
5.024698592427231381e-01
3.650062787777313411e-01
6.215552467799757563e-01
4.019639850734261222e-01
4.883421771989066018e-01
6.485782546262244264e-01
6.085370302809194332e-01
6.621277627378883146e-01
5.210039148928653496e-01
2.965265082266910213e-01
5.136529200294475128e-01
7.094240837696333957e-01
5.344204943008687980e-01
2.050694025347015170e-01
3.595206391478029673e-01
3.627559371994339976e-01
6.957724140867879159e-01
4.654984354820333459e-01
5.425136756206209165e-01
5.739489419997408914e-01
5.826044306384370319e-01
1.394789839537450837e-01
3.774378585086040072e-01
6.010875169924529970e-01
5.467095192156563588e-01
6.886395511921458157e-01
6.400778210116730982e-01
6.608814352574102768e-01
4.026451827600536215e-01
5.268542199488490674e-01
3.958680439853381472e-01
7.210031347962370107e-02
4.996276484559862840e-01
4.013809166243240134e-01
5.777550672798502651e-01
4.013566190959290680e-01
5.511608164659709264e-01
3.786845328981630621e-01
5.426317053705850268e-01
2.332451499118165239e-01
4.515337918158296437e-01
5.436419127809549723e-01
6.120667306108504846e-01
4.230756896931696098e-01
4.785400732235501886e-01
2.975292587776332542e-01
6.015706339054645024e-01
5.171763226161465443e-01
5.091700401011080013e-01
4.884318766066828715e-02
4.664851811233722834e-01
2.969404186795490674e-01
3.522975929978119369e-01
7.209944183256882244e-01
6.980805949150838963e-01
6.911996521252132819e-01
4.990149411005887492e-01
5.115477815794565730e-01
2.845676760306456443e-01
4.435619549568009523e-01
6.130695182173239166e-01
4.220902258860847467e-01
6.453784197724279359e-01
3.590336673249076571e-01
4.508816536444266165e-01
3.821137750672078948e-01
7.334048750574888587e-01
5.172526976572436874e-01
6.108952276449950425e-01
6.140013726835964469e-01
4.320301597052815246e-01
2.693034047374953666e-01
6.443291839557400147e-01
6.923805999491721153e-01
6.648109722151930301e-01
5.481815768516060672e-01
4.353802107246787512e-01
2.491404612159329734e-01
4.094888465074439932e-01
5.310561797752808566e-01
6.469956403614077756e-01
5.454205848848796556e-01
4.818095228837208088e-01
4.994973731933950445e-01
7.242881480698761809e-01
6.362553827834009912e-01
5.552290162026060072e-01
6.204802130938892324e-01
6.459788094312516327e-01
2.810618500273673326e-01
6.043983886087814783e-01
6.283161347524072182e-01
5.271005917159763410e-01
5.604947342640216323e-01
2.914948633727025284e-01
5.383421390406256668e-01
5.545089687935130796e-01
5.713948723274003827e-01
4.502321336890264258e-01
5.908372827804108107e-01
5.904059040590405871e-01
2.632072156495255388e-01
7.038097081203285033e-01
4.028768112157363190e-01
5.428825932882787031e-01
6.037712713053666747e-01
3.397475432753587210e-01
2.327992459943449832e-01
4.024971444326283510e-01
7.303309565734927844e-01
2.836560108059432705e-01
5.816932116610868952e-01
2.923790205737468173e-01
6.899023064928365701e-01
4.807686800126013682e-01
3.955008168907879207e-01
6.263278274034476123e-01
1.004862236628849825e-01
5.891843355647199409e-01
5.893425066528201750e-01
4.098574977121192120e-01
2.801462427368282548e-01
4.489846153846154264e-01
3.868535554131711796e-01
3.870321304935513407e-01
2.433286224956355548e-01
6.569455860595101448e-01
3.298017771701980960e-01
6.348189576761559261e-01
3.065994962216624375e-01
5.261069422072054413e-01
6.741459583777414943e-01
1.248918373233342538e-01
5.103686022731905858e-01
6.646912094624526368e-01
5.848176321235822872e-01
7.015758779004839241e-01
5.895342752485609461e-01
3.777817730408563057e-01
5.550737443870602528e-01
5.670759962928637599e-01
4.176897899504639078e-01
2.947466294746629578e-01
7.760935130951179817e-01
5.259619065500898971e-01
2.997989900475561131e-01
6.019314668135034019e-01
3.683781631742846230e-01
1.708167330677290430e-01
5.050763186794644533e-01
6.326498101124596873e-01
4.238424269877141826e-01
4.718033310803048108e-01
3.942877046325320989e-01
6.929729421750558949e-01
5.523821401845847578e-01
2.050694025347014060e-01
2.706546424712808485e-01
3.823038397328881177e-01
4.832968236582695920e-01
6.642043056141833102e-01
6.931218027739785015e-01
4.386854537012147559e-01
7.294726015630992322e-01
4.616544148866428832e-01
4.795609176189183920e-01
4.157795821839589956e-01
4.246866532885417156e-01
6.336186510634181923e-01
1.632745364088647733e-01
4.025183450523724948e-01
3.674063295743908442e-01
3.073451445536263260e-01
4.992663800057670631e-01
5.826662547989939211e-01
2.626469085334696141e-01
5.758810155361879790e-01
5.614155643360247971e-01
3.518175321696320745e-01
5.229258299692715051e-01
4.342587219225259587e-01
3.828522677764689686e-01
6.093012806110986723e-01
1.616817556998621508e-01
4.994860538778971293e-01
3.991025880412671367e-01
5.471262897480442255e-01
3.748258395070293569e-01
5.351362862010221599e-01
4.781927396186993473e-01
2.787524366471734738e-01
4.756480401829760729e-01
5.984147357517621835e-01
6.623885930759764173e-01
4.993143534047626564e-01
4.762994027443723799e-01
5.241630759032150921e-01
3.622688812284551307e-01
6.653661996807945789e-01
5.020144568128344087e-01
6.664117765741012223e-01
3.151167915381225537e-01
5.289800808746443206e-01
3.036834486086536500e-01
5.556296609168082101e-01
6.369370947958646889e-01
6.793834592231892122e-01
4.992916099042269407e-01
3.786281702295127838e-01
7.432298990849821596e-01
3.177530017152657704e-01
6.956689371546073142e-01
4.998227200705477880e-01
6.229107809617282498e-01
5.560745523652517175e-01
4.991537696767698873e-01
6.219790393084223545e-01
4.234781460451604862e-01
5.135344160866202046e-01
5.171458468145267995e-01
5.552059381177135711e-01
4.126059656918541485e-01
6.956584358847157645e-01
4.279553674293609111e-01
5.513563747400097581e-01
7.221220622744001227e-01
3.040752351097177342e-01
6.240801405307885297e-01
3.934952382408224980e-01
4.527489604400561363e-01
3.298835705045277678e-01
5.298033282904690555e-01
3.747792498216544477e-01
4.996255359925949047e-01
5.983062297301683374e-01
4.762386248736096839e-01
3.388401888064734857e-01
5.064219172041233286e-01
3.263305322128851604e-01
1.345639002395375705e-01
4.624268149151040674e-01
6.095127945641175549e-01
4.935994832612172201e-01
6.389570162361126737e-01
4.929801949984682907e-01
5.797783933518007027e-01
3.810408921933086113e-01
2.564810553765914936e-01
2.019525485299126788e-01
5.011032115714635360e-01
1.946428164001004768e-01
7.001710983174402880e-01
3.421772428884025663e-01
4.012687996340120189e-01
4.820396949986672785e-01
6.048400840765779662e-01
5.146392589086483671e-01
6.528586308279868966e-01
7.015499357899359634e-01
5.746427984890785101e-01
3.767984422209365025e-01
3.479846060360544113e-01
3.320369018332410271e-01
3.854855122340918316e-01
7.257972569665672724e-01
7.121813968884476154e-01
6.426737193238515333e-01
3.531532421354139917e-01
7.018659881255301380e-01
6.094432779070426687e-01
3.005671077504725730e-01
5.021506425772659377e-01
6.187135599471630387e-01
5.770686894032568404e-01
6.487234673164022913e-01
2.545068928950159348e-01
6.089119170984454987e-01
6.542411172725406399e-01
6.870425979202705591e-01
7.401932316139591128e-01
4.461037543287377227e-01
5.821207684723176401e-01
6.078242435922143194e-01
5.022257394401028474e-01
4.174356374008899584e-01
3.050623624358033692e-01
4.746648938959962538e-01
5.314067148321290901e-01
3.562672993277974931e-01
4.049195837275308407e-01
4.329776915615907162e-01
5.093429776974078838e-01
6.497420075143133245e-01
7.557511318294116709e-01
6.414033727466563750e-01
4.971014282681986418e-01
4.423859152529703853e-01
3.974442793462111267e-01
6.056619483763530098e-01
6.810667104818965363e-10
4.136802829958626249e-01
6.741658294413512831e-01
4.965986394557823091e-01
4.900137418789360377e-01
4.906291424974014159e-01
5.671603279173763612e-01
3.840844498578969701e-01
7.238013867072036200e-01
4.246430924665055562e-01
5.978260869565216185e-01
2.709017547152108296e-01
1.908821349147518387e-01
6.351936175817559649e-01
4.939725112737033963e-01
6.646015604957693501e-01
3.841063614382994595e-01
5.167738397886446622e-01
4.018764456688411757e-01
2.593437222855696223e-01
4.294207541006974105e-01
6.544403400907492507e-01
4.993209145552782169e-01
5.919974795211089269e-01
5.553447185325743884e-01
3.768599292345283236e-01
3.371839262987687547e-01
5.574033552151714810e-01
3.868294810292193242e-01
4.568447117085248088e-01
6.112152493597698966e-01
6.328251536108183695e-01
5.586063245597423510e-01
6.214997832683137879e-01
4.075234475284020830e-01
4.707847006766057718e-01
3.803858057836420059e-01
4.368066054294511003e-01
3.174051111447149243e-01
4.542934426548937976e-01
3.487515349979534718e-01
7.426236613702917877e-01
6.613769941225862148e-01
6.394825482060044752e-01
3.663812528165840132e-01
4.429016475961177202e-01
3.902646440218903723e-01
5.803707742639040434e-01
2.063609467455621294e-01
3.549609641476539346e-01
6.065938666262752355e-01
6.612063713116893560e-01
2.291666666666667129e-01
5.789688676217430441e-01
5.596994964052781629e-01
6.474751599292227766e-01
4.235342353423533490e-01
5.339167270497742201e-01
4.982796622776304307e-01
2.272869380353904623e-01
4.276118164770901231e-01
5.884500870737598976e-01
5.916426612987193412e-01
6.798652993824835233e-01
1.953638427530170474e-01
6.432356837921390236e-01
8.272222964032625026e-01
5.771428571428571797e-01
5.311458991051405398e-01
6.782608695652174724e-01
6.265342377260980644e-01
6.488576449912124566e-01
4.989908232569096325e-01
4.939060118835799096e-01
4.820656392382079991e-01
5.643268166137085373e-01
5.614919035396266356e-01
6.427794397606744203e-01
6.149432955303536508e-01
6.335810653171382034e-01
6.701969617098767484e-01
5.295076622106291708e-01
7.571933617068429268e-01
5.044247787610618705e-02
4.511504407706438124e-01
5.083475982520666570e-01
2.162817404619113426e-01
4.483128802808014624e-01
4.067451009204464674e-01
4.683185003400254232e-01
4.612134831460674156e-01
4.105253993818830383e-01
5.577551326966905254e-01
7.586783546669765288e-01
6.162451928679640867e-01
5.813577586206897241e-01
5.778875234485661982e-01
5.000243725449188270e-01
5.469387755102040893e-01
6.531424827377650955e-01
3.446750615634419646e-01
4.872587561864175631e-01
5.148956474641076531e-01
5.192696872098440108e-01
3.554625882998422859e-01
4.265546296260457892e-01
6.623388617294646563e-01
3.760573871913435728e-01
7.790178084879133547e-01
5.005108400468936125e-01
4.576992468586930651e-01
3.967968974432632967e-01
2.407660738714089699e-01
2.910721565430086089e-01
5.218586747319219343e-01
3.144893111638957239e-01
5.994676131322094204e-01
4.968871634397989956e-01
4.288732399098268422e-01
1.797740947957352509e-01
5.414449223591164539e-01
2.874465049928672800e-01
5.529601288763591471e-01
5.194192400720724079e-01
3.167460394596171014e-01
5.534581463716540251e-01
6.714896415652745754e-01
4.994524092328626041e-01
7.758784611614800708e-01
5.164307923009004986e-01
4.458085446233756577e-01
6.192393736017897110e-01
5.348076251122835245e-01
4.581462591842894727e-01
5.664034764736134431e-01
3.114886731391585672e-01
3.659209845304502440e-01
4.045023938066619196e-01
4.994576685900782298e-01
6.044113313970619350e-01
5.804989806682606668e-01
5.259786476868326677e-01
5.653969351058618642e-01
3.194179042780135869e-01
3.933443852456227630e-01
5.317893132933374511e-01
3.188861703367120159e-01
5.656674029662354108e-01
5.187646045096064862e-01
3.367163772976916603e-01
3.760906383614672777e-01
2.623633020420012008e-01
9.468085106382972960e-02
6.759612396530779721e-01
5.656674029662354108e-01
4.114642068072305037e-01
7.680190683455101475e-01
6.212532473966647650e-01
3.800572129137719246e-01
5.099337748344370258e-01
4.494412872598428366e-01
6.917231276323017042e-01
6.030559167750324523e-01
6.594982995808322812e-01
5.055679287305122616e-01
5.110215035974925435e-01
4.738148984198646274e-01
6.402456849974346165e-01
4.122706572140957260e-01
3.501122953707569985e-01
5.334650380086901622e-01
6.638707971833016641e-01
6.192665571975917160e-01
5.851258581235697642e-01
5.848944667010719245e-01
5.890059812019367014e-01
2.911794088264676450e-01
6.406512017887089350e-01
5.661455201443175156e-01
3.818204403589950946e-01
6.664400042620585163e-01
3.965920232835746240e-01
5.098436062557497594e-01
5.720711073034911998e-01
6.336600142396066060e-01
6.236777868185517937e-01
5.503175070440303740e-01
5.789257321621075203e-01
4.098991750687443480e-01
6.090155704272420811e-01
2.127659574468084014e-01
5.595355495439277016e-01
5.784132724649490020e-01
7.613088399553691321e-01
4.295601356884616306e-01
5.576316500946257859e-01
3.327005220692927923e-01
3.546082720686800083e-01
5.037720033528918506e-01
6.373796423658872889e-01
3.408402634110374585e-01
5.544019933554817925e-01
7.813760666386314613e-01
5.151805688718440468e-01
3.524792461296836765e-01
7.649436904418134286e-01
5.003055458205576400e-01
5.780173659159684174e-01
6.758665787795847812e-01
6.188175229065049354e-01
4.316223304608468037e-01
3.212597098992434064e-01
4.213236696547776883e-01
6.678602047506178030e-01
6.698253516338759095e-01
6.508231346525458205e-01
5.570743303476675123e-01
3.834872700544725288e-01
3.576853526220615809e-01
5.878872258962756225e-01
3.055453991468618513e-01
4.989538887332992667e-01
5.400742115027828971e-01
2.574722459436379896e-01
4.158820282708559635e-01
2.913008778930567533e-01
5.926098240612607260e-01
5.669192823825718319e-01
6.455837958830559220e-01
5.193318898855551202e-01
5.865921787709498236e-01
2.950905474719983657e-01
6.115151061715736747e-01
5.790908574574820111e-01
3.718418805565320562e-01
6.476318182790895550e-01
3.650062787777313411e-01
6.562889826684714656e-01
3.789316809161502597e-01
4.711990208851513651e-01
7.288157387167288892e-01
4.358733933932322224e-01
4.964256788732016035e-01
5.028271136832301869e-01
5.584072665821714354e-01
3.356198930697064653e-01
4.975891973204065177e-01
7.173438916545264998e-01
2.352266207687876698e-02
4.642194056955630255e-01
6.870351465655534229e-01
6.424911282719996120e-01
6.781846670264387589e-01
3.773831165804317211e-01
5.691249360742082208e-01
5.440107794187699630e-01
6.256937320878614983e-01
5.701206958660358648e-01
6.257471264367815422e-01
6.100552868002763196e-01
7.748504215392982841e-01
4.365841736098962089e-01
4.764759767164240545e-01
6.714278720058168837e-01
5.433099254088125107e-01
4.990806307567127176e-01
5.469661293243976985e-01
4.995462502521104686e-01
6.860337426375161529e-01
5.992056327857012699e-01
4.814901553224575914e-01
3.749978036763903511e-01
4.529120463479218706e-01
5.894548033204021209e-01
2.642362157276288426e-01
6.168348380244291773e-01
3.938210481210172031e-01
5.764561424355851837e-01
3.589623006919627768e-01
2.422173675587111497e-01
4.023746638110570761e-01
5.672514619883041176e-01
4.998914639009603977e-01
6.783045064209181074e-01
5.681119266730741968e-01
6.004468441630981257e-01
3.782128154346128812e-01
5.629921259842519676e-01
4.509480626545754323e-01
6.960928944467249524e-01
5.803925428414125065e-01
4.646519972108338337e-01
4.167369876294954034e-01
4.038246142387836302e-01
2.259904912836767921e-01
4.930151226255533037e-01
5.525151177325090535e-01
6.349059512796793037e-01
5.941832080996509724e-01
3.716728694452806070e-01
4.985972051998653343e-01
6.322571045975301507e-01
1.638418079096046753e-01
4.102922244715028754e-01
6.476669840837980807e-01
6.691599131385099763e-01
2.690205968894493482e-01
5.136823960353371632e-01
2.681318681318681230e-01
3.902084343189530791e-01
6.081382385730211837e-01
7.499999999999995559e-02
6.859307972998329728e-01
5.361057331426127837e-01
3.470588235294118085e-01
5.795490577518017661e-01
5.163398692810456936e-01
4.767645592974588675e-01
1.266859344894026851e-01
4.900779935388109299e-01
3.116279069767442511e-01
5.009022141173052889e-01
4.240831682030957173e-01
7.773436668451314535e-01
4.673079763773249073e-01
4.976467248019544320e-01
6.952466693314297563e-01
5.823827477726279955e-01
4.516661726722276393e-01
4.046943865039114852e-01
5.033651714642281005e-01
6.675605439039957734e-01
3.701774081426396634e-01
1.622641509433962737e-01
6.696526577168882000e-01
4.166612152214826392e-01
3.510154120343477180e-01
6.092768007825309917e-01
6.470460512274009979e-01
6.644860418420881487e-01
4.346349745331070102e-01
5.533274593456430912e-01
6.742460072034053287e-01
3.258867227018015233e-01
3.217679010589810096e-01
5.758760122123733893e-01
8.107008851755093115e-01
5.699945217627454541e-01
4.928965401972255078e-01
6.182193396226415283e-01
5.186701999518188444e-01
4.134730607296304705e-01
4.365596637631722343e-01
3.903611870441272558e-01
2.697368421052632192e-01
5.847737633787999378e-01
3.568118046777390973e-01
4.325516398752118352e-01
5.609996004057419272e-01
6.236579393482764022e-01
5.157790110163174013e-01
4.124881596703910414e-01
5.923581809657758601e-01
2.843277971430525630e-01
5.598980458793543225e-01
5.898653998416469868e-01
3.260473588342441276e-01
3.335759119439642983e-01
2.278260869565217894e-01
4.235751192192155901e-01
5.003048400771739068e-01
6.089633237487787065e-01
6.359163591635916823e-01
5.954028118723498908e-01
4.956275720164609599e-01
5.259472612603665054e-01
3.728388378477019427e-01
3.097614792889344382e-01
2.927530852741949685e-01
4.884792626728111098e-01
4.291153191063021288e-01
5.080883488161357375e-01
5.727151525237665908e-01
2.750335155202638382e-01
3.931862372136276096e-01
4.451918802785597706e-01
1.926919032597264048e-01
4.262403081133128158e-01
3.182416425375096947e-01
3.269478428847392149e-01
5.388833499501496371e-01
