-1.063565018673610325e+02
-1.636780462148901449e+02
-1.077941566904169690e+02
-9.873079273998159522e+01
-8.389420303069768181e+01
-7.970360835616202166e+01
-9.633000481831118122e+01
-1.149600398502479521e+02
-2.226562544119070708e+02
-7.760353229766839434e+01
-1.033958922796705764e+02
-7.545911576046603386e+01
-7.528233832828443894e+01
-8.309920894065105301e+01
-8.904452326546753227e+01
-6.981618073423661031e+01
-6.532561523235072798e+01
-1.162618089529002248e+02
-8.277903675230574265e+01
-9.202673282845854885e+01
-6.850185838186298781e+01
-6.769255021586681664e+01
-9.957303998449404503e+01
-1.110659309623411417e+02
-8.850404970581219288e+01
-5.687537345307833192e+01
-9.810710126239266060e+01
-7.597937040265428266e+01
-6.068962144589476537e+01
-1.162864332690553368e+02
-9.606468966139586030e+01
-6.729913850087831406e+01
-5.699526073234809331e+01
-7.560225343433282319e+01
-8.399953894789092601e+01
-7.337457563177160580e+01
-9.336434681179846962e+01
-7.683200456296896164e+01
-6.606530043486053216e+01
-7.153840123234692783e+01
-1.295709330946829994e+02
-6.703814360354455459e+01
-1.292508168444598198e+02
-6.471037057161495909e+01
-1.155957350388834897e+02
-8.348314120079749046e+01
-9.447879654826729734e+01
-6.684260697493166958e+01
-8.010539176191234390e+01
-1.023373993714081394e+02
-6.917841516278932090e+01
-8.220084055882283280e+01
-7.880464885321829627e+01
-6.607797294934267995e+01
-7.393946442015604248e+01
-1.265432759547341703e+02
-6.711455310281971265e+01
-7.978932833830687343e+01
-7.830606568291686642e+01
-8.138005232026974056e+01
-8.665613081596232803e+01
-1.224092527349142188e+02
-1.065840222914579982e+02
-7.888992862732486344e+01
-8.275825940093953648e+01
-8.059102052505944869e+01
-1.006814783806786551e+02
-8.268760287135590659e+01
-8.680966309168843509e+01
-1.201185910682932274e+02
-9.820188340873600907e+01
-9.080125108804092804e+01
-2.099385925004101239e+02
-1.131302241520238994e+02
-8.641150051508289209e+01
-7.369431444826935262e+01
-1.056475454683251058e+02
-1.285988687200240008e+02
-8.329892164892250150e+01
-7.960661313455506161e+01
-1.558009640988964009e+02
-6.625798504599497107e+01
-1.237848216153828105e+02
-1.289824160110397031e+02
-1.779193223322835422e+02
-7.987393542686689329e+01
-1.144133525042301613e+02
-8.342344284877104599e+01
-8.777404220278219782e+01
-6.104667905643656667e+01
-9.896409898806867034e+01
-1.009756097415226890e+02
-1.125467013258483320e+02
-7.513261350659693960e+01
-1.594765239863427553e+02
-8.203012713248510579e+01
-1.186458875731909757e+02
-8.215991866743785010e+01
-1.184798072645675546e+02
-7.443791540526106587e+01
-1.034568484790974026e+02
-1.072280542484502774e+02
-9.390504532993384146e+01
-6.665006363512115684e+01
-9.618948401877318588e+01
-8.978219708444854064e+01
-1.013009404456532678e+02
-8.185721052498828954e+01
-7.578884993998077846e+01
-8.168614076594312223e+01
-7.916316578306458496e+01
-8.305367826559064781e+01
-1.040960533233829040e+02
-9.255634495341648460e+01
-8.638671955083835030e+01
-9.391367762569379352e+01
-2.375345445251086289e+02
-8.262769745868976656e+01
-7.019857222996668611e+01
-9.663109929488011574e+01
-8.557722194150885286e+01
-7.457227289476419685e+01
-7.582970280806752328e+01
-8.437756847665072257e+01
-7.361823643467802469e+01
-1.269780368569725795e+02
-7.711750380094622415e+01
-7.012183727708244874e+01
-1.085783459471968655e+02
-8.077297043916627217e+01
-8.936464805280581913e+01
-7.797194502905414026e+01
-1.042618381719781695e+02
-7.771464361472798998e+01
-7.373371838851454640e+01
-8.510566623673103948e+01
-1.371951469129323584e+02
-7.173591061006509051e+01
-1.054412490444134534e+02
-7.368152471119523739e+01
-9.299513012248407051e+01
-7.400616281254326623e+01
-6.727864205940484510e+01
-7.146839644812249048e+01
-1.233082100952464799e+02
-1.351818681354913565e+02
-9.849514818064614019e+01
-6.503678679760430725e+01
-8.569042730009287823e+01
-8.184003038544889819e+01
-1.094083587458316202e+02
-8.460894248934218353e+01
-1.215825746193414574e+02
-1.221747234920628529e+02
-1.368670412411796917e+02
-1.067162161409039101e+02
-9.522300653750528454e+01
-7.816260582360608566e+01
-8.380889216247538798e+01
-7.784437453886948788e+01
-9.458583037486992851e+01
-9.840592596683610793e+01
-7.196044656292555430e+01
-5.933748070580094236e+01
-8.114315585710376411e+01
-8.394790319811265817e+02
-6.732298545949660706e+01
-6.415329748655575770e+01
-7.073383875903734008e+01
-7.728794134411795369e+01
-7.730611465714463293e+01
-7.853019910959322658e+01
-7.474271438693618563e+01
-5.974593660960978525e+01
-1.003431849106188452e+02
-8.179876997152958040e+01
-9.095488188298223520e+01
-9.033677281685024241e+01
-1.202609420356084797e+02
-8.129627573124449214e+01
-8.403200490450048221e+01
-8.450631827434594356e+01
-8.754382625450297439e+01
-7.558343964496248191e+01
-7.521412294881241678e+01
-6.558285637093770504e+01
-6.644109966422688274e+01
-1.376082706503176212e+02
-8.834608218184195039e+01
-1.263536911990164668e+02
-6.766971454040576361e+01
-1.116719227703003696e+02
-1.049119543540269461e+02
-9.430201195359785515e+01
-9.177179889965395887e+01
-8.712626987727729500e+01
-9.593925576131168498e+01
-6.483472016410827621e+01
-9.458083472947443227e+01
-9.470729605040199317e+01
-8.405502388054053142e+01
-7.033640882965649155e+01
-8.834334944817011603e+01
-1.016621875551249587e+02
-9.834300643102274364e+01
-9.041398133097700907e+01
-1.122225537041414327e+02
-9.391639481329983141e+01
-8.684641383890217980e+01
-1.962895802753257897e+02
-8.183095521366797698e+01
-1.065989216426828392e+02
-1.046555571457949583e+02
-8.594099982502235946e+01
-8.069501844227691834e+01
-1.691363389495385547e+02
-1.396358498109455581e+02
-9.103931154538130954e+01
-1.140248426357890992e+02
-9.677050912676119765e+01
-6.590586522673866909e+01
-7.486380424165550096e+01
-1.602635198731946105e+02
-2.810522213230686930e+02
-6.407401277487755920e+01
-3.919702800416379205e+02
-8.158967788935261467e+01
-8.315416406020604256e+01
-8.810910897094215954e+01
-7.665920486150660906e+01
-6.773347676180583221e+01
-9.723284008069420281e+01
-1.205104184549218616e+02
-9.912399022060537845e+01
-1.031165452843517301e+02
-1.307688809071567277e+02
-1.152959068468758232e+02
-1.751299384406838158e+02
-9.075162166849183620e+01
-1.681870483298066574e+02
-1.163387981242056810e+02
-3.268525245417837368e+02
-1.118210166971415731e+02
-1.931196296700274786e+02
-9.701971782498939945e+01
-7.348766382656300777e+01
-7.065531510308804286e+01
-1.119521462911733209e+02
-1.280710570411196443e+02
-1.247753856180807759e+02
-1.359151234725097765e+02
-1.300365679711343603e+02
-8.151280779698639378e+01
-1.201922159886352404e+02
-1.372311243220705137e+02
-1.504352318899891827e+02
-1.539909177930272506e+02
-1.716897814503303152e+02
-1.889146687453889228e+02
-9.626550272357282267e+01
-7.883829713217582480e+01
-1.447454281157153559e+02
-8.684607764027234111e+01
-2.292583125274067584e+02
-1.219346564738279142e+02
-8.051980261923146998e+01
-9.387433473392182748e+01
-1.157834913430634032e+02
-1.168230298593692140e+02
-1.516694016250811217e+02
-1.055904973060732885e+02
-1.090140885879824282e+02
-7.251501582793575551e+01
-6.912901466942174977e+01
-1.022142164532657347e+02
-7.299040028998194884e+01
-9.453279786242268301e+01
-8.002646903233946318e+01
-9.359747720440697094e+01
-9.666220078579468122e+01
-8.112174203590242882e+01
-8.989163008254192277e+01
-6.907292787401179623e+01
-6.749651236918587927e+01
-1.614906382581417574e+02
-3.691136030641421257e+02
-9.893825016197986599e+01
-6.648583145785738679e+01
-1.017807234370008587e+02
-7.580553086563861598e+01
-1.250316318828979831e+02
-7.870040698113082556e+01
-1.427531060796566749e+02
-9.208096420080114797e+01
-1.206006201316326099e+02
-9.845846731602431134e+01
-7.049299835759786959e+01
-8.692637169941461650e+01
-7.384567243371812140e+01
-7.017082046276011909e+01
-9.071599452060544877e+01
-7.402479345375883213e+01
-1.346910329203998913e+02
-8.555455183535723052e+01
-7.714715867778357961e+01
-6.644696666957690923e+01
-7.868225664680049647e+01
-7.208881444547519379e+01
-7.982545372761512681e+01
-8.928542596454030900e+01
-9.382719471746315776e+01
-1.314846832927738092e+02
-7.275139318738497707e+01
-2.069088103858435090e+02
-1.218094718724028382e+02
-1.515054168610546697e+02
-1.146191957269518582e+02
-9.783648569902149461e+01
-7.854507777275119906e+01
-1.241079030293375496e+02
-6.528060406099351098e+01
-8.943115170985737450e+01
-7.653689925901878155e+01
-1.106643244159959494e+02
-9.570758654305444679e+01
-7.887888457556837807e+01
-7.745065974993030977e+01
-1.028518900857746559e+02
-1.154128518404683490e+02
-1.046893183713541333e+02
-1.176325920130112195e+02
-9.076700103587513979e+01
-1.060669546948479933e+02
-1.451722131857626721e+02
-9.913448202168015655e+01
-1.282610009660701280e+02
-1.090160442092971209e+02
-6.829501690324462970e+01
-6.072264165532874358e+01
-6.321029787230611419e+01
-9.502256481600430504e+01
-1.212746200390221105e+02
-1.501345653755780916e+02
-6.702668651083902773e+01
-8.525185891136220562e+01
-1.477835813890599184e+02
-2.162796896508428119e+02
-1.018594204541295056e+02
-7.835955159397531133e+01
-7.377156446156440950e+01
-1.901329002028284378e+02
-2.611258473538624116e+02
-7.575564393089219095e+01
-1.118043712439327493e+02
-8.737264253981329887e+01
-7.385441976326292490e+01
-6.415097602394584442e+01
-8.075442721303335247e+01
-8.115814507734354777e+01
-8.117729465982641557e+01
-1.126320570868044797e+02
-8.842391889878739164e+01
-7.985554320295999275e+01
-1.179793517361823518e+02
-7.273914467575062304e+01
-7.758320179026789276e+01
-6.765906376012328849e+01
-6.884886072070014507e+01
-7.592406325186867377e+01
-6.698503879873626943e+01
-9.137058159065485086e+01
-7.714941706624406947e+01
-8.011906070549215997e+01
-6.619495923652107194e+01
-8.877929388142206335e+01
-7.477233802091149073e+01
-9.737714977328742805e+01
-9.650070504787197478e+01
-7.165573427926419470e+01
-7.873257304131348633e+01
-7.420247531978789368e+01
-8.659106833572168682e+01
-8.312338016050280487e+01
-7.773073587483757763e+01
-1.246139837483336237e+02
-7.835585695936761397e+01
-1.082817668430955109e+02
-8.302164033405094301e+01
-8.434703104194707635e+01
-2.370741657529096358e+02
-6.713087658599988572e+01
-9.205382506336172810e+01
-8.622585787456307571e+01
-1.631108181821352616e+02
-1.130147326042518472e+02
-7.198790422356675833e+01
-1.508522149624702138e+02
-7.860844423606340570e+01
-8.517806892005700092e+01
-1.269633247338885838e+02
-8.456107073662116136e+01
-7.862521253704186108e+01
-1.083785937512433151e+02
-1.097400943070062311e+02
-1.446166209764861037e+02
-1.209512806893455945e+02
-1.403107146310073290e+02
-7.776834522563851237e+01
-1.557674448402097482e+02
-1.001923721241370089e+02
-8.565102939852336306e+01
-1.075403351204617479e+02
-1.005360167586188282e+02
-7.478698623652796584e+01
-1.046599959195718981e+02
-9.628617856236168393e+01
-7.844445840282465099e+01
-9.419048400722233794e+01
-8.771774284363023355e+01
-3.023326149156016527e+02
-1.059359336206322979e+02
-8.337219027457848597e+01
-9.246580508674807675e+01
-1.198654597081374362e+02
-8.315701021213152444e+01
-7.908669124606674927e+01
-1.001450626060050411e+02
-8.167556618694672466e+01
-7.536277306061118963e+01
-9.735104933542324090e+01
-8.868161298029193063e+01
-9.014191198620861201e+01
-7.706423271266260144e+01
-1.073833683758789874e+02
-6.924007320619421080e+01
-6.213713133375333797e+01
-1.540406410856853086e+02
-1.654104227126268825e+02
-1.032598138691156890e+02
-7.449606773120602554e+01
-6.373891646847469161e+01
-7.423927823617134436e+01
-1.174798689357692609e+02
-7.811004397486665596e+01
-7.565419848523796986e+01
-6.826931861504878896e+01
-7.985691719275615696e+01
-7.508718534573965542e+01
-7.335699556552226852e+01
-6.897025016677599751e+01
-1.307581352077287704e+02
-7.722622629286607321e+01
-8.363779991473732878e+01
-9.979265629153553618e+01
-1.087438801623942339e+02
-9.562397180718890866e+01
-7.434632962290676517e+01
-8.971530639773442317e+01
-9.724690452361910786e+01
-6.173166622564517070e+01
-9.512350281067342905e+01
-6.283027851431328514e+01
-7.503985025392782404e+01
-1.296142092179654242e+02
-7.856277433634458873e+01
-8.395349479376734791e+01
-6.135666065352318554e+01
-7.635348316897719201e+01
-7.938893342677847897e+01
-5.464116996741316967e+01
-9.530299069280773949e+01
-1.006020566296157028e+02
-7.139205262530200002e+01
-8.913207875780493339e+01
-1.062399057252209786e+02
-9.815379552996242296e+01
-8.337199798903651526e+01
-9.252092228991121203e+01
-7.766571101877393346e+01
-7.427643427665813647e+01
-7.972435017967953286e+01
-7.823026352104463399e+01
-1.144832336426558044e+02
-1.719891671922483454e+02
-1.190966777123902034e+02
-8.967203679151400308e+01
-8.913901910060560851e+01
-7.495556928902045968e+01
-8.886172331359530574e+01
-6.221542994369853830e+01
-1.176019247085346962e+02
-8.928348925493716592e+01
-8.480887831750979444e+01
-7.446895518458907759e+01
-8.086926489691894915e+01
-1.260764607503172243e+02
-1.096579719499949448e+02
-1.909000162190151002e+02
-9.405417677644943808e+01
-8.115590513003178330e+01
-1.128882572227649632e+02
-1.262461146626718715e+02
-9.355992081208674449e+01
-6.872357388732638128e+01
-9.334485977312826321e+01
-1.580482407806655942e+02
-7.154302445795421761e+01
-1.516446118309320354e+02
-8.487683551233047297e+01
-1.245979421565121754e+02
-2.357113243544749821e+03
-7.628203286397479133e+01
-2.444520922014552582e+02
-1.197876103370233096e+02
-6.530753238638854441e+01
-7.628801686527459935e+01
-2.056995878114018524e+03
-1.264104672835358514e+02
-1.580724866691352588e+02
-1.061734969353151428e+02
-1.318895980994840897e+02
-6.718069514358454342e+01
-8.845799995466839505e+01
-4.031942574984774978e+02
-1.470777480314329750e+02
-1.602676217551751279e+02
-3.339004192574668650e+02
-2.464633170319116857e+02
-2.760282497600484817e+02
-1.321128478812507012e+02
-2.634008324369783054e+02
-1.507489630994020331e+02
-3.943983671233086170e+02
-7.284778212980894807e+01
-8.758966210125723251e+01
-7.313330707829651089e+01
-5.708456980676466941e+01
-7.859975689085227657e+01
-9.656887573297727556e+01
-7.456490516456767637e+01
-8.408105608312905588e+01
-9.976905234218605756e+01
-9.269361991374098864e+01
-8.811964790982942475e+01
-8.866323492194850076e+01
-7.514640072552693084e+01
-5.835201688943494247e+01
-1.005467915034802928e+02
-8.000075487790429918e+01
-7.244808774776987548e+01
-1.124549938291439730e+02
-6.764693343579210705e+01
-5.750231536056357839e+01
-9.459990344547249208e+01
-5.978060044298672437e+01
-1.400031301550597505e+02
-5.803195960759150296e+01
-7.014887751030481411e+01
-8.920943839934842856e+01
-7.449784883426849547e+01
-9.180248629332527344e+01
-6.163885563959212988e+01
-6.219504702337613367e+01
-7.449732440778980447e+01
-6.737840658955856554e+01
-5.954820173711659947e+01
-1.142347660422732645e+02
-7.776047651582560150e+01
-6.705138722242881499e+01
-8.280171730732948276e+01
-7.877176901520375907e+01
-6.603451076987882118e+01
-7.297567789247131032e+01
-1.052427112045987059e+02
-1.072073119002178458e+02
-8.208248455720865877e+01
-7.424415280939686568e+01
-6.007820789132745887e+01
-7.830302719217065999e+01
-1.065453994832033544e+02
-6.231389430182576206e+01
-6.070384519774412269e+01
-6.489620027293034354e+01
-8.463411415642330837e+01
-7.141060219655005881e+01
-8.429593407345161893e+01
-7.545652417725973748e+01
-6.924023538910250863e+01
-6.916319738947052542e+01
-7.376876409293178938e+01
-7.551665512966825133e+01
-7.850260567813892010e+01
-5.186176347599386816e+01
-6.953474289928526275e+01
-7.696329812382090552e+01
-6.797751749621812678e+01
-6.040783385471696221e+01
-7.487350908044736286e+01
-6.336515221610927995e+01
-9.287600816432585304e+01
-6.992982006306647236e+01
-1.014602970339434904e+02
-6.119437427827831044e+01
-6.981134083504367993e+01
-7.288933886721932254e+01
-6.653748826592111243e+01
-7.105559879116280797e+01
-6.948032098709043680e+01
-7.536766119610540215e+01
-6.278045859848980825e+01
-1.340058478220853715e+02
-7.689444900150367346e+01
-9.161342670992505077e+01
-9.004785542668176390e+01
-7.754042456842377362e+01
-1.038070559125831238e+02
-6.411376603448736944e+01
-8.636153132370999685e+01
-8.705914232157626031e+01
-7.334978048844465093e+01
-1.291280391328373867e+02
-1.098453287157458220e+02
-8.350113584412351031e+01
-1.138289212780329791e+02
-8.312326927598437010e+01
-8.618207445857619575e+01
-8.609859351325140153e+01
-9.094703238728612860e+01
-7.990853492603488917e+01
-8.703884723697473191e+01
-5.901846039093982199e+01
-6.668731661624110529e+01
-6.202036352001042019e+01
-1.261926197951394784e+02
-6.261678011611300576e+01
-1.210874793672126373e+02
-8.329275738962800801e+01
-7.103413037284920506e+01
-1.097267480119045189e+02
-1.252292828593737255e+02
-7.697868144139447111e+01
-9.046464396904241312e+01
-6.684963175481210840e+01
-9.882197292959936874e+01
-7.431656898173693548e+01
-6.370494609756813986e+01
-7.484200587326581910e+01
-5.826832627900626704e+01
-7.266902072728348116e+01
-8.464488903495224292e+01
-7.793568338911887849e+01
-6.151210832911363013e+01
-1.031577662480145960e+02
-7.204204100683212175e+01
-1.101611734872294619e+02
-8.505518698315937343e+01
-7.207928785594005205e+01
-9.662220687798375707e+01
-1.676536967412343699e+02
-7.466590524232306336e+01
-8.296047127527005216e+01
-8.001472762253894189e+01
-7.259707155121265032e+01
-5.935230649098697597e+01
-9.816834217381408223e+01
-7.256984574265968035e+01
-8.985357023163766144e+01
-1.098433370858669349e+02
-8.414849872091156158e+01
-9.632963415333502155e+01
-7.134840034739724501e+01
-7.202034532030658909e+01
-5.576184167420861826e+01
-6.316119216221296284e+01
-7.175831542273891728e+01
-1.037538277305942529e+02
-7.729950426856433410e+01
-8.505666067425110555e+01
-1.068999925639772925e+02
-6.373007619817712310e+01
-8.125126883268224276e+01
-6.907364263298121898e+01
-7.010034792833211270e+01
-6.519874746657932008e+01
-6.622991494336130813e+01
-7.024121866213555165e+01
-6.613601670088762319e+01
-5.622518150249349844e+01
-1.126663117838369033e+02
-6.677760862563039268e+01
-6.296275157658804744e+01
-8.173387995484527835e+01
-8.179260065443759231e+01
-8.546049988852375634e+01
-7.236858783486901814e+01
-7.149759749820424304e+01
-8.529847118403078809e+01
-6.632340846599346662e+01
-6.467995367316413535e+01
-8.197752299293162537e+01
-7.787299071973244224e+01
-9.530241615532612798e+01
-6.844376117179287178e+01
-7.116095930682064363e+01
-8.521157998262536637e+01
-8.832918274303395378e+01
-7.955043761897441357e+01
-8.858324085678556514e+01
-1.160916042232384342e+02
-7.766733553699170045e+01
-9.748467446978260398e+01
-6.622330090789792223e+01
-1.160147628761739469e+02
-6.946302905013311602e+01
-7.756401208376743739e+01
-7.054580088649949232e+01
-1.084150063238475923e+02
-8.202737608039466011e+01
-1.066347245628965084e+02
-7.246948110880150296e+01
-7.374432528462877201e+01
-7.212130603533532280e+01
-1.148194830843552268e+02
-9.840839284218408523e+01
-6.509832477718076404e+01
-5.736023231433628666e+01
-7.244578836925641951e+01
-9.442154928616376708e+01
-7.704067843406565430e+01
-7.152085715685100809e+01
-1.052368409495762762e+02
-7.160906934029831916e+01
-1.035389962569020526e+02
-6.590855308929208434e+01
-9.154573173390016905e+01
-6.693371711764964971e+01
-9.927784515017494016e+01
-8.099773949945176810e+01
-7.246093937688806363e+01
-1.193040792477079179e+02
-7.598900361058031194e+01
-8.254264247608554683e+01
-5.871524380622308570e+01
-6.447737529825539582e+01
-7.897598195221752349e+01
-7.651171308009917027e+01
