1.585714285714285765e+01
6.500000000000000000e+00
4.428571428571428825e+00
9.214285714285713524e+00
4.892857142857143238e+00
6.321428571428571175e+00
4.285714285714285587e+00
4.535714285714285587e+00
7.500000000000000000e+00
3.892857142857142794e+00
5.142857142857143238e+00
5.214285714285714413e+00
4.392857142857143238e+00
3.321428571428571619e+00
5.571428571428571175e+00
3.107142857142857206e+00
3.571428571428571619e+00
1.110714285714285765e+01
3.714285714285714413e+00
8.428571428571428825e+00
4.642857142857143238e+00
6.464285714285714413e+00
7.071428571428571175e+00
6.500000000000000000e+00
3.964285714285714413e+00
3.142857142857142794e+00
8.821428571428571175e+00
3.678571428571428381e+00
3.285714285714285587e+00
2.096428571428571530e+01
5.392857142857143238e+00
6.000000000000000000e+00
3.892857142857142794e+00
4.142857142857143238e+00
6.285714285714285587e+00
4.285714285714285587e+00
7.142857142857143238e+00
5.821428571428571175e+00
4.392857142857143238e+00
3.678571428571428381e+00
1.603571428571428470e+01
3.142857142857142794e+00
7.464285714285714413e+00
5.000000000000000000e+00
2.732142857142857295e+01
7.428571428571428825e+00
1.421428571428571352e+01
4.535714285714285587e+00
6.178571428571428825e+00
7.535714285714285587e+00
3.285714285714285587e+00
5.714285714285714413e+00
5.892857142857143238e+00
4.607142857142856762e+00
5.142857142857143238e+00
1.878571428571428470e+01
3.678571428571428381e+00
7.607142857142856762e+00
4.285714285714285587e+00
7.178571428571428825e+00
4.321428571428571175e+00
1.675000000000000000e+01
1.139285714285714235e+01
4.357142857142856762e+00
4.464285714285714413e+00
3.214285714285714413e+00
1.432142857142857117e+01
4.785714285714285587e+00
5.964285714285714413e+00
8.821428571428571175e+00
7.178571428571428825e+00
5.464285714285714413e+00
2.707142857142857295e+01
4.428571428571428825e+00
3.500000000000000000e+00
4.035714285714285587e+00
7.285714285714285587e+00
1.039285714285714235e+01
6.892857142857143238e+00
8.464285714285713524e+00
1.628571428571428470e+01
3.142857142857142794e+00
6.821428571428571175e+00
2.532142857142857295e+01
3.017857142857142705e+01
6.000000000000000000e+00
5.500000000000000000e+00
6.142857142857143238e+00
5.535714285714285587e+00
3.142857142857142794e+00
5.857142857142856762e+00
9.428571428571428825e+00
1.428571428571428648e+01
7.750000000000000000e+00
1.510714285714285765e+01
5.857142857142856762e+00
2.075000000000000000e+01
4.857142857142856762e+00
1.328571428571428648e+01
3.321428571428571619e+00
1.332142857142857117e+01
1.010714285714285765e+01
1.042857142857142883e+01
3.785714285714285587e+00
6.000000000000000000e+00
6.321428571428571175e+00
1.275000000000000000e+01
8.035714285714286476e+00
6.107142857142856762e+00
7.857142857142856762e+00
7.250000000000000000e+00
6.964285714285714413e+00
9.250000000000000000e+00
5.642857142857143238e+00
4.714285714285714413e+00
7.642857142857143238e+00
4.664285714285714590e+01
4.321428571428571175e+00
3.250000000000000000e+00
6.500000000000000000e+00
4.357142857142856762e+00
3.785714285714285587e+00
5.321428571428571175e+00
3.642857142857142794e+00
4.285714285714285587e+00
1.860714285714285765e+01
4.035714285714285587e+00
5.285714285714285587e+00
1.242857142857142883e+01
6.000000000000000000e+00
6.214285714285714413e+00
6.357142857142856762e+00
1.546428571428571352e+01
6.178571428571428825e+00
3.321428571428571619e+00
5.607142857142856762e+00
8.571428571428571175e+00
3.607142857142857206e+00
8.142857142857142350e+00
5.500000000000000000e+00
1.360714285714285765e+01
6.428571428571428825e+00
3.714285714285714413e+00
4.535714285714285587e+00
1.178571428571428648e+01
2.717857142857142705e+01
6.714285714285714413e+00
4.500000000000000000e+00
1.285714285714285765e+01
7.321428571428571175e+00
2.264285714285714235e+01
5.357142857142856762e+00
1.339285714285714235e+01
3.717857142857143060e+01
2.114285714285714235e+01
6.392857142857143238e+00
7.857142857142856762e+00
5.642857142857143238e+00
6.392857142857143238e+00
7.714285714285714413e+00
8.428571428571428825e+00
5.500000000000000000e+00
4.928571428571428825e+00
3.071428571428571619e+00
3.785714285714285587e+00
1.842857142857142705e+01
4.857142857142856762e+00
6.107142857142856762e+00
4.250000000000000000e+00
5.535714285714285587e+00
6.357142857142856762e+00
3.821428571428571619e+00
1.067857142857142883e+01
3.321428571428571619e+00
1.021428571428571352e+01
5.107142857142856762e+00
1.121428571428571352e+01
1.528571428571428648e+01
1.192857142857142883e+01
4.392857142857143238e+00
5.750000000000000000e+00
6.071428571428571175e+00
7.178571428571428825e+00
4.214285714285714413e+00
4.821428571428571175e+00
3.142857142857142794e+00
4.500000000000000000e+00
1.792857142857142705e+01
5.857142857142856762e+00
2.632142857142857295e+01
3.678571428571428381e+00
1.521428571428571352e+01
1.260714285714285765e+01
5.500000000000000000e+00
4.928571428571428825e+00
6.821428571428571175e+00
8.964285714285713524e+00
4.142857142857143238e+00
5.857142857142856762e+00
4.785714285714285587e+00
6.035714285714285587e+00
2.857142857142857206e+00
3.821428571428571619e+00
8.714285714285713524e+00
4.464285714285714413e+00
9.678571428571428825e+00
1.328571428571428648e+01
4.964285714285714413e+00
4.357142857142856762e+00
4.432142857142856940e+01
7.178571428571428825e+00
4.357142857142856762e+00
1.396428571428571352e+01
3.821428571428571619e+00
9.000000000000000000e+00
7.357142857142856762e+00
1.946428571428571530e+01
8.750000000000000000e+00
9.571428571428571175e+00
7.750000000000000000e+00
5.285714285714285587e+00
4.750000000000000000e+00
7.596428571428570820e+01
1.403571428571428612e+02
4.178571428571428825e+00
8.882142857142856940e+01
6.178571428571428825e+00
4.892857142857143238e+00
8.857142857142857650e+00
7.714285714285714413e+00
3.214285714285714413e+00
9.071428571428571175e+00
1.107142857142857117e+01
5.464285714285714413e+00
5.392857142857143238e+00
1.282142857142857117e+01
8.000000000000000000e+00
1.992857142857142705e+01
1.032142857142857117e+01
1.075000000000000000e+01
7.642857142857143238e+00
3.171428571428571530e+01
1.510714285714285765e+01
2.814285714285714235e+01
7.214285714285714413e+00
6.571428571428571175e+00
5.000000000000000000e+00
7.928571428571428825e+00
1.810714285714285765e+01
1.325000000000000000e+01
1.664285714285714235e+01
1.446428571428571352e+01
7.464285714285714413e+00
1.332142857142857117e+01
2.253571428571428470e+01
2.221428571428571530e+01
2.150000000000000000e+01
2.467857142857142705e+01
2.314285714285714235e+01
1.232142857142857117e+01
6.321428571428571175e+00
2.271428571428571530e+01
8.535714285714286476e+00
5.717857142857143060e+01
8.607142857142857650e+00
3.535714285714285587e+00
9.500000000000000000e+00
1.357142857142857117e+01
8.678571428571428825e+00
2.114285714285714235e+01
1.446428571428571352e+01
9.678571428571428825e+00
4.178571428571428825e+00
3.892857142857142794e+00
1.092857142857142883e+01
4.857142857142856762e+00
7.964285714285714413e+00
5.928571428571428825e+00
5.035714285714285587e+00
1.360714285714285765e+01
4.714285714285714413e+00
4.821428571428571175e+00
4.928571428571428825e+00
3.750000000000000000e+00
2.371428571428571530e+01
3.714285714285714590e+01
5.392857142857143238e+00
3.535714285714285587e+00
4.750000000000000000e+00
5.607142857142856762e+00
1.675000000000000000e+01
4.321428571428571175e+00
1.517857142857142883e+01
1.042857142857142883e+01
2.150000000000000000e+01
1.317857142857142883e+01
4.214285714285714413e+00
3.750000000000000000e+00
4.535714285714285587e+00
5.178571428571428825e+00
8.964285714285713524e+00
3.821428571428571619e+00
4.750000000000000000e+01
7.357142857142856762e+00
4.964285714285714413e+00
3.178571428571428381e+00
6.357142857142856762e+00
6.000000000000000000e+00
5.035714285714285587e+00
6.750000000000000000e+00
1.046428571428571352e+01
2.571428571428571530e+01
4.571428571428571175e+00
1.514285714285714235e+01
3.785714285714285410e+01
2.189285714285714235e+01
1.089285714285714235e+01
1.142857142857142883e+01
7.928571428571428825e+00
1.585714285714285765e+01
4.071428571428571175e+00
6.250000000000000000e+00
5.607142857142856762e+00
4.000000000000000000e+00
4.821428571428571175e+00
3.321428571428571619e+00
8.357142857142857650e+00
6.178571428571428825e+00
2.178571428571428470e+01
8.785714285714286476e+00
7.464285714285714413e+00
8.928571428571428825e+00
2.510714285714285765e+01
2.964285714285714235e+01
7.428571428571428825e+00
1.282142857142857117e+01
1.660714285714285765e+01
4.678571428571428825e+00
4.321428571428571175e+00
4.535714285714285587e+00
8.714285714285713524e+00
8.464285714285713524e+00
1.889285714285714235e+01
6.535714285714285587e+00
6.607142857142856762e+00
3.596428571428571530e+01
9.260714285714286120e+01
7.250000000000000000e+00
5.892857142857143238e+00
4.535714285714285587e+00
2.550000000000000000e+01
3.353571428571428470e+01
3.678571428571428381e+00
5.642857142857143238e+00
6.892857142857143238e+00
4.642857142857143238e+00
3.821428571428571619e+00
4.535714285714285587e+00
4.214285714285714413e+00
3.464285714285714413e+00
5.321428571428571175e+00
1.071428571428571352e+01
3.500000000000000000e+00
2.425000000000000000e+01
3.464285714285714413e+00
5.428571428571428825e+00
3.392857142857142794e+00
4.714285714285714413e+00
5.857142857142856762e+00
3.607142857142857206e+00
3.857142857142857206e+00
5.571428571428571175e+00
5.285714285714285587e+00
3.750000000000000000e+00
5.071428571428571175e+00
4.857142857142856762e+00
5.785714285714285587e+00
4.428571428571428825e+00
4.464285714285714413e+00
4.071428571428571175e+00
3.428571428571428381e+00
4.892857142857143238e+00
4.678571428571428825e+00
4.642857142857143238e+00
5.500000000000000000e+00
4.857142857142856762e+00
6.142857142857143238e+00
4.357142857142856762e+00
4.321428571428571175e+00
3.175000000000000000e+01
2.821428571428571619e+00
4.000000000000000000e+00
4.892857142857143238e+00
2.746428571428571530e+01
8.607142857142857650e+00
6.464285714285714413e+00
4.132142857142856940e+01
3.285714285714285587e+00
1.146428571428571352e+01
1.450000000000000000e+01
3.142857142857142794e+00
3.392857142857142794e+00
9.607142857142857650e+00
1.357142857142857117e+01
1.282142857142857117e+01
1.300000000000000000e+01
4.392857142857143238e+00
3.392857142857142794e+00
1.610714285714285765e+01
3.535714285714285587e+00
5.250000000000000000e+00
1.010714285714285765e+01
5.928571428571428825e+00
6.142857142857143238e+00
1.014285714285714235e+01
5.214285714285714413e+00
3.642857142857142794e+00
1.000000000000000000e+01
5.892857142857143238e+00
3.885714285714285410e+01
1.282142857142857117e+01
4.857142857142856762e+00
3.607142857142857206e+00
8.357142857142857650e+00
3.035714285714285587e+00
4.642857142857143238e+00
1.121428571428571352e+01
4.214285714285714413e+00
3.428571428571428381e+00
6.678571428571428825e+00
1.471428571428571352e+01
4.821428571428571175e+00
3.964285714285714413e+00
7.535714285714285587e+00
3.892857142857142794e+00
3.428571428571428381e+00
1.753571428571428470e+01
2.239285714285714235e+01
3.571428571428571619e+00
3.821428571428571619e+00
3.178571428571428381e+00
6.464285714285714413e+00
6.178571428571428825e+00
3.428571428571428381e+00
5.714285714285714413e+00
3.357142857142857206e+00
8.107142857142857650e+00
4.714285714285714413e+00
3.928571428571428381e+00
4.250000000000000000e+00
6.678571428571428825e+00
4.678571428571428825e+00
5.357142857142856762e+00
7.214285714285714413e+00
2.110714285714285765e+01
4.107142857142856762e+00
5.035714285714285587e+00
7.250000000000000000e+00
1.039285714285714235e+01
3.428571428571428381e+00
6.428571428571428825e+00
3.428571428571428381e+00
3.178571428571428381e+00
9.714285714285713524e+00
7.357142857142856762e+00
1.082142857142857117e+01
4.107142857142856762e+00
3.928571428571428381e+00
3.285714285714285587e+00
3.285714285714285587e+00
4.107142857142856762e+00
4.071428571428571175e+00
5.714285714285714413e+00
5.607142857142856762e+00
7.428571428571428825e+00
1.317857142857142883e+01
8.214285714285713524e+00
9.857142857142857650e+00
5.142857142857143238e+00
3.750000000000000000e+00
7.428571428571428825e+00
8.428571428571428825e+00
1.532142857142857117e+01
1.303571428571428648e+01
9.821428571428571175e+00
9.785714285714286476e+00
3.785714285714285587e+00
5.178571428571428825e+00
5.321428571428571175e+00
3.071428571428571619e+00
1.253571428571428648e+01
3.964285714285714413e+00
4.892857142857143238e+00
3.428571428571428381e+00
6.214285714285714413e+00
2.935714285714285765e+01
4.535714285714285587e+00
7.892857142857143238e+00
5.714285714285714413e+00
4.321428571428571175e+00
6.571428571428571175e+00
9.428571428571428825e+00
3.642857142857142794e+00
3.357142857142857206e+00
9.500000000000000000e+00
4.714285714285714413e+00
3.285714285714285587e+00
2.678571428571428381e+00
4.750000000000000000e+00
2.892857142857142794e+00
4.860714285714285410e+01
5.392857142857143238e+00
1.032142857142857117e+01
5.035714285714285587e+00
3.178571428571428381e+00
4.500000000000000000e+00
7.942857142857143344e+02
2.225000000000000000e+01
5.571428571428571175e+00
5.857142857142856762e+00
2.607142857142857206e+00
3.000000000000000000e+00
1.042857142857142883e+01
7.214285714285714413e+00
4.857142857142856762e+00
2.392857142857142794e+00
5.214285714285714413e+00
3.357142857142857206e+00
4.250000000000000000e+00
4.142857142857143238e+00
5.071428571428571175e+00
1.457142857142857117e+01
7.642857142857143238e+00
4.107142857142856762e+00
3.714285714285714413e+00
3.642857142857142794e+00
3.964285714285714413e+00
4.571428571428571175e+00
6.642857142857143238e+00
3.678571428571428381e+00
4.607142857142856762e+00
4.214285714285714413e+00
4.535714285714285587e+00
1.014285714285714235e+01
9.535714285714286476e+00
4.821428571428571175e+00
3.928571428571428381e+00
9.821428571428571175e+00
4.785714285714285587e+00
5.178571428571428825e+00
7.321428571428571175e+00
3.607142857142857206e+00
3.821428571428571619e+00
1.060714285714285765e+01
3.535714285714285587e+00
6.928571428571428825e+00
3.357142857142857206e+00
3.464285714285714413e+00
4.500000000000000000e+00
4.321428571428571175e+00
6.678571428571428825e+00
3.178571428571428381e+00
3.928571428571428381e+00
3.892857142857142794e+00
3.714285714285714413e+00
3.071428571428571619e+00
8.285714285714286476e+00
5.750000000000000000e+00
3.035714285714285587e+00
3.928571428571428381e+00
7.714285714285714413e+00
3.571428571428571619e+00
4.607142857142856762e+00
1.189285714285714235e+01
8.107142857142857650e+00
3.892857142857142794e+00
5.035714285714285587e+00
3.178571428571428381e+00
5.035714285714285587e+00
5.607142857142856762e+00
3.964285714285714413e+00
3.714285714285714413e+00
4.500000000000000000e+00
4.214285714285714413e+00
5.178571428571428825e+00
4.142857142857143238e+00
5.321428571428571175e+00
4.214285714285714413e+00
3.714285714285714413e+00
3.464285714285714413e+00
4.321428571428571175e+00
3.428571428571428381e+00
2.928571428571428381e+00
4.500000000000000000e+00
5.142857142857143238e+00
3.785714285714285587e+00
3.214285714285714413e+00
1.125000000000000000e+01
3.607142857142857206e+00
5.535714285714285587e+00
3.964285714285714413e+00
6.821428571428571175e+00
3.750000000000000000e+00
4.714285714285714413e+00
4.642857142857143238e+00
4.392857142857143238e+00
3.464285714285714413e+00
3.714285714285714413e+00
4.750000000000000000e+00
3.892857142857142794e+00
1.200000000000000000e+01
4.714285714285714413e+00
6.428571428571428825e+00
1.139285714285714235e+01
4.821428571428571175e+00
8.250000000000000000e+00
3.392857142857142794e+00
6.464285714285714413e+00
7.250000000000000000e+00
3.678571428571428381e+00
5.571428571428571175e+00
6.678571428571428825e+00
6.285714285714285587e+00
8.285714285714286476e+00
5.428571428571428825e+00
7.535714285714285587e+00
5.071428571428571175e+00
8.357142857142857650e+00
4.285714285714285587e+00
5.500000000000000000e+00
3.535714285714285587e+00
3.321428571428571619e+00
3.000000000000000000e+00
1.403571428571428648e+01
4.964285714285714413e+00
4.000000000000000000e+00
4.357142857142856762e+00
3.964285714285714413e+00
5.750000000000000000e+00
1.260714285714285765e+01
7.035714285714285587e+00
3.928571428571428381e+00
5.142857142857143238e+00
6.357142857142856762e+00
5.928571428571428825e+00
3.892857142857142794e+00
4.535714285714285587e+00
3.535714285714285587e+00
4.214285714285714413e+00
6.964285714285714413e+00
3.607142857142857206e+00
3.857142857142857206e+00
5.464285714285714413e+00
4.642857142857143238e+00
6.642857142857143238e+00
1.196428571428571352e+01
3.500000000000000000e+00
3.928571428571428381e+00
1.478571428571428648e+01
4.214285714285714413e+00
5.535714285714285587e+00
5.821428571428571175e+00
4.000000000000000000e+00
3.107142857142857206e+00
8.607142857142857650e+00
5.035714285714285587e+00
7.107142857142856762e+00
8.928571428571428825e+00
4.000000000000000000e+00
1.253571428571428648e+01
3.500000000000000000e+00
3.500000000000000000e+00
3.214285714285714413e+00
3.964285714285714413e+00
3.464285714285714413e+00
4.250000000000000000e+00
1.114285714285714235e+01
5.535714285714285587e+00
6.214285714285714413e+00
3.642857142857142794e+00
5.535714285714285587e+00
3.250000000000000000e+00
3.821428571428571619e+00
3.928571428571428381e+00
5.285714285714285587e+00
3.964285714285714413e+00
3.750000000000000000e+00
3.392857142857142794e+00
8.357142857142857650e+00
4.178571428571428825e+00
3.821428571428571619e+00
6.821428571428571175e+00
7.571428571428571175e+00
7.321428571428571175e+00
6.357142857142856762e+00
5.107142857142856762e+00
5.678571428571428825e+00
3.357142857142857206e+00
3.928571428571428381e+00
7.571428571428571175e+00
6.642857142857143238e+00
6.785714285714285587e+00
3.964285714285714413e+00
3.464285714285714413e+00
4.785714285714285587e+00
3.892857142857142794e+00
5.857142857142856762e+00
3.821428571428571619e+00
9.857142857142857650e+00
4.214285714285714413e+00
8.107142857142857650e+00
4.214285714285714413e+00
1.103571428571428648e+01
3.642857142857142794e+00
5.642857142857143238e+00
4.000000000000000000e+00
7.785714285714285587e+00
5.464285714285714413e+00
8.821428571428571175e+00
3.464285714285714413e+00
4.785714285714285587e+00
4.714285714285714413e+00
1.071428571428571352e+01
1.039285714285714235e+01
3.250000000000000000e+00
3.535714285714285587e+00
4.071428571428571175e+00
3.928571428571428381e+00
7.357142857142856762e+00
6.285714285714285587e+00
1.225000000000000000e+01
4.500000000000000000e+00
8.142857142857142350e+00
3.178571428571428381e+00
1.110714285714285765e+01
3.821428571428571619e+00
7.571428571428571175e+00
5.785714285714285587e+00
4.000000000000000000e+00
5.250000000000000000e+00
3.357142857142857206e+00
5.357142857142856762e+00
3.500000000000000000e+00
4.000000000000000000e+00
7.500000000000000000e+00
5.142857142857143238e+00
