-1.477998992178845015e+02
-1.301755237190196226e+02
-1.372686261046357572e+02
-1.431352901819660417e+02
-5.234088769973352555e+02
-1.931814474302486531e+02
-1.137089015655549105e+02
-1.289519584824595597e+02
-1.956736345481664330e+02
-1.261535927636553396e+02
-1.712517726062649501e+02
-2.134462662751056143e+02
-1.347495262897485304e+02
-1.187181305741654711e+02
-2.306258546253372401e+02
-1.755498290530740917e+02
-1.245613857610580624e+02
-2.766257832641740606e+02
-1.160961698015263863e+02
-1.476216211691657918e+02
-1.574983516928353993e+02
-1.174963170874840159e+02
-1.414470796748414614e+02
-1.209338047883119316e+02
-1.468437866738956643e+02
-2.520537907055679909e+02
-1.117796169289734678e+02
-1.915606371667841756e+02
-1.112167780471285568e+02
-1.149085996314057212e+02
-1.379133742298646723e+02
-1.428775287908582925e+02
-1.377203155586028345e+02
-1.117259971319563618e+02
-1.816854464480771867e+02
-3.007239557306318716e+02
-1.196730413427709152e+02
-1.307667586415387859e+02
-2.104695691704828562e+02
-1.366061239701411125e+02
-1.145635697751348943e+02
-1.409455650946230492e+02
-1.364344161264431818e+02
-1.710368962378921083e+02
-1.761298838575670231e+02
-1.224223482568469024e+02
-1.080872842573319588e+02
-1.302235752869937642e+02
-1.162530869767752648e+02
-2.187129985419669822e+02
-1.270336607708173773e+02
-2.188234429094980840e+02
-2.982681278327534642e+02
-1.335100772740767923e+02
-1.329032323808971228e+02
-1.820542416326693456e+02
-1.214445217641774235e+02
-1.546760227606866067e+02
-1.423152743678097636e+02
-1.505559990852391934e+02
-1.442600510348696901e+02
-1.260868902692389497e+02
-1.547932498426914094e+02
-1.309124457927165679e+02
-1.222495786816039924e+02
-1.914503315689098883e+02
-2.352360161630114703e+02
-4.048490997298644629e+02
-1.674800835089950510e+02
-2.312940284259779844e+02
-1.154471435797027823e+02
-3.692738729018873869e+02
-2.787658348384401279e+02
-2.865799126943703072e+02
-3.422795218172120713e+02
-1.340694715432059638e+02
-2.256657353252652456e+02
-1.337842366876728590e+02
-1.258635508028578442e+02
-1.922767462173817137e+02
-1.273767423058355348e+02
-1.842297492438611073e+02
-1.447275179397167051e+02
-1.155703438794047457e+02
-1.587788280349950014e+02
-2.188042850199742304e+02
-1.128865519105942212e+02
-4.064722741461773694e+02
-1.925082002730263753e+02
-1.629602708736452996e+02
-2.087058471059377212e+02
-2.610486116710137026e+02
-5.418741823013557450e+02
-1.302788402726800143e+02
-2.432773385092093292e+02
-2.552110140980130950e+02
-1.277675049574653343e+02
-1.960319027005316741e+02
-2.419714232150926136e+02
-1.592726200158941481e+02
-1.213837781051345246e+02
-1.567343992914426849e+02
-1.672480080983982305e+02
-1.213471701650734360e+02
-2.982233579224550226e+02
-2.457421260740412947e+02
-1.111863566861540988e+02
-2.690861535805187827e+02
-1.482304865951921897e+02
-1.825192402993585858e+02
-2.178751331855271474e+02
-2.039885089950547581e+02
-2.920904647633615241e+02
-1.760203288552702929e+02
-1.847098257706371953e+02
-2.098800694103354374e+02
-4.675731555873456955e+02
-1.744478786801944636e+02
-1.243977959640342874e+02
-1.778013355253320640e+02
-1.267146846833336298e+02
-2.524805460769100875e+02
-1.427205245410565340e+02
-2.344898522393039002e+02
-1.781830972693067565e+02
-1.142372374542247542e+02
-1.183862123536023461e+02
-1.143130629424673685e+02
-2.820691548911814834e+02
-1.379731992205862525e+02
-6.166895207211265415e+02
-1.375494939313497582e+02
-2.865005784621014868e+02
-2.230617053761395994e+02
-1.754622941496926103e+02
-1.664500953031889026e+02
-1.448590209391785777e+02
-1.167465704097378278e+02
-4.324885223280036826e+02
-1.558702240514259643e+02
-1.232557579952714804e+02
-1.099447823756818252e+02
-1.309714491803649139e+02
-2.299214924391152124e+02
-1.780057323980470585e+02
-1.178565862184636615e+02
-3.129435677027261704e+02
-1.379541314011644033e+02
-1.277678265076417858e+02
-1.481051631072185728e+02
-1.412467253647170367e+02
-1.300089462254946682e+02
-1.155996905306036808e+02
-2.312139584132793573e+02
-3.634096036178104896e+02
-1.506815173802319237e+02
-2.443883124434558738e+02
-1.789866911394396425e+02
-1.778295213174604612e+02
-2.250587429138981008e+02
-1.203556838361351566e+02
-2.872986975753007641e+02
-1.215148257215192871e+02
-1.268506124901791452e+02
-2.333851593238856310e+02
-1.663867351735187299e+02
-2.725197648773377637e+02
-1.429621576913970387e+02
-5.272053667675941142e+02
-2.135124256837338237e+02
-1.548237316477552952e+02
-1.235875958412270847e+02
-1.282160121291962298e+02
-1.146428548264897245e+02
-2.851114999194045367e+02
-1.562442174608422079e+02
-1.584978495686154076e+02
-1.112708202755701166e+02
-1.382744172759606158e+02
-1.383743353235925895e+02
-1.718249148773461741e+02
-1.822988442769084827e+02
-2.982619134195470565e+02
-1.200106851565065682e+02
-2.012564129503140293e+02
-1.395077006398642538e+02
-1.514085953838877288e+02
-1.460699908080125340e+02
-4.374656268642246459e+02
-3.772591788980371916e+02
-1.355595602273196221e+02
-1.278029503566724543e+02
-2.577613257978030106e+02
-1.262066540276276498e+02
-1.355942726279423880e+02
-1.346930898530788738e+02
-1.308230448862291553e+02
-1.780022546056322312e+02
-2.547997068266830070e+02
-2.169983023599127137e+02
-3.741249613299661974e+02
-1.424436915360842306e+02
-1.414937804749980330e+02
-2.322928436657626037e+02
-1.392842775292667170e+02
-1.133773551425802282e+02
-2.747059985862288727e+02
-1.230910543388674512e+02
-1.521167301614455596e+02
-1.544206937112546996e+02
-1.532174824421123844e+02
-1.246164340549105418e+02
-1.058790893934468755e+02
-2.606753662450540219e+02
-1.649779563410292553e+02
-3.031234223904955911e+02
-1.872096943740779409e+02
-1.170112230184404467e+02
-1.830428312785743685e+02
-1.689725097930333106e+02
-1.738289715754319218e+02
-1.195510056553442269e+02
-2.405616258090223027e+02
-1.087736980807510463e+02
-1.219016234741195035e+02
-1.049286035416145353e+02
-1.192993216681970381e+02
-5.068458122476329208e+02
-1.671576069078553530e+02
-1.363916224912171629e+02
-1.297924379104277364e+02
-1.205865506655161994e+02
-1.426897878313916408e+02
-1.717187591653701872e+02
-1.218551362857998868e+02
-1.141998908094680303e+02
-1.361072239946565787e+02
-1.507629466098074147e+02
-1.263531100057839467e+02
-1.245060891140795150e+02
-1.106938642432747599e+02
-1.533406399921451850e+02
-1.249521584477683263e+02
-1.886439137421035355e+02
-1.434616666957285531e+02
-1.236555363002098034e+02
-1.199612659084413906e+02
-1.423094639565357511e+02
-1.062597922377003243e+02
-1.339335541080136807e+02
-2.348097210992301314e+02
-1.340288618106405920e+02
-1.172037719976719927e+02
-1.632583277017458556e+02
-1.244128386921790792e+02
-1.225720061655096771e+02
-1.002930202171358331e+02
-1.274093058473367535e+02
-1.175043779126194750e+02
-1.230189788972954403e+02
-1.132194983085731792e+02
-3.661497673061171554e+02
-4.081192760409474545e+02
-1.134437253828461678e+02
-4.090191719505493211e+02
-1.610311356577831248e+02
-1.445323719374027291e+02
-1.832630321315781430e+02
-1.198867854450435146e+02
-1.653781764403973398e+02
-1.769663770445838225e+02
-1.217790171009870193e+02
-2.053183889074595925e+02
-4.313262799930708979e+02
-5.087938788320261665e+02
-1.327208789535370954e+02
-1.498776410435648074e+02
-1.778473956423553091e+02
-1.350260131308705240e+02
-1.636351512305768097e+02
-1.166290541625533876e+02
-1.137611027481247987e+02
-2.466586191496132017e+02
-1.737996432112552725e+02
-1.730302487078342892e+02
-1.130410819631802610e+02
-1.131281395607061029e+02
-1.937180130406589456e+02
-2.003493885902804834e+02
-1.367333620401211363e+02
-1.139386455037175239e+02
-1.144000976186318610e+02
-1.757886307276676234e+02
-2.039911149120843845e+02
-2.671285759928591119e+02
-2.853036704425656467e+02
-2.379630637855278792e+02
-1.603050246224309205e+02
-2.681000307832458702e+02
-1.399023422663654799e+02
-1.276369546048903629e+02
-2.256682356060072721e+02
-1.741191476119006154e+02
-3.892456890761297927e+02
-1.925972299697907033e+02
-3.119636127756191399e+02
-1.207918928054751575e+02
-1.115597516456167995e+02
-1.559545336575329486e+02
-4.349125518233817047e+02
-2.759929640389019028e+02
-2.971764903267902014e+02
-2.096912389527400364e+02
-2.000077783174371007e+02
-1.836821916826647225e+02
-2.735629577522883551e+02
-2.701184456318350726e+02
-2.156191710997788675e+02
-2.167451283876369530e+02
-1.947720171015525068e+02
-2.360160994044177301e+02
-1.167545070388679136e+02
-2.892407858468841937e+02
-2.096592307463912732e+02
-1.625352281565784835e+02
-2.153985606961742008e+02
-5.489859032005458630e+02
-2.060855234445620283e+02
-1.587771799069988674e+02
-1.628738099283022223e+02
-1.944085294087253430e+02
-1.475033421593985850e+02
-1.807866587760097730e+02
-1.830012835368256390e+02
-2.123845881647252440e+02
-1.578589342275744798e+02
-1.722020066126912354e+02
-3.664333833361945381e+02
-1.734075522232270430e+02
-2.124721862569222424e+02
-3.125853186040500304e+02
-2.255548520678977980e+02
-2.101442523559789208e+02
-2.338816230360045267e+02
-3.884874092913116215e+02
-1.717716040904582826e+02
-3.037467476933038597e+02
-1.757235865914327633e+02
-2.050763107933217100e+02
-2.311295481527087077e+02
-2.266662007291244265e+02
-1.878011325233115940e+02
-1.413294107609329728e+02
-2.633863098144920514e+02
-1.864859210671130256e+02
-3.702633485247504268e+02
-2.321575939293277315e+02
-2.228577456297832953e+02
-2.501682236095125234e+02
-3.162024966689409098e+02
-5.262938281168973162e+02
-2.779628928884355901e+02
-1.323198540752417500e+02
-1.910128913518314562e+02
-3.763940308871383991e+02
-2.220702528880160003e+02
-4.392887183231460426e+02
-2.489746632482488735e+02
-4.563208774167786714e+02
-1.770702681029428902e+02
-5.288003754554171110e+02
-3.995006752661910809e+02
-1.662196588839337039e+02
-2.558309147753181207e+02
-2.029313664661993073e+02
-1.480144762602101594e+02
-2.456356220821293732e+02
-2.348856164069524368e+02
-2.981629569425667796e+02
-2.431213545754261531e+02
-2.688401094076421600e+02
-1.133440702979968080e+02
-1.350634455038797057e+02
-1.950914949119467963e+02
-1.275759261271346077e+02
-1.244487050870158669e+02
-1.081808170168076799e+02
-1.939533454998982620e+02
-2.114269555290554479e+02
-2.142832549191903126e+02
-1.756943876075776245e+02
-1.408117429044280868e+02
-2.730486196285611982e+02
-1.228308066634545526e+02
-2.093989651880769998e+02
-1.982084593199230937e+02
-2.536807221619035317e+02
-2.066757629398417180e+02
-1.416342515279199290e+02
-1.604514484317360541e+02
-3.398464503545321236e+02
-1.113158438889701216e+02
-1.870172290206361936e+02
-1.181302034867886022e+02
-1.304964949749571304e+02
-2.897079776365037560e+02
-1.950824406178168147e+02
-2.156747466775706528e+02
-1.183246675492702451e+02
-3.277400476939534428e+02
-3.454578798698152582e+02
-2.834245385931689043e+02
-1.663113295528923743e+02
-1.232835721334535606e+02
-1.327115322121942995e+02
-1.978069542695371297e+02
-2.035618099324400134e+02
-2.023470129031126135e+02
-2.293889612997341771e+02
-1.444751041405201306e+02
-1.274621122640322284e+02
-2.176401980283704063e+02
-1.626771431562578130e+02
-2.110317591331231313e+02
-1.571138695221033856e+02
-1.146577345601581470e+02
-1.351641760614080283e+02
-1.178501303592122866e+02
-1.595417870705387315e+02
-1.385038302013637406e+02
-1.371963434735664578e+02
-1.576489262533333147e+02
-1.123176505014927073e+02
-1.287801597312003992e+02
-1.114152025000848312e+02
-1.411533363647833141e+02
-1.718307816139723911e+02
-1.622463076794414860e+02
-1.539038874158785859e+02
-1.304797995176540724e+02
-1.073388942960909560e+02
-1.269597883197336188e+02
-2.405788977051084316e+02
-1.309673684195362000e+02
-1.617965422541141720e+02
-4.683301998380433702e+02
-3.329834254305498007e+02
-6.946765047951920451e+02
-1.572595612511127285e+02
-2.112247651328311804e+02
-1.475170128548476214e+02
-4.654218088306333243e+02
-4.054103646627037278e+02
-1.993328087235824455e+02
-1.322637405541864268e+02
-2.158249016827463436e+02
-2.064902873713039071e+02
-1.648594463801948109e+02
-3.177889005573184136e+02
-1.092664438592339309e+02
-1.637814990393034122e+02
-1.260839423030342346e+02
-1.101334105506676337e+02
-2.097612302244569378e+02
-1.702735032543054388e+02
-2.138447378770216858e+02
-1.464203667292849786e+02
-1.978408728182615732e+02
-1.311922543803959798e+02
-3.200569950765444673e+02
-1.361113085252356711e+02
-2.219690555311324260e+02
-2.442330116431339491e+02
-1.571361335724606079e+02
-1.702192830857421200e+02
-2.355840604444607607e+02
-4.024577585745969373e+02
-1.339318227588298384e+02
-3.235484911122874792e+02
-4.440010595553391113e+02
-1.195382081910347978e+02
-1.713293227482811574e+02
-2.306795173238635357e+02
-1.280000549579592928e+02
-1.089174538754970740e+02
-1.674300723650883924e+02
-1.104104821670228347e+02
-2.130058738612908940e+02
-1.076381617078843362e+02
-1.901471333460459618e+02
-2.225760918593349800e+02
-1.199559293851432074e+02
-1.263472935797668839e+02
-1.107817282253018476e+02
-1.667015575130745901e+02
-1.401897073377938341e+02
-1.471840027985134611e+02
-1.390157882334435158e+02
-1.239824520498880389e+02
-1.264313228503922204e+02
-1.242395434217421410e+02
-1.120989491890622674e+02
-1.433838787891073423e+02
-1.815294072050439809e+02
-1.673483046001941545e+02
-1.306864934868967225e+02
-2.370881708726714692e+02
-1.089887017837793053e+02
-2.082870429841465238e+02
-1.193313454472060329e+02
-1.338345014644003754e+02
-2.015876129195748092e+02
-1.498392126088829741e+02
-1.533398085305101404e+02
-1.197905059522896067e+02
-7.902070557374515829e+02
-1.392591373611429049e+02
-1.138817393658522690e+02
-1.324761915221155562e+02
-1.089133566684210024e+02
-1.105246857639469908e+02
-1.288341725986905999e+02
-1.209943891549845603e+02
-2.173737520387016104e+02
-1.178914485133207961e+02
-4.190652351384432563e+02
-1.561719289107217037e+02
-1.507015517487352270e+02
-1.282281476022865263e+02
-1.341067278359759598e+02
-4.202827982439585526e+02
-2.639625800757389129e+02
-1.183450905290046791e+02
-1.674652459307091874e+02
-1.277805518404656908e+02
-1.146263339011087510e+02
-1.242226439716672957e+02
-1.157711110399751249e+02
-1.358403060275765881e+02
-2.399736323951541976e+02
-1.232290142900221639e+02
-2.193053995002260592e+02
-1.957728907948211088e+02
-1.164304392545681424e+02
-1.355872463487256994e+02
-1.842690435660531989e+02
-2.565291443359781738e+02
-1.107062823861006677e+02
-5.369747680208672591e+02
-2.594581720542295784e+02
-2.354010993503981979e+02
-2.118807789023538817e+02
-2.565143134329454142e+02
-2.052578296019583775e+02
-7.115887568266329026e+02
-1.020204870117123846e+03
-1.477985982022916289e+02
-1.562775740886756921e+02
-1.691079129569512531e+02
-6.900946383769672821e+02
-1.816639028951877606e+02
-1.524708731616485977e+02
-2.738529315887249709e+02
-2.648763217657686937e+02
-1.567588501328577593e+02
-3.002945215629022755e+02
-2.527701264898830686e+02
-1.681277823325666816e+02
-1.494605149471232153e+02
-1.432330764283043720e+02
-2.553338100410961147e+02
-1.822829563436289106e+02
-3.522346771027814611e+02
-2.683687502119119017e+02
-1.972495840606863737e+02
-2.079013888282341043e+02
-3.817408593222892819e+02
-2.745646777016519877e+02
-4.537678808144441405e+02
-1.887746426674985400e+02
-2.396891980467378289e+02
-2.039056060343361025e+02
-2.207137645850779677e+02
-3.394464411064727187e+02
-2.927581582857112039e+02
-3.228616732120341908e+02
-3.720017924776616951e+02
-2.933736709639121614e+02
-3.285297573779012055e+02
-3.919843749704152174e+02
-3.670495587745804755e+02
-3.989084522480561077e+02
-4.350192029335874508e+02
-4.064738311286115504e+02
-3.561527623096943103e+02
-2.350519093300694067e+02
-3.721843407116763274e+02
-2.596584950687742435e+02
-5.917368614282175940e+02
-2.635674748605980540e+02
-1.908614766510430059e+02
-1.843742904169716041e+02
-1.200511454661303929e+02
-2.910556347963574808e+02
-3.758486473534865127e+02
-2.431640645181430784e+02
-3.850704835686452725e+02
-3.037844306739253284e+02
-2.703899592063705768e+02
-2.125136399594802299e+02
-2.150350435002475820e+02
-1.327584473588099456e+02
-1.182604588615014336e+02
-3.006171440274511610e+02
-2.052271510320835262e+02
-3.610557974500665637e+02
-3.228225438779105048e+02
-2.297595514639299665e+02
-1.899192250212804538e+02
-1.321987020727447373e+02
-1.121408345966028151e+02
-4.629216718645782294e+02
-1.965295589445797475e+02
-1.384599874945005240e+02
-1.246100049933559006e+02
-1.740007255204445471e+02
-1.226777504178076583e+02
-1.700020037435226072e+02
-1.294495447317074479e+02
-1.604382187230772558e+02
-2.310045106562277510e+02
-2.221347323720104043e+02
-4.512301203301810801e+02
-2.713272311689769936e+02
-2.352658803171165687e+02
-2.787677544593479411e+02
-1.371900320402369289e+02
-1.066860136433941761e+02
-1.599919969723691224e+02
-1.646152782680911457e+02
-4.964273648289363337e+02
-1.647068569852652331e+02
-2.268693239683756531e+02
-1.758461096899893334e+02
-1.618793543351372080e+02
-1.088094353825979255e+02
-1.615075359148892176e+02
-1.571855195011375486e+02
-1.587664388647465614e+02
-2.377044519332915513e+02
-1.161085567953095108e+02
-6.948546372293637887e+02
-1.796347538997661388e+02
-2.727786163791359968e+02
-2.234836358661551401e+02
-1.442884901620629705e+02
-2.110655502424288557e+02
-1.156518222202485617e+02
-1.833774874378970310e+02
-1.102665300762177338e+02
-1.303427660676603068e+02
-2.795655947962138157e+02
-1.779925723562836879e+02
-2.388354817035407791e+02
-3.284486727893226998e+02
-1.508396936382134470e+02
-2.740947830124172242e+02
-1.276971492655945184e+02
-1.155658885965404323e+02
-2.312226371838613090e+02
-2.013980401858093217e+02
-5.978423507253304479e+02
-1.305803215746320802e+02
-2.852995953251499941e+02
-1.618619911293646396e+02
-1.116208525678834889e+02
-3.598948210455695857e+02
-1.395796657430345533e+02
-2.617687149996040716e+02
-1.446020888757580281e+02
-1.287219471465234903e+02
-3.317590913326039868e+02
-1.721170186856344060e+02
-4.880516856807057593e+02
-3.497366490797583651e+02
-2.757111132149616424e+02
-1.240984071719172874e+02
-2.012072797304411438e+02
-1.684167532147319548e+02
-2.519751723535329688e+02
-1.126133412191962577e+02
-2.086947488558157602e+02
-1.486090137034645124e+02
-1.597089951690610405e+02
-2.424156561902847500e+02
-1.556138547361894666e+02
-3.632815666575115188e+02
-2.146835900856779347e+02
-1.286765537166266995e+02
-1.437845417689623275e+02
-1.621209869985272292e+02
-1.149835866153249953e+02
-1.654605457724787811e+02
-1.731047100305849824e+02
-2.086381889341580518e+02
-7.923042818679821266e+02
-1.724981202641220079e+02
-2.162739036432184037e+02
-2.882604957327496891e+02
-1.716817265277037166e+02
-1.798901987705947647e+02
-2.819479189388003419e+02
-2.044791760409096355e+02
-1.276417651327577403e+02
-2.548811067570777311e+02
-1.392019903722850813e+02
-2.731741665800470855e+02
-1.387017620909635696e+02
-2.062074634041136392e+02
-3.947456600344041249e+02
-1.569764938054759966e+02
-5.368773791346454800e+02
-1.144692993611794805e+02
-1.092655261949426091e+02
-2.192588054707792651e+02
-2.775107284402171217e+02
-1.137576064286424753e+02
-7.233687622331768807e+02
-3.411540018670735321e+02
-1.486120075320856131e+02
-1.246457683968193919e+02
-1.558957172575203742e+02
-1.740294548920702766e+02
-4.213559666712116609e+02
-2.184769023023128796e+02
-1.707434644973137949e+02
-1.238607959860561607e+02
-1.378378861661311987e+02
-1.155139884834756003e+02
-1.244075137328183303e+02
-1.699767254762128061e+02
-3.833694356001337269e+02
-3.140834675320920724e+02
-5.248646125590058773e+02
-1.292242997476963353e+02
-1.175126373917275941e+02
-1.944544049927762899e+02
-3.105938978378083561e+02
-2.581072720472973856e+02
-2.716729189641087032e+02
-1.166010953960508090e+02
-1.312055202096135815e+02
-1.152633781457892468e+02
-1.184038471864424622e+02
-1.484717005781054695e+02
-1.318869901158598452e+02
-2.077338772882879994e+02
-2.531236490779488975e+02
-1.383589022713730969e+02
-1.311038204210254889e+02
-1.454329255142695843e+02
-1.428469191219413119e+02
-2.786582556226857150e+02
-2.509407043552802179e+02
-1.477289480072216463e+02
-5.443263547274716530e+02
-1.093062827843141207e+02
-2.177188110425373395e+02
-1.339259843819032767e+02
-1.164499970676448015e+02
-2.892573345210556113e+02
-1.317903264126211411e+02
-3.495428353432970994e+02
-3.385575315555186080e+02
-6.036012638283973502e+02
-6.575923291772269295e+02
-1.870666971991184937e+02
-1.403937318450571752e+02
-1.286725829709984623e+02
-1.310771687236289154e+02
-2.803405877126648988e+02
-3.034459381978741135e+02
-1.723175479168900779e+02
-1.238740605776891783e+02
-1.275078889686720771e+02
-1.258998681131921984e+02
-4.256943049500092684e+02
-2.710996425827772782e+02
-2.574940962993389348e+02
-2.447653004110982522e+02
-1.163760836385802691e+02
-4.591337307079901393e+02
-1.330734688700586901e+02
-1.335999505324328425e+02
-2.314677594398304166e+02
-1.154649572935345105e+02
-1.071441348813933416e+02
-3.949055707215317739e+02
-1.404816957758931721e+02
-1.604109769802498136e+02
-3.206533869767298484e+02
-2.058035407483246217e+02
-6.181494675100616405e+02
-9.184973415340938345e+02
-1.639839881258383514e+02
-2.366523951181881387e+02
-2.551318702755934567e+02
-1.520149776926078857e+02
-1.986315764199738965e+02
-1.548712455553207690e+02
-1.454350495893758364e+02
-2.235657333958873210e+02
-1.892663179491501353e+02
-5.086742042144352922e+02
-1.447191589169145516e+02
-1.116442302082493256e+02
-4.401060454838942633e+02
-1.129039278628535499e+02
-1.307436053047916857e+02
-1.252989152387638967e+02
-1.373888298656529514e+02
-1.220396600162195995e+02
-1.136009133437120511e+02
-1.318053520632097957e+02
-2.222152945143996305e+02
-1.976948642964059957e+02
-1.088588114682600576e+02
-1.178013102665549923e+02
-1.211029885068517302e+02
-2.551227985573624437e+02
-1.674733528690002800e+02
-2.657874722078349237e+02
-2.935823126878848939e+02
-1.161555409382350774e+02
-1.450561613750314223e+02
-1.076777800679646475e+02
-1.175456191758579365e+02
-1.520918608112964137e+02
-2.334089998668145256e+02
-3.251278885785943089e+02
-1.210884761117655160e+02
-1.324257588544018347e+02
-1.459028044768905659e+02
-1.307372798594421113e+02
-3.428761705185291362e+02
-1.376162176558192130e+02
-2.699561233639000761e+02
-1.140692536028771826e+02
-2.031132085634773148e+02
-3.075843119332376432e+02
-1.256756392659904691e+02
-2.138317948288529635e+02
-2.404939604720693467e+02
-1.509348076512315515e+02
-1.520756596766214841e+02
-1.134001015554204344e+02
-2.020415875356320328e+02
-1.398069091987126455e+02
-1.102056660349640254e+02
-4.392244706003003785e+02
-1.498658628965874016e+02
-1.577542250243169235e+02
-2.041415195386889252e+02
-1.784344943266756616e+02
-1.239035428558260463e+02
-1.678656933103990809e+02
-6.112839629024101669e+02
-1.726382095135752479e+02
-1.132861650907186259e+02
-1.677984183028613927e+02
-2.095649222603045700e+02
-2.422946905161117570e+02
-1.298312861088440116e+02
-1.637581409274092721e+02
-2.910366132225221918e+02
-2.488593387297247546e+02
-1.827164734999812197e+02
-1.092361851364986904e+02
-1.453298839881661877e+02
-1.187033471096187185e+02
-2.503935675005919563e+02
-3.114487757727096096e+02
-3.106416750200757519e+02
-1.251177804877334836e+02
-1.147193649988420532e+02
-1.212510745821333273e+02
-1.411991892194514264e+02
-1.342000093660498408e+02
-1.083621951673669344e+02
-1.489463282254948240e+02
-2.322330448949062998e+02
-2.776825208517960277e+02
-1.915522384479624520e+02
-1.211137510742146759e+02
-1.894250241988868595e+02
-1.711138904314619822e+02
-3.391559541998852296e+02
-1.883485065436848345e+02
-3.624999985818267874e+02
-1.274054402091574048e+02
-1.147827191307271875e+02
-1.382900624374806569e+02
-2.669467022060884460e+02
-1.769876470298313507e+02
-2.260098895188369852e+02
-3.495204241293444625e+02
-2.242135466517392786e+02
-1.428867580113416693e+02
-2.712887185666018581e+02
-1.471380402895609620e+02
-1.329323977257077445e+02
-1.517783964363289897e+02
-2.276469791652175161e+02
-2.599825648433305219e+02
-1.392697333121969621e+02
-1.988454219758840225e+02
-1.716108392641615694e+02
-1.570250607890535264e+02
-1.634394800275478588e+02
-1.950645016921845638e+02
-3.494111943798706648e+02
-1.262621293216118232e+02
-1.416009284032471385e+02
-2.254062231996223886e+02
-2.366465736730164053e+02
-1.303779305298142503e+02
-1.144852138462585742e+02
-1.345422985380029672e+02
-1.778980339651982092e+02
-2.583206220825795754e+02
-1.370502987381033790e+02
-1.327508482830881746e+02
-1.139443766938055660e+02
-1.696284608441998785e+02
-1.448338523965731497e+02
-1.349977190263300315e+02
-2.332197434195746553e+02
-1.849235145044921467e+02
-2.394185137511574908e+02
-1.923839686997874026e+02
-1.860966941329446342e+02
-1.571009662847829986e+02
-1.357550221279421692e+02
-2.737118175477684758e+02
-1.149515934209693739e+02
-1.893975157671394527e+02
-1.235934445734082772e+02
-1.738036396958245575e+02
-1.818346205310822654e+02
-2.959766172718838106e+02
-2.285127412541539513e+02
-2.797164752165319896e+02
-1.530061110767190939e+02
-7.298579604823621594e+02
-1.213107685345387949e+02
-2.086283133774151963e+02
-1.296267982714310847e+02
-1.513437018376201877e+02
-1.401375410769766177e+02
-1.167475124893218350e+02
-2.129916284632814154e+02
-3.031014443290283680e+02
-5.981267031769963296e+02
-1.185263163544284879e+02
-1.072741425971956062e+02
-1.984718752856903734e+02
-1.307740309871414865e+02
-1.877289473275102125e+02
-3.276064660657820014e+02
-2.916036259551057697e+02
-7.129391537595779482e+02
-1.250046614114297086e+02
-2.171016214658124852e+02
-1.615424361334330570e+02
-4.825180045794180614e+02
-4.900142387777291333e+02
-1.275282070431084378e+02
-1.856255738140102665e+02
-2.053282793005481324e+02
-4.513494687357820681e+02
-4.375143206652271601e+02
-4.917626394861414951e+02
-4.788255509734881343e+02
-1.826067207772691177e+02
-2.257433235395296549e+02
-5.151242767156617219e+02
-1.460905255915408247e+02
-2.234495875087993113e+02
-1.553833510453411861e+02
-3.623622721347961715e+02
-1.213710108691409459e+02
-1.215949958078001458e+02
-1.223604344661243317e+02
-1.728315847404279566e+02
-1.190668866613880681e+02
-2.215630641815482988e+02
-1.308064373625477685e+02
-1.299398664675713349e+02
-3.974072988535022546e+02
-3.700361074816545397e+02
-1.024345350686972580e+02
-1.511030324283042603e+02
-1.727179854222656559e+02
-1.087922871740516939e+02
-1.877374663692994545e+02
-2.098973317322312653e+02
-3.086947249386284398e+02
-3.723580456846481184e+02
-2.114559304403568945e+02
-1.437889245976887196e+02
-1.065650226025605605e+02
-1.420620910099731304e+02
-1.334331285079113627e+02
-1.403249097969212187e+02
-1.544999092907794420e+02
-1.291980014154357264e+02
-1.727585267114871215e+02
-1.860128802271732127e+02
-1.072925095395381732e+02
-2.834060975887866221e+02
-1.147950107186941153e+02
-1.255100170829204131e+02
-1.795765029206339420e+02
-2.858828882477722004e+02
-1.881182891779515671e+02
-1.300644732309339986e+02
-1.251568340915677169e+02
-1.249079871748697173e+02
-1.270675601584811432e+02
-1.129293421047782857e+02
-1.228111781429258542e+02
-1.332184526385112804e+02
-1.136661659927632968e+02
-1.411491421080054067e+02
-1.453603447748070892e+02
-1.250452753343533914e+02
-1.268217613600680949e+02
-1.534350115578262717e+02
-1.755113174455996443e+02
-1.160665707075265658e+02
-1.215664179957263400e+02
-1.395404637948636548e+02
-1.297859627484778855e+02
-1.319764424587629321e+02
-1.627614237746263086e+02
-1.944109345249276259e+02
-1.203893753304332819e+02
-1.948738651878747135e+02
-1.995166261237214940e+02
-3.606479518389829195e+02
-1.268947729075497790e+02
-1.433183831184111909e+02
-1.135949031112645713e+02
-3.731112879245945351e+02
-7.289509249373023749e+02
-1.298738052349007717e+02
-2.683672796053066349e+02
-3.107141828662275316e+02
-1.588074288595417158e+02
-1.251487864460668362e+02
-1.234134369642135596e+02
-1.657676748521858201e+02
-1.752497681879351319e+02
-1.533680087403671166e+02
-1.647669592802282921e+02
-1.080292361756860799e+02
-2.553917813877191634e+02
-1.882961132848954549e+02
-1.249779362898135702e+02
-2.220121781274597197e+02
-1.158516592298858114e+02
-1.212120291744795537e+02
-1.160660376692527507e+02
-1.197742315741353991e+02
-1.384839904106742665e+02
-3.956054817497525278e+02
-2.839460960902248985e+02
-1.138555217216952542e+02
-2.051789404296933412e+02
-2.116984929341737995e+02
-1.786091654415259029e+02
-1.317485621071246271e+02
-2.207562776680947820e+02
-1.142993820507742555e+02
-1.232103944770873198e+02
-1.365011619734973181e+02
-2.494843755934556100e+02
-1.917489686822791839e+02
-1.788903388713691811e+02
-1.227388917062326499e+02
-1.140087218157739244e+02
-4.112380173397948511e+02
-1.553993384760097172e+02
-2.096086235482264897e+02
-1.730360529450225897e+02
-1.326658318584645144e+02
-1.187970796870403092e+02
-1.717339302158840439e+02
-1.327780321096237515e+02
-1.129619548970624265e+02
-1.715004978034914132e+02
-1.233687101201037706e+02
-1.109477704795890816e+02
-2.433728149934880776e+02
-1.687883667774945877e+02
-1.198300853083221256e+02
-1.169413937246054616e+02
-1.302491392079799368e+02
-2.390730180085354846e+02
-1.551692013869800917e+02
-1.277626929233736632e+02
-2.395880910766680074e+02
-3.379148839937763000e+02
-4.981121998130203110e+02
-1.295027518775770545e+02
-1.227031799962761909e+02
-1.384182072072044889e+02
-1.462688301110314626e+02
-1.967212040972874547e+02
-2.647355516869582743e+02
-1.857014575027090473e+02
-1.969833145204717937e+02
-1.977117784832635721e+02
-1.871629583799112595e+02
-1.208818628706733875e+02
-2.157122422899135756e+02
-2.019862215164700672e+02
-1.418026490632140053e+02
-1.624419014923565499e+02
-1.802561895047633698e+02
-1.805710661234221561e+02
-2.258984454920368705e+02
-1.376835189890703361e+02
-1.281296506328490068e+02
-1.578953698077162073e+02
-1.229053717092605780e+02
-3.000657524679507446e+02
-3.427528211443759574e+02
-2.909912262122089146e+02
-1.464612182275638759e+02
-2.572200007764583916e+02
-1.156994407002684540e+02
-1.297888100492588137e+02
-6.303106897784956573e+02
-5.919553292034987635e+02
-2.326418751671596965e+02
-2.996135357875062937e+02
-1.257705163806853790e+02
-1.457814752442355370e+02
-1.155700917203989491e+02
-1.180831428731440838e+02
-2.479400108668761504e+02
-2.073695604024879913e+02
-2.299750106174470545e+02
-1.731162773243171102e+02
-1.601847667610618089e+02
-1.464622671540028307e+02
-1.206742879574299252e+02
-2.297453608052525169e+02
-3.129018789790507640e+02
-1.878472963249603538e+02
-1.570386930848117117e+02
-1.591295069503215984e+02
-1.526726761340532050e+02
-2.131428857946974631e+02
-1.254957507397042491e+02
-1.562541795267134148e+02
-1.410443228071682142e+02
-1.420468017156234168e+02
-3.230735952921869512e+02
-2.774714336070463787e+02
-2.308633677787107672e+02
-1.679343085250453385e+02
-2.552964941855858854e+02
-1.163670069670395719e+02
-1.561487607618301183e+02
-2.247305711877119165e+02
-1.456863612658036402e+02
-1.695180215178698973e+02
-2.890909792267349303e+02
-3.485683669294450624e+02
-2.659095710731214126e+02
-2.256386193816373407e+02
-2.598868141186106300e+02
-3.756993404207219669e+02
-2.662075349183435833e+02
-2.908250512701221737e+02
-1.597155776328961281e+02
-2.906418129678398827e+02
-1.159335279526819278e+02
-1.697729980670752354e+02
-1.752532147201880832e+02
-2.213877024887346749e+02
-1.499817183512811312e+02
-1.740398089575948859e+02
-1.323870738376229212e+02
-1.396371514188228105e+02
-1.515295612155279628e+02
-1.384519660846309819e+02
-1.348290397719289615e+02
-1.191108620154130193e+02
-6.240382277364637957e+02
-2.651245959386261575e+02
-2.680864273878418089e+02
-2.413735240515919145e+02
-2.059668562013661415e+02
-2.094462079724374064e+02
-2.663388827947137543e+02
-2.016561570320998840e+02
-1.163673339138331357e+02
-1.619942074846140372e+02
-2.106368881342218913e+02
-2.954372043133001853e+02
-2.189116299497395346e+02
-1.245346387107239963e+02
-1.644368864745028702e+02
-3.842974490514494050e+02
-1.125648632577659782e+02
-1.220966646838138274e+02
-1.809086076463965753e+02
-1.757269723999991697e+02
-1.397021830281917687e+02
-1.852250142417175596e+02
-1.149787611793911424e+02
-1.477073530104144368e+02
-2.321927553603977401e+02
-6.708921345154810751e+02
-3.292324627016755585e+02
-2.974371871501246574e+02
-2.335008647638568391e+02
-1.963467856953782587e+02
-2.208600779683545454e+02
-2.228135063577617814e+02
-2.343774764995662565e+02
-1.687430337080699303e+02
-1.205403717583986349e+02
-1.737852363943843272e+02
-2.006342420567733313e+02
-1.265965742835691543e+02
-1.690915404909706297e+02
-1.375920589683033768e+02
-1.705428080750858157e+02
-1.699246166273358654e+02
-1.291374912109969273e+02
-1.423642754096762530e+02
-1.076774422210591950e+02
-1.079541804617452954e+02
-3.726279856154397407e+02
-2.628602458536377640e+02
-3.871471011711865913e+02
-3.089674982965660206e+02
-2.062827983599988499e+02
-1.657341189238431696e+02
-2.818038936558472187e+02
-3.059435028427775478e+02
-1.591139745327917581e+02
-2.075255573388172650e+02
-1.200188036143094337e+02
-1.670387018095455289e+02
-1.882871089929844857e+02
-1.921680620153293546e+02
-1.709488405280412167e+02
-1.437893334351012697e+02
-1.259041494252363549e+02
-1.273043996364390580e+02
-1.129142780809213491e+02
-1.557867515417008519e+02
-3.422516542885003332e+02
-4.052456570380784342e+02
-3.164117601572496596e+02
-3.538820076449915177e+02
-3.891081581712690536e+02
-4.673456297809029252e+02
-3.593049467275743041e+02
-2.492363581250112077e+02
-1.793717207294198772e+02
-4.030645417014076770e+02
-1.411568177419630956e+02
-1.764606380260426590e+02
-2.137272734490939001e+02
-1.309118750481860616e+02
-1.488375758371712436e+02
-1.787716994912112227e+02
-1.497356774553138621e+02
-1.699710924280643667e+02
-1.813555821111264663e+02
-1.324157791364430921e+02
-1.127233686904974093e+02
-2.276807503426316828e+02
-1.723985744621392939e+02
-1.416224964395946131e+02
-1.110299714565356766e+02
-1.212853508261604674e+02
-1.182184091485880657e+02
-2.418157601456147177e+02
-1.192910146390323547e+02
-1.676929330847482049e+02
-3.284661823461382255e+02
-1.640239946539567484e+02
-2.062238136483825883e+02
-1.806114611322541634e+02
-1.150713022371971306e+02
-1.942651395713695877e+02
-1.835571319229098606e+02
-2.180683174573696306e+02
-1.240647266181776729e+02
-1.504731018224783838e+02
-1.087442526914828846e+02
-1.655570160398912947e+02
-1.264532147711867509e+02
-1.322366276186492087e+02
-1.546778384662524957e+02
-1.253038164219143482e+02
-1.165047579701574847e+02
-2.702626766763297610e+02
-3.331248717348840955e+02
-2.053744703307483803e+02
-2.723741719069576561e+02
-3.782512830144999043e+02
-1.695878152975488717e+02
-1.375450222451705429e+02
-1.328123691647988096e+02
-1.322210680071931108e+02
-1.732485216764652876e+02
-1.243401534821777830e+02
-1.109245781013126901e+02
-5.657522004821078099e+02
-4.052171815402620609e+02
-2.151525152769712577e+02
-1.870393293364003569e+02
-1.531089134717532545e+02
-2.397846340429070437e+02
-1.853891784850324314e+02
-1.504943867556734745e+02
-4.330160284620081370e+02
-4.217712676094529343e+02
-2.301366665140104146e+02
-2.713434099466254565e+02
-1.701070973116397624e+02
-1.882082845411109417e+02
-1.923961282147096199e+02
-1.511422885924015418e+02
-1.199085848231526086e+02
-1.455068548357582756e+02
-1.109025680329751964e+02
-1.327450378537864140e+02
-1.192472468865294388e+02
-1.278476654065532472e+02
-2.548056245085337821e+02
-1.497991982435548266e+02
-1.155572401345684455e+02
-1.147758596845470578e+02
-1.246060344603887273e+02
-2.289014456473637722e+02
-2.186443393302670017e+02
-2.034697753150189499e+02
-1.388870609217690344e+02
-1.319922533779077867e+02
-1.205603062148370412e+02
-1.687243817194815847e+02
-1.081112154666858203e+02
-1.230811940821462969e+02
-2.086578525220928952e+02
-1.251790813292402333e+02
-1.401923324883017301e+02
-1.532848229643262243e+02
-2.018129254071359640e+02
-1.085732526277622298e+02
-1.429947839161291654e+02
-2.231410413655737273e+02
-1.894079891731926750e+02
-1.388043539715371821e+02
-1.055380732812517692e+02
-2.201285985397905733e+02
-1.807031965742966690e+02
-1.504483373400820483e+02
-1.844412685499210909e+02
-3.474965366023587308e+02
-1.101207867085502414e+02
-1.778691131921117972e+02
-2.628228896249615900e+02
-1.208221151043529744e+02
-1.552315624127866442e+02
-1.226338676620234054e+02
-2.739523141531645365e+02
-2.057129815617274744e+02
-1.229101041958066673e+02
-2.556746594769679177e+02
-1.099322909070640293e+02
-1.751020096915235342e+02
-1.244905165666406219e+02
-1.783716688533554020e+02
-1.348174826132305384e+02
-2.584284549962605411e+02
-1.172306145195711906e+02
-1.663635303988894805e+02
-1.149624141161341413e+02
-1.182985058562593821e+02
-1.759669312656449165e+02
-1.581974270365692519e+02
-1.227282869011450117e+02
-1.552018028173293942e+02
-1.097111539785502714e+02
-1.478247207780874817e+02
-1.397312005048748915e+02
-2.404212638113291405e+02
-1.636941250539177020e+02
-1.102210956994808271e+02
-1.460827660640555052e+02
-1.684114132223826630e+02
-1.514435798363311108e+02
-1.613021888743797945e+02
-1.391897511460028625e+02
-1.303898467445306721e+02
-3.345922790472139354e+02
-1.729296285771736166e+02
-1.432708869439543378e+02
-1.281090858633924086e+02
-2.063076421442415551e+02
-1.099740222915441024e+02
-1.227129765147901708e+02
-1.618515479502775918e+02
-1.160001634385875207e+02
-1.180695273095099651e+02
-1.301673414074259085e+02
-5.916003553830856845e+02
-1.174577741836284588e+02
-1.773961957245621193e+02
-1.183653129139307509e+02
-2.112770141335388416e+02
-2.734204357805255654e+02
-1.242700714420850687e+02
-1.105773179387365133e+02
-1.164335363561457939e+02
-1.363728204642160904e+02
-1.575110592160023373e+02
-1.994394206290789384e+02
-1.156502464276186686e+02
-1.913904282275234436e+02
-2.338789755561103618e+02
-1.299576227499622689e+02
-1.587167230737365458e+02
-1.238470277156429518e+02
-1.138479378411495446e+02
-1.102780305547523199e+02
-2.320479342744595499e+02
-1.416655174880918651e+02
-2.227116826100431410e+02
-1.475949245716629150e+02
-1.570978375524056503e+02
-2.096885416040244934e+02
-1.109600620675560236e+02
-3.156092945034025661e+02
-4.946194386643571761e+02
-1.805574619487170196e+02
-1.616271732725721790e+02
-2.139617652518167006e+02
-1.495304108695973184e+02
-1.467386663196847110e+02
-1.350993213002562925e+02
-1.968540732248700920e+02
-1.332120013057187577e+02
-1.397978269422665676e+02
-2.001204266395742764e+02
-1.723482204574557386e+02
-1.571205046917134496e+02
-1.691232505628341301e+02
-1.168176000922307338e+02
-1.186228991781745066e+02
-1.192766674085342657e+02
-1.496131361122093040e+02
-1.136839060403259083e+02
-3.075945927389142867e+02
-1.145970233157237601e+02
-1.667178002147599329e+02
-1.552304788616306723e+02
-1.284705110120045219e+02
-1.605157515265983648e+02
-1.156262061291084677e+02
-1.916643966928751581e+02
-1.376227753421880209e+02
-1.847187391110842043e+02
-1.574899974415585007e+02
-1.284182996421748442e+02
-1.106725292684261035e+02
-1.131313461468867843e+02
-1.666570416863762887e+02
-1.578482995275332712e+02
-1.191256431010524466e+02
-1.442182174975669966e+02
-1.511637551526111736e+02
-1.199833257011212169e+02
-1.116307877631109875e+02
-1.216931202114354846e+02
-1.896667162373028646e+02
-1.230470749158651387e+02
-1.322404564755098306e+02
-1.109862769595872010e+02
-1.153239793975265286e+02
-1.204906750187980435e+02
-2.517825451745523253e+02
-1.336244554642475180e+02
-1.187431756428995300e+02
-1.104006284792559285e+02
-2.306453675427040935e+02
-1.134780977228306682e+02
-1.882945636870348380e+02
-1.105027906852472910e+02
-2.101829425883134661e+02
-1.346224408161400277e+02
-1.167183737623137461e+02
-1.091952351830154981e+02
-1.745560912313059418e+02
-1.468840008839935933e+02
-1.119483677839372433e+02
-1.256150056221480753e+02
-1.230665969277218608e+02
-1.124337783513789333e+02
-1.740608484138122776e+03
-4.384646286091174829e+02
-1.192914219268859313e+02
-1.128761678004041045e+02
-3.695560438713889084e+02
-1.203239747016048256e+02
-1.359902351928510313e+02
-1.228636800507446907e+02
-2.354237133179428838e+02
-1.102977513185376210e+02
-1.152725500120729123e+02
-1.217355817976621637e+02
-1.108711374850206965e+02
-1.141123780861838526e+02
-1.477927082752362082e+02
-1.178729624093648169e+02
-3.364111254509625724e+02
-1.310767356557602739e+02
-1.003410301059789447e+02
-1.089906657775286192e+02
-1.080550817567035295e+02
-1.293645293635117639e+02
-1.156140308795875598e+02
-1.251400005898911303e+02
-1.202963009167959285e+02
-1.219494214946123094e+02
-1.410980304836645018e+02
-1.531057126030326856e+02
-1.426932143732783231e+02
-1.145222872532257128e+02
-1.183854243793793728e+02
-1.249834791817049080e+02
-1.598408130211441573e+02
-1.146659939929750749e+02
-1.213866923239552733e+02
-1.189360088672780336e+02
-1.342417502181472457e+02
-1.190097044412355700e+02
-1.284575534140808486e+02
-1.122992929847720660e+02
-1.290534712339699865e+02
-1.191332604877119223e+02
-1.092976507720457562e+02
-1.282106437637793590e+02
-1.341037896782401901e+02
-1.162240474518320070e+02
-1.157979559698683687e+02
-1.162714539191178176e+02
-1.543190022111255928e+02
-1.504695942813583542e+02
-1.326671502812423569e+02
-1.732704352879128180e+02
-1.682597743104060157e+02
-1.376081018296430329e+02
-1.111815218245983488e+02
-1.790126306807955814e+02
-1.685020681716265472e+02
-1.485948072728392901e+02
-1.442363800234555526e+02
-1.573667799153956537e+02
-1.296216133605991843e+02
-1.815835241699261076e+02
-1.096577401199502901e+02
-1.348120137519744333e+02
-1.303578032740827553e+02
-1.185792480560801891e+02
-1.855270572172132404e+02
-1.303017885039284067e+02
-2.192886125127873242e+02
-1.614803175379942957e+02
-1.258283863407038865e+02
-1.185814199527002160e+02
-1.627748437498549663e+02
-1.097867568456693164e+02
-1.622673931670190370e+02
-1.188438572734744128e+02
-1.062132286479336472e+02
-1.556225817272918732e+02
-1.511314678379105203e+02
-1.707758812810806432e+02
-1.106838716916346925e+02
-1.369568206103810724e+02
-1.156165973907039586e+02
-1.727272895521969360e+02
-1.646058860419117877e+02
-1.075547586014765500e+02
-1.166310361427198359e+02
-1.137174073698953691e+02
-1.242744363439070270e+02
-1.180321939488443945e+02
-1.206504368432207315e+02
-1.574630034847111233e+02
-1.386383453913370829e+02
-1.401109067662900713e+02
-1.799785561857379150e+02
-1.680709967282070352e+02
-1.119490964778062789e+02
-1.146797842905339166e+02
-2.283920599720964333e+02
-1.360664151703466302e+02
-1.502636244848877709e+02
-1.089497328866783619e+02
-1.129953624463618667e+02
-1.748363867643396077e+02
-1.108011556506526318e+02
-1.302516857654480305e+02
-1.322462763029186874e+02
-1.406178811825638206e+02
-1.703457052105927403e+02
-1.269008007685004458e+02
-1.601257665893514570e+02
-1.415624020371284075e+02
-1.182141642929435505e+02
-1.146586546440760657e+02
-1.580016058446800287e+02
-1.144808160346887007e+02
-1.171919114019246990e+02
-1.128514248991921534e+02
-1.383469961089850244e+02
-1.160857022187781808e+02
-2.396368780856717535e+02
-1.143962787790036089e+02
-1.400402435565622170e+02
-1.224787161394178412e+02
-1.121179427029835836e+02
-1.116728049593032637e+02
-1.611154376538307531e+02
-1.284642765022975084e+02
-1.280048366944157294e+02
-1.266837672246656012e+02
-1.147708826407960601e+02
-1.161935464453063673e+02
-2.032808981205750172e+02
-1.479213188648258210e+02
-1.764336171606286996e+02
-1.760829818920204275e+02
-1.087790835145484465e+02
-1.770434902961654586e+02
-1.294343840509222900e+02
-1.181915054329801649e+02
-1.872918788992452903e+02
-1.226176731384220204e+02
-1.280972961290538876e+02
-1.383268794654985641e+02
-1.013886402162388407e+02
-1.554120961145411570e+02
-1.255612712325643088e+02
-1.387781796926403501e+02
-1.358102008525165161e+02
-1.123168688176822485e+02
-1.258647289235308762e+02
-1.428132084233723447e+02
-1.134126079972547956e+02
-1.209822574923937282e+02
-1.418693661942741073e+02
-1.148219054726757378e+02
-3.123551391937070889e+02
-1.074425093846652715e+02
-1.614968880642861393e+02
-1.166941903939540879e+02
-1.038617255697480743e+02
-1.438822222431836337e+02
-1.179617882538309459e+02
-1.418198119084039206e+02
-1.159393443786990332e+02
-1.265616966813915383e+02
-3.324987573852213245e+02
-1.941011970155547885e+02
-1.173054226702765988e+02
-1.214992587884304243e+02
-1.236321718580722688e+02
-1.721990132021106206e+02
-1.113943892532799822e+02
-1.731347210022419461e+02
-1.824342260573962449e+02
-1.248627930998801787e+02
-1.193931183072563016e+02
-2.305745562202859276e+02
-1.526389469377517116e+02
-1.858305876997784480e+02
-1.147650662147789831e+02
-1.348198550281669839e+02
-1.083296900151117370e+02
-1.259920834008023292e+02
-2.409525226236484343e+02
-1.303265994235754022e+02
-1.232559215178138317e+02
-1.164763651558390336e+02
-1.222669384388886442e+02
-1.589059437266525947e+02
-1.244812677048570038e+02
-3.761837187101680229e+02
-1.206165714183480020e+02
-1.147802510672413661e+02
-1.720803579152138241e+02
-1.251667223961897264e+02
-1.439390274924662378e+02
-1.084967482913265115e+02
-2.096009532065338874e+02
-1.248164517062320158e+02
-1.328890147492745939e+02
-1.207895605948965141e+02
-1.466620886262986687e+02
-1.170769345227735982e+02
-1.153539320627973694e+02
-1.213463301451418488e+02
-1.833928970061664074e+02
-1.189992212419532933e+02
-1.726587255650756276e+02
-1.498886190575563546e+02
-1.987716262441217054e+02
-1.746146355714128902e+02
-1.450623189117912659e+02
-1.553225714499969854e+02
-1.271910257517777012e+02
-3.314571917863572708e+02
-1.127325490852681185e+02
-1.168458605475229746e+02
-1.135083621486976426e+02
-1.420411948732007090e+02
-1.014652036003822246e+02
-1.085324805837086899e+02
-1.404746490425154377e+02
-1.115247475820923739e+02
-1.590066127893857413e+02
-1.073087156685003833e+02
-1.971649664843370999e+02
-1.424820428284746185e+02
-1.086618784740774544e+02
-2.106172465684198301e+02
-1.325638471662451252e+02
-1.638095187387408771e+02
-1.196410328334115007e+02
-1.060485260895466837e+02
-1.074302979438240300e+02
-1.845047022161486723e+02
-1.220820600435139340e+02
-1.605965092398134857e+02
-2.325551143535947460e+02
-1.382618732000984494e+02
-1.080577955503195824e+02
-1.218470996593391078e+02
-1.161528852489193042e+02
-1.253430767062064319e+02
-1.147737300558121518e+02
-1.119721095578575358e+02
-1.603812046877951900e+02
-1.360599467777495590e+02
-1.650308696340637198e+02
-1.175190295630414994e+02
-1.359229842056187181e+02
-2.031909568894104154e+02
-1.486605022291707598e+02
-1.375140922998607493e+02
-1.869748018013013677e+02
-1.253862763272194627e+02
-1.979350652091737857e+02
-1.099547444542629933e+02
-1.520148453872334073e+02
-1.066504495820061607e+02
-1.241781180582324708e+02
-1.111053744430038535e+02
-1.327571656510278615e+02
-1.368203083578569021e+02
-1.317281295988775867e+02
-1.226832556371112872e+02
-2.371423268943448477e+02
-1.340224075521008160e+02
-1.556936178729763185e+02
-1.829650987751622324e+02
-1.133817346130778958e+02
-1.503169850060350825e+02
-1.289872364640132787e+02
-3.054663237908304723e+02
-1.079290005105474108e+02
-1.417173359234925556e+02
-1.746218034739362395e+02
-1.312314009781031530e+02
-1.405481400451943728e+02
-1.872190335347436587e+02
-1.201426372376668894e+02
-1.447609006691709226e+02
-1.320455653360671135e+02
-1.169632872739408498e+02
-1.164438225101887383e+02
-1.192298760750544915e+02
-1.282462706580398901e+02
-1.171879165603005504e+02
-1.384449985333204154e+02
-1.193490918159541962e+02
-1.197477272571851614e+02
-1.201573910450919556e+02
-1.060020109452680259e+02
-1.268679759557966662e+02
-1.297973743177691119e+02
-1.347334612895486430e+02
-1.190165971942126077e+02
-1.150775564247866214e+02
-1.512053482671749407e+02
-1.459163086615227201e+02
-1.082582410033084273e+02
-1.256774488590946248e+02
-1.232827664605388378e+02
-1.261871992601695496e+02
-1.692248364336817588e+02
-1.178479322088970491e+02
-1.187185740530269271e+02
-1.207953952219488656e+02
-1.312962612339251507e+02
-1.211138840579491784e+02
-1.286048156973955088e+02
-1.403714434470558956e+02
-1.366997702698583339e+02
-1.114792153679027251e+02
-1.673246079498500478e+02
-1.828864363431990228e+02
-1.277953123890533362e+02
-1.266081942457575735e+02
-1.651511733151328087e+02
-1.977256672661867754e+02
-1.258096715379885211e+02
-1.338224834696259506e+02
-1.337354476311235771e+02
-1.074785528837609121e+02
-1.962488766468309791e+02
-2.046173322738598301e+02
-1.215355806322029935e+02
-1.192146420684774171e+02
-1.089143476585042407e+02
-1.199355737483605253e+02
-1.067576945296697488e+02
-2.155168560638197448e+02
-1.904787820473575835e+02
-1.257761726000997839e+02
-2.051594722603071261e+02
-1.390456768865555546e+02
-1.162006088305165150e+02
-1.527015794309247383e+02
-1.107258744911150927e+02
-1.111708487780019823e+02
-1.211522052993594372e+02
-1.394665317011976242e+02
-1.452635562839074908e+02
-1.370531937774360074e+02
-1.294253515318812333e+02
-2.934675857512714856e+02
-2.376040866981245756e+02
-1.430071391202366442e+02
-1.230356961136219809e+02
-1.900282251279822674e+02
-1.208089517015740881e+02
-1.181209787326915119e+02
-3.775885239437967584e+02
-1.066272572037297692e+02
-1.687838406702448992e+02
-1.075897626650009897e+02
-2.668852253325223955e+02
-1.228876100383403838e+02
-1.076295437189712629e+02
-1.097087015212867982e+02
-1.157887391512402360e+02
-1.115618439692133137e+02
-1.136874295699855111e+02
-1.250961210123546010e+02
-1.217125477672555576e+02
-1.279940159992509336e+02
-1.097533356112445375e+02
-1.135064207787985282e+02
-1.088208160756262686e+02
-1.224853402222090466e+02
-1.280682341892054694e+02
-1.236650798242998661e+02
-1.257844919403336377e+02
-1.532281647058171643e+02
-1.658761182273509860e+02
-1.261438006919417489e+02
-1.324620519718408502e+02
-1.187411441192279824e+02
-1.056805011256536488e+02
-1.266473772661229589e+02
-1.776465582544562949e+02
-1.575348382159886285e+02
-1.439331826648115396e+02
-1.153880921282996042e+02
-1.743658609758619207e+02
-1.526747055352661278e+02
-1.054692834229880418e+02
-1.114323473407753653e+02
-1.805653128886757770e+02
-1.589602098792211393e+02
-1.481059955183011994e+02
-1.704193695614175397e+02
-1.387087279136828499e+02
-1.079171459725663738e+02
-1.518658490295121624e+02
-1.080888347802675327e+02
-1.537229881990350862e+02
-1.169938042134481293e+02
-1.075489421754594872e+02
-1.120868415750935725e+02
-2.022788391720056325e+02
-1.294629752667086393e+02
-1.469901512833810102e+02
-1.875234665813254935e+02
-1.646944426202803697e+02
-1.864740317397303500e+02
-1.251721995903633768e+02
-1.067688733562735166e+02
-1.227952354340742147e+02
-1.320855981466698097e+02
-1.205319491687833846e+02
-1.211197369078237074e+02
-1.166278788702423270e+02
-1.347829628065344707e+02
-1.085796774971308736e+02
-1.189250183498385240e+02
-1.129930839044688895e+02
-1.330474581642273222e+02
-2.027066130874665930e+02
-1.680416292235177593e+02
-1.316507045143597452e+02
-1.138808217015609472e+02
-2.578066520512840611e+02
-1.369944076832669282e+02
-1.055981213154932021e+02
-1.452560659022189782e+02
-1.345392515105278051e+02
-1.678094327149107130e+02
-1.005391228028563688e+02
-1.360035018610537918e+02
-1.239886428884780969e+02
-2.183668098176551382e+02
-1.183839836399251624e+02
-1.150024334603864560e+02
-1.452283634730826236e+02
-1.131449665266819977e+02
-1.177847624578203920e+02
-1.511106061021741027e+02
-2.407812749693933085e+02
-1.514613386929604530e+02
-2.035232253126230546e+02
-1.078524427191590433e+02
-1.190618729666184237e+02
-1.073011209758346354e+02
-1.676920173123243103e+02
-1.150666984872101466e+02
-1.060902071814455638e+02
-1.395730224518448210e+02
-1.617434124414959058e+02
-1.167629797872066035e+02
-1.464436911148535501e+02
-1.536713737166885778e+02
-1.152483266877929680e+02
-1.191739135476523899e+02
-1.590298757658952127e+02
-1.584011593709170427e+02
-1.122712228922069073e+02
-1.115204170220939375e+02
-1.102385021247990835e+02
-1.237188881924852666e+02
-1.273580403567052457e+02
-1.327484384973133160e+02
-1.154874413137923881e+02
-1.100270262053614232e+02
-1.659894563262912754e+02
-1.360901186359873520e+02
-1.605642892059038047e+02
-1.284272209496380697e+02
-1.061409691728509870e+02
-1.552297120630978213e+02
-1.080334333487460725e+02
-1.169176902589647256e+02
-1.425503196246933726e+02
-2.310179837712094013e+02
-1.092955315820743181e+02
-1.526038764804950745e+02
-1.047286189353898465e+02
-1.791927273351119823e+02
-1.298145374995318093e+02
-2.151429648742378902e+02
-1.216780453654735510e+02
-1.563100527906142645e+02
-1.495038599530670069e+02
-1.469203871432264066e+02
-2.039787362080571711e+02
-1.091598806807138402e+02
-1.814133394195992253e+02
-1.042497839458499556e+02
-1.360516096694145460e+02
-1.519355930951014670e+02
-1.218454511709076371e+02
-1.685334850389950532e+02
-1.209425417042211990e+02
-1.406531858433396849e+02
-1.729782612840189984e+02
-1.067930567246331606e+02
-1.063129844103534225e+02
-1.644987449617204049e+02
-1.260750079144681877e+02
-1.321245413500734855e+02
-1.438234926868728678e+02
-1.144322221391042262e+02
-1.198175136982871436e+02
-1.174902145651784338e+02
-1.746400523827941242e+02
-1.154424657923373871e+02
-1.425228486813723805e+02
-1.324344860081163802e+02
-1.396220799692635808e+02
-1.241370664571221596e+02
-1.127648915872589157e+02
-1.617795355325909838e+02
-1.213346046755314660e+02
-1.428422692096516755e+02
-1.082988826596360497e+02
-1.031874308054235598e+02
-1.462851661627082933e+02
-1.587925219037765885e+02
-1.520834131457137062e+02
-1.387527773249332483e+02
-1.701558706252860418e+02
-2.054786763692546003e+02
-1.168285436429713116e+02
-2.065140155915754008e+02
-1.326070868087731753e+02
-1.923139369451577068e+02
-1.117558142602522793e+02
-1.171381436468626447e+02
-1.052283180849514963e+02
-1.610698072310790678e+02
-1.196514596052354591e+02
-1.577999061218766030e+02
-1.483068816207392615e+02
-1.401316466873030038e+02
-1.476354152477459536e+02
-1.390316518483091670e+02
-1.188193864648617648e+02
-1.873950174293019586e+02
-1.246012152605163550e+02
-1.750990506725993328e+02
-1.752143056619293304e+02
-1.263002351792148374e+02
-1.784608848256713429e+02
-1.176648005054492216e+02
-1.176468343320002532e+02
-1.748572022058462778e+02
-1.147211643129277263e+02
-1.244385082770529038e+02
-1.312922880982521576e+02
-1.206152429349022839e+02
-1.218154513765309304e+02
-1.271360019588748145e+02
-1.182297307939087716e+02
-1.377881172829636682e+02
-1.178430905615343107e+02
-1.297445822610727930e+02
-1.069266525516294308e+02
-2.349621943612035011e+02
-1.197701379516511082e+02
-1.769475475457169011e+02
-1.412497856153797500e+02
-1.061012071748354657e+02
-1.161044261159619708e+02
-1.581332847837145437e+02
-3.065040412726243630e+02
-1.388641659393871635e+02
-1.335146902813012844e+02
-1.067058943312718640e+02
-1.137107054439409808e+02
-1.760843743387476366e+02
-1.161888803025269681e+02
-2.352370276697049007e+02
-1.410604388704508381e+02
-1.359043253991961251e+02
-1.146507754862404340e+02
-1.245213245586379855e+02
-1.054100959911039581e+02
-1.079771940068078067e+02
-1.367419993379902508e+02
-1.794126639692411800e+02
-1.585944097520212495e+02
-1.482385651255855237e+02
-1.569321549813582521e+02
-2.629132176247831580e+02
-1.840895917581765673e+02
-1.240789365806349167e+02
-1.235488104834505094e+02
-1.364605182331710296e+02
-1.089856178370936846e+02
-1.424516101759411697e+02
-1.162953969857301075e+02
-1.106465755694763402e+02
-1.185067340382859697e+02
-2.173332353067628731e+02
-1.058421338228149011e+02
-1.205088057010062386e+02
-1.067576945296697488e+02
-1.427188377581772158e+02
-1.476179317240294040e+02
-1.271645797709486345e+02
-1.254423736133443015e+02
-1.906737284032744810e+02
-1.332313178361148687e+02
-1.252958797927842625e+02
-1.236206123318300314e+02
-1.142106630591448351e+02
-1.150591894824440828e+02
-1.098816301102212947e+02
-1.277552493735138057e+02
-2.040721364566406919e+02
-1.303250921069158323e+02
-1.273648966833047922e+02
-1.295157544335591808e+02
-1.693768644826633363e+02
-1.349730863068910764e+02
-1.870939144957515055e+02
-1.632647755409725789e+02
-1.838248001042095723e+02
-1.759124475515648385e+02
-1.971405335782521320e+02
-1.100268045194145401e+02
-1.288710284713917247e+02
-1.085805895686671647e+02
-1.323919661704731539e+02
-1.800245178127209158e+02
-1.496190931097513328e+02
-1.247507551751153869e+02
-1.423083996406605820e+02
-1.351539776783185971e+02
-1.565099096179214939e+02
-1.282851610548135568e+02
-1.065582885122521475e+02
-1.696309762388727052e+02
-1.202059476982647794e+02
-1.369178006278363284e+02
-1.847208016414949441e+02
-1.502078862106054089e+02
-1.258931312702464851e+02
-1.956483306098973856e+02
-1.685773197769480305e+02
-1.290174275782456448e+02
-1.068922270769120644e+02
-1.592225475035060640e+02
-1.216416691472161915e+02
-1.098450750587500693e+02
-1.470336611577299379e+02
-1.084332848191525187e+02
-1.148829758433028587e+02
-1.538094227485776457e+02
-1.099618006615134220e+02
-1.179943584867031348e+02
-1.384112079925705245e+02
-1.530267270663003956e+02
-1.062306046001929474e+02
-1.308016220418710418e+02
-2.165665910367181084e+02
-1.205621176591655228e+02
-1.112169629381086793e+02
-1.133329974438262298e+02
-1.147562116941964092e+02
-1.068914149200427346e+02
-1.485327182409526472e+02
-1.151063503752126991e+02
-1.314409953378642228e+02
-1.608803232983786700e+02
-1.331664905421700666e+02
-1.079645217192024091e+02
-1.348203443565078032e+02
-1.015708491146109793e+02
-1.595984175769729063e+02
-1.326085203964369441e+02
-1.214349598243239967e+02
-1.586043842239076866e+02
-1.136250872864497694e+02
-1.301290515374348331e+02
-1.196487103258428419e+02
-1.255892890467745531e+02
-1.374272936306934412e+02
-1.804029441286879489e+02
-1.165008006832044600e+02
-1.210684955306916351e+02
-1.290568199048838380e+02
-1.938582100794856160e+02
-1.371067072636810735e+02
-1.069978421180819339e+02
-1.980751504142799888e+02
-1.598766273059898708e+02
-1.105845529792008222e+02
-1.162303595280012445e+02
-1.150776781960665289e+02
-1.079896344199409413e+02
-1.304195656820317311e+02
-3.505271127929439103e+02
-1.299422055687398938e+02
-1.411617061962643902e+02
-1.124776636044266951e+02
-1.838041417728946669e+02
-1.090194404092334253e+02
-1.088809633129481398e+02
-2.164656088388483397e+02
-1.407365949631831086e+02
-1.822630489888945249e+02
-1.441584437454623924e+02
-1.073550948322981640e+02
-2.429508383584709179e+02
-2.403606449501085081e+02
-1.677572837751540931e+02
-1.084799217347110840e+02
-1.150261369260271778e+02
-1.118014117402396437e+02
-1.525559991753668783e+02
-1.758600323972663944e+02
-1.214071603282049523e+02
-1.367752830059759219e+02
-1.225870216154401220e+02
-1.321576151372387642e+02
-1.465460224893925840e+02
-1.116151090026470882e+02
-1.120084627429041859e+02
-1.182525731921808756e+02
-1.218855918770793778e+02
-1.083395813778976446e+02
-1.403636012730053153e+02
-1.773529431339399309e+02
-2.408955111943262466e+02
-1.312707518112278251e+02
-1.274893184309499077e+02
-1.374232100740251781e+02
-1.207428985174685607e+02
-1.114575701447062244e+02
-1.385675416631038104e+02
-1.267391380632915059e+02
-1.584487538425151456e+02
-1.814130046460573737e+02
-1.204235308132308973e+02
-1.446722245379577885e+02
-1.136294422452866115e+02
-1.535256782682643859e+02
-1.793579462945977809e+02
-1.156968094097911290e+02
-2.113847393395656695e+02
-1.540069894203886633e+02
-1.428836714434068256e+02
-1.179181551898133193e+02
-1.083853875456433542e+02
-1.171762837082663680e+02
-1.068158909714705800e+02
-1.149806022252628139e+02
-1.866469923876505277e+02
-1.219744367119812551e+02
-1.286185290193902517e+02
-1.492705817942415365e+02
-1.266456734185858721e+02
-1.474914492389069949e+02
-1.063896211202887088e+02
-1.118304205445331263e+02
-1.136886507246076690e+02
-1.318082990521525915e+02
-1.047904153817354569e+02
-1.250687148895149505e+02
-1.205612440693653724e+02
-1.534314607690234880e+02
-1.531099638289529992e+02
-1.233337060565793593e+02
-1.117492105576697554e+02
-1.212063821560544170e+02
-1.413728156198355066e+02
-1.164432629773364170e+02
-1.135914443660781075e+02
-1.542337671448562162e+02
-1.092601468189114371e+02
-1.612775282175338702e+02
-1.906476201895011400e+02
-1.250678842980612728e+02
-1.182413215047964172e+02
-1.018400844258635800e+02
-1.407715139339683503e+02
-1.528408497845848331e+02
-1.144269929363474461e+02
-1.182172114622287040e+02
-1.814318542147257176e+02
-1.095992114239989945e+02
-1.088661602200101015e+02
-1.239691195629459770e+02
-1.383115629485945419e+02
-1.296177752592333547e+02
-1.443566267860798291e+02
-1.174788827826493076e+02
-1.855546203200369462e+02
-1.357934961228317547e+02
-1.182266053467658082e+02
-1.407832195504481092e+02
-1.112228222168587450e+02
-2.679740006542843958e+02
-1.218003647782846173e+02
-1.582789461006307761e+02
-1.095814040145087773e+02
-1.200466734715686528e+02
-2.487427759935978884e+02
-1.194193834325954526e+02
-2.343478771029114682e+02
-1.077487002665498039e+02
-1.621847727029004318e+02
-1.449848978445003809e+02
-1.840169180167291643e+02
-1.312931097399381031e+02
-1.364955082916354741e+02
-1.381752080520692800e+02
-1.267543289843419814e+02
-1.075082949263768342e+02
-1.105198564951462146e+02
-1.014420112221058332e+02
-1.097870274421154306e+02
-1.255827771525846828e+02
-1.257560801984503200e+02
-1.837912438366970775e+02
-1.539661149370829776e+02
-1.824960918420605651e+02
-1.232806532351187769e+02
-1.349516503124987707e+02
-1.375116926595275970e+02
-1.224059296809174242e+02
-1.135066797071570619e+02
-1.144555001481703727e+02
-1.503849530251156068e+02
-1.676838805564908625e+02
-1.771834752735510108e+02
-1.119234455845001577e+02
-1.191162037779232037e+02
-1.128399939135825605e+02
-1.756666762017377437e+02
-1.837419398180707333e+02
-1.607083380327611621e+02
-1.143775340562324061e+02
-1.262122785337970043e+02
-1.134556810634088606e+02
-1.228585583813139124e+02
-2.210759125388766506e+02
-1.084451964190674857e+02
-1.958210620466381329e+02
-1.259436561089978426e+02
-1.077021422695381432e+02
-1.111891792964870973e+02
-2.963473169407991463e+02
-1.054163434093407119e+02
-1.192213693894330788e+02
-1.460366925314921502e+02
-1.392345991093633017e+02
-1.152811664473436508e+02
-1.476372184228887363e+02
-1.320488266286167516e+02
-1.224539821988165471e+02
-1.108240902771682244e+02
-1.030310232997893536e+02
-1.263979859706154940e+02
-1.417226207532836497e+02
-1.413058013084707341e+02
-1.330838585730038233e+02
-1.312746883478891959e+02
-1.138996591210004965e+02
-2.499127700332722384e+02
-2.540160757101148477e+02
-1.604848742550351801e+02
-1.450207449263383523e+02
-1.468535427449366182e+02
-1.191714274742478636e+02
-1.433612277820833185e+02
-2.084201364545055810e+02
-1.139760436719300003e+02
-1.281486292665621818e+02
-2.018393715299613689e+02
-1.446450580888020738e+02
-1.431893877694121500e+02
-1.118900878791360753e+02
-1.220933780024885067e+02
-1.161322658085448296e+02
-1.096050273850048313e+02
-1.722899798877135140e+02
-1.227638170252502761e+02
-1.248806489548583869e+02
-1.912509634159932261e+02
-1.283594092076553750e+02
-1.097981375386977021e+02
-1.272465678095411477e+02
-2.176319216197090043e+02
-1.117898311665603899e+02
-1.489148150980972503e+02
-1.305130183848532681e+02
-1.123587287427949946e+02
-1.114043084791281331e+02
-1.328432637112380235e+02
-1.100974944156068887e+02
-1.314975044202810750e+02
-1.089544365513322788e+02
-1.138949126036135766e+02
-1.256554752146145972e+02
-1.063593635741512031e+02
-1.359974584304404175e+02
-1.498290752657057112e+02
-1.155278308111142280e+02
-1.247225380904891807e+02
-1.269168653693871676e+02
-1.147433601083658914e+02
-1.843989833903071940e+02
-1.245992429693911134e+02
-1.835006048888501482e+02
-1.188522900002980407e+02
-1.781085071357848051e+02
-1.775280432291440889e+02
-1.056619553500972302e+02
-1.196479075945954094e+02
-1.441390221762859483e+02
-1.427824019361118246e+02
-1.132456820945396032e+02
-2.088081287463942886e+02
-2.805039562192562244e+02
-1.120301842283784595e+02
-1.205935703599272841e+02
-1.485418367777898823e+02
-1.139520696098431785e+02
-1.436366277601588024e+02
-2.805144161185451708e+02
-1.195589202489855012e+02
-1.214394841907528075e+02
-1.104731338916879650e+02
-1.119546118343182854e+02
-1.578974050008948780e+02
-1.201795117532925730e+02
-1.565617516904770525e+02
-1.571332399857195981e+02
-1.817219789992993810e+02
-1.679633716400667822e+02
-1.079599968877623581e+02
-2.957550884828627886e+02
-1.101086732422106707e+02
-1.126098598729304854e+02
-1.256467747097310479e+02
-1.568031491411186096e+02
-1.732643423746234248e+02
-1.536989606806388053e+02
-1.120496639320841439e+02
-1.207273116024023381e+02
-1.235927614221828037e+02
-1.165358047467288714e+02
-1.624334480258760323e+02
-1.336664980475817686e+02
-1.452342464101089945e+02
-1.142450294804459787e+02
-1.287148067448392226e+02
-1.377100028398518248e+02
-2.007607327619344915e+02
-1.056794616900824053e+02
-1.341647515028231510e+02
-1.251798934861096058e+02
-1.175416588890238216e+02
-1.097276122665182641e+02
-1.903138801442130159e+02
-1.147092737091327876e+02
-1.349361218826533104e+02
-1.083734156181249801e+02
-1.079249928242379326e+02
-1.259395010535827595e+02
-1.307817248828876870e+02
-1.432944732575871285e+02
-1.195377282883158898e+02
-2.228205154430850996e+02
-1.676308283397614218e+02
-1.099922498855500947e+02
-1.293166562549993444e+02
-1.362529601763118308e+02
-1.618865134919018089e+02
-1.110575398410859265e+02
-1.263556034098875216e+02
-1.189867165751071951e+02
-1.139624966179266892e+02
-1.385198904324243188e+02
-2.208157981089863995e+02
-1.608464510584782090e+02
-1.153146188899154509e+02
-1.404977905968751202e+02
-1.270859334660597426e+02
-1.111915143762384020e+02
-1.160978840570957402e+02
-1.480683976936319652e+02
-1.136074686008065697e+02
-1.458868197775580597e+02
-1.364289962039973148e+02
-1.354670340641495159e+02
-1.708204776035607040e+02
-1.230415000529972502e+02
-1.435241438699578396e+02
-1.140636799102439767e+02
-1.600692695291845382e+02
-1.134433894754419327e+02
-1.520382568455780756e+02
-1.598131746939033349e+02
-1.891815818552288420e+02
-1.123354879190306121e+02
-1.111641030196060029e+02
-1.308055303945825756e+02
-1.128341608832303251e+02
-1.195421471473227371e+02
-2.137112688114475532e+02
-1.092761252041605360e+02
-1.143915233010060035e+02
-1.047704304150146015e+02
-1.371518109012040725e+02
-1.127986134261774822e+02
-2.456027906256996118e+02
-1.062075910551304503e+02
-1.220633634818603213e+02
-1.109864707660176038e+02
-1.191896375342860352e+02
-2.374295476994044236e+02
-1.389038792404735148e+02
-1.080225821805223489e+02
-1.137169797455313756e+02
-1.566104197578592050e+02
-2.267479338624628440e+02
-1.358418167591558472e+02
-1.086895990516495800e+02
-2.411890139986058728e+02
-1.065042171462981884e+02
-1.089300043918225498e+02
-1.562955218787342346e+02
-1.367801931826023178e+02
-2.249280338270050947e+02
-1.122659292216417413e+02
-1.246550044878963206e+02
-2.473782758283133489e+02
-1.635204730909747752e+02
-1.060843907554284726e+02
-1.091587413304756637e+02
-1.147897020121856855e+02
-1.131630012148741002e+02
-1.493710409004461610e+02
-1.133554509910251937e+02
-1.201598646442228642e+02
-1.242291900933335000e+02
-1.568628623917639402e+02
-1.793630448656732312e+02
-1.263057654437933479e+02
-1.959272000571959040e+02
-1.308344221787231163e+02
-1.558201572581249934e+02
-3.038144487005914129e+02
-1.098044334024224327e+02
-1.087426588508030960e+02
-1.778647449353186119e+02
-1.145382165834781460e+02
-1.349836917731747405e+02
-1.286808307282613271e+02
-1.156872260913472275e+02
-1.864373132417462102e+02
-1.137135845921323209e+02
-1.272925782283700755e+02
-1.527471568348197763e+02
-1.380272842782592306e+02
-1.351796075241876736e+02
-1.156752144791758212e+02
-1.533924807205380034e+02
-1.252329449878872083e+02
-1.597431542534037021e+02
-1.221965653421647602e+02
-2.469265939557452043e+02
-1.131210409100831669e+02
-1.140400659653698341e+02
-1.275642715160769569e+02
-1.355465172468591959e+02
-1.277848545995283160e+02
-1.112289764897812887e+02
-1.634644269788503550e+02
-1.115207957359586715e+02
-1.825460417148442787e+02
-1.330651883215465716e+02
-1.098455561380667120e+02
-1.271272556045118876e+02
-1.566537236258902510e+02
-1.261837037827430663e+02
-1.270054158106246405e+02
-1.602390722200652817e+02
-1.225105821263924071e+02
-1.343153884701406469e+02
-1.155164501180858565e+02
-1.203410033545020070e+02
-1.761926835618294547e+02
-2.220230582095890099e+02
-1.087860697638626419e+02
-1.085330349888172776e+02
-1.260117244521057813e+02
-1.295475467335709538e+02
-1.270516245623255429e+02
-2.202520013292774195e+02
-1.832032486773082383e+02
-1.950336130217964410e+02
-1.401849898301077531e+02
-1.102200618566646284e+02
-1.214056187658800638e+02
-1.064290699201085317e+02
-1.209615948588090646e+02
-1.241326537186082675e+02
-1.455602597026718854e+02
-1.123468686120589837e+02
-1.183142714174495893e+02
-1.146379667531429050e+02
-1.092117125807494347e+02
-1.232273739896280631e+02
-1.514283461261870798e+02
-1.287987745998097751e+02
-1.344161811335404764e+02
-1.629637223906244685e+02
-1.369874089473109393e+02
-1.720853494746134515e+02
-1.106905058672761442e+02
-2.293930483650354120e+02
-2.247760241460209443e+02
-1.335941804726179498e+02
-1.093948011374336886e+02
-1.842860657541825731e+02
-2.220611657104973915e+02
-1.432159902907583273e+02
-1.105737018109771128e+02
-1.954487243712810027e+02
-1.059355678962024285e+02
-1.107837496903456014e+02
-1.210835141105029180e+02
-1.091306930432064775e+02
-1.396015353487561867e+02
-2.608783755339411528e+02
-1.335205841410454184e+02
-1.331061494819635698e+02
-1.415876500502526198e+02
-1.148966391209914946e+02
-1.215158687416823113e+02
-2.824038637468320871e+02
-1.370043877482651453e+02
-1.311429636554208003e+02
-1.138018176057102835e+02
-1.114156301244488247e+02
-1.212747710301461836e+02
-1.174852964760656846e+02
-1.368030581032565749e+02
-1.350267461067391821e+02
-1.339353341919492379e+02
-1.237976695978841377e+02
-1.438457153707781231e+02
-1.738514474362644648e+02
-1.488705245149253926e+02
-1.975228466764991992e+02
-1.128947257090593439e+02
-1.424161311123370695e+02
-1.199938491087082753e+02
-1.168055199607003658e+02
-1.766490950814305165e+02
-1.804770351462094879e+02
-1.364212612921390928e+02
-1.257413287431780446e+02
-1.283673620317601376e+02
-1.423612570920180929e+02
-1.959368553828857671e+02
-1.250708748046664880e+02
-3.374145329086895231e+02
-1.635059382900461742e+02
-1.299013361686991175e+02
-1.530067597264779522e+02
-1.216592106601808183e+02
-1.191205587367600742e+02
-1.480206514078376472e+02
-1.275072666565967410e+02
-1.517679218263222936e+02
-1.794532173850639651e+02
-1.306825336799599029e+02
-1.156450881299401487e+02
-1.397657623067316592e+02
-1.577151693834737785e+02
-1.079762030167245825e+02
-1.377285295249214130e+02
-1.538361659407993614e+02
-1.873063248205957052e+02
-2.068651325472709459e+02
-1.549009112163313659e+02
-1.400878932212275458e+02
-1.508126221989603550e+02
-1.459972320047957055e+02
-1.085864849132311747e+02
-1.193538641163331278e+02
-1.249040818240530086e+02
-2.091849748507488300e+02
-1.651316248952510932e+02
-1.885894462351721472e+02
-1.475157735029248443e+02
-1.191740793306967134e+02
-3.675757065165995527e+02
-2.808180446491053317e+02
-1.638335917526355274e+02
-1.313622646916179804e+02
-2.348482963906047303e+02
-1.450440849531832157e+02
-1.123894617754941407e+02
-1.215290990413775774e+02
-2.145060021937919430e+02
-1.162895829805388388e+02
-1.667593629590894579e+02
-1.118248562775218176e+02
-1.363492408985071620e+02
-1.844666308654215356e+02
-1.223842969002962349e+02
-1.162695984765342985e+02
-1.362807727915871681e+02
-1.118645391081202405e+02
-1.280540449489557204e+02
-1.361082499750091017e+02
-1.354615498922828749e+02
-1.607965097716862317e+02
-1.502180310486784833e+02
-1.099574546632872227e+02
-1.367220908333227953e+02
-1.749131067651690046e+02
-1.288354249279824160e+02
-1.452923740338964080e+02
-1.264466427652596536e+02
-1.427767695543304285e+02
-1.091783265416033117e+02
-1.517649521089827829e+02
-2.064591724028948079e+02
-1.135364111475533093e+02
-1.349031582199077945e+02
-1.456822614588145086e+02
-1.250042294409271761e+02
-1.477663143184273622e+02
-1.075533194103121133e+02
-2.260625543064380452e+02
-1.061302155141176939e+02
-1.168991117678837384e+02
-1.413815040984989935e+02
-1.306776544740438339e+02
-1.204324211500767206e+02
-1.267025031905558592e+02
-1.419187151284605193e+02
-2.203205710211009034e+02
-1.065811802860347655e+02
-1.123576893072237795e+02
-1.263145943121056973e+02
-1.399293877884961432e+02
-1.630054429548278563e+02
-1.130973386210401799e+02
-1.109171908678265339e+02
-1.173411166543792206e+02
-2.707147145990097670e+02
-1.070848256782293646e+02
-1.624161879611736197e+02
-1.294468180482456603e+02
-1.084692065469682518e+02
-1.182821848470709227e+02
-1.083862672039554695e+02
-1.106365748635455759e+02
-1.143343861142986810e+02
-1.616011895120775534e+02
-1.114174027983424935e+02
-1.138805104948475275e+02
-1.277328444712629647e+02
-1.072149551653115651e+02
-1.228351661223866387e+02
-1.272182518463206407e+02
-1.428371689506580822e+02
-1.086567151912381490e+02
-1.623183230004732707e+02
-1.249292586521227264e+02
-1.194658590948527888e+02
-1.990028686072427320e+02
-1.147563905274102751e+02
-1.170804983721780985e+02
-1.508629092652914210e+02
-1.141125390363239376e+02
-1.300459223222765104e+02
-1.090127063189250407e+02
-1.929380859677787612e+02
-1.606455435621668073e+02
-1.166377766619037999e+02
-1.212023080378398276e+02
-1.232639360187922364e+02
-1.574692993411934481e+02
-1.406582411078385348e+02
-2.064216859365429571e+02
-1.100084375770720015e+02
-1.276378940230567451e+02
-1.122544387789640012e+02
-1.193057495386196507e+02
-1.271259417987318727e+02
-1.429867810098414793e+02
-1.149841141060041991e+02
-1.614356002256280078e+02
-1.401513396265165454e+02
-1.125126308905506818e+02
-1.327838482124396364e+02
-1.292975606187877986e+02
-1.668918051962895106e+02
-1.221971091450536591e+02
-1.288837330651612092e+02
-1.989003994069025509e+02
-1.353476341666354585e+02
-2.170983854508733941e+02
-1.214368278684312088e+02
-1.164843112105910166e+02
-1.694219059743781486e+02
-1.110287527227393412e+02
-1.672858986559713514e+02
-1.287637365990026410e+02
-1.284183784254996965e+02
-1.693977461746050039e+02
-1.526215346294939366e+02
-1.229980482729784228e+02
-1.083101844341174882e+02
-1.070617550712328807e+02
-1.318829485427094141e+02
-1.774537773342822788e+02
-1.155695621955943011e+02
-1.302376931195411771e+02
-1.413663857186127188e+02
-1.094045819320160149e+02
-1.602652577705119654e+02
-1.698392338825235868e+02
-1.115040282270509380e+02
-1.212348067719651823e+02
-2.334709208782010137e+02
-2.883807759990260138e+02
-1.250752295363421354e+02
-1.257146990703560903e+02
-1.158627715689337236e+02
-2.019035908294014519e+02
-1.155045684749015891e+02
-1.150230727773931250e+02
-2.359951192562758138e+02
-1.295875165364981001e+02
-1.132130231466233141e+02
-1.407449300273564745e+02
-1.118896079764171816e+02
-1.150245919958466203e+02
-2.183658777375021316e+02
-1.157033628009485966e+02
-1.133641065094960965e+02
-1.415953898568957072e+02
-1.231448223239466984e+02
-1.146261644935167965e+02
-1.430602784337164337e+02
-1.084839306427787022e+02
-1.148175195563546680e+02
-1.185149766547644674e+02
-1.604848081230101400e+02
-1.051466771058684770e+02
-1.510780279702468079e+02
-1.441848283713934507e+02
-1.383033534730720930e+02
-1.698773284236430641e+02
-1.104774365721699212e+02
-1.467901797308277025e+02
-1.188153189462779125e+02
-2.489180085305312957e+02
-1.926591874325082188e+02
-1.672353098341716588e+02
-1.253014752444409794e+02
-1.815321205190591627e+02
-1.413411905147354730e+02
-1.170070688050811896e+02
-1.363105412450844938e+02
-1.117926902007508261e+02
-1.225445868019400280e+02
-1.929776094607828725e+02
-1.181056079939073840e+02
-1.393848542982571246e+02
-1.451091621368762787e+02
-1.279739666153678002e+02
-1.276921877654827000e+02
-1.292330577110425907e+02
-1.934090688386119155e+02
-1.555807681397741931e+02
-1.204297284038976699e+02
-1.260900233746989159e+02
-1.604827406095848517e+02
-1.694776916901522554e+02
-1.084732447063366578e+02
-2.842083038199928637e+02
-1.422742380215160836e+02
-1.211787090826364306e+02
-1.147096047866854747e+02
-1.206842710834480528e+02
-1.286879923494215632e+02
-1.056157494267583132e+02
-1.327264018892280717e+02
-1.097217529877681557e+02
-1.272076628729595598e+02
-1.860551459477652259e+02
-1.069910651750405464e+02
-1.177099288948376881e+02
-1.260975797191501755e+02
-1.150142451456344759e+02
-1.305370730559515664e+02
-1.226297498725215860e+02
-1.124630826624467659e+02
-1.099233682640541190e+02
-1.386432661802084567e+02
-1.064883374471372548e+02
-1.380431522808530929e+02
-1.498034279105773692e+02
-1.486703737843812689e+02
-1.261194699405647981e+02
-1.432915356535691558e+02
-1.232910756507325090e+02
-1.297038877161553216e+02
-1.113627702059461768e+02
-1.143283480023347352e+02
-1.633299563129119747e+02
-1.322154446924741649e+02
-1.103088120329394712e+02
-1.872374945391432846e+02
-1.553322376075850286e+02
-2.349915483351009016e+02
-1.074026494121480653e+02
-1.591714152692056246e+02
-1.184566258123184497e+02
-1.187069723856381955e+02
-1.181667885463075152e+02
-1.189562267408031460e+02
-2.290768416598623105e+02
-1.681513628745163373e+02
-1.059243347997615103e+02
-1.491244972671260314e+02
-2.047221745450715957e+02
-1.310538229244159538e+02
-1.596487118472659859e+02
-1.213139488112995537e+02
-1.138192991899256157e+02
-1.371525429629287771e+02
-1.230533242248870920e+02
-1.162434049202621509e+02
-1.369057566987799532e+02
-1.389395150493302538e+02
-1.099338312927911687e+02
-1.698278558576853072e+02
-2.001537398674747692e+02
-1.207041780021572634e+02
-1.774287389060365285e+02
-1.531230752005537852e+02
-1.651624997852686647e+02
-1.387373741799378593e+02
-1.122074317103358823e+02
-1.134664589058406676e+02
-1.168459195952306402e+02
-1.200918608475039520e+02
-1.451437917616344180e+02
-1.311859783673739912e+02
-1.358201794784394565e+02
-1.676249942916458622e+02
-2.000284155205325192e+02
-1.091649582756534613e+02
-1.404578015192354030e+02
-1.179021998377749156e+02
-1.159093656317593002e+02
-1.137217902082486773e+02
-1.071625018237358944e+02
-1.074598853369245717e+02
-1.900293262101983203e+02
-1.636800176730952785e+02
-1.103366604395577610e+02
-1.453954997457782099e+02
-1.224933870860175062e+02
-1.203216075356219648e+02
-1.418392462558316822e+02
-1.101032878084132562e+02
-1.332600670011231898e+02
-1.254260694028203034e+02
-1.571407528790180379e+02
-1.149745268708872175e+02
-1.150253552422167616e+02
-1.278617658440444984e+02
-1.269560898572198795e+02
-1.964137862998059632e+02
-1.241088393366391074e+02
-1.103244886370970050e+02
-1.133822358689756555e+02
-1.132159712365691036e+02
-2.425353974490321320e+02
-1.138860016843419913e+02
-1.119966939103891406e+02
-2.260469962192131561e+02
-1.098108098263030854e+02
-1.110285794822804490e+02
-1.138303097298844335e+02
-1.038628953930451786e+02
-2.003818972193796242e+02
-1.220248726843206839e+02
-1.139354013040158833e+02
-1.163435568370023674e+02
-1.112121803549078152e+02
-1.359663651077746067e+02
-1.376726043752062481e+02
-1.319182077648419806e+02
-1.125580863147246049e+02
-1.237008257810155527e+02
-1.542000010672219901e+02
-1.882231593727260872e+02
-1.807372732021493391e+02
-1.323536063262324376e+02
-1.294148145697580503e+02
-1.146589588331616483e+02
-1.251024042338111286e+02
-1.186518651297350004e+02
-1.162288880021932584e+02
-1.119186167807106358e+02
-1.317361707219907601e+02
-1.075065222524831654e+02
-1.182355573571342688e+02
-1.271783954635087213e+02
-2.418414471201144522e+02
-1.312819362817612614e+02
-1.233157922592637021e+02
-1.183411505930081375e+02
-1.984253032366230229e+02
-1.517841679437046025e+02
-1.615879341019573872e+02
-1.145606807328967562e+02
-1.270593135554324817e+02
-1.094410065957613654e+02
-1.098737832585497642e+02
-1.149371590060391810e+02
-1.079049345317251465e+02
-1.352193713913229089e+02
-1.140538190205169968e+02
-1.251687126737321023e+02
-2.269475910197437827e+02
-1.246243645288518422e+02
-1.377863873907813286e+02
-1.324195043302395902e+02
-1.461119010785241130e+02
-1.436952591505366854e+02
-1.270915435825503863e+02
-1.361747634694673081e+02
-1.410016826989085530e+02
-1.205381537371431051e+02
-1.265506238272209600e+02
-1.578013638967335055e+02
-1.064989793090881847e+02
-1.228797931947165409e+02
-1.109257604112516020e+02
-1.459599685060715331e+02
-1.303250373523889039e+02
-1.162516099033726817e+02
-1.323335007652333388e+02
-1.089739849850595306e+02
-1.358051232575768950e+02
-1.743944500569710385e+02
-1.090549672282097617e+02
-1.710406568822624251e+02
-1.169974451586102049e+02
-1.199057527871976845e+02
-1.323912225033875814e+02
-1.182263457777181372e+02
-1.159832149567355231e+02
-1.494873161535074644e+02
-2.561297164769730443e+02
-1.109389012129511798e+02
-1.412275243145956267e+02
-2.279166485524544896e+02
-1.234673693850183867e+02
-1.200907741814653207e+02
-1.124626400648662354e+02
-2.483643832557574456e+02
-1.403181490888102871e+02
-1.496112883085688736e+02
-1.316780635926372156e+02
-1.097392022658194151e+02
-1.154514252127477221e+02
-1.220348804911826335e+02
-1.060727579033943186e+02
-1.603549166947456115e+02
-3.440805849505480296e+02
-1.099095690058846060e+02
-1.476404507015390664e+02
-1.544363926790173025e+02
-1.359215276308356977e+02
-2.029666461391537382e+02
-2.027933639820192298e+02
-1.230396878970822456e+02
-1.364589797869450933e+02
-1.066936083360599241e+02
-1.237142034274269093e+02
-1.134424079109806200e+02
-1.204494775982466734e+02
-1.849191984147803396e+02
-1.315654944665072037e+02
-1.208066896993395858e+02
-1.126747802678312667e+02
-1.256883954988834518e+02
-1.063943247849426541e+02
-2.138578856966664432e+02
-1.282570172959792671e+02
-1.111001385972761142e+02
-1.113509280476392149e+02
-1.136536895138162464e+02
-1.208672352162125492e+02
-1.672752646785552031e+02
-2.669318974040571675e+02
-1.971927032936633850e+02
-1.095288649850334366e+02
-1.100918568228036918e+02
-1.383159521889701864e+02
-1.913289123819644999e+02
-1.401658293931097035e+02
-1.203225969313373582e+02
-1.101899666920743641e+02
-1.420557552004150352e+02
-1.174281430672596542e+02
-1.432033095151454631e+02
-1.229340739117549788e+02
-1.126221420352754876e+02
-1.137888863897463523e+02
-1.158236008054082333e+02
-1.586359580611412241e+02
-1.088725361788794999e+02
-1.311794224695903210e+02
-1.462351663735418583e+02
-1.003929089580918941e+02
-1.412317526958025837e+02
-2.251211526878776112e+02
-3.438090170918231934e+02
-1.156435166331317390e+02
-2.922364139004970411e+02
-1.121697963563341034e+02
-1.320179232334351980e+02
-1.407790001831370716e+02
-1.515768546497261866e+02
-1.660952273240168040e+02
-1.246855458661978560e+02
-1.930197660965986017e+02
-1.803285115520791351e+02
-1.333067253226782611e+02
-1.894082722901528939e+02
-1.107231389536197241e+02
-1.652694338016264055e+02
-1.394269922596642175e+02
-1.451090212576605722e+02
-1.411885568486834188e+02
-1.228455802406244430e+02
-1.744445104793981045e+02
-1.086252749771182096e+02
-1.063651800001682943e+02
-1.288689242376580921e+02
-1.110986994061116775e+02
-1.350565860576996045e+02
-1.205157825246984942e+02
-1.769773930319403235e+02
-1.085574761089377063e+02
-1.314315407569421268e+02
-1.109228855225636892e+02
-1.199718059713032261e+02
-1.148215857051670810e+02
-2.601922035465972272e+02
-1.530637323100753520e+02
-1.601558306469875390e+02
-1.481391798152118042e+02
-1.571559023068690522e+02
-1.923854988327826447e+02
-1.264861195516364916e+02
-1.199406213804128782e+02
-1.359692298592540567e+02
-2.224062807182798167e+02
-1.104590696298273542e+02
-1.236748010873213985e+02
-1.451266004866166384e+02
-1.418980427444171255e+02
-1.271084864111018504e+02
-1.814618825629199819e+02
-1.162837665545217476e+02
-1.434416350541534655e+02
-1.400081407113985108e+02
-1.309614590085287489e+02
-1.087495147123914023e+02
-1.180949077793810602e+02
-1.846111738506978952e+02
-1.121298344833762712e+02
-1.234839854587632573e+02
-1.350315526335515415e+02
-1.048821883120028247e+02
-1.086175444277126587e+02
-9.800214376199875232e+01
-1.340914003928052125e+02
-1.099963037748819374e+02
-1.104490306184730031e+02
-2.763759769418808787e+02
-1.325946047430063857e+02
-1.148262198212452603e+02
-1.121016862814401520e+02
-1.249851652560573996e+02
-1.114635654039371815e+02
-1.117477919432225519e+02
-1.727170995781925171e+02
-1.173009529515994416e+02
-1.156822924917222508e+02
-1.242893278394725058e+02
-1.980611115787613699e+02
-1.614582445044334520e+02
-1.408891187820136111e+02
-1.205812662853185486e+02
-1.180651601440101501e+02
-2.108478394019141717e+02
-1.264396745023626067e+02
-1.016880541550819999e+02
-1.151800354680771648e+02
-1.519122153644429147e+02
-1.243127200983997795e+02
-1.246954085690442753e+02
-1.361106222601727040e+02
-1.744283833607257748e+02
-1.486256926215368424e+02
-1.818229743945919097e+02
-1.987305215856591474e+02
-1.164670148884651297e+02
-1.175564582043129178e+02
-1.794694065242635759e+02
-1.201714458546534132e+02
-1.107875446513188962e+02
-1.244341047287175712e+02
-1.529401540329532168e+02
-1.180262810243677762e+02
-1.105125624069742543e+02
-1.243972848766699570e+02
-1.090961255646567309e+02
-1.134189844211354341e+02
-1.202576634305211627e+02
-1.077349370741942494e+02
-1.211997375865126116e+02
-1.475482663330232640e+02
-1.296260053890700590e+02
-1.855399745343570430e+02
-1.414222987025097495e+02
-1.146669116572663967e+02
-2.569664484266402269e+02
-1.209692887545552793e+02
-1.186570017723822872e+02
-1.448056615931767226e+02
-1.152953722372797500e+02
-1.207724244668926019e+02
-1.781238343012539644e+02
-1.125864153356482973e+02
-1.307951410282101676e+02
-2.980059429443580257e+02
-1.164476675582589991e+02
-1.177716427263287216e+02
-1.256709394514794838e+02
-1.412519908018329033e+02
-1.053810871868105039e+02
-1.139763014236907992e+02
-1.181283204694648816e+02
-1.067348602828323294e+02
-1.092425251365218770e+02
-1.141861391392588274e+02
-1.120650094586889907e+02
-1.144451159928198365e+02
-1.676987104225150063e+02
-1.368934696109081983e+02
-1.339679379744513597e+02
-1.155514541816102962e+02
-1.573147299681369304e+02
-1.166883739679370109e+02
