-4.907762898073708158e+01
-1.192266586614494628e+02
-7.491436029497542393e+01
-8.932232596694312576e+01
-4.928341557477850898e+01
-4.672708512037107909e+01
-7.717892518906199939e+01
-7.993056146913782811e+01
-5.561779078379726116e+01
-5.539164399019833951e+01
-6.795092830183413923e+01
-5.494183030411745250e+01
-5.279475994498026381e+01
-4.679470804123663896e+01
-6.672920032281299996e+01
-8.392153858041962167e+01
-5.533281036481755422e+01
-6.197302667946397747e+01
-6.647316702246600073e+01
-7.695376015885412357e+01
-7.055734626066482917e+01
-4.450625798777533504e+01
-5.308939528768495819e+01
-5.025554707692264600e+01
-7.217065274177595313e+01
-7.236320128244402383e+01
-1.456228791815014461e+02
-6.095569060849381771e+01
-7.361019850208370485e+01
-9.521796528062021991e+01
-9.134541792461563148e+01
-9.642309549278870406e+01
-1.035321750639443223e+02
-7.258639265214252134e+01
-7.214978132962323798e+01
-6.669560022285060086e+01
-6.068797739768277921e+01
-8.575284245467112498e+01
-6.765586862252584410e+01
-9.205117386383565758e+01
-6.099623941044013264e+01
-4.850612817893536999e+01
-8.087727671511019878e+01
-7.416413986378107381e+01
-1.630109475789372482e+02
-6.140441193614927329e+01
-7.278027436346832246e+01
-8.831552264892910387e+01
-7.004833567688041285e+01
-8.132715270010642428e+01
-5.059504356808086101e+01
-5.580441253023050052e+01
-8.742368135452504418e+01
-6.865461341201471157e+01
-8.765617515631844014e+01
-7.698203403763456265e+01
-8.902286173574778161e+01
-5.429236421497874687e+01
-7.195918442674296500e+01
-8.759001431575076424e+01
-4.974548681074001166e+01
-6.190097467639841966e+01
-8.742474669606546911e+01
-1.491527261989868975e+02
-7.477442185078383829e+01
-5.688263739924718010e+01
-8.163619145761219897e+01
-7.111907644669942385e+01
-6.805494078166839245e+01
-6.137399851153102048e+01
-8.130302061522446877e+01
-1.956623310798437956e+02
-8.294615799328337857e+01
-7.923012798794205480e+01
-5.519686342498665255e+01
-5.614307044640661815e+01
-6.347920587237867807e+01
-1.313056777872931491e+02
-6.666462904581094051e+01
-8.738107261641251000e+01
-5.304269801492958436e+01
-9.946375645104268415e+01
-5.794575391778675311e+01
-5.326528131549741119e+01
-6.187049794920452683e+01
-5.130465133114643805e+01
-1.230923908825457147e+02
-6.531222120781858109e+01
-6.916820389368753297e+01
-6.100004608037034615e+01
-6.456498268987651556e+01
-7.075081154614235857e+01
-8.567555284570866547e+01
-8.174510713395306993e+01
-6.377301710547244085e+01
-7.944570011145253829e+01
-1.632320364251858109e+02
-8.063814571877526305e+01
-1.028821048321230620e+02
-4.465194774553759061e+01
-5.504138929953337112e+01
-5.174761499695060252e+01
-8.094213603154624082e+01
-6.522084760422794147e+01
-1.383684161948490896e+02
-1.274075530567385641e+02
-7.259271964750602990e+01
-5.117428619643926169e+01
-5.446347619847360733e+01
-7.900129723300582896e+01
-7.226850646664352951e+01
-1.148030589266251837e+02
-6.779590383797622621e+01
-9.592293209633733397e+01
-5.794276646152413690e+01
-5.082630315209630822e+01
-8.310332826827799124e+01
-7.903869392015647577e+01
-5.151536894823062340e+01
-8.778684401758579270e+01
-4.958894570776259059e+01
-1.252817935276550401e+02
-4.920068865498010524e+01
-4.950055557148622398e+01
-5.740540943382131189e+01
-5.774668162847374475e+01
-5.462461719485353484e+01
-7.611019002436145797e+01
-6.860950169147977817e+01
-8.860548251898119076e+01
-1.111647548054908441e+02
-1.058084615114766081e+02
-6.150082514647127852e+01
-5.595365284335063194e+01
-6.343000806019850302e+01
-4.892504349267964869e+01
-5.206663646691212932e+01
-1.366075692312643923e+02
-1.406687149227004170e+02
-5.742156997826450038e+01
-4.783865230780198630e+01
-5.896965524295293193e+01
-5.272234168474324179e+01
-5.784992635732042032e+01
-6.419741649691304985e+01
-6.660694474051072689e+01
-8.089639213154661945e+01
-9.207536635938261327e+01
-7.175549550816297995e+01
-8.692898160225747972e+01
-4.754592878425344082e+01
-6.111816305454688347e+01
-1.067721044864576783e+02
-5.106479325060693242e+01
-9.329001229338533108e+01
-8.717113277350014755e+01
-7.785174027598010582e+01
-8.239220681780680877e+01
-6.586893287246016371e+01
-5.507011185665238173e+01
-5.319087698940020204e+01
-7.838208563495484782e+01
-7.357175141031001431e+01
-6.493427643728053056e+01
-6.360180330568531559e+01
-5.818607970230774384e+01
-6.341642123366318629e+01
-7.529794338619727512e+01
-5.832890707356323645e+01
-5.352295277317322331e+01
-6.733994490420822387e+01
-1.495111354158981953e+02
-5.362283596385186968e+01
-5.006693691423726733e+01
-5.893630482565095718e+01
-5.044741844699791500e+01
-5.320857938806680920e+01
-6.423268094639850290e+01
-5.845708488169497485e+01
-1.115302866937002619e+02
-6.196596607571624560e+01
-9.325592562550268383e+01
-5.950492886438427576e+01
-6.490325767758710640e+01
-8.872618935866478296e+01
-1.141833898289847582e+02
-5.829547581702378523e+01
-1.114998406889443316e+02
-4.987479782892803115e+01
-5.332272624620044610e+01
-5.260794136952277000e+01
-6.430523075003785038e+01
-9.251317235701681341e+01
-5.670778166328429393e+01
-1.115886944014693540e+02
-6.918547950826673798e+01
-5.692240739109873715e+01
-7.814979001865548014e+01
-9.920983303398280384e+01
-1.436005392513159222e+02
-7.586570664297032351e+01
-5.003214174143668913e+01
-1.198022906325774812e+02
-6.764784985595946409e+01
-1.357273053409819852e+02
-7.033085532294047937e+01
-1.137975509078675884e+02
-5.176051240956815747e+01
-1.426251323145154402e+02
-1.327085857430281237e+02
-6.879328442599687321e+01
-6.219521180324297660e+01
-5.083709953833176343e+01
-4.840510278041377035e+01
-7.503527491761688850e+01
-9.699683989231404269e+01
-8.393316979787117305e+01
-6.389129577727030806e+01
-7.240448353966139905e+01
-5.905706524495935383e+01
-6.242519979551643416e+01
-6.622860375892436480e+01
-6.303452346164090159e+01
-5.057698817117162804e+01
-8.232254041876223027e+01
-7.175247850087099266e+01
-5.650622671842922529e+01
-7.748999508663598590e+01
-6.068452790456846202e+01
-5.201413470451923615e+01
-1.043377041067508486e+02
-5.864690969156024636e+01
-8.525678615391322523e+01
-5.693547817789520593e+01
-6.340287330437205782e+01
-9.159333066100766985e+01
-9.329364527914810878e+01
-8.314073469372861780e+01
-6.327927851166395357e+01
-6.281219427064460348e+01
-5.474240806498089995e+01
-6.364245887842312044e+01
-7.013493466019325240e+01
-7.049325271338560128e+01
-4.060981139664325923e+01
-3.810702401060256506e+01
-5.239752720097852290e+01
-5.777767483745343924e+01
-5.248461911095563437e+01
-1.170054585340080706e+02
-7.914540985126460271e+01
-1.213642107439912792e+02
-1.068662862270083309e+02
-7.496541375016077779e+01
-6.134071928800792506e+01
-8.042758873577727741e+01
-5.569083055439898544e+01
-7.183377064577761928e+01
-4.881961209044411731e+01
-5.580852024625034602e+01
-5.338316480283513243e+01
-9.207892173607892516e+01
-5.825759962597420838e+01
-8.710493855130546592e+01
-5.986292313869229531e+01
-5.455050329039901413e+01
-5.874405377017239260e+01
-9.589401877732879598e+01
-5.232916623251002619e+01
-1.126314449454873738e+02
-1.079776334230684967e+02
-5.066924868592520426e+01
-8.023713510771646895e+01
-4.598635369191070055e+01
-7.455196717635601544e+01
-6.494373302938996062e+01
-1.092880766763960736e+02
-5.313917127935389573e+01
-1.377217117520895044e+02
-1.054236689431405551e+02
-5.129805458996358425e+01
-5.522065234216064056e+01
-4.955213472347720227e+01
-8.341516011788738183e+01
-7.191013241528905553e+01
-8.262045695969656833e+01
-1.604070324991251368e+02
-9.726047392642091438e+01
-1.005786332704898172e+02
-5.373937654581712309e+01
-5.830420856348833780e+01
-4.888417800731966878e+01
-1.208552662186706073e+02
-6.892763482302144951e+01
-6.083762643969851069e+01
-5.875543587949953661e+01
-8.179706219945927614e+01
-5.261771481907155845e+01
-2.199107685661890628e+02
-2.509220540903150720e+02
-5.487859132824701902e+01
-1.746526976195135603e+02
-5.312084670322741431e+01
-6.296566976083648370e+01
-7.973333187732841054e+01
-7.000705850469566371e+01
-8.160446138529488280e+01
-6.279361695396063681e+01
-6.482064121326283157e+01
-8.772531169468521739e+01
-5.165240419950742279e+01
-4.923842098034119630e+01
-5.932179797620253936e+01
-9.296863740062735815e+01
-9.356920408779033949e+01
-1.147379339253603661e+02
-6.615937009641037037e+01
-5.488801049355770800e+01
-8.168837658959884607e+01
-5.458844783244862953e+01
-1.023464162159857551e+02
-8.021177009585611017e+01
-8.065655375316872266e+01
-9.984677173053833599e+01
-8.256985867018551062e+01
-8.036456719142368854e+01
-9.660470844564581228e+01
-9.495358573310140571e+01
-1.028134445098450414e+02
-1.127945125355787042e+02
-9.845877273121327278e+01
-9.976321659875712555e+01
-6.664537196432303290e+01
-9.767536489091553165e+01
-6.293418875369304288e+01
-1.327519702339632488e+02
-6.497738020314709217e+01
-7.942794628741425811e+01
-9.013293571639140112e+01
-6.802405837506746877e+01
-9.408776704112274558e+01
-8.708987698426987833e+01
-7.040955224218852493e+01
-5.489021745793632334e+01
-5.069533563853951819e+01
-7.927763770351474193e+01
-5.138250279390548059e+01
-9.761396682174553519e+01
-9.869215239547868634e+01
-6.999979843205019847e+01
-5.296919714524236866e+01
-1.077435340091211202e+02
-6.025356823150040242e+01
-5.285146203355928662e+01
-4.983008419752560769e+01
-5.648039561662633901e+01
-5.625359096445059492e+01
-6.062441768706954548e+01
-5.882304375255454687e+01
-7.953522664263842046e+01
-5.392396465681103024e+01
-5.189130798840181313e+01
-1.550020889092139669e+02
-5.091751421665080812e+01
-6.340758518134826005e+01
-6.303789813857989799e+01
-5.958853279781551748e+01
-7.576036752535716801e+01
-1.734143724279980461e+02
-5.359736640155940535e+01
-6.618806187588278078e+01
-6.924787108887157672e+01
-5.727433408465351050e+01
-9.183306569637080941e+01
-7.809490485186431386e+01
-6.223721048579234605e+01
-7.240398607637446560e+01
-1.535734808428398992e+02
-9.124711290278808917e+01
-1.014173873410426410e+02
-9.399981970232617812e+01
-9.786004011485159992e+01
-1.184565957828235270e+02
-1.385987751983087435e+02
-1.193918547411066839e+02
-8.086117033464130088e+01
-6.242203934188745507e+01
-8.071309020286925318e+01
-5.907705846952811157e+01
-5.521917693349983125e+01
-8.083290782853144663e+01
-5.973702915894125454e+01
-5.741048926423635379e+01
-7.726738802135287187e+01
-2.198450563001839271e+02
-9.670050853174522842e+01
-8.728785203026767192e+01
-4.951102231184383839e+01
-4.491057619335453666e+01
-1.076232270654256524e+02
-7.604273507692870737e+01
-5.716259976907829099e+01
-7.720150354142089100e+01
-5.320924016140824619e+01
-9.736987330297932886e+01
-5.407940895864631869e+01
-1.486882307319272627e+02
-7.733865464925207789e+01
-8.389374532049274080e+01
-1.965693193033279726e+02
-1.200233528084835228e+02
-9.826878143606721494e+01
-5.603335077400352304e+01
-9.474235918421616987e+01
-8.629872297060936148e+01
-1.282280659500142974e+02
-5.204733761325478980e+01
-8.859586615313875768e+01
-9.054979418287145165e+01
-5.281073446678697536e+01
-4.928870435529560012e+01
-4.939899738494357706e+01
-5.187174252127562823e+01
-8.779069700444995306e+01
-1.385682025199564578e+02
-4.919689852313789658e+01
-1.511860889134450474e+02
-5.661376932371147319e+01
-9.423135724603169194e+01
-9.652934925658668419e+01
-1.628881982063557530e+02
-1.570723754957835467e+02
-5.517367610901120401e+01
-5.459795294119076914e+01
-8.299237104651497532e+01
-7.444842163364954502e+01
-1.163142478284021593e+02
-5.135963004038261204e+01
-4.835391604516036068e+01
-5.768591830204813675e+01
-9.250898111322891282e+01
-7.258985078670446001e+01
-1.023532280889365751e+02
-7.298056626861726670e+01
-6.097333539896291654e+01
-1.457978904942401641e+02
-2.067324047998144465e+02
-6.912107868214087603e+01
-6.080922813428842488e+01
-1.151250243890280984e+02
-1.435424717390432932e+02
-5.118497614500727622e+01
-6.439003030338199096e+01
-4.877575886075072020e+01
-8.319975069312711469e+01
-7.044437468696604299e+01
-1.054527692889478203e+02
-7.359500314597300985e+01
-7.618806067170054064e+01
-7.843887294996871162e+01
-6.759439480051206317e+01
-7.894209207206331769e+01
-5.014131901119102963e+01
-1.194429238357770799e+02
-6.905920664672510156e+01
-5.904053678693940554e+01
-5.291524609566918258e+01
-1.009582321940751655e+02
-4.855254820396282867e+01
-5.289475058658661766e+01
-7.349466875952008138e+01
-6.077347022048588343e+01
-8.783259913464384283e+01
-6.618666207329752638e+01
-5.651760625488781642e+01
-6.403946264136047262e+01
-7.833961465966235949e+01
-9.735329952270352294e+01
-5.142176232742675523e+01
-7.498944932049980139e+01
-8.601049009491644881e+01
-7.096975199748294472e+01
-7.040221304365421418e+01
-1.167002872410447054e+02
-5.706816761738240018e+01
-8.694948456982940854e+01
-6.487511431634391101e+01
-6.147784487012123833e+01
-7.905489448752631176e+01
-9.128038814759537445e+01
-6.177861213900534665e+01
-8.210492133379470658e+01
-5.572231413770487762e+01
-5.086712386404602881e+01
-7.892707121792695091e+01
-5.706078896100560627e+01
-5.830926701058141504e+01
-6.438063351734055573e+01
-8.491637845119365124e+01
-5.987147878572475435e+01
-6.107293311860833995e+01
-7.938353581976926421e+01
-5.312454153561665748e+01
-5.111339203207717929e+01
-4.976318615850388483e+01
-8.147859408464130127e+01
-5.819924867093808274e+01
-5.742118842468683937e+01
-4.879689479435698019e+01
-9.586857513610085846e+01
-4.737246636449551573e+01
-6.849235980855179662e+01
-4.724220814948220948e+01
-8.383628261936750903e+01
-9.877694622918751577e+01
-7.892421432172541529e+01
-1.853739756146446780e+02
-6.646784957286048723e+01
-5.008569509366967765e+01
-5.668995609624096943e+01
-9.009637965167037521e+01
-1.779228112568152369e+02
-5.120087292878454122e+01
-6.574802028630274719e+01
-8.559323194206716323e+01
-1.036788262515170231e+02
-1.818393411886791853e+02
-5.572305670604161065e+01
-5.474727655551372862e+01
-1.624652761433061414e+02
-1.550335079084862286e+02
-5.673792347976670669e+01
-1.081005568077814445e+02
-1.429203944177576773e+02
-1.628780464561323811e+02
-9.835002377392230244e+01
-6.129666849250234861e+01
-6.399778674423094316e+01
-1.586326474537775368e+02
-5.808076571974502400e+01
-9.045159026926491208e+01
-5.759542674465273393e+01
-7.308204336807558832e+01
-1.237888986726615741e+02
-1.365595531903329061e+02
-4.956843508133074039e+01
-6.599854171972559413e+01
-6.454974524452133267e+01
-7.449020119629605574e+01
-1.025538909871460334e+02
-4.905973909937083732e+01
-6.002016205772633128e+01
-5.440699585368837887e+01
-8.315622618596496807e+01
-6.064288844542294044e+01
-7.940008931130576286e+01
-9.046012212817974785e+01
-5.029899285504451001e+01
-9.848675596756756079e+01
-1.695181618680989004e+02
-8.792826675500536737e+01
-6.073402645664060628e+01
-6.203711102841627678e+01
-5.248064046298735263e+01
-6.584449883822040306e+01
-7.170592344819741015e+01
-7.567001056499380240e+01
-4.696596605572984373e+01
-5.746633837379797427e+01
-5.473683776596519834e+01
-5.039620922818642157e+01
-6.202331864275996054e+01
-1.224397546665453689e+02
-6.590561258724916627e+01
-6.011062825798106957e+01
-4.869345960986529320e+01
-5.298366321676266466e+01
-5.441834159656036007e+01
-6.910326667073027807e+01
-9.606091261230278633e+01
-1.209830940593695914e+02
-5.006593271704321069e+01
-7.955025898295325248e+01
-5.362153329190271478e+01
-5.482572107674294415e+01
-5.620001724062128545e+01
-5.677485273757690010e+01
-4.972230825216024641e+01
-5.574308846573333653e+01
-5.069435267643755338e+01
-7.252873107648089501e+01
-7.075111292393759754e+01
-7.662912589422137444e+01
-6.391112501336919394e+01
-1.598795594547151495e+02
-1.263753277727621906e+02
-6.161200935208386653e+01
-6.009577474274444597e+01
-5.126513262501868695e+01
-7.311173690302761941e+01
-5.732407455408240793e+01
-6.061522031180999193e+01
-8.282868299567688553e+01
-6.684029800417231115e+01
-4.582686936909360753e+01
-8.014773474393209085e+01
-1.091733347138794699e+02
-6.880409934987186205e+01
-5.470294441725801704e+01
-7.572178820365634522e+01
-5.298661638435365973e+01
-8.143575526200795878e+01
-4.871732164494779482e+01
-6.137718533381546848e+01
-1.030017010881200861e+02
-9.770764740184478114e+01
-5.448184514882763096e+01
-8.558464499880751930e+01
-9.732538336551697000e+01
-6.343642586223105440e+01
-7.098122462069585481e+01
-7.545798203656556780e+01
-4.990610834283003783e+01
-1.457323402173730642e+02
-5.615405375234492169e+01
-5.886552225923923487e+01
-6.921423787443001174e+01
-7.260675626098965552e+01
-6.752499305687599929e+01
-8.211938200690282486e+01
-5.800601467674341194e+01
-8.253194872996910192e+01
-7.525738449142046704e+01
-7.152929657666854268e+01
-5.925978278816429423e+01
-7.950818677542368107e+01
-1.407922524272991325e+02
-6.585430209472217200e+01
-1.023827727181645884e+02
-5.428174150903294759e+01
-5.435790637621624199e+01
-6.635525836248125131e+01
-6.837039228582035832e+01
-6.228296951539437032e+01
-5.972567803949979748e+01
-5.657564001907912399e+01
-6.146816158302457467e+01
-5.428640844236229412e+01
-5.892503171031578546e+01
-8.411668439145169884e+01
-8.628854539312764871e+01
-5.881670990543683786e+01
-8.271339571734237950e+01
-4.974711038631599536e+01
-7.203717823367658468e+01
-5.942430890806701171e+01
-6.830717402294212093e+01
-6.211977377696613445e+01
-4.986648949418799504e+01
-8.955588364347345021e+01
-7.771172732003886097e+01
-9.582542528537949522e+01
-6.678234811043957109e+01
-1.079727332424379398e+02
-1.162552390653451226e+02
-8.962612847680556172e+01
-6.615381827665027004e+01
-1.034183190476782386e+02
-5.952107081722116533e+01
-5.447767420272876393e+01
-4.603225449369052313e+01
-5.997705959964942934e+01
-5.372488243006882414e+01
-6.470592497213216632e+01
-6.105669607620004768e+01
-9.500680365886114487e+01
-6.890563570739405463e+01
-7.202606672334283644e+01
-1.066604281598411319e+02
-1.657358774965769612e+02
-1.192277530346496377e+02
-5.784643873377894607e+01
-4.580725962879110114e+01
-1.306423084176558120e+02
-1.217881035238033576e+02
-9.741424798344517910e+01
-7.524421025795422224e+01
-4.865659934140285969e+01
-6.984540632196130616e+01
-6.631489123955121556e+01
-8.004750928899964890e+01
-7.114181250785232180e+01
-6.056266160861326142e+01
-5.329124462440621812e+01
-7.414136497360922817e+01
-4.955191167921597639e+01
-5.317551725295701459e+01
-5.195224250118952369e+01
-5.523415931154812597e+01
-5.470070536015374074e+01
-6.222601690436943755e+01
-7.444756465801263801e+01
-6.983943843469795354e+01
-6.096298801725263417e+01
-7.193320226510962812e+01
-5.165212835824166149e+01
-6.089081246746051335e+01
-6.141903926340307152e+01
-5.082353759108559643e+01
-6.718532969906920016e+01
-5.938381727913084518e+01
-5.527332506107494936e+01
-8.200541215681374752e+01
-5.971321882844522833e+01
-1.063456203970614098e+02
-5.382498613549538646e+01
-1.150667693286734021e+02
-6.468228101554730358e+01
-6.274344300799635477e+01
-5.350755245930854898e+01
-5.803104649314320085e+01
-4.797782342693966484e+01
-8.701257830480243172e+01
-4.602994291791004144e+01
-8.885381599117111762e+01
-5.614264602183626351e+01
-4.992256227320603301e+01
-4.916124759130444488e+01
-5.396607443611122079e+01
-7.534432980873792474e+01
-6.432663891235567633e+01
-5.666814341701479663e+01
-5.702943759356286080e+01
-3.765938225135471384e+02
-7.136047919449198673e+01
-4.837564582085186515e+01
-8.398758787374438839e+01
-8.301481006168670262e+01
-4.937981545430997699e+01
-5.611892536700791112e+01
-4.139670134959856540e+01
-5.705938125951562512e+01
-5.245150284070448521e+01
-5.594241247456216826e+01
-5.230278477423107120e+01
-6.793928557304258220e+01
-5.780854822984952790e+01
-4.607606525505272543e+01
-5.684781924278195930e+01
-6.650854445891548039e+01
-5.695013600165823675e+01
-7.482877768676104324e+01
-4.955658192791078420e+01
-7.399074297261461197e+01
-5.253882660707524366e+01
-5.685032289870289191e+01
-6.717041116798942824e+01
-5.058463750364477818e+01
-8.061985170408996737e+01
-1.042360116563020398e+02
-4.777293341020726558e+01
-5.545744934794416992e+01
-4.870201074786429984e+01
-9.452042367866228290e+01
-5.274003705469576886e+01
-5.304722008248672438e+01
-5.320647268517218009e+01
-5.762537824074887993e+01
-5.321742385666568254e+01
-5.462683840202455343e+01
-5.019825125438814695e+01
-6.424899596449863282e+01
-4.932224195766245600e+01
-7.466486900752575195e+01
-4.651001555321318648e+01
-5.378584952697383414e+01
-7.021367078018182895e+01
-5.860877576315593274e+01
-5.750007718409097635e+01
-7.166852797847019474e+01
-5.672381244056985139e+01
-8.489135581333384550e+01
-7.509542263613637658e+01
-5.318462964864063025e+01
-9.308304158505755765e+01
-7.083462400261369396e+01
-5.185735051129882578e+01
-5.670184002548854352e+01
-5.043576351202131036e+01
-7.115668101923107258e+01
-5.882283828535379655e+01
-8.397177592413567027e+01
-6.566390806166323557e+01
-4.893485212920809602e+01
-5.038338387709371347e+01
-5.679787051820440524e+01
-5.175268112565782275e+01
-6.074428471541698826e+01
-5.644452106087943122e+01
-5.643824517933621365e+01
-5.150374920645601406e+01
-6.024777544290534337e+01
-5.493798545273713074e+01
-5.283534389464833936e+01
-5.534773341128009605e+01
-5.200577437032040251e+01
-8.276213730415834391e+01
-5.963421909135925603e+01
-5.723639540546282944e+01
-5.435127867637067567e+01
-7.451680324317186432e+01
-5.743592253757801558e+01
-5.382527062642482463e+01
-5.264372562342023087e+01
-5.706591700528129962e+01
-5.674467423411983447e+01
-5.056742078440049681e+01
-7.176332363648536727e+01
-5.288787139159502715e+01
-5.026150257450468928e+01
-5.257908327926291037e+01
-5.994780088704288090e+01
-4.889388157319634587e+01
-4.978751754220360937e+01
-5.494660286448562658e+01
-5.446304906816812519e+01
-9.005927774822622212e+01
-5.628470145951852999e+01
-5.511623585371717837e+01
-5.890625884464601114e+01
-7.655339994263208325e+01
-5.425218600215067255e+01
-5.884038856625014802e+01
-6.658019142782725908e+01
-5.238710609996079626e+01
-5.724704788658797838e+01
-5.346456999655222120e+01
-5.543583311911548606e+01
-4.859439935044996162e+01
-7.635190470681025943e+01
-7.167947897463118068e+01
-6.953858718267858308e+01
-5.306058497519453709e+01
-6.113500281437804063e+01
-5.274838517720674957e+01
-5.071970048188867253e+01
-4.842692453745620895e+01
-5.267796275751542368e+01
-6.445984508666867896e+01
-5.989893938694036279e+01
-7.256937907538396360e+01
-5.335098480074396576e+01
-4.901543381134411703e+01
-8.500461224914631941e+01
-4.987697878606397950e+01
-5.369815057287882354e+01
-5.561798814320589912e+01
-5.446730489329441838e+01
-5.873970843263926866e+01
-8.546622655899601284e+01
-6.939014491586726763e+01
-7.687314306517789930e+01
-4.664534049647716785e+01
-5.835455358821568694e+01
-6.921100523683075778e+01
-5.153303974851917957e+01
-6.261751818804906122e+01
-5.422406251974553726e+01
-7.186157895654228867e+01
-6.978338123055627307e+01
-5.862653418793947679e+01
-7.025416587598526519e+01
-5.202180289053080031e+01
-5.782431136621558920e+01
-5.742466455464870023e+01
-5.358585219989181780e+01
-1.032701003215065043e+02
-5.207692283066386807e+01
-5.859755387782673353e+01
-6.835292714807540904e+01
-4.956767953568206764e+01
-5.351538124352476444e+01
-5.878653466666687422e+01
-5.170206290173317853e+01
-5.036176258821213025e+01
-6.324765243074055121e+01
-5.540062795904498216e+01
-6.109962104815431161e+01
-6.530008812971436782e+01
-8.062164756414382794e+01
-7.799277247525749601e+01
-5.514660118335839911e+01
-5.870498828544889847e+01
-6.764887509305464164e+01
-9.664679115627356509e+01
-4.776075001479699011e+01
-5.416350241200714066e+01
-6.122972547701314738e+01
-5.268279141626749862e+01
-9.035340019869059347e+01
-7.231247689979768722e+01
-6.019649424315927178e+01
-4.883179151602239898e+01
-5.264947939857147219e+01
-5.246906797728439642e+01
-5.513873931020969366e+01
-6.989500833714399164e+01
-5.275548719186195967e+01
-7.882867146276781511e+01
-4.930056657607746473e+01
-5.172220938981634930e+01
-5.525740343235730023e+01
-5.930456168265927630e+01
-5.243954936219054019e+01
-6.245888835727899391e+01
-5.142735526025771975e+01
-6.045024479658002292e+01
-7.685686551281621348e+01
-5.774957105230011933e+01
-5.256733016713849338e+01
-5.293839742269253890e+01
-4.999948848445759353e+01
-7.064142447885016907e+01
-5.275904624291923284e+01
-4.971550715359981609e+01
-5.214848748608010709e+01
-6.510630933996624492e+01
-6.790128576449522768e+01
-5.389799286929189037e+01
-5.773450034676478282e+01
-5.338141547776575635e+01
-5.268306383523812286e+01
-5.837078573220486533e+01
-4.893036323158489864e+01
-5.242159206992344167e+01
-5.931578990643738791e+01
-7.152219767554059615e+01
-8.231152422947033642e+01
-6.708659862826576159e+01
-6.470020767170281317e+01
-6.046675081771151383e+01
-5.417139026416261061e+01
-5.573320947005431236e+01
-5.165198631124313522e+01
-6.861909882716201992e+01
-7.163151314348736776e+01
-5.107994111819643734e+01
-8.227743083277766800e+01
-5.716832462445272967e+01
-5.642662032554856921e+01
-4.963892007031880382e+01
-6.474931325572944729e+01
-7.516644357458405068e+01
-6.379568365359308757e+01
-4.692559709159360892e+01
-6.325728601648038563e+01
-1.179803200566080221e+02
-5.626490961295136373e+01
-5.213877782687635687e+01
-5.704356841980045800e+01
-4.910271154660667037e+01
-5.062446950445328042e+01
-7.202589411959645815e+01
-7.541315833212682662e+01
-6.016001904336022932e+01
-6.330384037102807326e+01
-5.770580629359832159e+01
-5.098730338480068269e+01
-5.015051150958209547e+01
-5.163310162325901587e+01
-5.958284314686340366e+01
-5.218646517230735071e+01
-7.975229828369067775e+01
-7.748011334924429150e+01
-5.330371538425034572e+01
