4.339209155301421150e-01
7.415587409800539209e-01
7.595830539046782848e-01
5.704602047403855014e-01
4.600986121256391281e-01
5.890410958904109817e-01
9.211393377583535491e-01
7.114660899061173716e-01
8.171770561194092730e-01
7.004235153484595910e-01
5.253629525975160863e-01
6.365719819238218058e-01
5.932875264270612847e-01
6.279878203501648715e-01
6.207865168539324907e-01
5.657263455942111996e-01
6.983240223463688112e-01
7.414729420731707155e-01
7.928953280023401939e-01
9.414462457337884338e-01
5.641025641025642079e-01
4.032867447051182719e-01
6.115499314902875794e-01
5.865858052119611310e-01
5.916978701540929197e-01
5.802487414865266091e-01
3.201522886562256920e-01
7.125862812769629961e-01
7.822263132951770004e-01
6.308943281886185694e-01
3.277646852768659191e-01
4.984729643436058288e-01
7.265132792648543170e-01
6.207570885455711007e-01
2.952691680261010920e-01
5.290375538682535739e-01
6.029411764705880916e-01
6.901273978579086643e-01
6.628045762859887668e-01
3.907114432689507422e-01
1.085742444152431180e-01
3.971872486835213989e-01
4.996600882063790827e-01
5.179202092871156848e-01
4.997426300192835957e-01
5.067595128489015277e-01
5.739078366555155908e-01
5.941817963237614464e-01
6.480814024590558775e-01
5.690992867481888817e-01
5.821374937426998519e-01
5.057368304762011046e-01
4.826203208556150148e-01
6.522096321671601027e-01
7.850749553691520610e-01
6.182668093015399879e-01
3.048394771349811072e-01
6.192566782008911419e-01
1.916167664670659909e-01
7.339059674502711461e-01
4.593469054353057635e-01
4.899837287634157268e-01
3.703059370544713458e-01
5.207103272258998272e-01
6.030947775628625607e-01
3.354922279792746931e-01
6.056012824807388562e-01
4.303336590637977799e-01
8.338357366771159684e-01
6.623081296191016820e-01
5.002585422829498585e-01
4.480223345295153425e-01
5.827023171823547676e-01
6.062110966645393173e-01
6.692587776332901139e-01
5.406007979347571268e-01
5.746951219512195230e-01
6.162790697674418450e-01
4.986718376454338797e-01
5.668685545915861379e-01
5.735009671179883695e-01
6.192495831370297132e-01
5.996408973531309750e-01
8.253416865680575087e-01
4.608626198083065617e-01
6.050094203701651407e-01
4.071206432574823730e-01
7.238193233515989311e-01
4.928544918531225227e-01
6.490171211160431497e-01
5.050966015169782164e-01
7.286770413094020293e-01
4.692748091603052840e-01
4.512727666273375071e-01
6.365666967191700998e-01
6.248758216992916781e-01
4.989417258056974558e-01
4.400134526903036747e-01
6.285934220761458802e-01
5.403374233128834803e-01
3.590267695815632099e-01
6.092546191134112776e-01
4.995998683520264105e-01
7.953866552609067941e-01
6.424680691209616601e-01
2.365860073645451034e-01
6.556633055505894925e-01
4.256856187290969928e-01
5.678539224526600870e-01
8.264191376860543503e-01
7.199915262979142971e-01
6.771369625649784618e-01
5.188661824449094517e-01
4.400827424513114039e-01
6.016692984434918179e-01
5.591089588377724517e-01
3.090078434543542807e-01
6.794173328891219832e-01
3.505340397580330447e-01
5.882931628135760205e-01
4.514800335101928352e-01
1.233266875534037160e-01
7.291110302176555535e-01
6.093189160086144307e-01
5.170076907026691648e-01
5.933311997439693064e-01
5.922818791946308226e-01
7.028618400218231699e-01
5.235294117647059098e-01
6.488014165077635731e-01
3.946188340807175732e-01
6.252321748297383630e-01
4.774493663616524719e-01
5.014771048744460780e-01
6.818405945245894495e-01
7.938320165207282120e-01
5.405841454411481894e-01
5.218511512621485382e-01
5.100125156445556307e-01
5.844683058579405177e-01
4.656023368251409611e-01
3.931192660550458240e-01
6.123003028165781014e-01
6.623408157797239237e-01
5.955606245201247040e-01
6.591412688539884934e-01
5.193160025569997229e-01
4.815811702839679076e-01
5.375574348544716052e-01
5.514815923376233942e-01
4.479930117797736866e-01
5.987679567867413288e-01
8.220584996908586461e-01
6.589873305886793098e-01
5.328767804000535957e-01
4.899242655759646903e-01
6.487704684201518468e-01
6.976866132017273125e-01
6.172658624209581557e-01
6.030716162943494663e-01
6.785001062652258330e-01
8.506066010787198817e-01
4.965282826852877585e-01
6.811661885382613857e-01
5.253428381562254001e-01
4.852256518493540116e-01
4.527706842963722389e-01
1.776649746192893453e-01
2.865215223533321698e-01
4.333517127300296479e-01
5.580436500098755470e-01
3.876209445831052536e-01
6.626638777873231634e-01
7.387056310702618811e-01
5.485530546623795800e-01
3.975486130025516207e-01
4.275258949398781927e-01
5.173032739804709346e-01
5.846514861811228370e-01
3.850044928663264865e-01
3.822844609414543515e-01
4.181972699920047387e-01
6.759628103437143043e-01
5.191794717661646352e-01
9.397958468760185813e-01
7.959376476145488821e-01
7.599402014267729877e-01
5.641281300244133101e-01
6.142857142857143238e-01
6.758234115257600871e-01
7.295413085785624752e-01
6.616711654401428166e-01
4.195958274974863067e-01
4.392461529508058793e-01
5.060270456703209740e-01
5.758396533044419785e-01
2.479297365119196850e-01
6.301369863013698280e-01
4.889101739284786308e-01
5.468948766065190314e-01
5.079336295221688058e-01
4.406077348066297916e-01
4.298487586797297699e-01
7.549421226698737053e-01
7.656241076697569703e-01
4.971274003699673316e-01
2.166161733861570460e-01
5.940912490650710476e-01
7.008781981530876060e-01
6.488089131642834628e-01
7.210410039949566308e-01
5.764344272768269217e-01
5.641040804257835273e-01
6.162290838494960399e-01
2.687499999999999889e-01
6.263202622313950307e-01
9.559957350558379030e-01
6.977018267530937790e-01
5.600735012767635856e-01
9.113924050632911111e-01
8.311867740726862630e-01
8.227055304318379170e-01
5.268629928591526124e-01
8.627617541053781425e-01
8.249915937013572176e-01
6.284757491112239469e-01
3.322580645161291035e-01
5.205906174070150660e-01
7.660559866014972075e-01
6.278941565600881791e-01
7.394623139702352077e-01
5.619860564890953869e-01
6.237679845927268651e-01
5.353488372093023751e-01
1.852526532551877214e-01
6.410992038527452141e-01
6.731515300551603742e-01
5.497313833756154455e-01
6.364530434160645678e-01
5.121055415173062508e-01
5.874447717231222610e-01
6.459696903140786928e-01
5.518218623481779828e-01
5.366453623418406815e-01
5.752892878414020972e-01
6.105769230769230171e-01
6.998515873492339168e-01
7.508448141408889942e-01
5.451002865329511726e-01
4.992340609517365024e-01
5.785708478985449599e-01
2.855823727950073110e-01
4.371715335253166246e-01
5.609756097560976151e-01
7.614659542728768882e-01
6.608982521125130738e-01
8.165616953287160307e-01
6.443336484060244729e-01
6.269671128143348149e-01
5.868993545302414461e-01
7.994915434738998350e-01
3.916475315729046058e-01
3.831303070547162903e-01
4.566075262028034265e-01
5.031902015446612086e-01
7.076708800882979267e-01
5.525608317671444336e-01
6.578736247772106749e-01
4.547393857312985177e-01
7.521739130434783593e-01
7.797919248393325731e-01
5.877985030295830304e-01
6.282095323018003219e-01
4.403305936653049701e-01
4.248840820446805888e-01
4.191229266891648986e-01
7.609170305676856705e-01
4.397932440302853019e-01
6.631016042780748521e-01
4.154345202172600726e-01
6.069529380483913439e-01
4.177921904252474561e-01
4.526044005388414893e-01
4.639031611948097877e-01
7.703080010470290118e-01
6.315321536469573616e-01
5.556933005009764281e-01
5.949098889540646029e-01
8.952052118262078251e-01
5.543589089982156048e-01
6.433973975814980539e-01
4.537023956338046005e-01
4.750918225186811505e-01
4.999932956148716023e-01
5.984055211803902541e-01
4.632462166929718905e-01
5.238907849829351759e-01
5.288527988942639535e-01
5.661658204275231698e-01
6.992601726263871775e-01
5.699179011243976634e-01
6.177308344010341568e-01
6.446278879574728338e-01
5.262137762310050704e-01
5.705915178571427937e-01
5.870864925860670436e-01
7.372923414481246107e-01
5.717201786495988980e-01
7.671143756558237436e-01
4.337524448759552120e-01
4.313186813186812851e-01
6.516129032258065612e-01
6.541828793774319140e-01
7.097162814186538382e-01
5.790874524714828553e-01
6.804093477362002096e-01
4.915774018588145444e-01
7.673707615341855970e-01
4.647882487266198903e-01
7.741277290348909101e-01
5.728558027338515046e-01
6.049233947323118255e-01
6.148323098724610691e-01
6.551263995076571645e-01
7.208682483594145429e-01
8.402810564612436250e-01
7.060900848739679603e-01
3.618568571601719630e-01
5.388511643916802374e-01
6.921551892944746154e-01
4.608004023186257903e-01
8.704865150079746927e-01
4.800088326002774908e-01
9.013716823217521323e-01
6.214509654545986583e-01
8.159604126010593372e-01
8.066475120804491583e-01
5.002405378357122068e-01
6.888944652307124050e-01
4.836109941661153044e-01
3.583742732230585371e-01
5.873946383090967727e-01
4.929446054669466282e-01
6.354592850630069734e-01
5.935881250955846733e-01
5.088943545158154391e-01
6.918721142956704151e-01
3.954446017243598011e-01
4.627478897153692872e-01
3.853683966635773062e-01
6.163404231758933260e-01
3.690016203415181772e-01
5.527733759193353968e-01
4.341835426813638321e-01
5.958124102740297579e-01
4.144986996066888363e-01
8.180571657732778057e-01
9.750644265400639776e-01
4.084312917841639301e-01
2.446294754371358404e-01
4.841038924174148605e-01
5.567566110467152551e-01
7.298961138899577872e-01
4.821478134797657078e-01
6.416909498311575977e-01
4.707503972618206078e-01
4.922222207741229760e-01
5.097289879432316262e-01
4.278381949385100524e-01
5.328552218735992385e-01
5.470940305559931494e-01
4.905084190287516410e-01
4.424527947576374909e-01
5.488804349702441909e-01
7.048660084626233724e-01
6.129860804242155403e-01
4.751236852213253647e-01
4.590245974649646010e-01
7.513096117897666293e-01
6.447098243243849502e-01
7.375310075800414200e-01
6.509175916796540173e-01
3.475878103462591850e-01
3.648105436573310656e-01
5.760519278678033483e-01
2.248601896557712310e-01
4.964449442214715624e-01
7.096835187737402517e-01
5.573140999593659828e-01
6.689945344550600748e-01
6.286113182732597782e-01
7.147887323943661331e-01
4.878138621155380106e-01
7.073816522829627917e-01
6.283723868121431355e-01
3.711443259505596282e-01
5.335472823744297211e-01
9.355135585996227077e-01
9.159469773046795549e-01
6.967037014302376319e-01
5.582822085889569408e-01
6.238550875245657545e-01
6.888370788808415579e-01
6.237815728987734509e-01
8.220275232660911868e-01
6.080303426628301811e-01
7.457425210986110553e-01
5.962342185459295063e-01
8.555223695190155020e-01
2.946398376733174729e-01
6.613931359416138633e-01
6.620454239826912834e-01
6.661170651277823485e-01
6.557332279078675885e-01
6.805673624374705133e-01
3.905608755129960641e-01
5.850409836065575409e-01
5.232517482517483609e-01
5.575139146567718029e-01
3.633216583855990445e-01
4.984431391975090997e-01
6.946461921560488362e-01
6.069271462490106739e-01
3.646406570841890238e-01
4.200036486363223909e-01
5.474253531199714251e-01
4.711146058823809102e-01
7.160902986240044177e-01
2.241379310344826792e-01
6.420038827714154017e-01
6.476969462383115328e-01
5.075541987892585594e-01
5.169389596070963488e-01
5.893032384690873871e-01
5.906513081615164529e-01
5.226019249486321128e-01
7.326277324784116196e-01
6.764049457661920339e-01
7.012025342416987606e-01
3.181818181818181213e-01
8.211515237425979219e-01
6.007042253521126529e-01
5.308646588446304104e-01
4.994906121395917276e-01
4.418205731936770686e-01
5.820692865733017030e-01
5.757095870386160774e-01
5.372063259895786258e-01
4.170194750211684287e-01
6.128584643848289382e-01
7.156748078393094792e-01
6.382437817782052880e-01
8.417846335306825578e-01
8.044215683965042496e-01
6.222924187725631384e-01
8.574445617740232839e-01
6.575609756097561265e-01
9.314006165681142368e-01
8.449618500747265726e-01
3.745278576379615920e-01
5.706267539756781915e-01
8.782070255614884413e-01
5.804933976437098853e-01
5.941883767535071081e-01
8.749951772830741881e-01
5.767800212539850868e-01
6.259894459102901543e-01
5.859802847754654875e-01
6.578592901621741484e-01
7.117531259464371374e-01
9.724951476208273382e-01
6.160883008663023963e-01
6.200632906491750918e-01
6.846303105199785799e-01
4.467442486766733944e-01
6.816630468507601792e-01
4.995161446625860369e-01
7.942827932036156113e-01
8.319983942498853091e-01
5.716362984126276414e-01
6.290460296514787109e-01
8.693916729232201712e-01
7.089185399338596705e-01
4.203890400019963947e-01
6.023413897266107764e-01
6.636273359212784273e-01
5.308685842201573690e-01
5.084556058830730363e-01
9.182359492584437621e-01
9.059377449059561327e-01
5.764965962523685983e-01
6.742902065675093759e-01
5.909413714195533851e-01
9.338633955836224132e-01
6.554264370201285939e-01
6.090635577284694291e-01
6.493548781062548070e-01
5.613217935875648434e-01
3.327744569179180156e-01
5.926424583217835274e-01
6.197183098591549921e-01
6.682966983864672139e-01
7.200997412477608828e-01
6.453031431367359794e-01
5.397951010082707723e-01
6.884038592088210784e-01
5.812122685718417170e-01
7.527598234012089495e-01
5.881442647801918833e-01
7.067209775967413510e-01
7.301994178216101306e-01
7.760631251452868584e-01
6.119337979094077173e-01
8.147535066297438844e-01
8.038133325823076936e-01
8.599103695278080828e-01
6.277498516619459679e-01
7.080177891438041993e-01
6.482466597726147528e-01
4.732675506799738918e-01
8.117029836187896752e-01
7.660397315534885898e-01
7.039636663914120573e-01
7.462108848452835286e-01
6.427720034328217036e-01
7.672539335089713086e-01
8.234163012468349585e-01
7.513966947328833967e-01
8.367570362872169820e-01
8.457971929347934958e-01
7.338026260994345851e-01
6.602996274501503615e-01
5.549672843514310561e-01
7.452439893178806063e-01
6.167176318527158863e-01
8.337570460995740174e-01
6.562749692814890956e-01
6.179507727532912442e-01
5.590555997308703784e-01
4.771403397707340566e-01
6.785830842472245772e-01
7.447883387209985884e-01
5.408930639209407198e-01
8.090839219705011631e-01
7.177476336177246452e-01
6.854349417472114236e-01
5.915414438841446465e-01
6.588364993215738430e-01
3.247186327636514824e-01
5.501834114530262942e-01
5.536335072698012061e-01
5.069338135404541923e-01
6.776341078695174991e-01
8.804070817116302905e-01
6.167628257419573989e-01
4.713266336197673434e-01
8.017574627620975836e-01
6.865524986482640646e-01
4.986681416327246597e-01
5.196950444726810003e-01
5.067541224205810435e-01
4.999167407626990411e-01
4.991914414240843922e-01
6.401658052198063720e-01
2.958876629889670151e-01
2.781804881292810894e-01
7.970785277015245418e-01
2.059280128794847009e-01
4.131976494467647920e-01
2.522850256923286349e-01
6.205162648498683264e-01
3.737304039280545109e-01
8.940479054156595939e-01
4.993579834257253491e-01
5.882375943377781136e-01
8.090884842910557317e-01
6.474654377880183498e-01
4.149155722326454132e-01
5.846153846153845368e-01
7.199989907145740720e-01
7.433738955558663042e-01
6.183053919347530902e-01
9.782421273516025417e-01
8.242758039186094399e-01
8.127625628980781336e-01
5.696802959870980176e-01
6.197183098591549921e-01
7.173209001060919521e-01
7.040797205628208655e-01
7.538529974174675852e-01
6.532389424884100793e-01
6.209709224477480971e-01
6.428690270198323953e-01
6.491242078943284532e-01
8.187692164081140644e-01
7.064975155587104316e-01
7.923469357734788110e-01
4.868667423118333004e-01
8.126179440489985639e-01
4.731707317073171049e-01
8.982394180591428690e-01
7.474777229545622736e-01
8.617809930035721377e-01
5.917397925882950105e-01
6.162860277251421826e-01
6.206343335336816924e-01
5.518377380865139292e-01
6.417483767513997295e-01
4.792334777836281257e-01
4.988283783045000530e-01
6.493788617155927811e-01
5.197538496122289242e-01
4.779678999525948657e-01
6.102632209183340706e-01
3.007109692396980893e-01
5.192314237352193551e-01
6.107266435986160591e-01
4.499061049682133717e-01
6.619379510269536304e-01
5.451534361359100522e-01
5.512383289538334008e-01
6.636244579716041869e-01
4.951825899474462944e-01
3.152814013712024188e-01
5.853105142832304431e-01
4.910366464337365122e-01
2.704140104577034687e-01
8.550636128629540700e-01
4.998280724110254480e-01
7.258974569219499573e-01
6.640790036417361097e-01
3.378134959124289294e-01
6.111413043478262086e-01
7.021677300330539939e-01
6.658699255946642914e-01
5.025980160604629488e-01
4.859942925803545366e-01
3.048780487804878536e-01
6.731127424126218672e-01
4.821696134252321797e-01
6.703560367048638780e-01
4.863384037380868996e-01
5.182393303073294932e-01
2.820967333502152896e-01
5.904247447091904855e-01
9.504849245527107193e-01
8.662738508639667989e-01
7.868308785927021765e-01
5.280707491772834716e-01
4.217863182849345138e-01
6.829490006109694145e-01
8.817903749048304762e-01
2.352601156069363264e-01
3.849448239621650614e-01
3.807783681707395118e-01
5.641136889939120103e-01
6.131379340512971288e-01
3.659552502990079392e-01
6.996790500534917356e-01
5.401907356948230099e-01
6.954733117696424438e-01
5.438284153310136704e-01
6.472900989261857196e-01
4.674058232903662846e-01
5.822050290135396544e-01
6.295911674682991288e-01
6.699049283039377745e-01
6.475429220072836944e-01
4.461710591745401411e-01
4.036980854278557906e-01
8.553993004954824064e-01
5.238967045673539324e-01
3.632956988663902376e-01
4.969325600402286214e-01
4.968944099378881929e-01
6.102659999159557591e-01
6.132432404680792093e-01
7.562991072569413831e-01
5.932486445183463575e-01
6.312329603469509776e-01
8.014844104686427162e-01
2.696408969734984118e-01
8.701098681884751329e-01
7.481475848550294128e-01
6.195039458850055691e-01
5.391180654338548761e-01
7.006507624371480780e-01
4.473684210526315819e-01
8.568995741789903198e-01
5.798188965323599620e-01
7.949264568031386702e-01
8.005013854070457402e-01
7.166284054993978803e-01
7.073769510199193755e-01
3.905325117785047873e-01
5.952496257814564595e-01
6.782390581008446162e-01
8.573059967068571430e-01
6.704717954945654812e-01
5.272589947816535005e-01
4.452054794520547976e-01
6.624283173988494422e-01
8.429274778134896451e-01
5.735388811029884515e-01
3.556006350326336718e-01
6.738012818315798347e-01
6.510339734121122213e-01
7.335752482811307429e-01
5.416389287883879300e-01
5.972118424834722550e-01
9.148226082754961075e-01
1.485948218632441309e-01
7.316554988565893147e-01
5.451002865329512836e-01
6.390580066841109463e-01
6.964822148179633521e-01
7.787660966650189476e-01
7.993052545201224657e-01
9.365668691455562023e-01
5.191891757731625923e-01
6.207382213465385545e-01
4.408127680017081551e-01
5.777251184834124587e-01
4.419258485712423412e-01
4.996678340967840026e-01
6.658957277298305222e-01
4.434483722173832021e-01
4.864818018445847825e-01
8.951744163929848952e-01
6.343784311333414694e-01
4.278546375681995806e-01
8.925436173777439031e-01
7.582299756578184668e-01
6.642135487472521360e-01
6.970775575433703075e-01
5.982119830637341318e-01
4.554154193453402999e-01
4.497229861229310455e-01
4.848670574207131212e-01
3.791088499112374999e-01
6.778840250759200492e-01
6.995905530500831082e-01
4.461159737417942917e-01
6.575123152709358987e-01
2.972414221988221583e-01
4.299645612888632340e-01
4.997127972148530106e-01
4.035683942225999354e-01
5.600068539145303115e-01
5.996002095892513095e-01
5.063822159265696232e-01
5.477629063097514406e-01
8.035439935092958397e-01
6.164819438523840844e-01
6.839599361622408225e-01
4.970786609713117588e-01
4.918323863636364091e-01
8.746174142480210856e-01
6.143122768010860213e-01
5.867346938775510612e-01
4.985993185343249312e-01
5.500000000000000444e-01
5.535235936534101953e-01
4.889014084507042890e-01
4.192967035853599200e-01
7.981385413487946945e-01
3.818740338236296106e-01
5.677217519322782513e-01
5.559151859435893517e-01
5.498107312383584411e-01
3.607954545454545303e-01
5.209253574904545436e-01
7.146767679096858172e-01
4.700128643037750353e-01
6.054637865311308653e-01
5.300120048019206775e-01
4.339622641509432444e-01
4.486551283374977661e-01
5.442247932723539572e-01
4.993339238212738396e-01
6.657873376623377748e-01
5.063135019486053601e-01
5.574401368301027393e-01
6.017566240897298524e-01
3.097991479001826476e-01
3.713580489259394879e-01
5.814661000579486316e-01
2.520090229804031190e-01
6.472484533831405207e-01
3.576014319518839302e-01
7.163157337847847472e-01
6.803834324382456167e-01
4.705938483362529512e-01
5.557324840764330531e-01
4.994537920932302644e-01
6.689763353836082338e-01
4.741656981570644969e-01
4.776474010861132546e-01
6.769106112174515522e-01
4.892625072310498591e-01
3.427227663668904190e-01
6.131805157593122058e-01
5.732758620689654139e-01
5.717684377478192692e-01
6.993278143664843904e-01
5.230495078312734636e-01
5.292743862698240376e-01
6.426168014011873764e-01
5.980355248297340998e-01
4.750684013176188492e-01
6.020522388059702523e-01
3.687613994362458625e-01
4.280610941325302954e-01
5.874999999999999112e-01
6.626076211734693855e-01
7.490275060079343294e-01
5.645161290322581182e-01
6.497588558124064440e-01
6.250000000000000000e-01
7.108634553495928321e-01
4.365751865435689716e-01
7.205293838594125644e-01
5.160905090517624583e-01
5.546875000000000000e-01
5.350657482780213359e-01
7.049215532031914977e-01
5.072013906133597816e-01
5.146436811074082129e-01
4.422971598466473031e-01
5.641503490996903070e-01
7.350918628550728862e-01
4.967387514173237650e-01
2.652288838159316819e-01
8.485012980507259384e-01
6.275203483274072180e-01
2.688588007736945062e-01
5.953054298642534992e-01
5.378231579761240111e-01
5.400220221599321135e-01
6.154871939169693773e-01
6.449244744903349646e-01
7.598336569041449495e-01
3.825058110723179583e-01
6.032094594594593628e-01
6.858758059861770340e-01
4.010383889238514632e-01
7.156240004797698173e-01
5.047846889952153360e-01
4.079121363502792308e-01
7.976342752026694960e-01
6.979124027834628929e-01
6.621231031991067217e-01
5.930186433954779401e-01
7.261859143999452870e-01
8.807861775072926003e-01
7.395521094277059948e-01
7.734861912373451887e-01
8.220757825370677008e-01
7.070369249394673483e-01
7.787580737907702222e-01
6.191645169343430455e-01
5.979650080655168898e-01
4.589790916791275377e-01
5.409808129479962702e-01
6.302669950606133442e-01
3.374282803672925546e-01
6.158056042031523347e-01
6.718796981584539418e-01
6.553707058452027390e-01
4.066793078177741161e-01
3.267952127659575212e-01
5.044307437240642678e-01
5.576725236069837166e-01
4.889678539694397030e-01
6.900154596210504865e-01
2.952691680261012031e-01
2.814956209297102552e-01
4.734042553191488145e-01
5.805765303231198438e-01
5.052014031692270146e-01
7.243944636678200100e-01
6.174821602538662635e-01
4.870494061515533435e-01
5.626802751275793435e-01
6.544985941442718058e-01
6.657540646543514962e-01
6.566608996539792242e-01
6.094803310862701995e-01
3.186754684838160046e-01
5.910635085401527711e-01
5.772173452786850678e-01
5.981870720910437145e-01
5.697304519748184193e-01
4.961487699863692535e-01
3.065088999608936993e-01
6.920837355809835723e-01
8.890926717841112215e-01
7.441020210200323115e-01
4.601996306930108971e-01
6.210566977123480603e-01
5.104054351042973670e-01
6.451173994632345421e-01
5.694982434014952410e-01
4.665162870356655000e-01
6.299513228987448921e-01
6.178800517438497453e-01
5.618350268977884143e-01
5.974236738005881397e-01
5.384615384615385469e-01
6.988847583643122974e-01
6.322527921547261842e-01
6.836746286460848587e-01
4.459352801894239660e-01
5.981523034850290133e-01
5.784314519694437884e-01
7.654491760362404085e-01
6.371121561637552722e-01
2.708985597996241279e-01
4.343866649504441457e-01
5.943376941946033609e-01
5.736842105263157965e-01
5.722450349429462069e-01
6.118326764600502399e-01
5.370822725052777358e-01
5.298507462686566916e-01
4.568965517241379559e-01
5.585063203061578774e-01
6.582844762666564264e-01
4.505253700869242262e-01
7.308444096950742486e-01
5.762025316455696711e-01
6.069072747832641168e-01
5.945945945945946276e-01
4.428035169750466626e-01
2.763901549680948255e-01
3.910042495139238183e-01
5.850556438791733038e-01
5.010156171303358219e-01
4.090181650329611229e-01
4.589156657978323284e-01
4.369358051075239446e-01
6.717325227963526491e-01
4.215128185110711967e-01
5.399014364791496767e-01
5.273972602739726012e-01
3.418886878368733728e-01
2.858361774744028194e-01
7.099639111311605300e-01
4.642197126137811436e-01
7.023007677713924979e-01
4.815608617527689095e-01
6.672535211267607291e-01
4.929870784112796445e-01
6.781818181818182190e-01
5.581476323119777261e-01
6.399961445370231372e-01
4.979451984406297327e-01
7.647027443829624849e-01
6.472704875509240896e-01
4.926672777268560899e-01
6.874999999999998890e-01
4.344412626424765667e-01
5.346945739961324051e-01
4.442036836403032707e-01
6.166805481941395328e-01
5.001342358980489511e-01
6.369754793230226753e-01
5.202432205861678982e-01
3.243375858684984236e-01
4.980875573950719337e-01
5.983277769817639813e-01
4.037971919442585045e-01
2.977754252322933337e-01
6.081794195250659341e-01
3.838038747010031337e-01
5.589239271781535345e-01
3.656983861836046734e-01
6.211099004906789345e-01
5.674858466289243175e-01
5.400545787866295466e-01
6.587858265812069902e-01
6.453774062624254571e-01
6.206354627787518119e-01
6.833737224739226956e-01
3.890510948905109845e-01
4.701515840782762301e-01
4.297319252640131038e-01
5.792309933003204625e-01
7.068905197779107308e-01
7.056059853911069712e-01
5.192478215275146969e-01
6.105769230769231282e-01
6.318185172198915733e-01
6.679626861888776634e-01
6.066405732245530036e-01
5.173344172224129123e-01
7.302763938064555926e-01
5.222270176952956700e-01
6.045506753733178584e-01
5.617568401563465263e-01
5.229743722495469038e-01
5.537190082644629641e-01
5.667522464698330209e-01
5.706251212101622894e-01
4.078328981723237101e-01
5.564587443031087099e-01
5.777368905243790431e-01
7.886239142136426405e-01
4.198213142402904552e-01
4.976054697916710290e-01
5.142496477850488912e-01
6.013662406346409472e-01
3.498830362184400244e-01
7.543244106646663782e-01
6.128823384311790079e-01
5.833524678779723471e-01
4.111745268849504864e-01
3.974941316343016950e-01
5.409369142893292182e-01
2.981422431720504584e-01
6.905355047857263395e-01
4.836895388076490332e-01
6.209974870325388752e-01
5.884358116799589533e-01
5.535235936534101953e-01
6.013286354423311719e-01
5.009619383806456216e-01
8.005993334482964796e-01
4.218147854000111052e-01
5.631076904181934184e-01
4.997028043600422187e-01
4.205987025125427214e-01
4.414281470577050559e-01
4.722314164154986504e-01
6.281346545116504032e-01
4.625428082191780921e-01
4.541500318736688135e-01
5.161688980432543872e-01
7.260321903428970103e-01
4.982317645996056088e-01
6.035473706866245625e-01
5.702132568798271572e-01
6.360531991373112870e-01
6.641529343610578229e-01
5.335784653808797184e-01
5.792682926829267887e-01
4.387324715162138067e-01
6.485190260356276104e-01
6.939391637868834728e-01
5.825307927463664326e-01
6.229860365198711669e-01
6.102327408425808342e-01
3.742517392007766452e-01
6.259325044404974170e-01
4.326738315549447655e-01
4.962928864747284119e-01
2.810167439983861093e-01
4.332983827681839983e-01
5.800271555373475163e-01
4.990266862902231204e-01
5.587680703959774231e-01
5.807069214490655495e-01
5.404337833955761283e-01
6.498054474708171435e-01
7.225696597910665764e-01
5.500000000000000444e-01
5.878712871287129493e-01
7.115938550168027232e-01
5.253438331854480836e-01
4.606840645904699549e-01
3.434410545338578702e-01
3.301278969131647978e-01
5.341895415779595035e-01
3.844696704059911707e-01
6.725473894942834985e-01
6.043956043956044688e-01
5.065085283145072115e-01
4.606141751808203733e-01
4.567376612738068831e-01
6.800327942162927020e-01
5.384615384615385469e-01
3.882600246379358522e-01
4.445279473931422753e-01
6.291855957521098608e-01
6.854187495193416746e-01
5.488943488943488491e-01
4.803380268071129611e-01
5.626238098281041156e-01
6.058134192845073818e-01
5.609756097560976151e-01
4.980830955777461044e-01
4.985625711702078022e-01
6.052927505810029585e-01
5.209226674552713821e-01
5.877862595419848235e-01
5.675387079551521552e-01
3.500325309043591515e-01
5.592443140132062895e-01
3.633919338159255497e-01
6.689901342139019658e-01
6.556327390080335382e-01
7.355571255438689837e-01
4.193985740418563757e-01
5.911837962820528647e-01
7.083346880384953081e-01
6.595774245536782932e-01
5.075461322253452812e-01
7.187499999999998890e-01
5.259589755475720940e-01
6.128789630457776028e-01
4.801875966536616747e-01
6.716850028951939500e-01
8.020609816536909964e-01
6.176438903524664736e-01
6.628864090440780288e-01
4.818342670226161140e-01
5.497209900235849878e-01
5.849628300106580747e-01
2.118672665916760123e-01
7.782117830262132996e-01
3.895568541084668546e-01
7.296432309989189235e-01
4.818572846586522407e-01
6.412465775487194986e-01
5.372787210982657990e-01
4.684823495819506745e-01
5.032835348870279280e-01
7.043795620437955929e-01
5.296228631084430871e-01
7.762430939226520055e-01
5.830115830115830677e-01
5.506089309878213767e-01
5.101823032458870921e-01
4.812532345004485457e-01
4.982008723138769413e-01
5.282370044513386986e-01
4.411900733806046748e-01
3.217207875223727642e-01
5.411429043996031085e-01
7.024579341165316793e-01
3.882481980570353097e-01
6.377703764688271715e-01
7.393552908417353464e-01
6.139929149797570540e-01
5.556896449140584782e-01
6.399999999999999023e-01
5.698366356633007834e-01
4.444988733222298150e-01
4.032635637565408215e-01
5.642951385364862738e-01
4.998682281475457789e-01
6.372796770857993565e-01
6.255593596604704931e-01
4.431358679498180742e-01
2.800000000000001377e-01
5.178905114540798271e-01
3.027910767036773310e-01
5.436930467511886800e-01
6.184134572267672159e-01
2.648326034750670965e-01
5.785666269254099436e-01
5.125820568927790255e-01
4.533974885684865508e-01
5.555945927082023283e-01
3.653846153846153078e-01
3.174443466230661426e-01
5.364942193156604366e-01
5.241812183149594517e-01
5.475953820584438247e-01
9.056437469061237033e-01
4.339644527777956062e-01
4.521400486832339860e-01
8.006401151818199891e-01
6.149430442192125312e-01
6.184710234278668617e-01
3.738812042310821204e-01
4.443297717338514086e-01
6.854018895557533186e-01
6.626513743832895820e-01
5.869826034793040881e-01
6.414642899868404635e-01
6.865731642887955566e-01
4.307773640731349385e-01
5.807409353652128736e-01
6.782468912743119249e-01
4.438057396130029031e-01
6.987447698744769786e-01
5.896916355347305849e-01
7.097367547875613747e-01
6.626530627776686666e-01
3.114864109160049854e-01
6.067704939397887687e-01
5.739506301426934298e-01
5.636909917713296414e-01
5.568650744029011168e-01
5.366443274293921650e-01
5.801435406698565167e-01
8.228753567325154394e-01
5.639751552795031486e-01
6.778763332478099368e-01
5.913098853727833948e-01
7.390731876977095771e-01
7.401901984823883174e-01
5.606132075471698117e-01
6.393812400219366365e-01
5.976554738724420002e-01
6.862959740600628189e-01
6.168658950506751282e-01
7.720644666155027647e-01
8.052924100397976792e-01
8.732802597341348116e-01
7.915423907297186590e-01
7.067518332334087328e-01
8.250086495241638618e-01
7.963796334743622474e-01
9.544783983140148198e-01
5.048664688427298985e-01
7.324304236518293099e-01
6.104108133816374959e-01
6.727425117291562229e-01
6.151269668172613114e-01
5.601503759398496207e-01
4.935238945958016488e-01
6.430132217325283950e-01
9.074550128534704108e-01
5.975278647959642031e-01
5.030786806586332593e-01
8.645217434238948728e-01
3.653846153846153078e-01
9.210986055671435135e-01
9.377510956902849193e-01
9.956558657502470044e-01
7.923694424132361469e-01
5.490301724137931494e-01
7.513217699222878299e-01
9.579056160880076165e-01
6.915356151711378185e-01
6.094474416017829910e-01
8.459352917981602937e-01
9.410527754770539044e-01
7.990129246877897273e-01
6.201703233615057931e-01
8.457820738137082905e-01
6.377971529694597130e-01
5.795599831437627802e-01
9.431818181818181213e-01
7.581453176280574802e-01
8.019987704894478986e-01
8.905055880787652312e-01
8.442441810406681180e-01
7.497449648780203368e-01
6.883225627633288157e-01
7.719305896755513929e-01
8.006984681323915387e-01
3.408522344869968079e-01
5.912733748886910279e-01
2.600540540540541290e-01
4.574541544994653597e-01
7.801829137997350339e-01
3.455777547149878615e-01
9.778733866011064535e-01
9.910864331873873168e-01
9.470616289544804278e-01
8.955965909090908283e-01
5.794605546410029895e-01
9.100014134053645565e-01
9.609368315430028007e-01
9.853218691028156062e-01
6.659736895917116595e-01
6.976884180110763944e-01
6.567948888593105883e-01
5.059135779474762673e-01
9.622583954035626164e-01
9.287288456161703065e-01
5.788177339901477980e-01
7.032953498344113319e-01
3.543409563991644640e-01
5.023066606461397132e-01
3.342820679462333300e-01
6.790416971470373264e-01
7.089899567240958156e-01
8.574936255111630379e-01
5.969907684929863789e-01
8.591631940947852542e-01
9.877473714847505581e-01
6.693540157158893722e-01
6.668723010487354053e-01
4.985494917199669307e-01
7.837241699558857855e-01
4.119276754737628554e-01
9.453846368170294445e-01
8.213635056093585574e-01
9.071280580584818454e-01
8.488416988416987996e-01
9.641383095499451716e-01
9.004135410980877996e-01
6.988107718516577416e-01
5.685831022909674237e-01
5.509977827050998034e-01
8.352745424292844501e-01
9.813160597203570701e-01
9.817922973175483570e-01
8.982993845498469243e-01
8.516313685613755569e-01
7.695208137560035633e-01
7.327643276751412138e-01
9.209764397017897730e-01
9.687809952994954621e-01
9.010323288424116894e-01
9.346283783783784216e-01
9.418103448275862988e-01
6.958034729878721514e-01
8.159302726958923557e-01
5.351798669388385665e-01
7.187113189382478007e-01
8.758114500081553011e-01
8.255335813589190774e-01
9.653892617449664204e-01
7.761408062074660608e-01
9.370953417595475621e-01
8.277133121004921490e-01
8.422531137589708283e-01
6.019656019656020041e-01
9.413903645356291872e-01
9.634880519039625835e-01
9.245791403100463990e-01
9.625938253412060774e-01
8.998873195340701958e-01
8.479178536282178102e-01
5.068493150684930670e-01
1.731698477893211796e-01
4.093468493510854511e-01
1.818181818181817955e-01
3.973005710330507201e-01
4.300607316969370375e-01
3.963437456546021198e-01
5.360398026590851295e-01
5.423525224664116351e-01
3.181363560593432060e-01
5.116101623432721679e-01
3.062853824938305269e-01
4.480560941301738320e-01
3.048185604540417093e-01
4.790740056353368082e-01
4.915709562729339011e-01
5.720347797146067004e-01
5.284853097800965571e-01
3.892554194156457315e-01
4.836070922807283456e-01
3.738048712384687833e-01
4.898026799075287929e-01
1.536905965621839509e-01
4.611417240266983963e-01
5.969707307446000533e-01
3.595313352444562405e-01
3.611946236704908775e-01
5.698769007965243105e-01
5.717981103645113361e-01
3.947725764193317222e-01
5.686881574328763733e-01
3.335882065084415649e-01
3.780847821642139284e-01
3.204697986577181301e-01
5.094598178764034868e-01
6.083658623136977139e-01
5.909576996197718479e-01
4.325305541781518381e-01
5.595218296888894161e-01
1.800993124522535516e-01
4.192096048024012145e-01
4.192417505742986328e-01
3.326996197718632420e-01
2.940234791889007604e-01
6.070615034168564961e-01
4.731534595361625017e-01
5.316468766133194412e-01
3.639792580027017554e-01
4.287777730574790502e-01
5.864502065167507272e-01
2.720253164556962755e-01
5.996596985901799792e-01
6.345896061043514447e-01
2.746967071057192511e-01
3.099294947121032928e-01
3.831750582332916211e-01
4.512195121951219634e-01
5.595412173277278800e-01
3.862373408185100776e-01
3.711587436927752393e-01
3.673561870235112492e-01
5.837789042427609099e-01
4.921728159839336425e-01
4.995187933529037783e-01
3.675468483816013432e-01
3.540669856459329745e-01
5.101130279595478267e-01
5.037667708488117180e-01
1.562499999999999445e-01
5.768856239960702403e-01
5.519235604727181776e-01
3.503248044544609585e-01
5.809905087490441211e-01
5.953823159219634453e-01
2.293707611152976111e-01
7.432409381663113157e-01
6.034551725837047353e-01
3.916221393285612140e-01
4.428202923473774089e-01
2.674418604651164766e-01
4.509931138690303487e-01
3.625661042558550595e-01
4.067215961890721099e-01
4.990252854551345263e-01
2.825692216057257289e-01
4.117647058823529216e-01
5.068609983868571645e-01
2.894736842105263275e-01
4.997933392692728849e-01
1.282846956292089946e-01
4.904057879836427047e-01
3.877328820202382564e-01
6.324029952348536598e-01
4.297823432224696649e-01
5.458236658932714702e-01
4.984794050247591812e-01
2.178028492207668976e-01
3.615518476814412185e-01
6.286407766990291801e-01
4.321062240255486575e-01
4.924658889156391384e-01
3.664162999118716901e-01
4.395178038741833215e-01
5.346025212245948399e-01
3.341525423728813338e-01
2.387984561167981190e-01
2.037051543161521594e-01
5.287766160467658461e-01
3.684907325684024793e-01
3.554054054054053280e-01
4.788124947659324060e-01
4.600273750380208804e-01
4.174730682936104720e-01
3.633760386781870189e-01
4.120727673649392520e-01
2.846838344344073679e-01
4.044117647058822484e-01
4.128339023004066188e-01
5.369323113410847670e-01
5.846968747788227061e-01
5.284940916234938113e-01
5.982340529663823236e-01
6.870821264543977014e-01
2.998670212765957577e-01
5.427122506217609832e-01
6.371394160155102737e-01
3.334324806662701257e-01
3.648697638453432535e-01
5.380586592178769889e-01
5.636458423842211074e-01
5.360876334519573128e-01
4.170662820396777160e-01
4.883861446025127284e-01
3.519510906483508950e-01
5.378933461446072650e-01
5.825344193757658884e-01
4.648288431964458511e-01
1.485948218632439921e-01
2.634516493164430484e-01
4.499316977554246311e-01
4.280325014509575587e-01
2.917285617825793875e-01
4.781795511221945127e-01
3.210831721470019384e-01
3.385450233689608068e-01
6.712546320804657629e-01
1.111641221374047306e-01
4.867302817951394411e-01
5.979062223532881637e-01
6.356508889833134557e-01
3.518092281340328142e-01
4.399114921864195615e-01
5.547088262056414365e-01
2.852336211274758004e-01
5.390567366714280606e-01
3.575114678899081744e-01
3.235752959530144857e-01
5.389541088580577233e-01
5.145213193885759262e-01
3.725637181409295340e-01
5.708530689975095385e-01
6.411703111291646717e-01
5.920126448893573423e-01
4.992386474128078788e-01
5.699771167048055531e-01
4.709885879279526177e-01
5.002798483266186480e-01
5.054121565362199586e-01
5.309109755325021052e-01
4.994522735540222746e-01
3.754448398576513690e-01
4.367293181024605730e-01
4.290097629530513768e-01
4.999671653534416560e-01
5.691187793098623215e-01
2.216006884681584466e-01
2.816513761467888677e-01
4.604162078837261141e-01
2.177348551360841211e-01
5.026058046905714782e-01
5.394430515759313094e-01
4.959598525979845296e-01
6.285771901522058114e-01
3.202348364788936141e-01
5.056600827602026893e-01
3.883695813055428880e-01
2.669683257918552544e-01
4.127028848935166416e-01
4.481017337694624403e-01
5.107426933214572751e-01
4.968116344160294906e-01
1.998024203507039742e-01
4.983604370240581338e-01
3.394148310072305774e-01
3.800342262779031199e-01
2.290528943672959783e-01
4.166964731010933676e-01
4.904004847157954483e-01
3.032258064516129559e-01
5.259022638439713182e-01
4.216300940438871825e-01
3.334374999999999978e-01
3.692091930369941766e-01
4.230769230769229616e-01
4.271320270303000100e-01
4.105905645121892267e-01
4.133245540524361772e-01
3.160299003322259437e-01
5.019869002751492504e-01
5.466563736369777216e-01
4.132424301678618850e-01
2.117636927316567386e-01
4.934520306062388784e-01
5.543810127311481484e-01
3.771269633507852159e-01
4.189873417721518001e-01
4.686728868310229279e-01
1.349716932578485795e-01
1.430957683741650166e-01
4.276368313531282994e-01
5.877596362509042160e-01
3.954821083494369782e-01
2.301061007957559967e-01
5.319727654467653055e-01
2.762048192771084931e-01
4.387525370536667912e-01
3.868138541399978036e-01
3.400994200497100550e-01
6.479387765985814562e-01
5.001445193573033077e-01
2.670630816959669307e-01
5.224354440283341949e-01
3.913696865607557696e-01
4.460557356923027794e-01
4.948671207905593339e-01
3.885928796318721123e-01
4.991580276798400773e-01
2.030599861303744591e-01
4.064057733799568140e-01
4.721590593977039729e-01
4.442159289458357807e-01
4.995280142526167810e-01
5.047943665805612046e-01
3.401207299025770237e-01
3.607333657115103231e-01
4.229563208273737773e-01
5.960424710424711003e-01
5.687589570814371998e-01
3.916942218236842965e-01
2.659719075668329213e-01
2.471153846153845979e-01
5.428893905191873870e-01
6.391507376113942929e-01
5.585831062670298941e-01
5.977599853314182754e-01
6.649261889055815278e-01
4.764759315440282861e-01
5.001229778713413010e-01
6.254213847350678090e-01
3.905465584052729144e-01
3.724874371859295819e-01
4.490625349487873952e-01
2.393716919924876452e-01
5.736245869003780973e-01
4.155673445983695258e-01
5.721230190880512989e-01
4.550173010380622607e-01
4.345929256997113077e-01
5.837024113383617596e-01
3.471159835555002182e-01
4.284825524079067249e-01
5.082986255726781311e-01
4.303623299189726636e-01
6.212930382617387615e-01
3.679969301611665244e-01
5.532976731746455101e-01
5.530417988688095532e-01
4.340065990644992322e-01
3.882310093141528862e-01
2.490474980949962391e-01
4.087822316785986176e-01
3.232287341495159727e-01
4.997597825662086213e-01
3.807814544574526505e-01
3.624557260920897583e-01
5.392066420664206605e-01
3.382352941176469119e-01
3.918918918918918304e-01
4.935678301547319347e-01
2.484460859382037756e-01
4.237180626159215979e-01
3.333333333333333148e-01
4.984246953827767834e-01
4.293262879788640185e-01
3.495282071873117569e-01
5.858067519849936566e-01
5.486108326985527084e-01
4.999448861585432113e-01
3.027167903964618212e-01
5.898267224740301184e-01
4.841103279758179334e-01
5.504420432220039627e-01
4.378777703156480627e-01
4.312578124954153380e-01
5.588235294117647189e-01
5.058900564975780112e-01
6.000331491344909063e-01
3.206855132769936834e-01
5.599084929939950328e-01
7.344093233504725982e-01
3.797027679632983821e-01
4.845933817484241457e-01
2.427845343982573401e-01
3.869983182903579122e-01
5.991716644703224404e-01
3.889157681785305742e-01
4.147846889952153115e-01
3.764729206612184020e-01
3.285276626419175727e-01
4.996547418203720059e-01
3.860290326033150587e-01
4.989640211043964713e-01
4.600273750380207693e-01
4.757326137790591769e-01
3.791130720909362539e-01
4.652988403211418822e-01
4.043607390695947990e-01
3.165029741319683176e-01
5.252627324171381673e-01
5.426116642149121372e-01
6.147595232429049483e-01
1.204586969758472403e-01
4.634491187377526300e-01
5.911335454844727222e-01
4.399974628948369326e-01
3.753402286336416371e-01
6.491613531436618567e-01
4.431589537223339925e-01
3.938208478560228376e-01
5.506490624653278543e-01
3.324924318869826867e-01
4.390581717451523813e-01
5.855263157894736725e-01
2.281925343811394835e-01
5.086154159869493707e-01
2.585336641286679060e-01
6.878258898209022032e-01
6.259445843828714828e-01
4.229416538912436074e-01
5.114214476401551801e-01
4.374724030676889752e-01
4.582087523155085607e-01
4.543573967007902836e-01
4.939988653383422523e-01
3.729831792424949111e-01
3.280542986425336593e-01
2.748752568241852878e-01
5.442950829390394984e-01
3.100828729281768226e-01
3.174443466230661426e-01
6.827673383327792500e-01
4.170511301014857564e-01
3.904950495049506198e-01
5.754110078627592273e-01
5.083223806383804222e-01
5.494805331094553269e-01
5.655958605077346935e-01
2.611940298507461899e-01
2.615348026002854431e-01
3.267193993832954169e-01
5.052672867869550943e-01
4.244050740155634882e-01
3.766608386655856955e-01
5.586821357605281646e-01
6.262563921706929548e-01
3.135593220338983023e-01
4.847874470615210485e-01
6.252640048275169837e-01
5.346127283146958620e-01
3.654503849556124395e-01
5.162759900931703783e-01
4.319220024139948655e-01
4.211535734330048575e-01
5.893006160305891417e-01
2.173913043478260809e-01
5.094681998003379730e-01
2.675175692434889618e-01
5.257854940537365351e-01
5.282767330900925984e-01
6.382993998219567144e-01
6.444141689373297233e-01
5.580291373383532427e-01
4.495489379191872081e-01
5.281633066558605316e-01
2.424909230938498417e-01
5.414348462664712036e-01
5.649803214168579446e-01
3.603778002563852723e-01
4.836895388076489222e-01
1.784440481497993891e-01
5.556191460123821590e-01
5.723299686116871676e-01
3.952669390054935894e-01
6.631706778538308811e-01
4.084578804347825942e-01
5.783788321909671959e-01
4.851015134687630126e-01
5.087473757872639224e-01
6.651252937226532769e-01
5.103892738516589977e-01
5.907834397652623748e-01
5.315818065074877641e-01
5.995633836222414859e-01
5.567770271079172106e-01
1.217403239088665629e-01
3.071772341273557028e-01
5.579561627338639473e-01
4.738136584129649664e-01
4.768092482329192028e-01
3.269366977882519620e-01
6.010869991759213438e-01
5.584311250107593105e-01
5.847149017728797693e-01
6.287435208293339350e-01
4.643773664721145278e-01
4.792608770293793063e-01
4.927767767193443893e-01
5.567722659116443040e-01
5.010061072273976901e-01
4.590332254155928271e-01
4.208701247631643771e-01
4.388526556401137757e-01
5.308116407285924376e-01
4.975418936732787234e-01
4.411572440839063303e-01
3.684210526315788714e-01
6.082665983563577683e-01
2.966386554621848748e-01
5.794261175092718652e-01
4.423264656013974339e-01
3.694531894165535291e-01
5.970494896646367788e-01
3.870849250661180796e-01
5.403890516454356030e-01
4.995035699587340727e-01
3.759124087591240726e-01
5.045871559633028358e-01
3.170601299662745842e-01
4.719647689784347566e-01
2.892675852066715070e-01
4.627033792240298760e-01
6.769880935765668628e-01
5.195729537366546857e-01
4.676845538096650601e-01
6.407298398715678411e-01
7.398787423214076009e-01
4.607438016528925262e-01
5.240495634790444113e-01
6.070914797969788612e-01
3.033194463109797900e-01
1.297217824021713040e-01
5.871559633027522151e-01
1.570482497634816121e-01
6.026023890784983905e-01
5.036770342131990930e-01
4.997988164069242512e-01
5.210248970072314245e-01
5.434782608695651884e-01
5.169779709136520518e-01
2.983439490445858322e-01
4.711610207431727315e-01
4.656474410121966279e-01
4.177670130478945421e-01
5.055538877214049709e-01
3.632779183170421478e-01
4.024135808088252220e-01
6.666550845638482548e-01
5.092910817265684509e-01
5.061896953994546866e-01
4.700783740701381386e-01
3.427458617332033719e-01
5.671678886541567932e-01
4.998998517181223455e-01
5.162546738678852609e-01
6.089420654911837927e-01
4.453302487581798919e-01
5.001660940249829101e-01
3.354834669338676578e-01
4.432518882792656489e-01
4.711690450858319057e-01
4.187595826361579787e-01
4.679887889114234256e-01
4.040208122782193434e-01
3.552821997105644058e-01
2.428462418924074440e-01
3.006847275974992018e-01
4.185393258426966523e-01
4.685693883925666214e-01
7.235872235872236047e-01
4.016170313500545541e-01
3.986857926349569037e-01
2.439541790411540456e-01
6.996877680429328390e-10
5.014645810065244680e-01
3.705609052504031387e-01
2.936245872491744513e-01
3.708295829859156179e-01
1.113630791860750480e-01
5.715478841870824667e-01
1.044058068872382450e-01
5.698027314112291686e-01
6.612052429667518716e-01
5.004007533305662170e-01
3.181230916382511986e-01
2.795791827607236879e-01
5.744010088272382131e-01
5.525340366383918456e-01
5.050509280796506850e-01
3.550955414012739175e-01
1.189005558987027769e-02
3.856287425149699799e-01
4.295566736526427176e-01
6.513227195479360798e-01
4.702336533933735296e-01
4.776659326832337071e-01
4.432720232333010602e-01
3.802131716618588619e-01
2.003484320557491483e-01
5.308191655396814479e-01
7.085533822719481956e-01
2.085276482345103377e-01
5.788638353765324096e-01
5.305714253904986188e-01
4.394179272758600985e-01
3.309191982461634485e-01
4.986120752119120869e-01
5.000080327542585357e-01
6.490082377989017104e-01
5.199999999999999067e-01
5.841033859850646159e-01
6.163398259368876309e-01
5.060279771146125594e-01
5.863160560526760046e-01
7.231723131787972658e-01
5.460480702565287947e-01
4.617006929880919097e-01
3.895568541084667435e-01
5.781003460989961873e-01
3.751867757138409587e-01
4.035560344827585078e-01
4.396574737107099562e-01
2.466517857142856429e-01
2.805995004163198692e-01
2.965931863727456208e-01
4.834349047325452453e-01
3.190416141235814518e-01
4.702226837354838707e-01
3.894848793119393138e-01
4.957123685259310908e-01
2.387984561167981190e-01
1.111801242236026693e-01
2.489300998573467649e-01
5.243288590604027188e-01
3.324924318869827977e-01
6.058844460608016069e-01
4.091538134489237644e-01
5.518672199170125969e-01
2.428368217841903598e-01
4.917194979945659350e-01
4.242313395946613608e-01
4.402573008137704580e-01
5.228746475042586050e-01
3.939061169425338571e-01
3.453869749882021445e-01
4.611370109427593844e-01
5.728583727938011405e-01
2.788191190253047624e-01
5.745377243892563213e-01
6.140058706975811686e-01
3.210281990411794073e-01
5.281633066558605316e-01
4.153744837434635295e-01
3.803925151726598730e-01
3.796728971962617383e-01
6.042424169935891598e-01
5.567527925081801055e-01
4.467882769948994248e-01
2.931817411637128723e-01
3.172709923664122633e-01
6.108765341637661939e-01
4.496815286624203933e-01
3.051918735891647194e-01
3.771147339280221944e-01
4.250553536879300709e-01
4.740475812980147197e-01
3.318813716404078185e-01
4.410441044104410069e-01
3.708656962090426945e-01
4.378996981967099300e-01
4.625519055903853927e-01
2.087687414811450204e-01
5.022661356699297253e-01
5.000537561057156744e-01
2.260296540362439488e-01
7.178073734344683210e-01
1.731025299600532086e-01
5.926564768424443796e-01
4.591879399976018794e-01
5.884511391756775955e-01
6.393642599637141544e-01
5.605289928789419784e-01
3.555669559850075934e-01
5.590872760846377076e-01
3.320557491289198859e-01
4.303797468354430000e-01
4.825713706041847573e-01
7.443248807976973191e-01
4.899645808736718400e-01
6.298834818368745925e-01
4.463722397476341808e-01
5.930147058823529438e-01
4.752438663907774807e-01
6.446923173329992540e-01
6.311918396015949728e-01
6.014186300097373872e-01
6.746918071879985934e-01
5.567527925081801055e-01
5.047191494729401651e-01
4.050235824637983262e-01
5.198671182907763644e-01
4.668816874394590699e-01
6.608410704533040914e-01
2.708674304418984824e-01
5.101061339160293251e-01
4.088213379446071771e-01
4.935110901368570113e-01
3.209019947961836428e-01
3.571428571428591353e-02
3.335246842709529980e-01
3.949337341103821286e-01
3.994351627487373602e-01
3.954446017243598011e-01
4.971421639310122931e-01
5.443498242858643144e-01
5.254197346999326390e-01
5.299216159179983565e-01
2.499999999999999445e-01
3.251278167013824105e-01
5.556631171345596254e-01
5.002350529686567793e-01
5.002225919571792190e-01
1.954676952748311825e-01
3.929399396420677482e-01
5.412093838592580974e-01
2.927033492822966321e-01
3.997943146458520225e-01
5.978152929493545376e-01
2.739495798319328546e-01
3.879345844840400570e-01
5.642434566048084577e-01
4.229622266401590891e-01
3.298163048428723876e-01
3.951817413355875330e-01
3.834014110657258945e-01
3.721974420267534778e-01
3.570307048150731521e-01
1.849333695947782408e-01
3.811391954007667393e-01
2.820967333502152896e-01
3.054662379421221319e-01
4.636127799016930839e-01
1.562500000000001110e-01
3.896061006364837653e-01
5.661843706735596449e-01
4.857883461415786752e-01
5.942435048395313668e-01
4.199317681300641647e-01
5.259759520398128441e-01
6.238278110208091976e-01
3.448378379592387799e-01
6.255921831819976076e-01
4.102180319608489389e-01
5.868213262525331375e-01
4.001297251235917951e-01
6.246159825986858927e-01
2.126600284495020199e-01
3.177383037277958233e-01
4.687048360200111174e-01
7.771265311352678923e-10
4.679802955665025577e-01
4.780402651232781297e-01
5.073090431214576368e-01
3.020309030593064659e-01
5.013543462201428547e-01
5.198804028535459754e-01
4.120568459657701355e-01
1.749999999999998779e-01
4.653177088468455902e-01
5.849266790893623558e-01
3.619514472625076640e-01
5.284629440416023227e-01
4.911679601189460342e-01
4.878268894196694516e-01
5.506543304515294501e-01
3.624829886994551664e-01
3.548153511947864103e-01
2.782503037667071744e-01
5.540662268609830576e-01
2.972903130537508098e-01
1.756975333602911749e-01
4.979287550274376639e-01
1.835853131749460021e-01
6.087647994345291025e-01
2.489300998573467649e-01
3.452655889145497259e-01
5.796593718897795622e-01
4.732335660121528842e-01
5.982066770687345381e-01
3.348819620766030902e-01
2.029392971246007094e-01
3.138085441123078523e-01
5.781875463306150875e-01
4.704122340425531679e-01
6.194289117559474978e-01
4.191365643802103524e-01
3.937817802816984680e-01
4.998742266357671937e-01
5.298494908630974054e-01
5.817739838317598222e-01
5.730518620543518793e-01
5.141750543435161802e-01
5.252589231340375475e-01
3.907193558639686648e-01
4.006676017830105851e-01
3.287649402390439013e-01
4.018314431232207218e-01
3.123210780538852593e-01
3.410115663595372770e-01
4.919260752290443572e-01
4.102994023289393555e-01
5.018544507835861479e-01
4.626558389568797836e-01
7.173268812120409731e-10
2.285714285714284255e-01
1.595971925541652681e-01
4.591766726133159060e-01
6.115040721423825598e-01
6.858464057213865539e-01
4.136978481278026365e-01
5.016337884295950511e-01
5.874843030556717860e-01
5.003778078993850187e-01
3.436876231986970009e-01
3.400479856043186477e-01
3.181038005721290030e-01
5.936692223439212768e-01
5.026564053358576478e-01
5.247063190869312166e-01
3.423383525243577918e-01
4.984520123839009109e-01
4.858110663569994991e-01
3.090551181102362821e-01
5.577558807207257940e-01
3.799114554510237274e-01
4.321630583611683063e-01
5.426229508196720452e-01
5.002035868710708044e-01
3.964549704825618970e-01
4.856164377752631989e-01
4.832491346518157926e-01
4.973698962344124119e-01
9.209614051305752003e-02
6.485060918489238269e-01
2.739495798319328546e-01
5.241977906365070661e-01
3.253513794898489908e-01
5.214107327769994527e-01
2.855153203342617463e-01
3.334761308689729864e-01
4.829333824651226847e-01
3.963327156785282357e-01
4.832908381004325515e-01
2.543696108133302602e-01
3.766542002301496161e-01
4.301249313039023359e-01
4.374999999999999445e-01
4.185098952270080996e-01
2.337837837837837829e-01
5.026628861238289225e-01
4.092746791834627196e-01
3.045078196872126886e-01
5.584905660377357250e-01
3.197911938266000953e-01
5.059207779037164787e-01
2.791991101223583738e-01
4.137510961221657624e-01
4.986924686192468203e-01
5.803891502103234457e-01
4.918036378046133916e-01
5.827935060690752067e-01
5.473468781812012018e-01
2.301652892561983355e-01
6.348573996304951450e-01
2.284760019792184127e-01
4.451754074152128871e-01
7.128332120187926835e-01
3.448103751214265933e-01
4.963469766745914891e-01
4.466451832006538836e-01
4.060494558140945176e-01
2.230649118893597016e-01
3.235589601908827606e-01
2.410302288351069411e-01
5.678846550501291945e-01
5.301822865276447638e-01
5.509977827050996924e-01
2.275106458481191973e-01
5.006464793112502809e-01
5.343280606141166400e-01
6.082143569966510510e-01
6.730655640874186885e-01
4.159345960493576189e-01
4.586508432229856602e-01
5.490094522853812276e-01
4.587534928927226030e-01
5.022381522649040919e-01
5.848486976058414610e-01
3.627522729191884343e-01
4.796034222537541303e-01
6.911764705882353921e-01
5.201124493054231079e-01
6.473632331197635148e-01
4.984358660773918759e-01
5.653181760447099080e-01
2.971489286346732928e-01
3.785970149685392583e-01
2.784663051897754427e-01
5.501834114530264053e-01
6.781296008149765298e-01
3.845634827505280962e-01
1.473684210526316485e-01
1.430957683741650166e-01
3.327197652770318981e-01
6.446939978103125579e-01
5.814973679079741276e-01
3.589080923921822430e-01
4.362644222987814291e-01
5.030542292405770777e-01
4.106356018529063734e-01
5.885343844275520153e-01
6.189566837447602055e-01
5.014821315811344160e-01
5.550418739354130437e-01
3.984272608125816739e-01
4.931301863692014176e-01
1.712040928192947176e-01
4.085559100003226529e-01
4.347546207453140132e-01
4.787326148457144992e-01
5.813026140894993476e-01
5.080487172541580110e-01
5.282870823463530208e-01
4.916271809582376529e-01
6.093520654225205169e-01
5.027429467084640891e-01
4.209791359211979000e-01
5.278785879247772650e-01
5.180024103645677336e-01
4.705783738102466418e-01
3.162230240315883067e-01
3.839885923813404767e-01
5.353445137371888318e-01
3.648639268270975622e-01
4.886363636363635909e-01
4.700183472891056868e-01
3.899188876013904848e-01
2.597208374875372705e-01
4.561948707244516954e-01
4.376455368693403791e-01
5.348768681084341559e-01
5.118330148463912099e-01
6.621858231981692100e-01
5.036152182900345275e-01
5.574628738280448248e-01
4.832690734846137870e-01
3.079900540854895175e-01
5.102271966959250893e-01
3.593003661557910289e-01
2.446516730663741146e-01
5.654913806572573476e-01
6.139164044478154780e-01
4.127321104921373163e-01
4.172366969307967355e-01
1.860109144150137728e-01
5.447792037376919527e-01
4.405280959035977051e-01
2.301652892561984465e-01
2.957578713495396805e-01
5.089457341416531166e-01
6.244971940458339255e-01
5.390445757873502108e-01
2.123268504267525336e-01
2.020506634499397436e-01
4.165939901169514736e-01
4.422102247686205967e-01
5.404484325424646629e-01
4.801804243859632559e-01
6.114597553352429937e-01
4.781795511221945127e-01
5.241932930111784517e-01
6.038987138263666177e-01
4.765680152049958651e-01
5.698529411764705621e-01
6.761619190404797308e-01
6.693098003475901336e-01
4.998811715868921035e-01
2.026635784597567991e-01
6.303949308572112109e-01
4.148548183475943008e-01
5.153846153846153300e-01
5.132593076420640665e-01
1.970658207771610881e-01
6.328753474535016021e-01
3.530351437699680850e-01
5.035224630920597244e-01
1.712040928192946065e-01
5.053971883237258211e-01
2.836734693877552838e-01
5.369188949254418697e-01
4.461366627167315801e-01
4.436078948947146938e-01
7.195758564437194638e-01
2.582064700285442993e-01
3.400479856043186477e-01
4.164166635037407915e-01
6.560956852971691067e-01
3.677685950413221994e-01
4.238896860253964505e-01
5.006510108794740566e-01
1.927035045429257853e-01
8.593749999999995837e-02
4.531452362617415242e-01
5.026389066223801994e-01
2.655440414507771463e-01
4.955225225273421907e-01
6.266787360570583720e-01
3.207014081980446574e-01
4.242575153929736831e-01
5.583946400420388700e-01
4.054953688389018041e-01
4.427518427518428168e-01
3.022668393782382834e-01
4.630067296907546259e-01
3.919394485854618138e-01
3.269794721407623950e-01
5.413589364844904050e-01
5.846153846153845368e-01
6.035281895552803144e-01
4.800454693120119187e-01
6.329470856554926250e-01
5.005607779340277563e-01
2.402597402597400900e-01
4.145340886891971666e-01
5.981430155210643029e-01
5.066988810154426925e-01
4.837522441651705418e-01
4.942298122838172381e-01
3.903450771296312904e-01
5.040596299747105435e-01
3.729720107536924067e-01
3.623030386842807649e-01
4.696768682440215503e-01
4.462890625000000555e-01
3.932688988608905589e-01
2.734949247462372668e-01
3.706977153088838461e-01
2.544776119402984427e-01
4.944486262702296187e-01
7.090464044918715070e-01
5.579809004092769475e-01
6.854840805102218049e-01
4.912137718487961657e-01
4.105913775981918645e-01
4.735376044568245235e-01
4.424124113839515982e-01
7.196374936701029901e-01
1.835853131749461409e-01
4.121572614483421382e-01
4.984216268749063761e-01
3.212267703189874424e-01
4.988247493950915823e-01
4.042896652558485848e-01
5.372965434893427483e-01
2.368536371603855717e-01
2.393716919924876452e-01
6.467580115909151717e-01
4.990898233084495872e-01
3.506479244454206445e-01
4.999934817328886560e-01
3.850388296050423764e-01
5.606898795964854187e-01
6.163413179402882358e-01
4.409894540942927432e-01
3.920620786159521032e-01
3.584243249468643255e-01
5.364441251497403806e-01
4.081102723012747790e-01
6.216145286584086049e-01
5.077031802120139936e-01
4.512195121951219634e-01
5.838383296984476223e-01
4.057360739178184073e-01
5.366557682977393107e-01
6.016307660083908271e-01
5.726806146145935195e-01
4.300044916903726366e-01
4.375697458152510988e-01
5.926755216477483934e-01
4.056005635787249264e-01
1.966161026837806303e-01
6.914963612545594884e-01
6.659018844577350160e-01
5.002178017156451162e-01
5.307611592441047188e-01
5.526224232408454284e-01
4.386232820392340637e-01
6.361583929901306611e-01
5.757209237924271195e-01
3.357059961315279617e-01
4.991409969849876505e-01
1.023017902813299074e-01
6.504105787923664117e-01
4.460622104566513424e-01
4.996872556684910371e-01
4.799940280680799476e-01
3.100687953421726317e-01
4.991373679301880917e-01
5.747042403296557245e-01
1.516891891891893329e-01
2.641861622697859180e-01
4.582340686604073343e-01
1.994273046369852420e-01
6.028185328185328151e-01
5.683508845785051333e-01
3.930741190765492665e-01
4.888641425389754769e-01
6.509832272990166979e-01
5.108866815372242742e-01
5.578145433533043818e-01
2.940110459095615636e-01
4.996269284805399113e-01
5.360493760684911235e-01
5.927150268913708997e-01
5.005825808330907067e-01
6.968406373365522155e-01
2.312072892938495106e-01
5.545618906179375918e-01
3.613772455089822033e-01
9.105482526450783820e-02
3.720930232558139483e-01
5.283513020686553263e-01
4.519230769230769829e-01
2.264325323475047669e-01
4.734033558181920398e-01
3.494197228792632615e-01
3.371739684334264520e-01
5.039588020305866278e-01
2.782646801051709140e-01
5.342122166824702090e-01
5.288471029067712825e-01
4.990980260930928947e-01
6.527175979153073682e-01
5.615157480314960647e-01
1.438866202257989002e-01
4.210120333230484291e-01
4.741620893147711624e-01
4.129697093509633876e-01
2.711267605633805311e-01
6.080430267280452217e-01
4.113856249099461793e-01
4.145265506392304400e-01
5.272589947816535005e-01
4.435024119280805421e-01
4.750931427148875619e-01
1.127577319587628052e-01
5.645161290322581182e-01
3.951848545768997245e-01
1.545315682281058201e-01
4.092049083927465913e-01
4.224931002759889087e-01
4.675174013921113425e-01
4.821286579219082880e-01
5.540165327771737758e-01
5.994843015319277768e-01
3.112853356890462053e-01
1.890049140049139542e-01
4.978903397658410723e-01
4.181089334131456448e-01
4.957200904442310985e-01
5.045024986575595838e-01
5.228530872959545883e-01
4.330000000000000515e-01
4.926174832989825281e-01
1.701834862385321057e-01
4.093003386934367382e-01
3.771544671780324154e-01
5.322710328192384877e-01
4.790027641930682534e-01
2.553706212502419581e-01
6.379807236709766904e-01
5.781250000000000000e-01
2.397305653710248008e-01
2.810167439983862203e-01
5.475806906557436626e-01
3.807339449541284337e-01
1.082004555808653429e-01
3.398520301952066558e-01
4.097438425965708175e-01
4.679597915185910173e-01
4.874254919572139633e-01
3.995552260934025490e-01
2.842778793418646588e-01
5.808121019108281047e-01
2.904987633965375737e-01
2.248313659359190420e-01
2.081362346263008756e-01
5.973307881514557938e-01
6.911375130448743631e-01
5.879081874112634942e-01
5.866640812981444020e-01
2.654280026542800153e-01
4.801925212884116667e-01
5.485903485923274703e-01
5.084831732367336432e-01
7.650760177330886425e-01
4.718190065774552355e-01
4.285272988897846358e-01
4.033898188703470278e-01
4.689304237205205728e-01
4.454225352112674563e-01
5.992047137826819192e-01
5.923259969658153379e-01
1.442351860358292714e-01
5.384615384615384359e-01
5.006391331534304490e-01
4.933857025288955200e-01
1.028922300011476804e-01
4.973350896569056490e-01
3.171511627906977160e-01
4.161610368154408657e-01
4.280936454849498252e-01
4.545590051721148939e-01
5.160896130346231958e-01
4.446132369847266008e-01
5.009132348041644978e-01
4.463722397476341808e-01
3.243343909071855213e-01
4.131074308128132588e-01
4.259561481494413826e-01
3.972789714688272911e-01
5.397727272727271819e-01
5.840965861781848290e-01
3.446601941747572950e-01
3.076923076923076539e-01
2.174287354122823590e-01
2.876648923860218310e-01
4.274531030162394551e-01
4.962927529299211438e-01
2.575976845151952688e-01
3.276892430278884882e-01
4.456007772859764682e-01
6.954398267431169955e-01
3.747030878859857750e-01
3.735021847530982098e-01
5.507495234988065702e-01
7.152643330554103729e-01
4.379226655007990021e-01
4.344346049046321490e-01
4.327230616521451911e-01
4.991636083227797283e-01
5.566142988122241286e-01
5.236591815047300091e-01
2.085496183206106136e-01
5.211459754433835911e-01
4.981381528263124081e-01
5.016973537504588743e-01
6.009337598018985593e-01
3.833811111900403135e-01
5.552325581395348708e-01
5.142265490533564076e-01
3.439352034768866084e-01
6.320181719421262834e-01
4.205622608498290615e-01
6.311100627789670847e-01
4.745505103448491302e-01
3.887078751087741368e-01
5.030674846625767804e-01
7.019048521607277324e-01
3.294117647058822929e-01
2.368421052631578816e-01
4.999047737335565733e-01
5.773168637294405769e-01
4.579779668916988955e-01
4.698884588281798114e-01
4.961683917197451943e-01
3.067163427650790308e-01
4.376148662446395776e-01
4.726598972768143447e-01
6.267620259079463851e-01
5.189906769355491223e-01
6.567916745363973074e-01
4.281984199788567702e-01
1.695899209486164960e-01
4.272993785301154035e-01
3.579474342928659625e-01
5.006988416814488474e-01
3.643062544931702784e-01
4.785618850965626114e-01
4.504646840148698317e-01
3.243662996506319618e-01
2.534175642087820868e-01
5.098202638063488168e-01
4.463754319336339926e-01
4.700435000766562399e-01
5.926380971102811479e-01
4.028436018957361198e-02
2.987407240836519873e-01
5.923370403441838850e-01
5.030674846625766694e-01
3.954866192968979344e-01
6.700987595820174780e-01
3.233890214797138229e-01
6.601214762611276043e-01
5.528799432953879212e-01
2.649549303468996114e-02
6.120916445641692016e-01
3.439352034768866084e-01
2.866779089376154336e-03
2.126929674099486134e-01
5.336787564766839465e-01
5.074836295603366576e-01
2.742569930069929107e-01
3.442170818505337904e-01
3.956643511764348364e-01
2.662149817295978993e-01
3.222448979591837070e-01
3.916230620548999952e-01
5.797967417023849324e-01
3.720930232558139483e-01
5.001819257528766771e-01
5.019411999044095518e-01
3.186754684838160046e-01
3.953520855191723915e-01
3.965812547631011875e-01
1.675556133732276631e-01
3.217703349282296510e-01
3.451717216770740504e-01
6.802127970238626142e-01
3.164556962025316666e-01
4.807759683384155713e-01
4.444421279270769354e-01
4.654427645788343504e-02
3.604045562985115359e-01
4.680933250927070688e-01
4.990864591649165627e-01
3.191189029530978605e-01
5.549837643511537078e-01
4.858725879380983992e-01
3.556901382988340021e-01
5.120481927710843761e-01
2.763901549680948255e-01
2.241379310344827902e-01
3.761552680221811884e-01
5.431044884169883291e-01
5.102781136638452342e-01
4.951040677445587290e-01
6.851718714895528306e-01
4.249554247762369896e-01
4.643763165867257348e-01
4.909387480959976902e-01
3.664278316393920210e-01
5.234257841682371515e-01
4.043730070931216281e-01
4.963280448882929630e-01
7.032090792240871524e-01
5.036764705882352811e-01
4.169666399244488786e-01
4.519469759734878744e-01
5.988658524068563027e-01
4.503371826791222610e-01
4.992738962013023030e-01
5.680830419357439931e-01
3.172920065252854971e-01
5.417390487816329259e-01
6.018468197434057032e-01
4.924628156009900892e-01
4.847205707491082372e-01
2.938265786993402018e-01
2.550979608156738188e-01
5.032828578320548418e-01
4.405111379727164045e-01
4.998787601719120177e-01
3.318435108860184335e-01
3.905627430878639283e-01
3.783341721187720164e-01
4.910383189122373149e-01
3.450653983353151322e-01
2.368614750478433284e-01
5.001612948699759587e-01
3.966766490557921965e-01
5.499227651155746965e-01
3.942801689690603739e-01
5.531950336735015350e-01
5.720146702306209141e-01
4.439364005050793205e-01
3.906250000000000000e-01
3.589737084005300005e-01
4.954591951931392457e-01
5.961897017992994208e-01
4.973404255319149869e-01
3.394495412844035775e-01
4.186029302945094566e-01
6.609764752419953204e-01
4.825216200525905830e-01
6.035542464840607524e-01
4.677419354838709964e-01
9.965203943553060939e-02
5.563262389120230411e-01
4.333496677947928366e-01
5.028445806909431770e-01
3.890629625832353056e-01
5.203851021515097930e-01
3.568884650603791897e-01
4.269422775654539981e-01
5.637371818028246162e-01
5.662152857470735823e-01
4.423242425141704071e-01
5.719512195121950748e-01
6.784596207552768821e-01
5.004980927223789955e-01
4.012153562586227573e-01
4.475295381310419041e-01
4.115969318863171855e-01
4.304115933616567413e-01
3.785351057186188695e-01
5.060975609756097615e-01
5.556082294133246613e-01
2.201195219123504576e-01
6.314968646971362842e-01
2.197274924913925342e-01
3.825074352294702829e-01
4.346942266523317611e-01
3.339522546419099180e-01
6.340620994297214708e-01
6.142668890807023718e-01
5.642965204236002202e-02
5.000489061339773444e-01
4.078056122997525956e-01
3.671875000000001110e-01
2.221758320410354981e-01
2.993308307491431286e-01
4.998270139361117304e-01
4.998548509813314222e-01
4.176405947737443780e-01
4.132158975488345320e-01
5.687086946332318149e-01
6.012715985902483684e-01
5.042534660279820447e-01
5.846153846153845368e-01
4.569784628378377733e-01
1.111641221374047306e-01
5.356042163233066811e-01
5.162179546081043791e-01
8.038147138964557570e-02
5.459800315291645223e-01
5.857453754080521602e-01
5.185112298507965622e-01
4.895095147556997039e-01
3.243276892430279057e-01
6.183401157495738154e-01
4.463100610565436388e-01
2.649549303468996114e-02
5.548420687261367279e-01
2.398648648648648574e-01
4.593897541684862085e-01
3.178947368421053410e-01
6.025869759143621662e-01
6.096230606428323373e-01
2.318751911899663565e-01
3.831799163179915868e-01
1.720000000000001805e-01
5.466327053074945264e-01
3.573941400272635516e-01
6.155888030888030382e-01
2.265883217040030595e-01
2.805261974364740007e-01
5.184467998369343134e-01
5.636710385438972182e-01
6.492280380870407708e-01
6.578193229047442081e-01
5.645161290322577019e-02
4.484694419249491415e-01
5.503713149801213733e-01
4.355802047781568986e-01
3.606250399275522378e-01
3.302932151380839620e-01
5.087829360100375453e-01
4.649143263499975198e-01
6.702787565137792170e-01
3.605480289294080709e-01
5.521914635297793250e-01
3.382352941176469674e-01
6.300271324674491247e-01
4.866160429158371548e-01
2.173913043478260809e-01
2.012233179378355996e-01
4.308454983160636131e-01
4.128275898958279622e-01
3.310208126858273925e-01
1.346153846153845257e-01
4.888292021199757698e-01
5.967742360675489799e-01
4.481065716586822845e-01
2.358490566037736158e-01
6.199276105897497668e-01
3.878907935002221530e-01
5.015461428573730895e-01
5.410927601096856554e-01
5.148640322614740361e-01
6.811079791680800799e-01
6.135617081182543897e-01
4.263977157653432992e-01
5.442975748306750905e-01
2.567257559958289748e-01
2.475409836065574909e-01
5.183831551385555958e-01
2.022212908633696515e-01
3.008985575786237154e-01
3.092539612676055705e-01
5.435179122626508930e-01
5.143424824839019083e-01
2.993079584775086843e-01
5.673523391259814863e-01
4.880847002171854188e-01
2.555673382820785600e-01
4.512195121951220744e-01
5.854556997097211113e-01
3.216974030861873834e-01
6.910738822534615577e-01
3.721319565962192266e-01
2.909865152590489501e-01
3.824385867075645873e-01
5.415296331563562715e-01
5.221040175286558727e-01
3.713123344416692229e-01
3.505033852218422119e-01
5.862504408368505171e-01
3.883364485981307679e-01
5.449438202247190999e-01
5.764238911290322509e-01
5.018986624348220627e-01
5.144692689362433402e-01
2.629119527791440314e-01
5.468750000000000000e-01
4.453994885956691352e-01
4.986316691064327511e-01
5.666666666666666519e-01
4.787622803279780181e-01
2.015439429928740089e-01
3.201026814270905296e-01
4.919245793269231282e-01
6.002823354949655688e-01
6.700753964814974983e-01
3.161671591388772740e-01
3.988645218746521004e-01
3.193879356094109223e-01
4.990783889544816998e-01
5.212765957446808818e-01
7.084020569452949233e-10
4.963996819142728611e-01
6.108135151312438227e-01
3.260596546310832178e-01
2.777070063694267454e-01
5.000691279842448544e-01
4.165323393109006123e-01
3.007723761926398565e-01
3.352872215709261638e-01
5.572187595790333292e-01
4.481820264293336908e-01
4.700563390616322446e-01
5.925024342745862649e-01
5.181547861492062923e-01
2.892675852066715070e-01
6.297671761176975025e-01
3.663468634686345426e-01
4.801981868956523014e-01
3.291113476349518674e-01
4.977402656852259466e-01
5.243902439024389350e-01
3.734177215189871668e-01
5.057844690966719625e-01
5.457478528137188478e-01
4.294108409812502636e-01
4.008875739644969793e-01
3.206451612903225001e-01
3.433125049434470610e-01
5.288830138797091518e-01
6.651975797415402569e-01
5.551360164764439498e-01
1.876106194690263795e-01
3.250062726544092340e-01
3.769520917267177307e-01
3.498223073577380049e-01
4.133162784296063874e-01
5.387325504099268469e-01
4.365506216040553333e-01
3.593597720968588205e-01
5.746374847540317576e-01
4.987195902688859594e-01
5.320316926500243682e-01
4.995163212441489087e-01
4.974463493531368075e-01
4.055713643852030814e-01
4.133245540524361772e-01
5.145425700687467074e-01
4.619565217391303769e-01
5.999036202638394766e-01
4.902225219150369573e-01
4.941171730195825784e-01
5.810418254948868100e-01
3.479615684237861717e-01
5.233916437762035079e-01
2.497378538972388484e-01
4.310282184812885276e-01
4.240465416936005649e-01
6.599940459294875161e-01
4.851934627741303907e-01
3.795775924583031924e-01
6.489127240669996244e-01
4.918789539113239129e-01
5.408163265306122902e-01
5.464263897373243806e-01
6.541834222041134073e-01
3.073786737640861744e-01
4.839792235420563582e-01
3.986008767838820632e-01
3.760390411327581006e-01
4.588140446329549982e-01
3.599367838798894770e-01
2.963118609800040604e-01
2.371007371007370079e-01
4.947729069665290358e-01
5.000000000000096589e-01
2.808189022600527940e-01
5.250715324358553593e-01
3.914399582735870742e-01
5.195921631347460989e-01
3.513727560718059029e-01
2.729182582123758083e-01
4.076038410004466095e-01
5.063753984624038695e-01
2.338957055214723468e-01
5.846057455794310131e-01
2.779025691422154498e-01
2.015130674002751088e-01
5.295074349442380202e-01
4.575104354868855805e-01
2.820967333502154561e-01
4.337602659366445179e-01
2.372881355932203173e-01
5.189036927708693403e-01
5.387629296834187675e-01
3.541032216701395785e-01
5.006474054526536266e-01
4.825783972125435306e-01
4.743549648162624921e-01
4.282454091922300865e-01
