2.114652425532141944e+00
1.722235189455727289e+00
9.072307813373203800e-01
8.552136503621858843e-01
9.567510900256483986e-01
9.209633039147558931e-01
9.896779339329084824e-01
9.193507728545267099e-01
1.030043227569612974e+00
1.701896491244449861e+00
1.618669081684234623e+00
8.932901902359843271e-01
9.004165371795778139e-01
1.319674612839161654e+00
1.450549714372600052e+00
8.440299672025319833e-01
7.097737521557099249e-01
7.287600049616339559e-01
1.166380127855440429e+00
1.345058972755027282e+00
6.624901800993127088e-01
6.564561929061970558e-01
1.178760205027522323e+00
7.389553626327604041e-01
1.030511381748389077e+00
6.897991738612582191e-01
3.939257328746934017e-01
5.822277470046801628e-01
9.116522374702068499e-01
8.697264299042484215e-01
7.798408275792160227e-01
8.033005536490016585e-01
1.089862928191017488e+00
8.501679886575979062e-01
1.194157275796162043e+00
8.604673805906745132e-01
9.723042121872136345e-01
8.779971537292947659e-01
7.627792086193719845e-01
