3.259216053829640192e+00
7.499798213374723188e-01
1.003068653880989203e+01
1.069032414517824048e+00
1.057551101409009764e+00
1.550387596899224674e+00
8.170141257962937331e-01
9.327696772726047358e-01
7.132554048476249520e-01
3.950851155719281582e+00
1.494589645413684220e+00
9.797170528877845452e-01
8.040089086859689704e-01
1.323730251727343044e+00
2.036199095022625638e+00
3.876103528975601620e+00
1.151999999999999469e+00
5.768069386443944735e-01
1.015286217430947380e+00
4.215475246403082021e-01
2.919191919191918227e+00
1.455351106235720060e+00
1.866359143327842585e+00
1.479168799262974732e+00
9.973401143199955854e-01
1.562898698647613438e+00
5.085945945945946178e+00
1.638252788666737292e+00
1.013934684081137849e+00
2.780800330187793712e+00
2.493735055459314953e+00
1.227834195163702402e+00
9.015906477577614320e-01
8.077305290290495154e-01
2.828729281767956127e+00
5.605120248254461757e+00
1.414634146341464227e+00
2.642253109770169583e+00
1.796293042867181944e+00
2.984101353869085482e+00
1.358245083207261494e+01
2.641596668941701864e+00
2.693346019373689781e+00
1.045712842530623021e+00
3.692161780729274589e+00
2.511412637267866899e+00
9.743379924637634915e+00
2.720685877184968682e+00
1.668968911414163259e+00
9.161764963829248654e-01
9.863203152991758316e+00
6.742313264221861502e+00
1.024376731301938825e+01
3.647162277783059459e+00
7.334164005918544227e-01
1.279435287725090076e+00
2.414338406947401872e+00
1.883573077116099004e+00
1.249999999999998934e+01
1.463718122459036763e+00
1.606241372144028734e+00
4.449484300451223895e+00
1.840234126811215010e+00
8.076081134715538568e+00
3.704939063502246555e+00
2.787644787644786959e+00
3.272337567412734405e+00
5.139426024323525688e+00
8.049805709611058901e+00
8.309012875536483378e-01
1.629579780238326725e+00
4.756669467012452301e+00
6.003216187710780360e+00
1.075340971211455443e+00
9.578751020090930934e-01
4.563707401779899975e+00
5.098143236074271556e+00
7.610062893081762647e-01
2.891865977733978799e+00
5.546635864857060838e+00
4.048903878583474558e+00
6.858635835757471710e+00
2.019479864078323583e+00
8.813674383024557857e-01
2.166377816291162439e+00
1.418574830555046518e+00
5.593569261099287537e+00
2.707959329238961654e+00
2.769577152121486474e+00
1.642403517342452268e+00
4.316543906713152801e+00
7.588077503988245986e+00
4.314355429036194955e+00
1.452682982534371670e+00
1.128802015241312739e+00
9.938593504271153733e-01
3.801483438120013769e+00
3.140955063848835049e+00
4.992739849616621761e+00
1.942946352540448451e+00
1.955211155023255820e+00
3.262174731906061886e+00
2.482345368298465527e+00
9.378515111200496079e+00
6.458120157871656275e-01
2.569483046136740612e+01
1.686561333879682323e+00
3.531112507856693838e+00
2.001190948789202118e+00
4.771273147495701528e-01
4.086810322864215528e-01
7.528827257371924375e+00
2.209443027463076525e+00
6.234856789646986641e+00
1.781793641271746553e+00
5.471244456762749842e+00
5.825068690304855856e+00
9.086935571988585814e-01
2.751512979997838393e+00
3.214046822742473886e+00
1.454925003865779054e+00
6.669745958429552424e+00
5.204597619227845584e+00
1.701888737528073570e+00
3.155515300254632560e+00
2.123891716953780762e+00
2.065155807365439244e+00
2.788368897684295966e+00
8.202247191011233785e-01
3.829222210559462436e+00
2.272727272727272041e+00
4.092239960390211095e+00
4.553506274808547083e+00
7.363770250368190773e+00
6.480916342256557439e-01
6.220271248516663576e+00
3.794331994597887725e+00
2.047434535341541739e+00
1.031901840490798250e+00
5.468222995533889019e+00
1.856246619794484021e+00
2.801633605600934107e+00
6.493893252553345485e-01
6.363950361107757470e-01
1.317074434796790650e+00
2.764386712472170604e+00
6.364995999425560491e+00
9.375562663012345643e-01
2.745501598911208152e+00
1.857530529172320310e+00
3.795908029298321384e+00
9.852112427347067269e-01
5.545077317164579078e+00
8.557218010619971338e+00
4.513400549722205390e+00
1.325217721809337945e+00
1.015917685339899457e+00
6.472876785003757183e-01
2.857491393036275085e+00
4.363475418766172176e+00
1.743351199691565157e+00
3.354346744409326675e+00
1.632261728392471634e+00
6.818805093046031995e-01
4.327966881324748272e+00
1.413570585653948219e+00
8.048902802061597583e+00
5.942857142857142172e+00
6.517401392111370484e+00
3.277057654075546722e+00
4.321638720523824695e+00
1.711369428928522174e+00
1.401488036524532355e+00
2.693649507868602466e+00
1.584994138335286351e+00
1.708099717924730587e+00
2.525475628630404756e+00
9.561415683553091682e-01
1.034933848669540968e+00
2.292816334206079443e+00
9.016859387412834437e+00
1.790238455725059463e+00
4.740580343477878156e-01
3.612996598885590771e+00
1.929735283726447426e+00
6.077151335311572478e-01
8.813805004314063662e-01
1.299403545645766878e+00
6.279069767441860517e-01
5.988157590634394234e-01
9.349766801689985973e-01
6.945984530071425134e-01
1.461503911539163481e+00
2.170968793013969389e+00
1.161674763986375147e+00
1.582314205079963232e+00
2.771255060728744724e+00
2.347826086956521507e+00
1.470530119515533141e+00
2.536904122842576825e+00
1.602641913602285140e+00
5.094043887147335248e+00
2.423545032086745099e+00
6.452022401991287515e-01
1.148909719286903774e+00
9.839901479712801491e-01
3.705755782678860744e+00
3.956061941331990628e+00
4.041251348139396349e+00
9.268332637793504913e-01
2.590867998805605588e+00
1.279825237351870593e+00
8.681203480448687060e-01
1.576154221205416484e+00
3.930232558139535204e+00
1.119596821089357874e+00
9.892823499273513399e-02
1.219594594594594517e+00
5.155396857138463851e+00
1.512345679012345734e-01
2.231581912945485580e-01
3.301699428235762124e+00
1.651780812919361185e+00
6.482533640863887392e+00
1.107284820719550034e+01
2.109169423470289573e+00
5.135922330097085542e+00
2.160124461464816292e+00
6.371667596207472029e-01
5.487269534679544147e-01
5.828734662078816076e-01
1.164294234592445410e+00
2.442426443879404996e+00
1.189400521285838508e+00
6.895681915348439439e+00
5.646589572882388275e+00
2.567425180769668636e+00
1.506684764166950075e+00
3.540078105245413553e+00
2.411211199724596632e+00
2.158884362268880697e+00
1.346469008194212780e+00
2.466617754952312058e+00
8.453066820803032400e+00
8.986670610637633061e+00
6.377952755905512694e-01
2.407011915871876351e+00
8.725982343777047845e-01
1.009671993271657131e+00
2.407200218367731903e+00
1.151046789377546009e+00
8.554911361355783228e+00
1.457084747219858034e+00
1.043478260869564966e+00
3.832556088461523736e+00
8.247482266398106887e+00
7.044492682095921054e+00
1.780506503385471007e+00
7.132414460893709673e+00
3.336863543788187059e+00
6.189372125838143113e+00
9.032246244045442296e+00
5.727764995500158385e+00
1.248833269955405001e+01
3.763774522816021317e+00
1.260678079393962037e+01
6.607731213828246020e+00
1.250685211430078247e+01
2.843908301873385724e+00
2.086705202312137963e+00
5.919801907014560882e+00
1.334997473471450213e+01
9.176949657362914792e+00
9.924040952428539342e+00
1.312155406296380988e+01
1.367113519069747873e+01
7.645624103299853758e+00
1.493957953981129627e+00
7.112903225806451069e+00
1.495714545124387485e+01
7.587011280254078116e+00
1.479555093222372975e+01
1.797728061907832497e+01
4.337150366059694839e+00
5.982046780313756251e+00
3.796030780585813780e+00
6.376688466475154193e+00
8.314032657016326766e+00
7.321452493949272444e+00
7.711346131739281518e+00
2.620709985171421064e+00
4.709507788825805896e+00
8.375083307415469136e+00
3.760325045119861098e+00
6.213959037582026390e+00
8.167973545106095301e+00
9.390879478827361737e+00
6.665142110421430566e+00
6.366638084929929775e+00
1.295027332040204371e+01
4.434666875440381517e+00
5.482494466779097131e+00
1.051520437695753785e+01
7.547532127363512089e+00
9.179462102689489811e+00
8.943534926067673752e+00
9.831629851380792928e+00
5.015164781204712874e+00
4.107788690394769127e+00
1.243151761883959372e+00
6.738853503184713212e+00
3.722772277227721194e+00
4.640148698884759781e+00
5.948372826720619067e+00
1.103742613263296368e+00
3.472590815131900488e+00
3.300299263650360082e+00
6.265121332850417168e+00
1.231837516584200998e+01
7.975224037954665057e+00
7.244675002631793426e+00
4.112122936824134101e+00
7.007068223724646217e+00
9.352131950121270521e+00
1.468552701604996713e+01
3.332231623479639526e-01
5.128614168908973703e+00
5.660693351197457091e+00
5.261898300526213212e+00
8.745340885855577895e+00
1.453281254487492191e+01
4.408381435203681420e+00
9.634577724688355715e+00
3.856726207346540924e+00
2.398948584360782732e+00
1.180098057638758391e+01
8.762324941309806547e+00
1.088373072838984212e+00
2.694078938225480613e+00
1.117870911578162207e+01
1.553872032699261219e+01
1.979009682429879069e+00
2.323773889468094378e+00
5.453358105995108396e+00
1.089277063187477879e+01
1.262897605934584000e+01
4.321581465625786933e+00
2.189391474129514847e+00
9.256670073770767004e+00
2.579437847587555233e+00
7.536862970165711939e-01
2.638912345887518551e+00
3.633391055206308007e+00
3.507306273062729129e+00
6.535758642442660582e-01
2.374499219770977998e+00
1.786385912707353363e+00
5.812427859390423279e-01
8.243318723090652611e+00
8.539142273655540905e+00
4.723164877047676846e+00
7.980826958458412612e+00
7.127042698998414805e-01
6.883406969745624160e+00
5.797527808060852550e+00
1.366835254399789612e+01
5.508653866925404152e+00
3.129330826368740937e+00
4.589856277467633028e+00
1.253331090174966356e+01
7.256369655966602439e-01
4.308302718323250069e+00
2.430333971570881157e+00
3.355480820159995048e+00
6.730365182591295792e+00
2.696913719306150981e+00
5.614131774432021160e+00
1.558566956756558319e+00
4.617782567500126056e+00
1.334170965850544022e+01
6.109171714388421215e+00
1.794263516649971857e+00
4.495461060678453080e+00
5.115968208092486869e+00
4.161323599428662590e+00
2.344952498648336459e+01
4.888265933194055002e+00
4.307953273850052334e+00
2.637927891801247871e+00
9.540991406343232173e-01
9.978565277444526593e-01
4.985221674876848752e+00
5.340548703750316761e+00
3.106594019810133833e+00
3.296985377338260026e+00
1.712628218688462933e+00
1.412813405129118793e+00
6.308681917606440148e-02
2.107225084968753770e-01
6.556828193832597851e-01
1.406593406593406925e+00
1.616734217253134931e+00
4.407265511464659724e-01
2.047775688920963955e+00
4.774350047415897302e-01
1.177887717788771660e+00
3.500972492696066141e+00
3.829067942024751758e+00
2.754146510838772155e+00
3.044189383070302846e+00
1.144009498201627339e+00
5.488387040461636390e-01
5.012376237623762165e+00
2.726385707568909300e+00
1.161942708666716895e+00
1.695271453590191157e+00
1.269702276707529887e+00
3.408286000668224514e+00
4.673876871880200845e+00
4.175428763591526149e+00
2.173990203733938031e+00
1.774607916355489534e+00
1.862976562231906774e+00
4.108683410293950011e+00
2.676620697144095562e+00
2.551645300890013957e+00
1.407417675829032655e+00
1.977464925246553040e+00
3.846153846153848033e+00
1.667870404309576893e+00
2.867394278704766375e+00
2.814873337071206461e+00
2.745710130877363042e+00
1.600333055786844039e+00
6.862013783685747548e+00
1.229280910501810098e+00
3.664521683988225753e+00
5.286072524499290104e+00
4.922370220003031149e-01
4.761904761904763639e+00
1.425518735353586308e+00
8.042203985932006027e-01
1.691067783487013587e+00
1.789478882849820263e+00
2.776875718634348456e+00
2.357904558784324589e+00
7.824798984341940766e-01
1.329447800561558646e+00
1.467005076142132491e+00
7.252830188679244561e-01
7.505485643023817044e-01
9.096781138981592241e-01
4.334505126491551508e+00
6.153271739607888424e-01
6.968817984046410396e-01
3.078817733990147909e-01
1.002967359050445095e+00
1.450959631966748820e+00
1.984360454291566267e+00
1.790723512655941319e+00
9.475409836065573632e-01
4.348845987920622047e-01
2.337533201661786020e+00
2.824620573355816955e+00
2.821993915075620696e-01
1.603408567480423930e+00
8.777660695468918473e-01
7.327102803738315684e-01
1.054043109176563853e+00
3.289850006838594076e+00
1.593262466296835989e+00
1.262633154146804104e+00
3.262778769504540488e+00
1.982558520270062186e+00
2.074468382783465348e+00
1.314519799726900251e+00
2.896986019110639354e+00
1.000817252193811457e+00
5.409606304640022234e-01
1.240680860981970834e+00
8.590819348469892480e-01
5.664210756449498341e+00
6.297579206285724318e+00
1.952376641685834713e+01
7.734796238327618312e+00
5.757039858522648990e-01
7.113282687995718057e+00
8.282933204925365445e+00
7.819444425125636755e+00
1.969282600615009926e+01
2.702659930610505690e+00
2.653743584245722431e+00
4.375484043263452527e+00
1.113454490854794621e+01
1.064429317714104872e+00
7.322012966965110614e+00
3.403693406331310012e+00
8.697971934786055570e+00
2.797152245345016830e+00
1.077709474809568491e+01
6.363636363636361315e-01
2.866885990709359344e+00
5.998402985189223102e+00
9.656359830042109849e+00
8.646290139922017559e+00
4.179894812335644971e+00
1.691086352097785905e+00
6.621612763051709649e+00
9.743167051495467135e+00
1.180403458213256584e+01
6.294996132563814406e+00
3.762789367215459091e+00
6.975800711743771920e+00
9.105830965343706396e+00
7.255807434918187582e+00
6.415913022864031312e+00
6.010441838690980809e+00
3.042517543667068391e+00
5.855906132941069764e+00
1.264113746340880873e+01
8.886751842906042143e+00
8.299001427022286492e+00
1.116735092864125178e+01
1.056001128587145566e+01
5.077328190483252790e+00
7.349376286834451655e+00
8.830806153937990288e+00
1.200063952663906797e+01
7.940887185320088193e+00
8.580130892463644798e+00
1.173385663102042642e+01
1.006698029661271399e+01
1.089010890108900753e+01
1.334029503219613311e+01
1.151670253387789700e+01
8.982403793937388414e+00
8.173110567724902964e+00
3.144688576827598059e+00
3.466520787746171006e+00
3.026664686051726338e+00
8.958585573274906011e+00
8.469284084185616734e+00
1.288328730225716257e+01
7.504292835623749269e+00
1.087013398152143395e+01
7.093548620664687832e+00
3.392820424948594038e+00
2.857639335821856363e+00
5.134788189987163243e+00
1.100194462450226673e+00
1.574674082649620033e+01
9.736614636214810048e+00
7.053616051562168643e+00
2.374153352281464624e+00
4.894238168526358734e+00
5.340560718931071982e+00
1.192878115221368773e+00
4.204396948363726239e+00
2.111202029527516455e+00
9.584352078239611883e-01
3.139256377666781450e+00
9.693815452838930868e-01
2.120627946453625068e+00
8.888793625352974237e-01
4.583050847457624144e+00
8.585225914415490323e+00
1.107858119508128958e+00
1.623356135697334679e+01
2.611493519765943905e+00
1.485544340302812394e+01
9.062441431619866483e-01
1.793006618507966055e+00
3.707407706786452373e+00
3.269640566309691465e+00
2.246892242238915038e+00
1.165901992310262036e+00
1.028469750889680068e+00
2.680985756274022247e+00
8.947368421052633858e-01
6.577536358857543064e-01
1.313462156569904948e+00
7.926132199912062637e-01
1.672028019319814707e+00
1.020809059475195291e+00
1.594534018131465558e+00
2.088925895087426987e+00
6.363636363636361315e-01
1.216284591133771853e+00
5.952124991034866142e-01
5.605544730439284695e-01
4.030401841373357108e+00
9.805355114919744874e-01
1.817464220088511162e+00
4.593523124188332751e+00
2.095949465403540213e+00
2.251545066884748092e+00
6.058243546881988628e+00
2.993077439213749802e+00
1.591359791404606483e+00
1.319587628865979134e+00
1.200023473489627790e+00
3.178128078817732849e+00
2.487031846427019133e+00
1.183957350327838887e+00
7.302370741969415047e-01
7.644457191385383155e+00
1.665361422147104520e+01
9.276484623813379571e+00
7.811589644995127202e+00
9.365909339251916599e-01
1.635922292002451428e+00
2.406930853651943369e+00
7.699270314307979035e+00
3.484909026043525593e+00
3.416405307599519769e+00
1.346198940212631978e+00
3.541076487252122984e+00
2.559464726774507426e+00
7.679649645918747325e+00
5.273890475998872063e+00
1.599370032144782350e+00
9.495340027807871452e-01
2.328389686373223633e+00
2.183697152383983653e+00
3.887812393822666746e+00
3.144760262265244410e+00
1.675445334746044423e+01
1.137348437798999612e+01
1.703608525666833851e+00
2.459837515762868687e+00
3.996799437950079525e+00
5.711238720262512558e+00
1.248999555357936497e+00
4.508675899063988801e+00
5.302918017600743994e+00
1.588345864661654172e+00
4.413350846017150886e+00
4.813333333333332575e+00
3.975014242695531497e+00
5.091361093847111441e+00
5.703012368504741580e+00
4.490046809699134833e+00
2.703903821984939171e+01
2.199281867145421288e+00
5.266950745707481119e+00
6.743814798274194722e-01
1.039611008261471703e+01
1.036189756434617237e+01
1.237154088484516024e+00
2.597620624161605551e+00
1.751345584114210707e+00
3.622832279258606292e+00
5.899262899262902593e+00
5.700703023684388526e+00
4.334552141495640498e+00
1.059376953678212274e+00
1.033700164238740005e+00
4.100182319701510814e+00
4.811578640210095514e+00
8.669609079445141475e+00
9.638539130645693120e+00
8.596144749466571033e-01
6.929005290314155241e-01
1.084388511887270701e+00
2.976744186046511587e+00
5.469311572185084458e+00
6.031001425083075240e+00
2.472865386020013378e+00
1.685706324881581564e+00
1.846906414766732230e+00
8.180927637463264457e-01
1.368769542026853081e+00
4.956859257537003849e+00
5.416121461816578275e+00
1.025000000000000133e+00
1.805508693406782550e+00
2.868214590997050450e+00
9.969537620979344039e-01
1.371262804942869451e+00
6.238691602811569759e+00
5.504387671606102650e+00
7.691189299214892472e+00
4.992877716999861271e+00
1.320713909815529608e+00
1.137397634212920838e+00
1.350923482849604174e+00
4.371315487442090308e+00
1.921568627450980449e+00
2.401883316491673526e+00
6.611554339535842040e+00
1.038237651902856662e+01
1.033789352233393366e+01
1.644880476195059060e+00
9.243813662142719156e-01
2.441255883376457270e+00
1.905587811101659979e+00
4.544930336468066656e+00
2.453517549022644850e+00
1.626154682122804118e+00
9.408777184529233395e-01
1.246153846153846168e+00
7.499928773576508556e-01
9.066327903589701975e+00
2.551974640073967127e+00
1.008983580534748370e+01
2.809074493247538218e+00
6.948383437322744882e-01
6.254881541265293166e+00
1.598836948476808129e+00
1.440487077056360476e+00
2.729588362528572620e+00
6.720029784065523870e+00
6.008581596825321114e+00
1.009671993271656909e+00
2.398670288239348469e+00
5.433960363000485572e+00
5.152968864500677704e+00
1.059522963070449464e+01
9.954552411152743474e+00
2.303203966546139903e+00
9.428781771223055941e+00
1.215289606458122762e+01
7.940935192780962382e-01
1.984263649525258133e+00
1.912242740640283989e+00
6.760999307710834350e-01
8.532938673314113487e+00
4.151872858244032294e+00
4.705706453841269621e+00
5.265384615384613998e-01
2.393828987817373743e+00
8.638599793365182578e+00
4.054653162621823514e-01
5.329174380153397506e-01
5.296725745190274948e-01
2.389459098686667726e+00
4.045043103448275446e+00
1.664834020418253457e+00
2.951005219174507310e+00
3.724699777800704048e+00
3.312590183941649169e+00
6.626659315492599012e-01
1.532801961986511197e+00
1.987076231504027346e+00
2.430214436036491232e+00
9.165838545624596989e+00
1.328030998209119629e+00
2.846315789473683022e+00
3.282239544373883433e+00
9.485096020330059385e-01
4.192589598730942946e+00
1.488131806757889031e+00
1.696316744900479678e+00
2.388585681475810851e+00
2.699989856621338280e+00
1.992609803320175343e+00
2.028158844765342916e+00
4.672378424037649802e-01
7.503034767708149921e+00
7.043478260869564522e-01
1.350469073196539638e+00
3.090909090909090828e+00
1.065518845974872342e+00
1.445494353537681187e+00
2.489812826458338346e+00
4.130950105142417783e+00
2.070575865572492624e+00
1.363047001620745213e+00
1.637119771863118078e+00
3.740232774165345386e+00
9.842519685039370358e+00
1.793906294912330335e+00
2.522511031510702662e+00
4.106696238969373525e+00
2.220356768100734790e+00
1.904869762174406178e+00
5.797101449275365859e+00
7.206658426171846266e+00
6.627433585496069313e+00
1.604649817972919834e+00
1.134105455653763528e+00
1.139815188248080702e+00
3.381488110457683050e+00
3.417495648596256874e+00
6.161100196463651812e+00
2.248619723913461765e+00
9.508346482850263959e-01
4.800279720279721829e+00
4.972993013848250321e+00
2.590661445474388813e+00
3.236709552578325599e+00
1.109156456505056010e+00
1.920654581651805692e+00
2.753581661891118415e+00
2.396576922658324005e+00
1.478427434391290873e+00
5.353163626177389389e+00
1.795655263425033343e+00
2.239681585637604666e+00
1.358010867355343709e+00
2.113134718585071958e+00
2.102803738317757798e+00
3.639097744360903164e+00
1.109570041608876290e+00
1.072203841500452004e+00
1.219679120628746505e+00
2.349717804002052546e+00
1.711303375514067859e+00
4.812864827744076202e+00
2.959121508030165160e+00
1.933994422063836094e+00
1.986510791366908446e+00
2.067682821779158076e+00
8.581560283687945656e-01
2.627665654043973564e+00
4.493807801798020418e-01
7.999999999999998224e-01
1.384182237010493699e+00
1.066666666666666652e+00
1.660992344184471392e+00
3.505214368482039600e+00
2.163582163989142160e+00
3.182019152671332396e+00
1.694835680751173523e+00
1.770040959625512222e+00
1.732040055539788792e+00
2.351040391676867181e+00
2.177261689807609368e+00
2.739784185388289828e+00
3.910575536221095216e+00
1.735225850068504938e+00
5.945004754357203325e+00
5.164439411098530996e+00
4.608381058595663937e+00
1.355931195211622198e+00
2.820143884892084341e+00
1.334441805225652811e+00
9.551731229782305377e-01
1.285319013779028019e+00
2.184485349042768032e+00
2.820817295880762021e+00
6.126440952631867276e+00
3.191766001877913705e+00
1.177541304956595036e+00
2.893923768601599722e+00
1.126598666143585703e+01
1.378571653042910228e+01
2.507109004739335845e+00
3.566051328230525286e+00
3.658398185045936835e+00
7.887390029325515250e+00
8.000892901433601656e-01
1.931772575250836566e+00
3.433678895979415557e+00
2.623057690176889167e+00
7.276728113295054534e+00
3.409977612693597671e+00
6.412825651302600516e-01
1.222597975214571475e+00
5.731019709022532105e+00
1.716148108326053245e+00
6.640381821954760566e-01
6.667127426021056458e+00
9.124154695159225614e-01
7.560082467295120567e-01
4.230470052398928260e+00
1.501955207963029171e+00
6.026277910156883522e+00
3.323916516623132367e+00
1.496354739636293285e+00
2.543234994913528890e+00
2.298812194281036891e+00
2.265430767200688589e+00
5.722325581529394078e+00
5.334119069267850399e+00
2.828729281767954795e+00
2.489429597128042460e+00
1.359550561797753465e+00
9.278916435548884012e-01
2.442475757212977161e+00
8.313828516837832305e-01
3.375470342632206577e+00
2.384508570801533445e+00
4.202681388012616814e+00
1.185714727034163252e+00
5.907920559141518480e-01
6.325912264523778639e-01
8.938746937346864208e-01
2.085198797193451359e+00
9.139458769058838028e-01
1.132518935444037034e+00
1.526637107467695431e+00
2.101407969157699895e+00
7.208970193838171170e+00
3.216618205133539465e+00
2.604110386242119102e+00
3.175534640140170950e+00
3.014447341354317800e+00
4.575835839693719542e+00
1.642156185210781105e+00
9.873390354681415015e-01
1.290467930834805488e+00
1.101233786776337098e+00
1.899241219505898082e+00
2.547928271823999502e+00
9.474172638653637346e-01
3.485398159476568836e+00
8.152801358234299522e-01
1.142857142857142350e+00
7.234042553191488700e-01
4.308487720809995203e+00
1.570841036080011355e+00
2.392920353982299631e+00
2.347205533249319132e+00
1.188487137630725554e+00
4.573839667311357937e-01
7.954524085499719011e-01
3.821149956659927849e+00
3.488332469071782072e+00
2.064488392089424362e+00
7.431192660550457463e-01
9.874424300967692858e+00
8.380792035722126609e-01
1.847369495671934203e+00
1.380281690140845008e+00
1.849056603773584495e+00
9.173588039867111021e-01
7.889868866939150349e-01
2.152075485687898304e+00
3.864669697780155899e-01
1.688927943760983874e+00
8.236161788681006790e-01
7.575757575757575690e-01
2.473356760973655533e+00
3.167546174142480186e+00
4.487721292087632818e+00
4.570652173913043903e+00
1.819752758212402100e+01
1.517810985871084428e+00
1.875694544436365963e+00
7.795623061505259521e+00
1.303167420814479227e+00
2.561157657709744129e+00
1.359785237904163724e+00
2.290043290043290103e+00
3.371891967157255365e+00
2.868656716417909536e+00
6.405226162582899896e-01
1.783072011716645200e+00
7.733141351522723195e-01
1.224092409752479238e+00
1.422163588390500610e+00
4.143673261997485646e+00
3.110813226094727213e+00
2.756082345601995609e+00
2.881992670560082015e+00
9.305304502769135011e-01
4.550886583293167753e+00
8.133870887035248742e+00
3.127441860465116186e+00
1.515151515151515582e+00
2.896097882120737044e+00
1.085097330071269184e+00
3.521951219512196474e+00
9.592362944318252316e-01
1.650039826210793370e+00
2.075631454671214904e+00
1.367527095403544335e+00
2.186081694402421505e+00
2.383981055311076513e+00
3.217797645751457658e+00
3.320818213894954241e+00
2.279945353612837788e+00
1.049891540130151624e+00
1.825766297183622378e+00
3.263777810091608611e+00
1.705889604384744462e+00
1.364304210848298116e+00
1.561954426935721951e+00
4.377638453468906121e+00
4.009270307480494289e+00
1.853993693171556156e+00
7.324738898250191532e-01
2.122157295055427273e+00
1.803001876172607654e+00
1.427147998698581555e+00
2.555765595463136641e+00
2.878803117928085964e+00
1.029032563507426001e+00
2.111862107088118279e+00
1.712669388334539411e+00
5.377952755905510251e+00
4.069598697791238173e+00
1.130528279215729182e+00
1.121423624060925439e+00
5.731885181331290546e+00
3.193913076937705320e+00
2.778512396694214903e+00
2.569728858866271004e+00
5.066027026037279057e+00
1.024749412201460652e+00
1.074626865671641118e+00
1.415628539071348335e+00
1.523507420414637048e+00
2.007682458386683688e+00
1.584316362080557150e+00
9.203821656050955591e-01
6.545264136991892912e+00
2.864485415083883435e+00
2.286219481627081773e+00
2.872950943665763646e+00
1.644924880908756881e+00
4.564956772334291202e+00
2.030609269124686644e+00
1.208683402928007578e+00
7.321531097677098643e-01
4.278492109877263694e+00
9.131988649436307171e+00
2.645106170236803500e+00
3.632876075331318511e+00
4.433211389022726934e+00
1.344186046511628208e+00
1.296895967408266737e+00
6.821510547600829755e-01
1.065518845974872342e+00
9.745941458580972272e-01
2.379825500867217336e+00
4.301739201149942460e+00
5.066534547488124929e+00
5.047874370671949329e+00
2.676681388733626488e+00
2.053014143064041619e+00
4.043023433360307450e+00
3.010620795734240573e+00
1.463167258287671135e+00
2.223507635354002421e+00
1.641112150614060239e+00
2.684756584197924845e+00
4.053012048192773942e-01
1.865336436544335452e+00
1.485320268986186854e+00
2.861194906330762233e+00
2.295846284261090720e+00
5.522528735377049136e-01
8.957222727863737299e-01
5.568421052631580714e+00
3.995817466758225134e+00
4.958065826899637152e+00
2.167127260787478082e+00
2.382089949791650341e+00
5.827586206896551158e-01
7.727711618925007242e-01
7.885226413055222316e+00
2.493757094211122904e+00
1.851631791524945392e+00
3.365512014486870651e+00
2.779612347451543286e+00
2.007420196959448067e+00
1.421830454366284302e+00
2.095821206014878868e+00
1.520809898762654155e+00
7.493938086046670888e-01
1.658737541528238602e+00
2.395209580838324026e+00
1.810075675584043253e+00
8.363636363636363313e+00
2.882105263157893837e+00
2.671951425198177965e+00
1.060793835110313310e+01
7.604845885319690524e+00
7.198405942892512677e+00
4.308767841538013066e+00
9.828779964390570001e+00
2.016573181170564943e+00
9.898112906503887531e-01
1.163636363636363358e+00
1.560086118584552040e+00
1.865117466751752717e+00
1.923663266449951115e+00
6.157387110916265893e-01
1.904761904761904434e+00
3.314035504303976420e+00
2.252324598478445239e+00
8.011423906173312792e-01
5.722861150070126524e-01
2.069829901521934801e+00
3.724902434685779085e+00
1.621954682264750813e+00
1.004717296914637847e+00
1.043478260869564966e+00
3.458516065515080840e+00
2.545063124515757558e+00
1.046569234580134289e+00
9.083167754754467582e-01
9.350649350649347102e-01
7.525870178739416660e-01
5.089219330855018875e+00
5.195801902263036176e+00
3.287421741605008219e+00
2.184370109787653558e+00
4.817980293416887605e+00
7.697462310106220063e-01
1.882712309096251424e+00
9.480360366528562954e-01
1.125991164151701263e+01
5.475481663793923204e+00
2.383735628724492184e+00
7.391304347826087584e-01
1.123829459072380743e+00
8.038301192088163072e-01
1.560023878727721858e+00
6.758620689655172598e-01
2.903313377164484343e+00
7.367529769927219085e+00
2.387188031936989141e+00
4.492825827071736278e+00
1.548180601351771601e+00
2.795911699079711710e+00
7.945049110698170658e+00
7.424002401240641369e-01
1.495885311549467467e+00
1.779472464927031705e+00
1.539940489814602742e+00
7.597639080748462836e-01
2.690018911536038004e+00
2.510763264801910033e+00
1.155463106072253998e+00
1.259067357512953178e+00
9.758531477146732414e-01
4.412811387900354987e-01
8.476821192052979015e-01
2.065618087982305617e+00
1.611992330486316405e+00
2.750799443452604187e+00
2.085703042326353618e+00
3.309956278305155042e+00
2.999835053626944692e+00
3.409696006358037490e+00
2.868342630090928491e+00
2.269513458804251371e+00
4.688110420534346012e+00
1.675839812234120485e+00
6.855409856246252875e-01
2.631155985988048673e+00
1.919973397952961180e+00
7.500000000000003331e-01
9.783547880262777330e-01
2.160017632797002651e+00
3.909509988048490925e+00
1.010431654676259505e+00
1.359233170531499058e+00
1.656286240835765700e+00
1.471677349159706605e+00
1.873686370292434455e+00
4.571428571428568510e+00
1.976747293866096600e+00
4.804205214465937068e+00
4.714435360827089028e+00
8.748008665540052409e-01
8.807707694359246275e+00
1.871425245292434703e+00
1.420490928495197425e+00
5.964275836296714317e+00
1.995905775889058376e+00
2.122807017543860475e+00
3.557052297939780505e+00
1.045276447540269826e+00
1.636168252993551731e+00
1.006519510420214703e+00
1.244136005721637739e+00
2.807474138283875487e+00
3.241867761535050629e+00
3.110970705094713296e+00
8.194282380396733512e-01
1.454643327086406979e+00
3.142546245919477954e+00
1.744637245525344937e+00
3.065653444501472702e+00
8.170566621543219332e-01
7.383750638732754501e-01
5.106303618052965287e-01
5.418659846846498596e-01
5.249391117164278420e+00
1.755825001131068319e+00
1.751140971147630232e+00
1.381727642670087741e+00
7.664670658682635196e-01
1.374422849779877609e+00
3.363447750739913644e+00
9.313177883029908344e-01
4.147935368043086157e+00
1.192128013746442949e+00
9.255965883313674869e-01
1.901608643457382231e+00
1.719249985965305649e+00
2.547656215155433390e+00
1.393814432989690211e+00
6.271507071435006297e-01
7.444933920704842611e-01
1.273054151234150666e+00
8.788832739623892998e-01
1.695492386469315882e+00
4.194715778352776425e+00
1.112747160286075010e+00
1.677135815841162225e+00
8.311170212765953691e-01
2.457426007119787315e+00
6.907886805446500356e-01
1.683896620278329426e+00
4.350813734421303258e-01
9.158079925149851253e-01
3.796413577009081219e-01
1.608470096903650726e+00
1.635966460316999216e+00
1.414145399715344587e+00
2.543607860454846215e-01
1.247090631244857528e+00
3.608073063479534937e-01
5.676828814368685139e-01
1.391360360896172432e+00
3.769532733949600090e+00
1.134228187919463116e+00
1.419004524886877894e+00
1.631263679299620240e+00
1.813031161473087904e-01
8.732334779174488748e-01
1.550548398616348411e+00
5.242976976619669882e-01
2.122807017543860475e+00
1.945858957411345513e-01
2.483143058834984540e-01
2.791520504083649379e-01
2.063950186597436343e+00
9.430814524043175107e-01
3.016468187483225982e+00
1.448530621948320163e-01
4.080596615610996736e+00
7.362498476899494992e-01
1.502395968199669696e+00
1.399725703152704948e-01
2.825990512916767838e-01
5.752343996054276598e-01
3.511688311688310749e-01
2.779163785836488376e+00
1.317229282772287124e+00
1.004016064257028107e-01
3.051305265541442768e+00
6.290360629837810080e-01
1.927853411902513969e-01
3.052080500407941543e-01
8.736150526765931179e-01
4.308756699151409797e-01
5.478053548918734306e-01
3.810467882632830317e-01
2.165316331154222951e+00
8.704819277108432063e-01
5.936603616711701115e+00
1.080934251573986593e+00
8.835145572567171257e-01
2.031864792369740158e+00
1.609050911376492532e-01
7.712625744848952358e+00
1.532005371530886784e-01
1.904044409199047827e+00
7.347027972027970755e-01
6.910747645406656314e-01
1.244627202745691719e-01
1.013349399118496086e-01
7.492451768077371677e-01
6.633304572907676722e-01
3.696524470564393372e+00
1.579475379659457168e+00
1.346134418359988816e-01
2.027466154295682055e-01
1.536170212765957555e+00
4.182318793578726712e+00
2.597219787693723081e+00
9.514464756812600621e-01
2.457570960053840015e+00
1.137893886345272998e+00
4.459288264424735582e-01
5.831804935993674111e-01
6.917361180841451462e-01
4.385686910652342174e-01
1.557094907848310117e-01
1.951516999542612707e+00
7.400555041628118502e-01
9.825912276405235346e-01
3.917938083246926828e-01
3.901905579857932072e+00
1.725983472243506900e-01
4.940462292785430254e-01
6.311832563706389898e-01
1.912667727996362199e-01
1.666913346919722538e-01
6.855755996160116661e-01
2.415742715829445775e+00
6.838188117541383892e-01
9.557344064386318339e-01
4.820717131474105410e-01
1.715921458517139786e-01
1.669083416011600263e-01
3.130873195142954146e-01
3.263322462155397452e-01
3.035293132386240877e-01
1.173866247245451078e+00
1.492856241749491164e-01
5.689111704007054904e-02
1.973813445775655928e-01
3.341767576360021308e-01
1.327231121281464421e-01
5.883139390938350033e-01
6.600740349021682052e-01
9.525002268629150226e-01
4.880160742477157587e-01
1.645560190703218573e-01
2.296015180265653932e-01
2.536167905285623969e-01
2.856188051215031165e-01
1.362380528066977070e-01
4.908176032935542832e-01
2.568347478738689516e-01
6.530612244897958663e-01
1.214426790943851781e-01
1.118153825675196889e-01
4.636339739415470951e-01
5.273174101528025487e-02
1.585345766135125012e-01
3.210756990363910490e-01
8.648648648648651349e-01
9.961981164980810988e+00
2.628631043986687121e+00
1.000000000000000178e+01
1.610627177700348467e+00
5.387578075660669263e+00
1.711515816918718125e+00
1.463926370797909993e+00
5.292100730046755963e+00
5.345035368090123917e+00
4.676536540817915366e+00
3.299526066350713993e+00
3.090158314173896859e+00
2.085871395120696192e+00
3.235832835835792842e+00
1.808158805042427097e+00
2.346036363636363475e+00
1.135612765890431808e+00
1.549636803874091084e+00
6.597014923096343075e+00
3.953535574894520899e+00
2.760601360109038893e+00
2.528947368421054165e+01
2.026875646188292190e+00
4.697127576974598817e+00
2.191826097163788400e+00
1.699695854161427100e+00
1.229987293519694713e+00
1.415291351549732513e+00
4.923860500732097911e+00
6.179851755929266055e+00
6.634363252956812396e+00
3.623050236492441289e+00
3.664921465968586478e+00
1.628546637744034520e+00
8.662777980313522974e-01
7.263496531617573693e-01
3.472200387323445714e+00
1.114387396217225934e+00
5.957582184517501211e+00
4.412887828162290305e+00
5.288204103102023268e+00
1.931428571428569940e+00
4.357531760435571222e+00
8.270794246404003403e+00
2.234597651913270866e+00
1.218100602058652449e+00
1.803854037949263356e+00
5.460418111562469257e+00
7.748214809742738352e-01
4.691484411354116979e+00
3.016619375760031474e+00
1.244058983629198867e+00
3.031545741324920495e+00
1.036303317535545609e+01
1.689268178629880213e+00
2.027027027027027195e+00
1.156472029399755463e+00
2.791519634237034975e+00
1.517204300932149641e+00
6.229518902837239303e+00
1.302723920542404823e+00
6.203578248018625452e+00
1.333921188150585468e+00
3.505214368482040488e+00
3.378378378378379399e+00
2.169679300291545321e+00
3.384165052688390851e+00
5.400000000000002132e+00
1.994188175944878294e+00
8.820045558086557769e-01
2.770293282876065355e+00
2.047847630845462952e+00
1.065534782321464036e+00
4.189322381930185912e+00
2.853233117218429093e+00
1.307147080692794949e+00
2.857639335821857252e+00
1.988349514563106935e+00
4.260869565217387134e+00
5.030424719662129895e+00
2.713144643167215264e+00
3.309672974747295271e+00
1.292721175958195801e+00
2.485709851812471616e+00
3.174603174603175315e+00
5.460875654259695011e+00
3.272727272727272929e+00
1.599087998046973214e+00
1.367421513124035393e+01
1.026298909557408434e+00
1.882624413037438105e+00
7.750269106566200605e+00
3.210429550392779774e+00
8.937300743889481369e-01
2.380752450668732756e+00
8.956101843722558797e+00
3.357304643261608934e+00
1.115830115830115599e+00
1.798039037219999470e+00
1.413950338407137020e+00
1.738532173217856913e+00
1.153996005068838038e+01
8.641000962463905921e+00
4.772508242454984284e+00
4.407589599437807593e+00
1.211324745241300782e+01
1.823246764806639275e+00
6.728143712574849999e+00
1.068060836501901534e+01
1.858513336248360659e+01
3.811174169375723508e+00
1.091043804309621201e+01
1.712135321533708066e+00
8.349163879598666682e+00
4.063698792327730125e+00
1.945454545454546658e+00
1.635425592583286347e+00
1.237145627019097915e+00
7.283554652075415747e-01
2.202885780372287439e+00
8.531773567872505737e+00
6.342773709808836591e-01
1.873614190687361125e+00
1.130285646568744085e+00
2.144470826897807214e+00
6.145405887600355221e+00
2.046446605263343876e+00
1.558079169370538919e+00
1.185139509788807999e+00
1.100404522352453007e+00
5.182631673496438829e+00
1.152321820837473254e+00
4.819215097576665663e+00
1.007591827620855529e+00
1.265173544515251214e+00
3.297635093738512158e+00
6.720029784065530976e+00
1.000952154248988002e+01
3.079657406246772311e+00
3.612881355932204830e+00
1.552621224395324440e+01
1.252933507170795435e+00
2.036144578313253017e+00
4.392843292814054834e+00
7.509463722397478058e+00
9.081545064377667842e+00
2.213202634400367241e+00
2.515659679408137617e+00
1.703565805893900054e+00
6.801141118295928045e+00
1.571832756994655744e+00
4.311051876153373819e+00
4.300244825283776606e+00
5.668521239806730172e+00
5.524458700882119544e+00
4.697107203630178418e+00
1.013861386138613652e+00
1.735673520444062756e+00
1.933601609657947584e+00
2.013985714896711521e+00
5.912067885295533287e-01
2.033427076287777968e+00
2.484401458072996949e+00
2.160912156736790379e+00
1.317325937819296966e+00
2.207965413835156987e+00
1.594728171334431011e+00
8.663379721168668057e-01
4.540737354138595805e+00
1.601895734597155396e+00
1.920298085541303656e+00
1.689708145928428218e+00
2.671796237474906910e+00
1.420735456893369886e+00
8.716504854368928079e+00
5.478827361563521237e+00
1.750687552313762385e+00
4.879032258064520455e+00
3.840630794915675050e+00
2.677234625280105806e+00
1.114808608200468676e+00
3.815281826677640264e+00
6.106062310201325616e+00
1.234956406699729614e+00
2.289535729855557644e+00
3.118644067796609409e+00
3.936719580598643908e+00
1.316070811251287331e+00
3.810210450519563086e+00
9.206567345227746335e-01
7.911001236093938793e+00
1.658607269053816946e+00
2.330691107257864214e+00
1.986922780669466704e+00
5.069482288828337957e+00
5.149289270633863325e+00
2.204870917477713466e+00
6.127659574468083292e+00
6.566437787670717618e+00
6.249070631970258916e+00
5.849109653233365513e+00
3.068420897046853835e+00
4.545454545454548523e+00
9.669861071732352542e+00
2.760881839821790695e+00
2.120347574221578935e+00
4.889618922470432949e+00
1.470400193912333453e+00
1.187643424536628300e+00
2.083355926180834317e+00
5.192761285075239819e+00
1.077232741911436253e+00
1.895412272042396040e+00
1.916702819956616954e+00
1.746223564954683782e+00
2.078423110133528429e+00
6.567206863679701634e+00
5.618677042801546229e+00
1.256973237360964113e+00
1.705815129005318287e+00
4.227127211457454514e+00
5.328530259365993338e+00
1.880756001628657526e+00
8.637949836423116423e+00
2.514906881889624746e+00
1.776293200309264853e+00
4.239951278928136169e+00
1.093419482283221278e+00
3.182476122315851974e+00
2.371732817037754071e+00
1.222463621655473398e+00
2.687877125617113450e+00
5.389267608277056532e+00
1.638231872818922241e+00
1.089716422561545706e+01
2.911022086342311521e+00
1.099871931696905136e+01
3.552311212814646346e+00
3.243378164092323601e+00
5.823288400868602110e+00
1.280438267105300065e+00
1.321394965111530873e+00
3.430184600426088082e+00
2.844160215415686199e+00
4.362424400078039000e+00
7.781376518218622307e-01
7.928485384317842666e+00
1.027672056088138675e+01
2.725724020442928275e+00
3.272373540856031937e+00
3.378378378378378510e+00
2.044328785325540299e+00
9.756097560975611760e-01
5.399913090156181816e+00
6.349814230309371865e-01
1.674145787121066098e+00
4.139148142543088049e+00
7.911685439845208556e-01
2.471438156771310179e+00
2.308600337268128744e+00
3.013321857461046527e+00
4.315263908701853168e+00
8.632423915509095380e-01
1.397637692129847675e+00
6.019938824062537108e+00
4.657794676806083167e+00
3.340849420849421492e+00
8.898643816425916286e-01
1.502383088683917300e+01
2.771456879913126947e+00
1.392502611795071132e+01
1.503374777975132970e+00
8.886826981674692538e-01
3.880083420229405888e+00
1.027621110026199425e+01
7.982040409079567134e-01
2.446521401828507969e+00
3.062303025004587287e+00
2.717491075981641302e+00
2.004463839483793475e+00
2.569490905333237318e+00
1.023174421643352039e+00
2.235973131961746851e+00
2.605863192182409804e+00
1.171086398631308700e+00
4.347826086956525060e+00
1.724137931034483318e+00
1.760776451289528755e+00
7.693255982596084230e+00
3.053801719471937126e+00
7.111111111111110716e+00
1.081704378099851649e+00
1.575384615384614717e+00
1.838024124066628628e+00
3.101254155352874520e+00
2.823881905875475162e+00
1.423368338642509556e+00
3.099660840073049872e+00
4.009357477709348139e+00
3.656209923437070852e+00
1.139377174979923080e+00
2.947852760736196398e+00
3.351996399392401571e+00
1.315789473684210842e+00
2.940542492484902848e+00
1.029200680390423450e+00
1.022546986823624060e+01
7.374872318692536899e-01
7.286344380458152914e-01
2.180438755038164977e+00
9.756101440311038431e+00
3.965981308411216322e+00
4.110407233634095547e+00
3.039274653260918502e+00
6.288828016803511112e+00
1.052070596377898326e+01
3.318127409068929889e+00
4.642896324739437475e+00
1.218301350896557222e+00
1.849359364307559428e+00
1.106616907241814607e+00
3.811174169375724841e+00
3.086482953706111143e+00
4.144886083440181501e+00
1.049846625766870822e+00
9.365620254952503387e+00
6.505244755244759425e+00
1.617929973066564608e+00
1.947644140639718024e+00
3.597068578627620195e+00
9.645324347093525930e+00
1.915223408422854989e+00
1.571189901614999052e+00
3.425400028830908106e+00
5.239303843364760738e+00
1.489346615610557034e+00
7.632236095346197402e+00
1.538052982811878966e+00
1.007455168245013022e+00
3.643399089529592683e+00
7.176656151419557261e+00
1.651685393258427226e+00
8.100731812311666502e+00
1.419364538438408818e+00
7.577101257445405302e+00
7.620303230059330968e-01
9.738430583501004323e-01
2.661407249466950731e+00
5.649447221333069535e+00
2.522330808384010581e+00
4.719876746423253167e+00
3.765818351622695292e+00
8.844449703413687081e-01
2.053081891731773911e+00
9.179310344827598556e+00
3.973304858515753768e+00
1.341102771605768629e+00
3.048997772828507813e+00
3.557052297939780505e+00
6.011006046348144061e-01
1.438376127737948984e+00
1.464503042596348115e+00
1.202484472049689002e+00
5.836405555243345589e+00
1.072956455309396873e+00
1.886930004288368101e+00
3.457142857142858183e+00
4.008790542588662298e+00
3.154698399671726161e+00
1.317622269047354688e+00
1.026349708022038243e+01
1.687318103918709511e+00
1.657870582836163731e+00
3.470223849077854972e+00
2.189189189189189033e+00
2.180843700194277535e+00
6.807141708219395237e-01
8.404210873508878521e+00
3.527453908445770558e+00
3.057295305805149965e+00
3.270724851622902829e+00
3.913536641209836908e+00
5.022098291409061055e+00
3.200000000000000178e+00
5.654893101469148142e+00
5.915588178481747228e+00
3.551991343502391540e+00
9.149953513082748069e-01
4.351411539759307168e+00
1.778012684989428882e+00
5.866823115283074763e+00
1.320247802560080341e+00
1.268341804929510541e+00
1.311252268602540028e+01
3.638723634396974660e+00
1.245265220230752368e+00
2.145973121855999644e+00
1.344186046511628652e+00
5.172392254840724846e+00
1.639178006789167030e+00
8.305873876204710182e-01
2.002138275124734079e+00
4.251373397702679746e+00
3.075259875259875653e+00
8.376287019495775032e-01
1.340510047708556973e+00
1.859697386519943985e+00
1.816069889070701660e+00
1.309623786291430614e+00
2.087605417733667146e+00
2.636644248642074473e+00
7.674026405234847248e-01
4.453056288320174083e+00
7.036076662908664403e+00
3.069655457594322456e+00
9.995352236691897874e-01
5.566268737449846071e+00
1.151146153465917754e+00
2.328410627494632124e+00
2.056503998694303448e+00
7.419205672301294463e+00
9.382119151028432968e-01
5.569405747872217205e+00
1.866709548913477068e+00
3.206675103371817492e+00
1.503100443928790275e+00
3.984509478078761546e+00
1.052531627208168397e+00
1.287231949674773501e+00
6.795209377388943039e+00
4.702949171778332271e+00
1.811464633184327822e+00
1.198300986087646791e+00
2.163569968677394151e+00
3.047619047619048338e+00
3.167139679046909517e+00
2.722379603399433190e+00
2.383641018730629835e+00
8.342896968289002402e+00
1.717233867121233493e+00
9.665277977302110246e-01
4.026950085405200497e+00
1.519414046308916300e+00
1.958541945618006874e+00
7.009708737864078998e+00
4.072727272727271419e+00
5.451420417693604747e+00
1.834146517209037874e+00
3.670343444472297989e+00
1.519610494995943695e+00
5.957434795730235377e-01
1.712328767123288520e+00
5.606656101426305661e+00
2.983585229919211379e+00
8.009905365673608557e-01
3.771300448430493724e+00
1.431198415674692193e+00
7.849686014423439495e+00
3.629596809924676482e+00
1.573670444638188748e+01
7.812500000000001110e-01
5.831325301204816292e+00
7.490265486725662392e-01
1.952636057446856199e+00
4.562882034179254198e+00
1.451304903706600813e+00
2.613333333333333286e+00
1.186413342035419038e+00
1.974380871050385400e+00
2.424974265579221466e+00
6.559438205685258261e+00
3.165887413502896486e+00
4.419239904988123691e+00
2.442205175057280631e+00
5.129372199427232104e+00
3.054136798920159990e+00
2.474207937778793553e+00
3.435368405868967745e+00
5.483433415754151774e+00
3.551136363636365534e+00
8.102541630148992757e-01
3.143861510965598960e+00
1.330349059450759874e+00
1.094105480868666103e+00
5.089236138041554725e+00
1.101303223307776191e+00
3.203472092589136899e+00
8.022462364107530775e+00
1.867205187978684400e+00
1.734802353644752326e+00
1.156908162349568947e+01
2.683995027978352432e+00
2.464358452138493139e+00
3.772191673212883956e+00
3.330693069306930987e+00
3.550335570469797641e+00
9.819446829302329594e-01
1.061120543293718299e+00
1.509121800494148680e+00
4.395709127095964064e+00
3.366956521739129293e+00
7.527210092422093760e-07
3.642539784414734250e+00
4.807542548419588613e+00
1.835467128027682193e+01
1.748483377095607194e+00
1.763401210787011308e+01
1.406721870433511823e+00
2.774616006467262252e+01
5.284953395472703264e+00
2.979451226882630976e+00
2.345794115394655321e+00
2.234535883402005041e+00
5.567169605526267162e+00
2.744237102085620883e+00
1.549700058053280260e+00
2.910075814144146289e+00
1.905829596412555782e+00
8.105194805194813057e+01
2.242236024844721509e+00
7.458940509690298981e+00
7.079507997388685414e-01
1.204996980256730410e+00
1.107013500164636177e+00
2.201790784013976765e+00
1.259808397093808452e+01
5.026086956521739424e+00
9.902842579533738254e-01
1.899080460381579183e+00
1.237060702875399265e+01
8.532665216980240830e-01
9.525216044706704688e-01
3.746620139259759785e+00
5.266887495563706167e+00
1.798670833724516083e+00
2.112776050259725036e+00
8.487414413616328757e-01
8.205128205128208174e-01
1.511671534005193385e+00
6.075921454068484717e-01
9.892963787626976035e-01
2.107983586494852624e+00
7.173886242644996969e+00
1.991112051634747804e+00
1.759616760877394714e+00
1.495885311549467911e+00
1.325102458038434294e+00
3.324971687277866295e+00
2.244325767690254825e+00
1.818592740543634845e+00
2.828054298642535436e+00
6.077151335311568481e+00
2.283783783783782440e+00
2.376020543740370083e+00
3.162055335968377623e+00
1.396081879422109040e+00
3.154339309034785988e+00
1.215222330105229176e+00
4.407589599437807593e+00
1.569273743016756839e+01
3.873925501432662344e+00
1.332799999999999985e+00
3.643399089529590906e+00
2.085703193287236079e+00
1.969487288505112899e+00
9.624060150375934874e-01
3.541422594142256131e+00
1.237863439021181344e+00
1.204728391321572722e+01
1.540112255072638714e+00
9.271494079802888422e+00
3.060290811699168501e+00
3.205636208368913387e+00
1.455403762633581843e+00
9.021228630471539445e-01
4.853781512605037207e+00
1.280842191813002984e+01
1.800300553549046390e+00
3.638921375694101012e+00
1.268341804929510097e+00
1.594126559184697367e+00
1.466388326584825652e+00
1.071076923076922682e+01
6.606251051574145272e+00
9.533894011551320435e-01
4.830495356037149079e+00
1.532826677454775677e+01
4.224060150375938960e+00
8.249439617365492694e+00
1.595467422096317023e+01
4.272189349112426981e+00
2.039151712887437906e+00
5.643678996147285964e+00
1.196321888611015405e+00
2.211951968723819828e+00
2.159183673469387887e+00
6.324826629681000512e+00
1.483482327114756139e+00
2.707205738067685274e+00
4.023939064200216187e+00
3.389930541352780491e+00
1.974982208557853447e+00
4.903790087463552716e+00
3.834244639675614130e-01
8.138461538461541522e+00
1.418189514632905990e+00
3.027309548764873792e+00
3.625077582900300133e+00
2.651448991281862178e+00
1.858439201451905776e+00
2.128609933545067445e+00
7.600187422797637371e-01
5.289611752360965369e+00
2.941176470588235947e+00
3.514430085142576488e+00
4.143967673353353476e+00
1.233734939759036031e+00
8.705114254624590764e-01
1.194346289752649559e+00
1.042157470551766885e+00
1.075555901104027079e+01
9.525660964230168171e-01
6.637235976268730298e+00
1.236074546809312835e+00
8.097813302902903132e-01
9.533894011551323766e-01
4.141133968394345111e+00
2.225412162420953077e+00
2.075178549054004229e+00
3.753990681269944840e+00
8.743801652892565501e-01
5.117824773413897965e+00
1.837757209515796353e+00
2.393467245797042064e+00
1.343055223523786923e+00
4.545945945945951472e+00
2.599999999999984368e+01
3.182444061962133475e+00
1.988153688145840814e+00
1.604922789633715707e+00
2.189391474129514847e+00
2.377794161162613218e+00
3.925070694462660992e+00
1.094620765116026906e+00
8.432655383302511964e-01
4.666666666666667851e+00
2.255096097845077363e+00
1.006968641114982521e+00
2.077046024929539936e+00
2.558765683141815739e+00
5.233843117908240750e+00
2.417282052096035638e+00
1.567242770764336823e+00
2.177768696362893497e+00
5.208165688279136951e+00
4.651162790697673799e+00
3.141104294478526793e+00
1.682462203157019331e+00
1.555579218489791193e+00
2.172737955346650818e+00
5.468814729574222433e+00
3.004278074866309822e+00
1.628087167070218610e+00
1.514698235110652824e+00
4.046420718299538422e+00
8.052941176470593376e+00
2.476391197090169083e+00
2.199281867145421288e+00
2.694736842105263985e+00
1.385510234133411789e+00
6.199999999999994849e+00
4.854820066271094525e+00
8.815997986983462598e-01
1.618925663192952058e+00
1.492070295756536602e+00
4.104605445356164672e+00
1.082339375589490782e+00
7.742304939155331134e-01
1.803150454577461481e+00
6.228681864794510581e+00
2.809732871630166606e+00
5.076446773041197957e+00
2.923183291535051964e+00
9.200244127185476017e+00
5.622073578595322196e+00
1.606456692913386064e+01
1.651328273244781819e+00
7.527206996670812484e-07
2.694736842105261765e+00
1.656133434207857080e+00
1.112444589495554137e+00
2.553209071437819944e+00
1.227897838899803196e+00
1.288366461507415961e+00
1.673465603560171155e+00
5.761904761904766303e+00
1.704159936108543993e+00
4.432909726791095295e+00
2.384562604773915240e+00
4.571210316498219406e+00
2.539994323055655645e+00
1.385841515945422486e+00
1.382286104674768090e+00
1.617637462843549034e+00
1.975510204081632137e+00
4.227074235807860347e+00
1.581490038824436395e+00
1.371538557059480645e+01
2.623820483314153762e+01
1.511703535722980440e+00
4.611764705882352544e+00
3.903628447024673154e+00
3.873925501432662344e+00
3.605351170568560804e+00
4.137935345102229157e+00
7.118480394757786378e+00
1.161828182864355297e+00
7.454105500887240332e+00
7.467254408060449933e+00
3.779406093328192107e+00
2.530882400076926331e+00
2.460070671378092211e+00
2.154158431707707599e+00
1.521090486449267587e+00
2.221609734538966041e+00
1.559963067797741409e+00
1.461975371534182777e+00
1.459061315712758855e+01
1.830413681534549974e+00
2.569347868753622866e+00
2.715557896838450169e+00
2.733731019522776418e+00
1.633979938616704652e+00
5.242850218128936923e+00
5.543779189243585037e+00
3.273468578055739098e+00
1.980166714573153630e+00
3.233337667014078320e+00
2.557990148119879237e+00
3.933364607155551695e+00
1.663288009888751473e+00
7.527209465319000271e-07
5.750000000000004441e+00
4.420650095602297824e+00
2.319562179803952517e+00
4.108257239784671278e+00
1.121509242553536012e+00
4.258295070485892175e+00
1.029033126588666747e+00
1.898468115425722136e+00
2.724973243953195734e+00
1.913390240266328979e+00
3.905482875202118009e+00
5.451695786228163421e+00
1.935020847939189714e+00
2.218081484068377573e+00
1.240588365552733885e+00
3.913324708926262829e+00
4.024844720496894901e+00
1.069512981978411936e+00
2.152866242038215638e+00
4.208782024860845183e+00
5.017479970866717487e+00
2.521272132637999874e+00
2.903323262839879959e+00
1.084457136975456093e+00
3.384251604686091319e+00
4.083855715041490697e+00
1.358475555764254272e+00
9.768906453013435076e-01
1.180552070263488496e+01
2.163742985105195693e+00
3.141104294478526793e+00
4.504766683391871140e+00
3.276800000000000601e+00
2.198364485981308292e+00
3.521951219512196474e+00
1.968537319202020797e+00
3.610299883892872597e+00
2.992618200868571776e+00
1.856749864079145551e+00
2.858909757214841196e+00
2.186175291197250292e+00
2.104674492733044300e+00
1.285714285714285809e+00
1.904033379694020311e+00
3.682080924855491766e+00
2.021483998450324560e+00
2.063765227736558128e+00
4.737160120845917533e+00
2.283783783783784216e+00
3.886444286728175879e+00
4.931197122895970786e+00
2.549800796812746739e+00
2.278107021947946897e+00
2.643418982695333597e+00
4.462851226391517656e+00
1.177970461740225794e+00
3.376075672015476759e+00
5.380572292074316643e+00
3.798922800718132819e+00
8.069293905545378287e-01
3.210070384407142985e+00
5.710674665126093785e+00
6.928071835335702922e+00
2.303126104662663209e+00
1.154083045966879606e+00
1.269961164956156185e+00
5.501895961997661288e+00
3.698000000000002618e+00
3.432757616922182731e+00
1.547216253174447509e+01
1.297303704782446054e+00
1.048717744649474959e+01
9.557344064386321669e-01
9.012478065899786728e+00
1.807516930124479115e+00
1.861371975869146489e+00
9.309818529145725829e-01
7.376042123738484335e-01
4.923452569893785657e+00
1.559172000544736481e+00
8.721698113207551062e-01
3.204449152542372836e+00
1.059323768557759449e+00
2.558943577430972116e+00
1.212341416100871960e+01
2.195645834875632030e+00
6.950354609929075833e-01
1.259437479977762342e+00
1.069280548153787480e+00
1.403603377035615329e+00
3.208560354996347730e+00
2.861740166865315960e+00
5.207679570717643536e+00
2.942976356050067910e+00
1.100194462450226451e+00
6.674320257234726661e+00
5.117171408955679013e+00
1.157142857142856407e+01
5.618677042801546229e+00
3.995958336941626943e+00
7.014426555832512511e-01
9.418273260687347603e-01
4.322232223222322034e+00
9.603667585329660028e+00
5.610053555331674602e+00
2.445271979948042684e+00
7.255058308191851824e-01
7.676273609752425342e-01
1.266747004063563997e+00
2.068978485328725636e+00
1.901315789473686069e+00
1.167448275862069007e+00
6.693703308431163457e+00
3.418509184086864217e+00
2.344721573205705401e+00
1.457292711383374240e+00
1.867378048780487632e+00
1.540008649496975357e+00
1.439187366184201844e+00
2.691226765510355889e+00
7.281486579490705768e-01
1.721745908028058603e+00
1.280526065916634426e+00
3.511250000000001315e+00
1.815035625999708468e+00
1.964843931341189176e+00
6.620452099031213677e+00
1.330928381962864115e+01
1.802772686179867190e+00
5.009359282156369275e+00
2.906976744186047235e+00
1.772146564556355441e+00
2.008915304606240682e+00
5.806142034548948061e+00
1.241616349547174813e+00
7.662134200413830420e+00
1.256995183414118644e+00
1.931074095347502295e+00
5.437919049241305203e+00
2.498153915813093207e+00
4.694445012787723748e+00
2.547877384332248418e+00
2.498924804691331047e+00
9.447012996883143998e-01
3.551932969389974826e+00
1.425560538116592113e+01
1.954135199852643723e+00
3.941209942469668714e+00
2.484823156691975399e+00
2.161024382123096554e+00
8.157781753130601388e+00
2.437947784473048163e+00
3.693853947036396246e+00
3.798922800718130599e+00
3.446155359700065812e+00
9.767576990122022185e-01
5.410411181702273531e+00
5.491055573312104698e+00
6.366062602965402384e+00
7.167164179104474897e+00
1.336932448118084649e+00
1.946555375607324834e+00
1.045130851786525650e+00
1.530794844644690400e+00
1.012635233352747521e+00
1.252933507170795435e+00
4.157459147612285300e+00
1.773377703826954699e+00
3.227210574293528200e+00
1.090322580645161521e+00
1.135254988913525276e+00
9.399651671383615792e+00
2.629311488685743381e+00
8.257142857142858006e+00
1.657584473875525433e+00
1.793575655114117096e+00
1.462686567164179108e+00
2.154237719521506111e+00
5.030181086519110778e+00
6.449412912046886825e-01
4.864253393665157965e+00
1.022542305814477359e+00
6.693703308431168786e+00
1.189849443590727196e+00
2.431654676258990566e+00
1.088048934772360532e+00
4.678546328474928018e+00
3.545946311447698562e+00
8.270460213103604019e+00
2.730999539382772401e+00
3.905482875202118009e+00
2.122328985736065210e+00
1.903548260022889238e+00
3.247191011235956104e+00
2.180785695495443655e+00
1.263561839816334409e+00
1.111979793120040050e+01
3.072727272727274084e+01
1.846450743225804825e+00
1.044050016958743887e+00
3.346341463414634898e+00
2.405177269849303912e+00
6.329556506216637013e-01
4.890085302754859420e+00
2.630348948884856597e+00
8.103752499705919599e-01
6.425585071126292291e+00
3.045504994450610070e+00
3.790229269337905382e+00
4.739412553532035055e+00
2.750391869793056276e+00
2.591928251121077498e+00
1.443383356070941481e+00
3.315789473684211952e+00
1.986990631930881879e+00
8.404664839123929809e+00
4.495167451566246086e+00
1.474697758130362191e+00
4.567567567567571984e+00
1.290292177191328493e+00
1.484685603076780547e+00
1.332449039472035635e+00
1.870848023752087919e+00
4.301506215361348140e+00
1.636372254850962493e+00
1.117507261684710818e+00
3.204931266670777656e+00
2.513905952736702698e+00
1.201647072955849715e+00
3.431072210065644779e+00
4.133151935398928778e+00
6.722924332106863687e+00
4.093844549869491090e+00
4.014662756598242233e+00
7.535870599429114414e+00
1.607836342240491101e+00
7.823960880195600653e-01
6.124886959344238990e-01
1.461188485445664043e+00
7.532004503565326026e+00
5.188235294117648166e+00
2.084997677659079507e+00
1.803104358686950404e+00
4.611764705882348103e+00
2.517579398462447937e+00
1.574725715606564824e+00
1.917104717903747479e+00
1.110144827108308618e+01
2.542506019312690935e+00
3.317046171355430673e+00
3.420906567992600511e+00
4.315263908701853168e+00
4.338661099535457311e+00
1.238067474669617196e+00
3.337926714688379981e+00
1.730650884798288214e+00
1.400714192248081247e+00
2.901915264074289791e+00
7.842320963103274201e-01
1.392825742922455090e+00
2.258922777417262218e+00
2.456067209532561524e+00
9.126434920986129518e-01
1.467176635665010664e+00
6.688339103267753050e-01
1.029510022271715508e+00
2.027027027027027195e+00
6.164756537706248540e-01
1.366540977763774034e+00
7.798370174281425093e+00
9.570876651435418214e-01
9.165964577681899428e+00
1.538300835654597298e+00
1.777274015301785193e+00
6.791129830333402229e-01
6.784628745115067083e+00
4.287833827893175354e+00
2.184122438598875782e+00
1.982114513568967284e+00
3.050576387604098993e+00
2.994256443527208322e+00
1.269300385614228643e+00
3.728976968398501235e+00
9.454589079020223608e+00
1.092110254954163029e+00
5.179073519244067114e+00
2.591217079379890986e+00
8.449999999999999289e+00
8.833600015170134379e-01
5.703264094955486918e+00
1.953058989203567242e+00
2.300466562986004160e+00
2.149707796914649638e+00
2.032091758960909100e+00
3.608766046027524155e+00
8.561247216035624774e+00
2.510127178520960900e+00
1.451961706214411452e+00
5.302918017600735112e+00
2.066098763850637621e+00
4.654460133649736875e+00
2.115919629057186668e+00
1.316628701594533268e+00
9.862289547332417916e-01
3.518450384612690662e+00
3.513371316413596901e+00
2.994129732902847785e+00
1.538915389547032886e+00
9.093090415981318841e+00
1.773846052052404199e+00
4.692755309863250623e+00
1.128772831786083453e+00
3.078817733990150352e+00
1.520178145194155306e+01
1.034134217067107997e+01
1.725352112676056393e+01
2.375000000000000444e+00
1.001693028829160070e+01
2.560283687943261555e+00
3.922448979591833140e+00
9.503155387973807322e+00
1.937188063887370637e+00
2.259789107359320148e+00
1.984521480977331498e+00
5.859842519685038553e+00
8.094818207844262758e+00
1.071770556063341928e+00
2.186088603254456864e+00
6.508025316514546299e-01
1.484662576687116431e+00
1.292821368948244931e+01
7.079882740930743878e+00
4.945900718612040947e+00
4.091127416011490325e+00
6.870129870129860983e+00
1.075341574443528847e+00
3.028258829828557097e+00
2.356891476990993883e+00
9.408777184529233395e-01
1.456163480553725131e+00
1.982981460855719469e+00
8.257142857142865111e+00
3.628571428571427671e+00
6.302093297163488650e+00
5.538714991762772044e+00
4.090028882438644153e+00
2.615677735438215468e+00
1.434243176178660262e+00
1.566716671262952776e+00
5.185830398452068835e+00
2.688897884829470897e+00
2.103228095069170855e+00
8.634709132271696674e+00
2.209608825403625243e+00
1.493250937162119873e+00
4.001158434679636500e+00
3.320911446973485059e+00
9.351160580969188896e-01
1.244803695150115352e+00
1.996469646366958006e+00
1.209973045822102478e+01
8.516624422245412163e+00
2.749386496552042924e+00
1.714089535841800682e+00
1.624791920985462212e+00
3.419856006062902853e+00
6.379720441551888221e-01
7.297297297297298257e-01
3.327959465684015683e+00
2.779612347451541954e+00
8.055999436730789665e-01
3.012048192771084931e+00
8.852631578947393720e+00
3.539280105086356265e+00
2.468129832258564527e+00
2.062867583281002837e+00
2.012312588994053630e+00
1.855287569573283557e+00
2.704180064308683296e+00
2.664153529814941024e+00
2.562965590634976643e+00
9.662291393212075974e+00
8.736363636363634555e+00
9.994452865936501729e-01
5.241303211568617559e-01
7.442141275910648668e-01
7.829548250498045148e-01
8.404999999999999361e+00
4.169622205088666433e+00
1.912660375960729242e+00
1.214167826134053829e+00
4.181318586899364753e+00
1.589352241317149250e+00
1.471963538589687870e+00
2.587206269215572174e+00
1.873539232053422543e+00
4.841897233201582829e+00
7.842354104681085181e-01
1.437193442035019864e+00
6.738853503184706106e+00
7.619047619047620845e-01
1.009532180213112973e+00
5.734736580285200169e+00
2.077467930842164634e+01
2.404980122656223962e+00
3.083409715857011069e+00
3.112350829367644067e+00
5.640625000000000888e+00
1.179017081144547952e+00
3.056037884767166091e+00
2.575399390525440424e+00
2.157963835416717213e+00
1.194346289752649559e+00
1.986150931270830755e+00
2.332717921666886518e+00
4.718135698642112352e+00
3.165355203369164983e+00
6.673684210526316996e+00
9.757662152530292010e-01
3.169014084507042028e+00
5.000000000000000888e+00
4.487901451825781152e+00
2.323411102172162845e+00
1.412870525999557536e+00
1.303132530120481691e+00
4.056179775280901900e+00
1.899696048632218526e+00
9.738249830409921870e+00
5.040337286711112696e+00
3.749603803486528886e+00
3.756133164636658694e+00
6.505518488495354745e+00
4.890050726821002947e+00
1.694777454175804721e+00
1.317914543316346609e+00
2.055435198164903721e+00
1.001878258586093251e+00
9.459445770712484602e+00
1.097599028750990247e+00
5.997071742313325515e+00
8.848167539267007831e-01
1.140207056851637812e+00
1.520350137461738083e+00
1.565909773790616466e+00
3.025854312414015812e+00
1.513089005235602524e+00
2.600753098687305975e+00
1.931074095347501407e+00
1.322603328385030030e+00
2.208979175235640469e+00
3.622516746686601508e+00
1.211658838337082766e+00
2.176039755210388282e+00
9.756097560975607319e-01
3.664956457166003823e+00
8.595238095238098452e+00
1.038271604938271686e+01
1.271093664815420743e+00
1.428146453089244483e+00
3.626936984466241576e+00
1.228715073386720702e+00
1.567044428843646919e+00
4.743926460932370581e+00
1.078861409239384006e+00
2.425587788670891420e+00
2.609915712303517932e+00
3.352559846916860042e+00
7.128168659007028118e-01
3.825769061615831745e+00
5.017479970866719263e+00
1.469666384019844285e+00
2.524475524475525479e+00
1.316331969287950932e+00
8.466206216082886371e+00
1.425888324873096469e+00
4.397771817619147150e+00
2.390134336483960453e+00
3.237024928483858144e+00
1.982301513966877371e+00
5.901535965138487327e+00
1.901160854639451614e+00
7.815656356248444681e+00
3.235294117647045908e+01
2.231464057207375618e+00
1.053583664519665009e+00
9.756097560975609539e-01
4.408592983618612848e+00
9.643951100446858105e-01
1.988929889298891140e+00
1.150517998244073858e+00
2.064344196171404189e+00
3.991752577319589790e+01
6.890032892360536954e-01
1.931074095347501407e+00
3.134705882352831168e+02
4.661290322580643242e+00
1.941747572815534451e+00
1.090322580645161965e+00
2.678884462151395862e+00
2.140346342724218420e+00
1.713442069462069783e+00
4.049470975121535865e+00
2.129195693476884088e+00
2.174156776290380400e+00
9.936735034480481676e-01
2.375000000000000444e+00
4.595735486625279087e+00
1.172799009660388636e+00
2.085198797193451359e+00
1.622932964359590668e+00
1.449879262903370325e+00
9.690993788819866950e+00
2.914498141263941022e+00
3.396058795025036492e+00
5.773896997462158787e+00
5.759999999999998899e+00
1.317297778737416536e+01
2.317257670315488571e+00
2.756612529002315881e+01
1.029740816707066742e+01
1.192440996864168934e+00
1.244990407329612747e+00
3.566520032150577446e+00
3.751887162073921367e+00
7.812041244320167444e+00
7.871918678526045987e+00
6.670588235294117929e+00
3.167546174142480186e+00
3.846153846153845368e+00
6.142506142506142019e+00
1.942182727020272726e+00
1.303317535545023942e+00
3.906892436077058939e+00
9.813752172344821778e-01
1.419034031534337048e+00
6.164105930114243570e+00
1.341587472210685839e+01
2.164253774273447117e+00
1.466353637739977511e+00
4.109752172513678303e+00
1.619330693567872181e+00
3.319125718663729963e+00
1.824817518248175618e+00
2.070132654994792265e+00
2.200733272227315407e+00
1.595998114743561791e+00
1.626144532676172538e+00
3.423534056745632270e+00
2.985621304670910803e+00
2.470437017994858486e+00
5.033669887767040052e+00
8.273488079593002809e+00
1.896753225503058582e+00
1.404268367472096157e+00
4.391339214113873624e+00
3.316614420062693913e+00
9.276482328125873478e-01
1.254410035280281610e+00
1.775449908226324203e+00
3.320806737008555665e+00
2.707777461810433106e+00
2.474891918856002349e+00
2.341724354940214248e+00
3.186767746381804933e+00
5.091361093847110553e+00
9.443021558769564283e-01
2.325538647513012869e+00
1.281082684662652404e+00
4.969161719994209747e+00
1.999378633843264641e+00
1.570310801999565742e+00
1.245269207187540195e+00
2.253333333333333410e+00
2.393164821971638379e+00
1.271660567625823468e+00
5.937491571513439759e+00
1.310160427807486094e+00
3.459459459459460540e+00
1.663249071946261148e+00
9.112123705714882504e+00
1.177535296616239124e+00
1.241893590780404955e+00
4.172413793103447510e+00
1.282735208535402904e+01
4.236458873846615347e+00
2.889046749474493136e+00
1.854849143403727307e+00
2.832941681731490746e+00
1.490575870754798249e+00
1.940465227973659612e+00
1.736454653051922259e+00
7.836975838340309863e-01
3.972436157276044266e+00
7.222274404562226913e+00
8.287846481876332660e+00
8.599296848367844470e-01
1.639942451552626190e+00
2.511755808953239910e+00
1.935557422296891872e+00
1.750996569845698625e+00
1.784710340800991002e+00
3.486212585434835365e+00
9.518072289156624954e-01
1.060007999906984244e+00
3.805429864253397465e+00
4.055957209945104225e+00
1.153008834805801364e+01
1.863817788863529890e+00
3.442417428723332673e+00
3.053216838760919760e+00
8.268811094427038766e-01
7.757554271929737455e-01
3.179088471849868469e+01
1.410345497439134510e+00
2.438175586606908141e+00
2.446808510638296852e+00
6.958657718120801583e+00
3.063249727371865294e+00
1.513165182682971288e+00
3.275778230819945236e+00
1.827677665525678341e+00
3.702474538668369064e+00
1.063589760495821501e+01
9.750910365253533385e-01
2.027196109797693158e+00
8.947368421052633858e-01
1.863116553078433935e+00
9.081545064377667842e+00
1.986966368138977312e+00
3.008187967248130867e+00
1.059322033898308035e+01
1.971126082771895494e+00
8.207319338658742858e-01
1.135905281955974733e+00
2.588112799566366640e+00
3.446449136276391378e+00
1.439901802395011199e+00
1.577546468401487267e+00
3.991752577319589790e+01
2.822959024085079704e+00
8.802816901408451855e+00
1.224956409805008972e+00
2.754966887417217958e+00
2.597335307179867048e+00
8.543299871631956366e-01
1.267810026385224198e+01
3.616946931644465124e+00
1.230232558139533339e+01
8.692112182430482559e-01
1.967614133302658885e+00
2.729125833006664337e+00
4.382495948136139852e+00
1.000561122244488921e+01
6.020247690190682732e+00
1.538612215824775920e+00
1.073911422297717078e+00
7.481125386105913933e+00
2.414285714285716011e+01
2.109022070217008160e+00
2.985416382717732908e+00
4.703232125367288852e+00
1.917203668731898958e+00
2.428129032258063535e+00
2.073982737361283135e+00
5.407188009882027302e+00
9.668286653798322305e+00
3.393840937985592721e+00
4.251198896845654218e+00
2.173913043478261642e+00
4.125132190864496451e+00
4.222433707301931349e+00
3.200000000000000178e+00
7.743176178660043263e+00
3.632482956334347701e+00
3.164191413392349883e+00
3.742514970059883428e+00
1.071428571428572241e+01
2.324704403795497587e+00
3.862435701094857787e+00
2.930845446492509776e+00
3.239999999999999769e+00
3.807222932811677563e+00
1.676353426022794801e+00
1.469893486276541239e+01
7.528302436324980640e+00
1.704711713505088877e+00
2.257369368779184704e+00
1.422944550669215547e+00
2.269045678012674205e+00
1.064626191670848154e+00
3.145410235580828662e+00
3.827814569536422074e+00
1.250236767336630361e+00
9.156476683937823324e+00
4.187819253438115119e+00
4.274150507027219881e+00
2.498859871789354870e+00
1.209807307566383106e+00
2.745664739884393413e+00
1.534666927643435042e+00
1.461880649887062678e+00
5.609958506224063335e+00
1.351351351351350871e+00
2.977370704446864913e+00
2.316759286341035562e+00
7.168928994761597728e+00
2.067297711041216957e+00
1.335609756097561096e+01
3.030479441195368828e+00
1.838784637341864148e+00
2.093645632229805820e+00
1.772179507089545636e+00
4.997151833637087037e+00
7.824303345494062256e+00
3.927993839045053281e+00
1.670103092783505216e+00
7.529784675920867532e-01
2.658743153972107809e+00
4.870219645445424739e+00
2.561272217025257980e+00
2.669841269841270570e+00
1.722637972094173353e+00
1.659388826723624977e+00
3.313725490196077761e+00
2.725003016210112872e+00
4.059516794342960644e+00
3.621807151880437559e+00
2.129418950904786723e+00
8.720988323127104591e-01
5.713916192446972797e-01
2.136181575433910851e+00
2.232765838682668758e+01
2.499307671005261966e+00
2.464071553403896608e+00
2.040816326530612290e+00
7.527209623088750395e-07
4.158690051484131622e+00
3.109763712621727905e+00
2.704862782859894121e+00
4.944954128440366858e+00
1.984678721194877982e+00
4.945942677470069881e+00
2.181268882175225077e+00
2.398601398601398760e+00
1.049692857797745127e+00
1.659731579422725867e+00
3.904038470877045253e+00
7.896466721446177006e-01
3.185077903097849106e+00
3.670343444472297989e+00
9.290088455432068404e-01
2.263497179693797268e+00
1.456859503395350863e+00
1.726826991106407361e+00
1.309507599771859931e+00
1.310077519379845068e+00
2.050847457627120285e+00
9.288735704214319266e-01
2.375247689015679065e+00
1.330262444810633271e+00
3.782287822878229733e+00
3.400402414486922709e+00
4.841032139154473057e+00
1.935516120969757559e+00
6.188882650196518398e+00
1.266347194311330027e+00
5.452830188679251400e+00
2.422755568752255062e+00
4.214830196694230757e+00
1.837193091554413016e+00
1.505596947283205811e+00
5.433225023649900010e+00
6.825040760339548207e+00
4.643892771461355373e+00
1.416484877070927517e+00
1.079589216944801366e+00
2.602108881088923464e+00
1.183979716428298579e+00
1.161025948669004881e+00
3.546528803545049513e+00
2.120347574221578935e+00
2.376156217882837041e+00
1.423529411764706376e+00
2.700672758309067945e+00
2.156808803301238697e+00
1.959145396721845955e+00
7.005723399201438717e+00
2.868656716417908203e+00
4.575560036461068236e+00
3.931420573827849374e+00
1.890418656926103225e+00
2.951219512195121020e+00
1.152504692503363737e+00
1.192025334676839243e+00
3.410268656716417102e+00
7.881806860636254575e-01
1.989989960992045281e+00
2.830188679245283279e+00
3.381777529346003952e+00
3.145634748700173233e+00
8.401252763448789906e+00
1.099092068545511447e+00
1.482697617821874836e+01
3.093090700777476165e+00
3.188932636740537507e+00
1.756311745334796059e+00
2.554602623788968963e+00
5.481865284974095864e+00
1.790127840909090828e+00
1.114852931556615356e+00
3.825712045989025256e+00
2.791674111130963087e+00
3.473820913226416618e+00
6.095421315890726000e+00
6.221637866265959715e+00
7.729181245626313590e+00
2.350499931516230490e+00
1.564525087946676329e+00
4.488524590163936345e+00
1.938673441035208445e+00
4.074008588027278499e+00
6.310580204778156954e+00
1.096972356296620932e+00
3.147341186082929898e+00
2.199281867145419955e+00
2.304632029753183708e+00
3.571428571428572063e+00
1.213456158235646676e+00
1.152041113158149610e+00
4.481271924861375489e+00
1.510712781583280595e+00
2.184115523465704367e+00
2.270974122300974507e+00
2.192217127277233946e+00
