1.135827807507928222e+00
1.287520980894834022e+00
3.041547035258015175e+00
1.286195132140445452e+00
1.484089721230647418e+00
2.028777284314300822e+00
8.693762248695933170e-01
1.149512809033653049e+00
1.042949377590696391e+00
9.229203589550263320e-01
2.211411361081724980e+00
9.054402522654242391e-01
2.309635954346417552e+00
8.232169050962514500e-01
1.100685602273267838e+00
1.185642685868091739e+00
1.041890325371792159e+00
1.459671061156813776e+00
1.263437202277541305e+00
1.250646953978755693e+00
9.228675299634412355e-01
1.071118923453981520e+00
1.262122102014491265e+00
1.411917315220874825e+00
2.147914741935744498e+00
1.395128738675403213e+00
1.133271959625354874e+00
1.254751500094060779e+00
1.485340751081145605e+00
9.259148085787006766e-01
1.766882945974681984e+00
8.995399389159296488e-01
2.156249902113851480e+00
1.503265928416523955e+00
1.096382605591445403e+00
1.004701816647677992e+00
1.081833990841333026e+00
9.949481891975230363e-01
1.579061586764302305e+00
1.727155022354116332e+00
1.602346047396866258e+00
3.134978244087625487e+00
1.449975642643442031e+00
1.701911749066028934e+00
1.149098323473310757e+00
2.557408417315816695e+00
2.063379304198891262e+00
2.369719638474214740e+00
2.521228737868569603e+00
1.578491828595848467e+00
1.864462475703696942e+00
1.214992592083518064e+00
1.364985832782986686e+00
2.122595874203077493e+00
9.776456753028628377e-01
1.193827594585589624e+00
1.552759664592101352e+00
2.015115105676752894e+00
1.816819344622693899e+00
9.761284667595688802e-01
1.988523782619037172e+00
1.963514648289826692e+00
3.996188164522270547e+00
9.065770680043999663e-01
2.128684665668637344e+00
2.264453456679178522e+00
1.522722495037732937e+00
2.050678196715075785e+00
1.363745484468007030e+00
1.122265085331538792e+00
1.580579402736502326e+00
2.107111156499688942e+00
1.683337397166950522e+00
2.467459060520641678e+00
2.130419480163413315e+00
1.867578376765130610e+00
1.203291632122442945e+00
1.665068696661890169e+00
2.520684711078873708e+00
1.482202814649673073e+00
9.889021720470672072e-01
1.936749095824991329e+00
3.442126555491097584e+00
1.999501162861095471e+00
1.147124963444178913e+00
1.366539750380010521e+00
1.998363542979432195e+00
1.781098023884026160e+00
2.090068547286393574e+00
1.488766849936475456e+00
1.885228970767121703e+00
3.991825435180171411e+00
2.230690141653613345e+00
1.898804870100394337e+00
1.422751330161833749e+00
1.331511759256872596e+00
2.365696265926021002e+00
2.902735231968995855e+00
1.465509108551257045e+00
1.890280349544252170e+00
1.343717302709053873e+00
2.272390219026252378e+00
1.211972514246174581e+00
1.488506932023992091e+00
1.019050939415252932e+00
1.675758825490508030e+00
1.050068140067575317e+00
2.810290599265796718e+00
1.119763025630541975e+00
1.674940535905341310e+00
1.442997121796297133e+00
1.473932289755668146e+00
1.947908690751809280e+00
1.996999938769192795e+00
9.610570138133610607e-01
1.831174728170581023e+00
1.357505836810782851e+00
2.180094710479201670e+00
3.471785847894875765e+00
2.141820585336143612e+00
1.042749885608158955e+00
2.200262085467964646e+00
1.099606995471075210e+00
1.186094854565830303e+00
9.247886743752433691e-01
9.037854183901021798e-01
9.266371387573340002e-01
1.545428030535855868e+00
2.033128603534849699e+00
1.715800241135421400e+00
1.308324857310990685e+00
3.059107649286655572e+00
2.810034966059735240e+00
8.793230835219739694e-01
1.897677320972262160e+00
1.090203783168710583e+00
1.051576870837394040e+00
1.475058423959125786e+00
2.390380944239645533e+00
1.863829820382395086e+00
2.941870772496830266e+00
1.104895884726620592e+00
2.092380020820091779e+00
2.326901457722950983e+00
1.191492096457129390e+00
1.391484906363665619e+00
1.036043404929578804e+00
2.295843204566248463e+00
9.223685349536444589e-01
1.421885513175402460e+00
2.085024939359791052e+00
1.353208409180139515e+00
1.097837947484230359e+00
9.323694498137291564e-01
1.750932586333182162e+00
9.753499995625120045e-01
1.382085546668270659e+00
1.002090550603463637e+00
3.082608865858195824e+00
1.503183058718851273e+00
1.034122392361461085e+00
1.346662229293783541e+00
1.042431359454349726e+00
1.078091582825356776e+00
9.394667368060185542e-01
1.542550493085014907e+00
2.054118734002084334e+00
1.221851037343370638e+00
2.213379092569661921e+00
9.049782393038173778e-01
1.103997487017075230e+00
1.443076138886999926e+00
9.913141338172997141e-01
2.097168342501592786e+00
2.898574356007115771e+00
1.123211446746900988e+00
2.339728802645598904e+00
8.365984540039008710e-01
1.208911377912242679e+00
1.436757474139072954e+00
1.610932174840177256e+00
1.309321543833785739e+00
1.299888669503104222e+00
3.329781194173334846e+00
3.564623077778371840e+00
1.089162926836267697e+00
8.931743066521872221e-01
1.801240250916656072e+00
1.301056796115322767e+00
1.425098822214970751e+00
1.528513015030911193e+00
1.890424540186712798e+00
9.996231009101885778e-01
9.201079011868086299e-01
1.588252844860000623e+00
1.255913944046705533e+00
2.140611996245658677e+00
2.545268198619956124e+00
2.009497231300273690e+00
1.238156977128789471e+00
2.457599168376801924e+00
1.265285666659631936e+00
1.854544275493979599e+00
1.260887615175280363e+00
2.826220779587285126e+00
1.507514024188402413e+00
2.603707083796761523e+00
9.512451774264230053e-01
1.032432361465319026e+00
2.564868492989425874e+00
2.053632379467343227e+00
2.303876469693094009e+00
2.016372585335350021e+00
1.795815336133842921e+00
1.749391066715885623e+00
2.129791972220870910e+00
2.021018947547280842e+00
1.853697049668305619e+00
1.973809213725294276e+00
1.766385142048130241e+00
1.942259252669773506e+00
2.055063541718061160e+00
1.345390391289365883e+00
1.409363647331455693e+00
2.229035231497612290e+00
3.681941273195649345e+00
1.760767734758192260e+00
1.451391574884564051e+00
1.210264291493818423e+00
1.736229595115390101e+00
1.218442102159354112e+00
1.552949106236916510e+00
1.788890844253888224e+00
1.799003077734318889e+00
1.261747570685942454e+00
1.644784607903346796e+00
2.776723012663297574e+00
1.201805913268587878e+00
1.617973477073534339e+00
2.612765556734619743e+00
1.802599174520428837e+00
1.823731178759580462e+00
2.494359182210840409e+00
2.963272722176927498e+00
1.670564091183995403e+00
2.553072832141883186e+00
1.215534589588606718e+00
1.397554334734627313e+00
1.564995793129717150e+00
2.181546146687957766e+00
1.240186229919107319e+00
9.870430261294586005e-01
2.471381576141313818e+00
1.675165656101547773e+00
2.842208870594134851e+00
1.448337619240265717e+00
1.692483004260805002e+00
2.145527434038987824e+00
2.563536542110901983e+00
3.373349792752958098e+00
2.318305459151792203e+00
1.092440705592931494e+00
1.725668904195717390e+00
3.021250073804772729e+00
1.995629742278044905e+00
3.496357724829589397e+00
2.013787864061043820e+00
3.162757816278896961e+00
1.557065001847983465e+00
3.623775303307223528e+00
3.004772260589248400e+00
1.017103207599790116e+00
1.824100693314599786e+00
1.680775479684244678e+00
1.306181390409150600e+00
1.880324726227407428e+00
2.485597162107732405e+00
2.183301258189503713e+00
1.605146174784639168e+00
2.123495505946904061e+00
1.690924433385748715e+00
1.734328740545909575e+00
1.915658547586342575e+00
1.717032725051181652e+00
1.214264400429115209e+00
9.757517316689768849e-01
2.258913363284922315e+00
1.028257276032785938e+00
1.838070019296179636e+00
1.737570478639414606e+00
2.345771600979147387e+00
1.667560764482303171e+00
1.378474295079647360e+00
1.142346251129381818e+00
2.710699610868521070e+00
1.472040563114944911e+00
9.388694146879791314e-01
2.375124269179511582e+00
1.832479146898113420e+00
1.632959444024364215e+00
2.489265086201765786e+00
2.683809199825905711e+00
2.408724105843796703e+00
1.460122815656335282e+00
1.060926694262724901e+00
1.027359906508141796e+00
1.724199014929325369e+00
1.405746003118835796e+00
1.397928753649622768e+00
2.024900553459533903e+00
1.234401994475131215e+00
2.137472377428653036e+00
1.210726304455425950e+00
1.868453207012022332e+00
1.191298465950360930e+00
9.399454051924663878e-01
1.556842253692245270e+00
9.323112408769461679e-01
1.539779638393517169e+00
1.234106724494522744e+00
1.281464662648540642e+00
1.342967348679072304e+00
1.133650135436510276e+00
2.839342872406843021e+00
2.344333641134756618e+00
2.651243795679485871e+00
1.148979289302038742e+00
2.439766907582138433e+00
2.026301139717963107e+00
2.190133740253741301e+00
1.966885400969047737e+00
1.270394783127082317e+00
1.783405480639374874e+00
1.175621513234747839e+00
1.174189582562469081e+00
9.818500962804463938e-01
1.173833305938909888e+00
1.020097657223464571e+00
2.052622104113290824e+00
1.358844760830001830e+00
2.206398635986600798e+00
1.674092505936980668e+00
1.326120986270249436e+00
9.877178289068273553e-01
2.341477094823670946e+00
1.188366282281738462e+00
2.520876525088980191e+00
3.024458447817906404e+00
9.838234563095777929e-01
9.619895175100501294e-01
2.108931252789508104e+00
1.299357742865574483e+00
2.221658237832542682e+00
1.706053695964197203e+00
9.565282052061988560e-01
1.589092282567134751e+00
8.765157955003920476e-01
1.553654417819040567e+00
3.147763858115725011e+00
3.028453804176244546e+00
2.028483157831666883e+00
1.073158970193370809e+00
1.248152267786438729e+00
9.078174163193799551e-01
1.473190108538908305e+00
1.184310728057150985e+00
1.584596054683087285e+00
2.330316010961243745e+00
2.086647736960597133e+00
1.327084290001442124e+00
1.533331902367716326e+00
1.200338240995357797e+00
2.146225385544336284e+00
2.772758448484411442e+00
4.043144642129098187e+00
9.958396343976226861e-01
1.016349387731718679e+00
2.633896162193684276e+00
2.359017829721489878e+00
1.699032687692938026e+00
1.434751533386827482e+00
1.366393647274506851e+00
1.520179376840147256e+00
1.581034946793433926e+00
1.627439746195027181e+00
3.016478873821464735e+00
1.877796727099684482e+00
1.951485503374993158e+00
1.759559871455516511e+00
2.192163536150369296e+00
1.435256253689950023e+00
4.367965214229792892e+00
4.905888058590051060e+00
1.520899665930011579e+00
1.237255963121538738e+00
1.481911007743208941e+00
4.065146460238657333e+00
1.557402555467101601e+00
1.462828764326185471e+00
1.901256475442542060e+00
2.018105493296057151e+00
1.497002869538794245e+00
2.316869582323851429e+00
2.109032551669606903e+00
1.472979935020852560e+00
9.295078054623345798e-01
2.057180770267707182e+00
1.549565989712106795e+00
2.521006871742787592e+00
1.763591869384794508e+00
1.565408361819005556e+00
1.861000300265469143e+00
2.869037590605465482e+00
2.507396143157577750e+00
3.267346940421529400e+00
1.798879986544778209e+00
1.706393429576468890e+00
2.694672708259597815e+00
1.768402011487265613e+00
2.985688064743301506e+00
2.525343900149716436e+00
2.461891489038567027e+00
2.711396287263924787e+00
2.292854271105428499e+00
2.419174090916895281e+00
2.880929025193628146e+00
2.837579998443140017e+00
2.786302237070460652e+00
3.002662445371342859e+00
3.009970095454876038e+00
2.573094718304298034e+00
2.056054003593417612e+00
2.611249132037841036e+00
2.126214382548068382e+00
3.378050076363861010e+00
2.062643958970979075e+00
1.315145601665871800e+00
1.190849182673741513e+00
2.357013805985012755e+00
2.557319875170160905e+00
2.007437066061899422e+00
2.746803177609460800e+00
2.498740775032360695e+00
2.245257583494613129e+00
1.561489404741545739e+00
1.480014461042736817e+00
2.360746543043505064e+00
1.922057231540414968e+00
2.806000181984516395e+00
2.421826443384488936e+00
1.958174498631431781e+00
1.315212288376129468e+00
1.560004971560947640e+00
2.485834681084829079e+00
1.707749796460472425e+00
1.225389133317060786e+00
1.598589745529342521e+00
1.097194634396299717e+00
1.251172345623781545e+00
1.590528257026563086e+00
1.935186008725360285e+00
9.995883031939115648e-01
1.287192153645186909e+00
1.120221394109542912e+00
3.355936079184401510e+00
1.142742257942520601e+00
1.374775769982328866e+00
1.243252235877566836e+00
1.174447283481789617e+00
1.132597156847986453e+00
2.037131306390710161e+00
3.636797714449099939e+00
1.495322471772398965e+00
1.794007845480401153e+00
1.709502516385098758e+00
1.025809028282256286e+00
1.848416031636685330e+00
1.108524078631074383e+00
9.911999197057772548e-01
2.199090563451431724e+00
2.317825984373538706e+00
1.997312180106872059e+00
3.228812461332847494e+00
1.251041189196428816e+00
2.436012433545638789e+00
2.775093824695053168e+00
1.973372023265055120e+00
2.025924020080644983e+00
2.927526771420973173e+00
3.239213692184740978e+00
2.557318070398240106e+00
2.131189001699291818e+00
1.139047377327808697e+00
1.492473852807268742e+00
1.243763993233601317e+00
2.242257528332595840e+00
1.349428250694412856e+00
1.371201364259452049e+00
1.053345918824239114e+00
2.371424600618800227e+00
1.539939731061378270e+00
1.107982649274221743e+00
1.469351741116398768e+00
1.742105684209332095e+00
1.260353054027646191e+00
1.054777849496517872e+00
2.052994856072460017e+00
4.434393719578115345e+00
1.606596696617674347e+00
1.807721020672866663e+00
2.147870111018476358e+00
1.475552325914713636e+00
2.457365018820029334e+00
2.181450332557013372e+00
1.726303544616929475e+00
1.274880461319295888e+00
2.183161415864312893e+00
1.517013195897300548e+00
2.572658380713252591e+00
1.624726877724472773e+00
3.384713225358613187e+00
1.863397080117063176e+00
3.339451495670451742e+00
4.405142949161692023e+00
2.926708206967889137e+00
9.870078291086386013e-01
1.841235567169081877e+00
1.552263753767713750e+00
8.779455091795080879e-01
1.295234942045280224e+00
2.239406375845470532e+00
2.317198808902289464e+00
3.256014910664700945e+00
1.323816769706864127e+00
2.224625891362623786e+00
2.419028090720156232e+00
1.678077780607680536e+00
9.592879658265160980e-01
1.074491990179463841e+00
1.210390835985786229e+00
1.657892814207705845e+00
8.945816980702746557e-01
1.298725510617705359e+00
1.533138403704632280e+00
1.043480693560266959e+00
2.590007835621773946e+00
3.897732357313300255e+00
9.431697950720959733e-01
3.458327230521244022e+00
1.387476187811209627e+00
2.137624487964086217e+00
1.496741730823148986e+00
2.372400682125938243e+00
3.788656491546139815e+00
3.694993565123971813e+00
1.797241405330352260e+00
1.084356858696249759e+00
1.479344478325117285e+00
2.004457486835695246e+00
1.593846610675045739e+00
9.012940402246237825e-01
3.394281915131554417e+00
1.375068667922469512e+00
1.747419910448797298e+00
1.574842826537474982e+00
2.524669131206364270e+00
1.154443217903595498e+00
9.321010673588906448e-01
2.231695846946223138e+00
1.113233788060017160e+00
2.775035806537302197e+00
9.843792249156748664e-01
2.386316856503817974e+00
2.071941434935296478e+00
3.383834957556896672e+00
4.524053748792356444e+00
2.255801806132746723e+00
1.999273993950150041e+00
1.544377750008642858e+00
1.284999051290848904e+00
3.151925041409476158e+00
3.635615154371833135e+00
1.484402385908687005e+00
1.652440671406462780e+00
8.567961500888634507e-01
1.080179156966010412e+00
1.026427402811452394e+00
2.435525425231114927e+00
1.821910390740628660e+00
2.352477741689679824e+00
9.872473381717450369e-01
9.788384962165779246e-01
1.666903171481623591e+00
9.440063393622517562e-01
2.042846093551135223e+00
1.092513861207865089e+00
1.400364239053914606e+00
1.511638128917243140e+00
1.794797422722454128e+00
1.590055562529437472e+00
1.128775731741307187e+00
1.024568256893843676e+00
2.846487667745941863e+00
1.017714631693739991e+00
1.733060601161057424e+00
8.806093103932918220e-01
1.325337830857127530e+00
1.185980640454308288e+00
2.797413949847563419e+00
1.156674278852047655e+00
1.367249975081700875e+00
2.059300290586445037e+00
1.269635791438176398e+00
1.213501011753893133e+00
2.445062738179784922e+00
1.658506455294818105e+00
1.443894428472166425e+00
1.180843715780035552e+00
2.126284908848123045e+00
1.478753304573837024e+00
2.529476586626368206e+00
9.223063814121460480e-01
1.522749772096327892e+00
8.071111915798597769e-01
1.915089651992129216e+00
2.301075843070844673e+00
1.689789422104273742e+00
9.044602211674706016e-01
1.647352786166365046e+00
2.280311400621014783e+00
1.093461103458341466e+00
2.323057951341641836e+00
1.876986122236254495e+00
1.744183398313086331e+00
1.717138069782204735e+00
2.136863926379595657e+00
1.085853259085623357e+00
1.224669419436132944e+00
2.073315059686946071e+00
1.134634986594212691e+00
1.027474120619664033e+00
1.738096674427127342e+00
1.842378478149229171e+00
9.981143701403697444e-01
1.331654025261509000e+00
1.100042289185337419e+00
1.331591063238565020e+00
1.860616468785470268e+00
2.236280693513764017e+00
1.646405335791525815e+00
1.535706373843286565e+00
1.857812676623672221e+00
9.726981237594967133e-01
8.463996088553207287e-01
9.709915420852964774e-01
1.329676024559769854e+00
1.460775987901808293e+00
1.997638091203633115e+00
1.789881669300913858e+00
1.594931638838456678e+00
1.156957607985036995e+00
2.166858776876591453e+00
1.267179610293517777e+00
1.518559739985644752e+00
1.353302023262105358e+00
2.019993291655016066e+00
2.205947529464013623e+00
2.205201675307997711e+00
1.109485518568271267e+00
3.911190017880336711e+00
1.702972855741140323e+00
9.638727796084174404e-01
1.308526266164582008e+00
9.252718947953127993e-01
1.301156063548694952e+00
1.755740594547875677e+00
2.246342582231160456e+00
3.570477843373749849e+00
1.396658700672574138e+00
2.414310466679874700e+00
2.039677663821010789e+00
2.457985029588426684e+00
3.902903068541721865e+00
1.675418132122975967e+00
1.309449055778531879e+00
3.544101490857708203e+00
3.204193501318620463e+00
1.424107005316703756e+00
1.690080539355803380e+00
2.738207417355479123e+00
3.645626992879094974e+00
3.688173659980986674e+00
2.849523014467454374e+00
1.258838105111267147e+00
1.219428962185856280e+00
3.511208074779664123e+00
1.533934640563827223e+00
9.074279515438001820e-01
2.469125128077598319e+00
1.231130529575837240e+00
1.453726528432893073e+00
1.862554275046595542e+00
1.313582937171959397e+00
3.041043750533339196e+00
2.792358258189211462e+00
9.523153064551402869e-01
1.326305531574636376e+00
1.749280160631201841e+00
1.611209342375288456e+00
2.143338038136674673e+00
2.729331293634024380e+00
1.314029536896713202e+00
1.246765279552594530e+00
1.158653500356948252e+00
1.137132226235460175e+00
1.527077171849898773e+00
1.196084283747710586e+00
2.127796094455384868e+00
1.288984612852538181e+00
2.346084955955010543e+00
9.190696611520715598e-01
8.700403461114436521e-01
8.920173724142264060e-01
1.016434665602734100e+00
8.999287962626028037e-01
1.293846286862753381e+00
9.044602211674708236e-01
9.054402522654242391e-01
2.545542278045629825e+00
1.180901924716818430e+00
2.707974289751402530e+00
4.007394792161534269e+00
2.299262147962904290e+00
1.486768469122581315e+00
1.208176717353164564e+00
1.292324258259710312e+00
1.301012576740897098e+00
1.440210229392972829e+00
9.423225692464219927e-01
1.646086809637715920e+00
1.346580595905375599e+00
2.208572339113466843e+00
1.388252038710561020e+00
1.546036228366571619e+00
1.168066220935127353e+00
1.418336735666194226e+00
1.067695041591814054e+00
1.518703226793442607e+00
1.681487551400792313e+00
2.765471014568948505e+00
1.655404744069066236e+00
1.155823695434756271e+00
1.176572608092194105e+00
1.051781182879680809e+00
1.458147591833207857e+00
1.136404034581057543e+00
1.068621284508191049e+00
1.434188328423275705e+00
1.082718967136757859e+00
1.738608431783161601e+00
2.495195091284076128e+00
3.176796841355912449e+00
1.161626050793026499e+00
1.347785747199535367e+00
1.904470606860085624e+00
1.580443641198469917e+00
1.305856603475029409e+00
1.338099205764180955e+00
1.077767195195778127e+00
1.186413380719639754e+00
9.889811891377701114e-01
1.208495243506973349e+00
1.267169833362003617e+00
1.278336232175444342e+00
1.807000894256276524e+00
1.853829685342929023e+00
1.939822562539369022e+00
1.890334965637405107e+00
3.107878302892056688e+00
3.252206722133095695e+00
1.453489622436372919e+00
1.305573274342040069e+00
1.302088567245384132e+00
9.800169778810490229e-01
1.832016504789219624e+00
1.421309286102272695e+00
1.383470909129276505e+00
1.512646128802925594e+00
1.315571873026527783e+00
1.391543115300448497e+00
2.478066539693076997e+00
1.358710988104943063e+00
1.021462901185485217e+00
1.291811060183112980e+00
1.323471174618823021e+00
1.441521816451832416e+00
1.127995192625890875e+00
1.035843912947041368e+00
2.136213414184026771e+00
2.703025833058259497e+00
1.890560016983522384e+00
9.087436592357571730e-01
1.706565852624774893e+00
1.439836802329219401e+00
1.622127546227784434e+00
1.752955881936920424e+00
1.355235158086304681e+00
1.485422384469553769e+00
1.176776920134481097e+00
2.471496764535059398e+00
2.246158679530671165e+00
1.134112148398117137e+00
1.363949796510293577e+00
2.318891926469787812e+00
2.448406714496811354e+00
1.062809956361092878e+00
1.851310123440653044e+00
1.880066962459311597e+00
8.326933998711334439e-01
1.422137352618953576e+00
1.618878703711628342e+00
1.231534333600661224e+00
3.483348217414554693e+00
1.595588381603295636e+00
1.352347972138906229e+00
2.134720404926876203e+00
1.587474086433195319e+00
1.734182183330892801e+00
2.366959408672527410e+00
1.635015465626804998e+00
2.060315119400675687e+00
1.821195848680535523e+00
1.092905334852244392e+00
2.314738245529132321e+00
1.452425962312330787e+00
1.086719076072054646e+00
1.982079550786354449e+00
3.584340905018918999e+00
1.519425556972076041e+00
2.439464347198235128e+00
1.307485809136682775e+00
1.274702176795220909e+00
1.941674755947532693e+00
1.869170657794411383e+00
1.376802518888494475e+00
1.504478999672908657e+00
1.153340494920644277e+00
1.629188307892243337e+00
1.320173837248623361e+00
1.451185482153666273e+00
1.780814966884208816e+00
1.432711486647438193e+00
1.012835407938787569e+00
2.213388470196633762e+00
1.372922884845032332e+00
2.190839902951061902e+00
1.247518523505658949e+00
1.911372657240752337e+00
1.925346895279826720e+00
2.065375837604248588e+00
1.025813425268572443e+00
1.660193869893254792e+00
1.055868786679155402e+00
1.073820475137515107e+00
9.515289058639549991e-01
9.425268812887083181e-01
2.383516868390319399e+00
2.183362722076068074e+00
2.857941917936160259e+00
1.689941785990088929e+00
2.669970120992735119e+00
2.959764746985231287e+00
2.349141713524599773e+00
1.564768892244899678e+00
1.091593479767257513e+00
2.434361039361210732e+00
9.350710014972634099e-01
1.381187840687858603e+00
1.166631819039946283e+00
1.017554539025878890e+00
1.002324652593722387e+00
1.613722619728362506e+00
1.182094745630533739e+00
1.042341261523585638e+00
1.090546761959045652e+00
1.965842535767807098e+00
1.478689234161284949e+00
8.797727661031359281e-01
1.266332384467844019e+00
1.537679733872418186e+00
1.096586917633731728e+00
1.534934807516698418e+00
1.499282761797057661e+00
2.124521706830944545e+00
1.485852508437180530e+00
1.560394037031984871e+00
2.542401902575553319e+00
1.157065960620790257e+00
1.390160929022597136e+00
9.557391883173078639e-01
3.792331556130435821e+00
2.738865139205526766e+00
1.477664016236126310e+00
1.314941289623585252e+00
1.291078048468961459e+00
2.777798063074480517e+00
2.572422764873464995e+00
2.496372719892341330e+00
1.896427818459992087e+00
1.107597436410154623e+00
1.687415273652566716e+00
1.301360375590981722e+00
2.435487640346686522e+00
1.162071520743346520e+00
1.652339755128164667e+00
1.449412032841746356e+00
1.337538617098335214e+00
2.109237427936101028e+00
1.230528674289038671e+00
1.100191700317679766e+00
1.058231004054960511e+00
1.016753191756543107e+00
9.064869700736361002e-01
1.313736138329425041e+00
1.194664138875745296e+00
1.890009278849787089e+00
1.619992263277403088e+00
1.343031818396167143e+00
1.615906153275549650e+00
1.577151668000436491e+00
1.838270624007085408e+00
9.596917698513399708e-01
1.606409535015581813e+00
1.187135710898272745e+00
1.486354888166242949e+00
1.111454058537653555e+00
8.992247207889593197e-01
1.012800610222510889e+00
1.615476029307923778e+00
1.353924478578460322e+00
8.743648426763189763e-01
1.503253598036079275e+00
1.270901559842461781e+00
1.048471515129036025e+00
2.303833390917122248e+00
1.396082337417001273e+00
1.088344637251101199e+00
2.144039107779786679e+00
1.442353808708366714e+00
1.128270043985405424e+00
2.555775560008816338e+00
8.633601853756656119e-01
1.652711670159007440e+00
1.477797934236773303e+00
9.423515054869295859e-01
1.404305739747885751e+00
9.467078910457860097e-01
2.049783311644453043e+00
1.865238194759364143e+00
1.768427431576570674e+00
1.501304641078695878e+00
1.178514079127344738e+00
1.106271810224159990e+00
2.099196955849096380e+00
9.893407737881683151e-01
9.521109944128539615e-01
1.159322441658547698e+00
8.683855122361213708e-01
1.119677747759527664e+00
1.212312135444893357e+00
1.151878892247547581e+00
2.213094683802053986e+00
1.162486006303688812e+00
1.236215106789096518e+00
1.097313333585624884e+00
1.630033616846864097e+00
1.111982758209518973e+00
1.680624714150209087e+00
1.225933066558065887e+00
6.297592954525548237e-01
1.395025206099398840e+00
1.398788422269295006e+00
4.775228971895910668e-01
1.140639945248079545e+00
1.028677623068897873e+00
5.013357225120725902e-01
4.386744306098045998e-01
2.185878019130294891e+00
1.142968069867860370e+00
2.194909446738006586e+00
1.691579293002856144e+00
1.735067557688284579e+00
1.447914396143107796e+00
1.843656687402587258e+00
9.042711426943239594e-01
1.104600433337549648e+00
1.030294706474469857e+00
4.014511123723953911e-01
6.695510122159284983e+00
1.191167896536106330e+00
9.249808979284244170e-01
2.515999941334254864e+00
1.018118435718564196e+00
5.989595984730972100e-01
1.145514348943282412e+00
2.289999806170631924e+00
8.569007953932350485e-01
9.535800464075964156e-01
6.971953850447430989e-01
8.297739789056485238e-01
1.332547683116013015e+00
1.072045565674900836e+00
1.777480514295760372e+00
6.122766904165226620e-01
9.127314377906091680e-01
1.021760968872261532e+00
7.318589125434388221e-01
5.221668904308551795e-01
5.789097861822489755e-01
1.162127614009571763e+00
5.565226950743299428e-01
7.123705349121853825e-01
3.923243526594947794e-01
9.176314696994810616e-01
4.509809997495791700e-01
9.131390571603759110e-01
2.897525862821859755e-01
1.205071361644806327e+00
1.113751806196363825e+00
1.188134901305220259e+00
1.004449977204126876e+00
1.263337934844169563e+00
1.056982590502167474e+00
1.072887971440825927e+00
1.604746223366784408e+00
1.231394491275469960e+00
1.867933000619734774e+00
1.141289119811779385e+00
1.231063235436673287e+00
1.099282208536953798e+00
9.354689440463181960e-01
1.254023308439658591e+00
1.379106527327516707e+00
9.536746889413921791e-01
1.349685951613732948e+00
1.151356453355994347e+00
1.184325806578985230e+00
1.112139542850540508e+00
1.460111866659958180e+00
1.508406244223020609e+00
2.118644322292028370e+00
1.103241050851298199e+00
1.236085945999423119e+00
1.031426702153696473e+00
1.044922737619827791e+00
9.311184199632308589e-01
1.070311315404333108e+00
1.095335887783233764e+00
1.730012959374129355e+00
1.429243385410845057e+00
1.082123580754634551e+00
1.673808744838198637e+00
1.572842955385361785e+00
1.048989533265382690e+00
1.219018329232483655e+00
1.277146027559434405e+00
1.377183310997355248e+00
1.249893906871003990e+00
1.106261128688641238e+00
8.880235242592414702e-01
1.140356616115090205e+00
2.061946396980688156e+00
1.289627526635925614e+00
1.126525511483861708e+00
2.456404259444621818e+00
1.674404675599667547e+00
1.305596286258003280e+00
1.137536030260284603e+00
1.471520327985435417e+00
1.063020129879148401e+00
2.076603460077364627e+00
1.193340161534676813e+00
1.335534880108132816e+00
1.150580734300327368e+00
1.926053187746632700e+00
1.019159292051006194e+00
9.360536488929227517e-01
1.050968754770283509e+00
2.712375033961657245e+00
1.418057827288411232e+00
1.078351900042382683e+00
1.177996060990997851e+00
1.389051737134970210e+00
1.328489065121823742e+00
1.631481790408321642e+00
1.108638292742597287e+00
1.215132833713252092e+00
1.359160670686105243e+00
1.070861222534660762e+00
1.062616325854324861e+00
2.698727353227126535e+00
1.067955358808839961e+00
1.047252374272518605e+00
1.580976737856651271e+00
1.255213513055667862e+00
1.521796060941176476e+00
1.369256940470828132e+00
1.276152698628256532e+00
1.209735591821953671e+00
1.568828299076457267e+00
1.239171001800333460e+00
1.058491321271986418e+00
1.283045941604386675e+00
1.135623495465641675e+00
1.353813572493776984e+00
1.327883565352419026e+00
1.134064620996852568e+00
1.054506850743973434e+00
1.869516252882452267e+00
9.644808956755281937e-01
1.431645002101326947e+00
2.357632229416203984e+00
1.092195335054055860e+00
1.161474086211753853e+00
1.174333069370267157e+00
1.312624950804118118e+00
9.675009735128713428e-01
9.775789885926048361e-01
1.379087936166759620e+00
1.437081861768651603e+00
1.153534125427412516e+00
1.485130577563089860e+00
1.680882060724532501e+00
9.842272603344019988e-01
1.088488124058899276e+00
1.789960478267253130e+00
1.812554497715163970e+00
1.786326422887029919e+00
1.367573170354998258e+00
1.451118927287093019e+00
9.259756338131891473e-01
1.297734797984233301e+00
1.068337955375201709e+00
1.126007493347515265e+00
2.081469411041017903e+00
2.003022758457248642e+00
1.000345431088821568e+00
1.560429234052804759e+00
2.605742078879324630e+00
1.002000264964143961e+00
2.258026703284733205e+00
9.941910613026129218e-01
1.077573564689010333e+00
1.169075669804160000e+00
1.034640410497807750e+00
1.103559577005107650e+00
1.165262722470955525e+00
1.518297642080007837e+00
1.038911518185649197e+00
1.224415571123782298e+00
1.626473818399358562e+00
1.116637419579515011e+00
1.443464996233673636e+00
1.473897492039391244e+00
1.375480949720768065e+00
1.603889283458371562e+00
1.483879547712591673e+00
1.936236939164414750e+00
1.006277234127754827e+00
1.050644367140705082e+00
1.111658370579940103e+00
1.905324783121006949e+00
1.182094745630533739e+00
2.052266056989151100e+00
1.702380230932311500e+00
1.447525930403458894e+00
1.273515217357275020e+00
8.888600685493974751e-01
1.202502615233551841e+00
9.061625824440576737e-01
1.004816030759200451e+00
1.354589291549443741e+00
1.008768612293232669e+00
1.087303780918659202e+00
1.151958308642792472e+00
1.112976087140696402e+00
1.005020342801487221e+00
1.842241460246105911e+00
1.073416671112691345e+00
1.597536671230008531e+00
1.022281190770652159e+00
1.982967835108617516e+00
1.268395842427738840e+00
9.954420911531109972e-01
9.785114922892941269e-01
1.594001883283157728e+00
1.301889075262846696e+00
1.086190376400189228e+00
1.043990233923139055e+00
1.449724410628796756e+00
1.128100928963938765e+00
1.095750373343576278e+00
1.110813648638418361e+00
1.358615028698410221e+00
9.136057325505149151e-01
1.053535152344690973e+00
1.443140608604094766e+00
1.251833850567926287e+00
1.339197871728863509e+00
1.310187360820216584e+00
1.822269975391026975e+00
1.730087651420436190e+00
1.550430027939410538e+00
1.232110560673791211e+00
8.962595438615602594e-01
1.147470558532220020e+00
1.087640898233225073e+00
8.223954343418296009e-01
1.545544942708689140e+00
1.013733113919199846e+00
1.676579731373379900e+00
9.213386806946374241e-01
1.154501426840378597e+00
1.407355090281504184e+00
1.003721785549724022e+00
1.475622188808126012e+00
1.503323929228943534e+00
9.185383451825009926e-01
1.076834691499088947e+00
2.100235511435649016e+00
1.623164150648713999e+00
1.359535202014653832e+00
1.184922841806035132e+00
1.017281891428407858e+00
1.545080313449376241e+00
1.201894499166441310e+00
1.233189167475984060e+00
9.899199536147711420e-01
2.057768557195857717e+00
1.218833575803733416e+00
1.024918672041633672e+00
1.056684522815391603e+00
1.072369953304479706e+00
1.203788442800327374e+00
1.659786757841591687e+00
1.225064745687482137e+00
1.207820440729605149e+00
1.737106093637339255e+00
1.087237094208401089e+00
1.303789147833359863e+00
1.299097425648548798e+00
1.073881300372003578e+00
1.531676992211714605e+00
9.596917698513399708e-01
1.827997865692215784e+00
1.444081590074258958e+00
1.116081442849054639e+00
1.442394867204955800e+00
1.001488108303566493e+00
1.434811183044173433e+00
1.079080091696785315e+00
1.485842939630029003e+00
1.244559270902804604e+00
1.728746982845480673e+00
1.427346825479253623e+00
1.141867963182614742e+00
1.158329112727369603e+00
1.164579441920112313e+00
1.824570494394747167e+00
1.080070804330257594e+00
1.081122342198218345e+00
1.260735650594007495e+00
9.238213729622771764e-01
1.056480210773105055e+00
1.315002114858073501e+00
1.053088217904918578e+00
1.653194890579077203e+00
1.606556329850218789e+00
1.031073041827842429e+00
2.455646118870912886e+00
1.600919978200356475e+00
1.581072905387547856e+00
9.943932652936661176e-01
1.566188614043432015e+00
1.976245370442911709e+00
2.352009929422506307e+00
1.426414321782564665e+00
1.255707078555488243e+00
1.476774083068936649e+00
8.985924885410900842e-01
1.479183296697778927e+00
1.848027559484078264e+00
1.068417371770447266e+00
9.359869621826647501e-01
1.110286865837607273e+00
1.242267592844227719e+00
1.227314965944927838e+00
9.724527454538505200e-01
1.624752905242684342e+00
1.755097477158511721e+00
1.315922288174317778e+00
1.040776525579027556e+00
1.005309932714788523e+00
9.423833944809106855e-01
1.135153004730559578e+00
1.065276819041269363e+00
9.832595596168929308e-01
1.261861784797465136e+00
1.043178717478445927e+00
1.530432431265891902e+00
9.948339750860001329e-01
1.018004221607041071e+00
1.054392636632450753e+00
1.516436968824170783e+00
1.225064745687482137e+00
1.040162548036147605e+00
1.031745228307505480e+00
2.071109203878731098e+00
1.252049948410526525e+00
2.197864568542367447e+00
1.977418960105713497e+00
1.039346811899911405e+00
1.585069161715874531e+00
1.155176229617746797e+00
1.499804087960243004e+00
1.147733079511289445e+00
1.229017327221514355e+00
1.510817223034371271e+00
1.501923551094878295e+00
1.366678625252422563e+00
1.418665943355521541e+00
1.441212995287617149e+00
1.279911649655520955e+00
1.053550230866525661e+00
1.694227840356081094e+00
1.443207295314352878e+00
2.348054557007012377e+00
1.197303424604227784e+00
1.212755669659296709e+00
9.812738692073165181e-01
1.185776328412021519e+00
1.140988848362959329e+00
2.292254695861352332e+00
1.105214410880429821e+00
1.136603526563595423e+00
1.237934410381513972e+00
1.084017524388520393e+00
1.222442211094651121e+00
1.100953984728106905e+00
9.911523923045125750e-01
1.351400186782119928e+00
1.591414882166913625e+00
8.129059767156707750e-01
1.064753980845173809e+00
1.077881409307300808e+00
1.020301969265751119e+00
1.205841219224704330e+00
1.165301772098745303e+00
1.167227604726612356e+00
1.147414553357480438e+00
9.738974058111168342e-01
1.093747740618169484e+00
1.182875284745950051e+00
1.212033339480663718e+00
1.141611798694667002e+00
1.076641060992320931e+00
1.418523992979096926e+00
1.973493787473960870e+00
1.016428404822421694e+00
1.229891621981420657e+00
2.191107310945699993e+00
1.281289623302529490e+00
1.092958723729277937e+00
1.306210326649658304e+00
2.209014414783767144e+00
9.939014713893115083e-01
1.097057408368814047e+00
1.036566243125674802e+00
1.095864587455098960e+00
1.160712138257094406e+00
1.520016331418813316e+00
1.212237651522950266e+00
1.112549416475497654e+00
1.309475712177102125e+00
1.869668363417885226e+00
1.084217016371057829e+00
9.661357295508503640e-01
1.102407122858848121e+00
1.548641820643572142e+00
1.159983946602692217e+00
1.191500574230604403e+00
1.014522130808090949e+00
1.932938220410147068e+00
1.310514364747500826e+00
2.025809880058018653e+00
1.959419516065900702e+00
1.813262089340010874e+00
9.670682332475396548e-01
1.907980071701476765e+00
9.794381345102138869e-01
1.663918023204241647e+00
1.829532224675703089e+00
1.507624930273085972e+00
9.373522061446855069e-01
1.337339125115797778e+00
1.255736351251763638e+00
2.948896141505108037e+00
1.314645838234514308e+00
1.327460602018601721e+00
1.149820653651943747e+00
9.945154489321913482e-01
1.055836897685174414e+00
2.151271797477198877e+00
1.086508902553998457e+00
1.433580611660708160e+00
1.417383024511042366e+00
1.257915064739201672e+00
1.006031863588878972e+00
1.556037443348765370e+00
1.292612407452448986e+00
1.404972064751779159e+00
1.429580502725411151e+00
1.173552530254850845e+00
1.112096972321041211e+00
1.678899378219685934e+00
1.658958209794339611e+00
1.123311803139750431e+00
1.837156562494930645e+00
1.607778423460209494e+00
2.034002311281657427e+00
2.096279500368079418e+00
9.560577144711166486e-01
8.592400008530768352e-01
1.417446403194461801e+00
1.777752802365375695e+00
1.413430442977010371e+00
1.457085795503161751e+00
1.512384162740973315e+00
1.083395418759052653e+00
1.674980902672797312e+00
2.516767356601091077e+00
8.022261063491386013e-01
1.329415308038200738e+00
1.087765793880266285e+00
1.052009611102725506e+00
1.226257566601197446e+00
1.059213651450619853e+00
1.169572879786586750e+00
1.366526452546786619e+00
1.706465977762496200e+00
1.231947307128093749e+00
2.043626646098455346e+00
1.399493602007734427e+00
1.441542202976944909e+00
1.405700655710724556e+00
2.490507352902576965e+00
2.218452279727605170e+00
1.115610952113972543e+00
1.826467235734801298e+00
1.345642230732916778e+00
1.745088356925052819e+00
1.945814990455197124e+00
1.000491534194325238e+00
9.605283141414958648e-01
1.036970047150498564e+00
1.196648180440395004e+00
1.195854343491755234e+00
8.766944793290099014e-01
1.026217229293396427e+00
1.493068879165518892e+00
1.703147832238376402e+00
1.756150936271499319e+00
1.020705773290575102e+00
1.479818613542805528e+00
1.213860596404291448e+00
1.904487562407035206e+00
1.436176635130557822e+00
1.243884468125435960e+00
1.216772321605881002e+00
1.459258779358514779e+00
1.094884556357145211e+00
1.349390500224662448e+00
1.422461740248532003e+00
1.218562577051188756e+00
1.671057593835040045e+00
9.054402522654245722e-01
1.365750733491119417e+00
1.094095539468253886e+00
1.013729469436593256e+00
9.914832488387665954e-01
1.386339503915917870e+00
1.464786778372623832e+00
1.247722835547945941e+00
1.338754449928013512e+00
1.410091838985858104e+00
1.070919431471443639e+00
1.840072252717043444e+00
2.056141785348585049e+00
1.186752715027368454e+00
1.482972272925028534e+00
1.702080174432560877e+00
1.817021452902936707e+00
1.344753338981747426e+00
1.295115907874008654e+00
1.469607793190792933e+00
2.280697503965322337e+00
1.456316069766947718e+00
1.358698657724498382e+00
1.218894757785408123e+00
1.149104184949079954e+00
1.612690241169394856e+00
1.224131842686250415e+00
1.227979087186777729e+00
1.944910179123765515e+00
1.214044449979545304e+00
9.717431449602048632e-01
1.055723082878194719e+00
1.136085508427248758e+00
1.424995688943509586e+00
2.007129333857161413e+00
1.326697213343379200e+00
1.996604176213292448e+00
1.502849794011255291e+00
1.098878803816672578e+00
1.751253108124671609e+00
1.151481349003035337e+00
1.095864587455098960e+00
1.592531594712222498e+00
1.056798736926913840e+00
1.109366484396999919e+00
1.721339874462082697e+00
1.540484818131956590e+00
1.107836546168718295e+00
1.521943978275897669e+00
1.046571310714838221e+00
1.059067548345115961e+00
1.473224906255185207e+00
1.966437232494994802e+00
1.206563549403337543e+00
1.334518539260992176e+00
1.106460620671179118e+00
1.059379813718613228e+00
9.881216329316507840e-01
1.651411104038445377e+00
2.207413332957147478e+00
1.881617659276734411e+00
1.858415428050902873e+00
1.073092283483112919e+00
1.127614799821572866e+00
1.184200910931944906e+00
1.409430334041713584e+00
1.589844185564152079e+00
9.262333347325099053e-01
9.183017393080898927e-01
9.444768300973341857e-01
1.803789587260801630e+00
1.203495944164729936e+00
1.026427402811452394e+00
9.670971694880474701e-01
1.697259256598238064e+00
1.301156063548694952e+00
9.883900153864902949e-01
9.768155999173827597e-01
1.166842391862544792e+00
9.463941849517260030e-01
1.087985052600703106e+00
1.231931668720809947e+00
1.833973838540796431e+00
1.295349156156803350e+00
1.928096265594373415e+00
1.066040207716491439e+00
2.123312824436513147e+00
1.127194053480918390e+00
1.066762537895124652e+00
1.059396756034443721e+00
1.197213725978006238e+00
2.587170829663391736e+00
1.152060192373870695e+00
1.299988870848648448e+00
1.822174920588496949e+00
1.669104560429257145e+00
1.248705482943604839e+00
9.546071926380813588e-01
1.911987394112047545e+00
1.201270263161476004e+00
1.988215224576921347e+00
1.696528783628076686e+00
1.097319929347883694e+00
1.216498077675272960e+00
1.265495840177687903e+00
1.341768666289587353e+00
9.906770815096814786e-01
9.563762406249259884e-01
1.627989018073853211e+00
3.054221139727586909e+00
1.553587731108782233e+00
1.386225289804395411e+00
1.522544210513657736e+00
1.026751790441031043e+00
1.070667592027892523e+00
1.181493098468098690e+00
1.143223990098570120e+00
1.557864700272392877e+00
1.322015832726038287e+00
2.193404901482906233e+00
1.284780191874954625e+00
1.029561694760318336e+00
1.269881161977051809e+00
1.901486415698496524e+00
1.174195444038238501e+00
1.764942374793027957e+00
1.085289362392938273e+00
1.259086678194454745e+00
1.150320417083301017e+00
9.967113757085984682e-01
1.018522239743387958e+00
2.121936694527675638e+00
1.436082671361704532e+00
1.571185696392513265e+00
1.059417963492906400e+00
1.173724953303156848e+00
1.074495277914883751e+00
1.019369465569062161e+00
9.563762406249262105e-01
1.353813572493776984e+00
1.492396907634925052e+00
1.720317940165300152e+00
9.460174498611336746e-01
1.054392636632450753e+00
1.164652597535045242e+00
1.796375165270488461e+00
2.072266269960375329e+00
1.259896902541808306e+00
9.675969329194044066e-01
2.303532272691863447e+00
1.126939997044204222e+00
1.220804319535158999e+00
1.081111660662699814e+00
1.088608199646190933e+00
