2.584615384615384670e+01
4.423076923076923350e+00
5.461538461538461675e+00
4.115384615384614975e+00
3.769230769230769162e+00
1.115384615384615330e+01
3.615384615384615419e+00
8.923076923076923350e+00
1.388461538461538503e+01
1.069230769230769162e+01
4.884615384615385025e+00
6.807692307692307487e+00
3.923076923076922906e+00
7.923076923076923350e+00
3.576923076923077094e+00
4.000000000000000000e+00
6.884615384615385025e+00
5.538461538461538325e+00
9.538461538461538325e+00
4.384615384615385025e+00
6.230769230769230838e+00
9.538461538461538325e+00
3.192307692307692513e+00
4.269230769230769162e+00
6.230769230769230838e+00
6.538461538461538325e+00
9.461538461538461675e+00
1.169230769230769162e+01
3.269230769230769162e+00
4.038461538461538325e+00
7.384615384615385025e+00
3.807692307692307487e+00
4.000000000000000000e+00
4.461538461538461675e+00
7.192307692307692513e+00
1.000000000000000000e+01
2.530769230769230660e+01
4.846153846153845812e+00
8.076923076923076650e+00
3.653846153846153744e+00
2.042307692307692335e+01
9.576923076923076650e+00
1.211538461538461497e+01
2.015384615384615330e+01
1.088461538461538503e+01
4.730769230769230838e+00
5.500000000000000000e+00
5.692307692307692513e+00
6.230769230769230838e+00
1.903846153846154010e+01
4.615384615384614975e+00
7.500000000000000000e+00
7.769230769230769162e+00
3.100000000000000000e+01
3.692307692307692513e+00
9.000000000000000000e+00
8.961538461538461675e+00
5.384615384615385025e+00
1.161538461538461497e+01
3.884615384615384581e+00
1.130769230769230838e+01
8.692307692307691624e+00
4.769230769230769162e+00
1.173076923076922995e+01
7.153846153846154188e+00
5.961538461538461675e+00
4.846153846153845812e+00
4.884615384615385025e+00
9.730769230769229949e+00
3.730769230769230838e+00
9.461538461538461675e+00
7.692307692307692513e+00
2.950000000000000000e+01
3.769230769230769162e+00
3.576923076923077094e+00
9.538461538461538325e+00
8.884615384615385025e+00
5.807692307692307487e+00
9.923076923076923350e+00
4.384615384615385025e+00
6.315384615384615330e+01
9.961538461538461675e+00
6.769230769230769162e+00
4.038461538461538325e+00
4.846153846153845812e+00
2.803846153846154010e+01
3.730769230769230838e+00
8.115384615384614975e+00
5.346153846153845812e+00
1.473076923076922995e+01
4.307692307692307487e+00
4.846153846153845812e+00
5.076923076923076650e+00
4.076923076923076650e+00
1.788461538461538325e+01
5.153846153846154188e+00
7.038461538461538325e+00
3.653846153846153744e+00
6.076923076923076650e+00
9.500000000000000000e+00
1.134615384615384670e+01
9.615384615384614975e+00
3.576923076923077094e+00
8.269230769230770051e+00
3.550000000000000000e+01
8.038461538461538325e+00
1.507692307692307665e+01
4.576923076923076650e+00
3.730769230769230838e+00
5.000000000000000000e+00
5.615384615384614975e+00
1.392307692307692335e+01
7.653846153846154188e+00
4.000000000000000000e+00
4.000000000000000000e+00
4.846153846153845812e+00
2.388461538461538325e+01
2.242307692307692335e+01
9.807692307692308376e+00
5.538461538461538325e+00
3.730769230769230838e+00
8.807692307692308376e+00
7.153846153846154188e+00
2.311538461538461675e+01
3.423076923076922906e+00
3.923076923076922906e+00
6.923076923076923350e+00
1.365384615384615330e+01
5.115384615384614975e+00
1.961538461538461675e+01
4.692307692307692513e+00
1.250000000000000000e+01
3.884615384615384581e+00
4.769230769230769162e+00
1.192307692307692335e+01
6.923076923076923350e+00
3.265384615384615330e+01
5.615384615384614975e+00
4.153846153846154188e+00
4.307692307692307487e+00
5.538461538461538325e+00
4.461538461538461675e+00
4.884615384615385025e+00
5.807692307692307487e+00
5.461538461538461675e+00
4.653846153846154188e+00
5.769230769230769162e+00
7.884615384615385025e+00
1.453846153846153832e+01
1.426923076923077005e+01
5.961538461538461675e+00
1.600000000000000000e+01
1.657692307692307665e+01
2.776923076923077005e+01
3.923076923076922906e+00
4.000000000000000000e+00
4.769230769230769162e+00
8.576923076923076650e+00
3.846153846153846256e+00
4.076923076923076650e+00
3.292307692307691980e+01
2.934615384615384670e+01
4.346153846153845812e+00
8.038461538461538325e+00
7.653846153846154188e+00
5.923076923076923350e+00
5.923076923076923350e+00
4.923076923076923350e+00
4.769230769230769162e+00
4.076923076923076650e+00
8.192307692307691624e+00
1.026923076923077005e+01
8.538461538461538325e+00
3.653846153846153744e+00
1.357692307692307665e+01
3.538461538461538325e+00
6.038461538461538325e+00
1.803846153846154010e+01
4.807692307692307487e+00
1.196153846153846168e+01
1.361538461538461497e+01
7.846153846153845812e+00
1.169230769230769162e+01
4.230769230769230838e+00
4.500000000000000000e+00
5.576923076923076650e+00
9.653846153846153300e+00
9.461538461538461675e+00
5.884615384615385025e+00
8.423076923076923350e+00
5.000000000000000000e+00
7.384615384615385025e+00
8.846153846153846700e+00
4.923076923076923350e+00
3.730769230769230838e+00
8.653846153846153300e+00
4.626923076923076650e+01
5.923076923076923350e+00
4.076923076923076650e+00
5.307692307692307487e+00
4.961538461538461675e+00
4.269230769230769162e+00
4.692307692307692513e+00
5.384615384615385025e+00
1.638461538461538325e+01
5.038461538461538325e+00
6.576923076923076650e+00
1.226923076923077005e+01
6.230769230769230838e+00
5.423076923076923350e+00
7.115384615384614975e+00
1.969230769230769340e+01
3.846153846153846256e+00
1.111538461538461497e+01
4.346153846153845812e+00
4.923076923076923350e+00
5.884615384615385025e+00
6.423076923076923350e+00
6.384615384615385025e+00
8.769230769230770051e+00
5.923076923076923350e+00
1.438461538461538503e+01
6.769230769230769162e+00
6.538461538461538325e+00
8.500000000000000000e+00
1.423076923076922995e+01
3.573076923076923350e+01
1.084615384615384670e+01
3.923076923076922906e+00
1.673076923076922995e+01
5.769230769230769162e+00
3.107692307692307665e+01
7.076923076923076650e+00
2.069230769230769340e+01
3.884615384615384581e+00
4.619230769230769340e+01
2.238461538461538325e+01
8.230769230769229949e+00
1.103846153846153832e+01
6.038461538461538325e+00
4.346153846153845812e+00
8.923076923076923350e+00
7.807692307692307487e+00
8.576923076923076650e+00
5.884615384615385025e+00
9.307692307692308376e+00
3.500000000000000000e+00
8.500000000000000000e+00
7.076923076923076650e+00
4.153846153846154188e+00
8.961538461538461675e+00
5.653846153846154188e+00
6.038461538461538325e+00
9.038461538461538325e+00
4.846153846153845812e+00
5.346153846153845812e+00
1.288461538461538503e+01
5.000000000000000000e+00
9.961538461538461675e+00
5.192307692307692513e+00
8.269230769230770051e+00
1.711538461538461675e+01
1.465384615384615330e+01
1.192307692307692335e+01
4.230769230769230838e+00
5.346153846153845812e+00
5.307692307692307487e+00
4.961538461538461675e+00
6.346153846153845812e+00
9.423076923076923350e+00
7.384615384615385025e+00
6.192307692307692513e+00
5.038461538461538325e+00
3.461538461538461675e+00
4.423076923076923350e+00
5.653846153846154188e+00
1.165384615384615330e+01
3.423076923076922906e+00
4.076923076923076650e+00
2.719230769230769340e+01
1.434615384615384670e+01
5.469230769230769340e+01
4.576923076923076650e+00
4.115384615384614975e+00
4.115384615384614975e+00
2.730769230769230660e+01
2.123076923076922995e+01
6.884615384615385025e+00
4.076923076923076650e+00
4.730769230769230838e+00
7.153846153846154188e+00
1.334615384615384670e+01
5.846153846153845812e+00
1.730769230769230660e+01
4.153846153846154188e+00
3.961538461538461675e+00
6.538461538461538325e+00
8.153846153846153300e+00
3.269230769230769162e+00
1.811538461538461675e+01
8.269230769230770051e+00
1.753846153846154010e+01
5.269230769230769162e+00
7.423076923076923350e+00
4.461538461538461675e+00
8.961538461538461675e+00
1.492307692307692335e+01
7.153846153846154188e+00
1.842307692307692335e+01
1.950000000000000000e+01
4.192307692307692513e+00
1.073076923076922995e+01
7.461538461538461675e+00
4.807692307692307487e+00
1.107692307692307665e+01
5.346153846153845812e+00
4.461538461538461675e+00
4.115384615384614975e+00
1.025000000000000000e+02
6.461538461538461675e+00
7.538461538461538325e+00
2.688461538461538325e+01
5.769230769230769162e+00
5.000000000000000000e+00
4.807692307692307487e+00
3.384615384615384581e+00
1.061538461538461497e+01
1.261538461538461497e+01
7.192307692307692513e+00
7.153846153846154188e+00
3.653846153846153744e+00
4.346153846153845812e+00
2.192307692307692335e+01
8.692307692307691624e+00
7.307692307692307487e+00
7.153846153846154188e+00
9.076923076923076650e+00
6.615384615384614975e+00
9.211538461538461320e+01
1.711153846153846132e+02
5.038461538461538325e+00
7.100000000000000000e+01
6.230769230769230838e+00
7.807692307692307487e+00
1.073076923076922995e+01
8.576923076923076650e+00
4.038461538461538325e+00
1.007692307692307665e+01
7.884615384615385025e+00
3.846153846153846256e+00
1.150000000000000000e+01
5.115384615384614975e+00
1.530769230769230838e+01
6.846153846153845812e+00
4.846153846153845812e+00
8.692307692307691624e+00
1.769230769230769340e+01
1.553846153846153832e+01
3.565384615384615330e+01
7.076923076923076650e+00
6.846153846153845812e+00
9.884615384615385025e+00
6.653846153846154188e+00
2.142307692307692335e+01
1.046153846153846168e+01
1.442307692307692335e+01
1.442307692307692335e+01
1.269230769230769162e+01
1.300000000000000000e+01
2.250000000000000000e+01
1.842307692307692335e+01
2.057692307692307665e+01
2.523076923076922995e+01
1.819230769230769340e+01
1.253846153846153832e+01
8.269230769230770051e+00
2.288461538461538325e+01
8.500000000000000000e+00
5.019230769230769340e+01
1.073076923076922995e+01
4.192307692307692513e+00
1.200000000000000000e+01
1.300000000000000000e+01
7.615384615384614975e+00
2.150000000000000000e+01
1.080769230769230838e+01
6.653846153846154188e+00
6.000000000000000000e+00
6.307692307692307487e+00
1.073076923076922995e+01
5.961538461538461675e+00
1.403846153846153832e+01
4.230769230769230838e+00
7.307692307692307487e+00
4.076923076923076650e+00
4.807692307692307487e+00
3.888461538461538680e+01
6.846153846153845812e+00
4.000000000000000000e+00
4.192307692307692513e+00
6.384615384615385025e+00
8.115384615384614975e+00
1.803846153846154010e+01
9.423076923076923350e+00
7.923076923076923350e+00
4.076923076923076650e+00
3.753846153846154010e+01
5.576923076923076650e+00
6.230769230769230838e+00
3.807692307692307487e+00
3.653846153846153744e+00
7.384615384615385025e+00
5.742307692307691980e+01
5.730769230769230838e+00
1.130769230769230838e+01
5.500000000000000000e+00
5.384615384615385025e+00
1.046153846153846168e+01
4.923076923076923350e+00
7.307692307692307487e+00
1.107692307692307665e+01
3.884615384615384581e+00
6.961538461538461675e+00
3.823076923076923350e+01
1.226923076923077005e+01
2.200000000000000000e+01
1.684615384615384670e+01
3.257692307692308020e+01
2.357692307692307665e+01
8.615384615384614975e+00
5.153846153846154188e+00
7.538461538461538325e+00
4.500000000000000000e+00
4.307692307692307487e+00
9.923076923076923350e+00
1.303846153846153832e+01
5.538461538461538325e+00
3.923076923076922906e+00
5.884615384615385025e+00
9.130769230769230660e+01
4.346153846153845812e+00
1.319230769230769162e+01
8.769230769230770051e+00
3.961538461538461675e+00
4.269230769230769162e+00
1.353846153846153832e+01
7.692307692307692513e+00
7.538461538461538325e+00
1.157692307692307665e+01
5.384615384615385025e+00
1.715384615384615330e+01
4.253846153846154010e+01
7.692307692307692513e+00
1.588461538461538503e+01
6.288461538461538680e+01
3.492307692307691980e+01
3.153846153846154010e+01
3.615384615384615419e+00
3.884615384615384581e+00
1.896153846153845990e+01
1.130769230769230838e+01
3.307692307692308020e+01
5.461538461538461675e+00
1.238461538461538503e+01
7.653846153846154188e+00
1.019230769230769162e+01
3.384615384615384581e+00
5.000000000000000000e+00
5.307692307692307487e+00
1.365384615384615330e+01
9.692307692307691624e+00
3.430769230769230660e+01
1.142307692307692335e+01
1.042307692307692335e+01
1.088461538461538503e+01
4.015384615384615330e+01
4.161538461538461320e+01
5.730769230769230838e+00
1.142307692307692335e+01
2.273076923076922995e+01
4.307692307692307487e+00
1.980769230769230660e+01
9.307692307692308376e+00
6.692307692307692513e+00
8.153846153846153300e+00
1.619230769230769340e+01
9.423076923076923350e+00
3.119230769230769340e+01
9.769230769230770051e+00
6.423076923076923350e+00
3.730769230769230660e+01
1.088846153846153868e+02
5.076923076923076650e+00
6.807692307692307487e+00
5.384615384615385025e+00
2.453846153846154010e+01
2.607692307692307665e+01
5.538461538461538325e+00
5.384615384615385025e+00
5.346153846153845812e+00
4.769230769230769162e+00
1.211538461538461497e+01
4.884615384615385025e+00
1.065384615384615330e+01
5.769230769230769162e+00
1.073076923076922995e+01
4.346153846153845812e+00
8.807692307692308376e+00
2.961538461538461675e+00
5.961538461538461675e+00
3.769230769230769162e+00
1.546153846153846168e+01
7.807692307692307487e+00
1.053846153846153832e+01
4.384615384615385025e+00
2.607692307692307665e+01
5.000000000000000000e+00
3.807692307692307487e+00
4.461538461538461675e+00
3.442307692307691980e+01
4.653846153846154188e+00
5.730769230769230838e+00
8.192307692307691624e+00
9.038461538461538325e+00
6.923076923076923350e+00
5.038461538461538325e+00
7.307692307692307487e+00
1.161538461538461497e+01
1.296153846153846168e+01
4.038461538461538325e+00
6.000000000000000000e+00
7.230769230769230838e+00
1.034615384615384670e+01
5.384615384615385025e+00
3.576923076923077094e+00
5.153846153846154188e+00
1.653846153846154010e+01
3.730769230769230838e+00
1.338461538461538503e+01
8.230769230769229949e+00
1.092307692307692335e+01
1.096153846153846168e+01
5.730769230769230838e+00
9.807692307692308376e+00
4.423076923076923350e+00
8.115384615384614975e+00
5.769230769230769162e+00
3.961538461538461675e+00
4.923076923076923350e+00
7.230769230769230838e+00
8.461538461538461675e+00
7.461538461538461675e+00
6.269230769230769162e+00
3.807692307692307487e+00
9.500000000000000000e+00
4.192307692307692513e+00
5.653846153846154188e+00
1.019230769230769162e+01
5.115384615384614975e+00
1.319230769230769162e+01
5.769230769230769162e+00
6.076923076923076650e+00
4.076923076923076650e+00
1.465384615384615330e+01
6.807692307692307487e+00
4.230769230769230838e+00
5.153846153846154188e+00
1.100000000000000000e+01
1.038461538461538503e+01
8.346153846153846700e+00
5.661538461538461320e+01
7.230769230769230838e+00
4.961538461538461675e+00
3.346153846153846256e+00
4.230769230769230838e+00
5.884615384615385025e+00
1.103846153846153832e+01
6.746153846153846700e+01
6.230769230769230838e+00
1.742307692307692335e+01
1.357692307692307665e+01
8.400000000000000000e+01
6.384615384615385025e+00
5.115384615384614975e+00
2.957692307692307665e+01
3.492307692307691980e+01
5.923076923076923350e+00
5.000000000000000000e+00
2.050000000000000000e+01
2.907692307692307665e+01
3.342307692307691980e+01
2.596153846153845990e+01
5.461538461538461675e+00
6.576923076923076650e+00
4.669230769230769340e+01
5.692307692307692513e+00
1.346153846153846168e+01
3.269230769230769162e+00
5.269230769230769162e+00
5.115384615384614975e+00
1.934615384615384670e+01
2.288461538461538325e+01
3.038461538461538325e+00
4.769230769230769162e+00
4.653846153846154188e+00
8.346153846153846700e+00
6.807692307692307487e+00
1.696153846153845990e+01
6.807692307692307487e+00
4.769230769230769162e+00
5.076923076923076650e+00
1.073076923076922995e+01
4.846153846153845812e+00
8.307692307692308376e+00
3.192307692307692513e+00
3.384615384615384581e+00
4.807692307692307487e+00
4.884615384615385025e+00
3.769230769230769162e+00
5.307692307692307487e+00
4.730769230769230838e+00
6.461538461538461675e+00
1.569230769230769162e+01
1.703846153846154010e+01
8.900000000000000000e+01
1.642307692307692335e+01
9.115384615384614975e+00
6.500000000000000000e+00
4.000000000000000000e+00
4.269230769230769162e+00
6.500000000000000000e+00
5.576923076923076650e+00
1.288461538461538503e+01
4.500000000000000000e+00
4.461538461538461675e+00
5.538461538461538325e+00
5.346153846153845812e+00
5.384615384615385025e+00
3.730769230769230838e+00
5.307692307692307487e+00
2.115384615384615330e+01
4.615384615384614975e+00
3.846153846153846256e+00
3.615384615384615419e+00
4.807692307692307487e+00
8.307692307692308376e+00
3.500000000000000000e+00
3.038461538461538325e+00
5.000000000000000000e+00
3.269230769230769162e+00
6.846153846153845812e+00
1.365384615384615330e+01
2.665384615384615330e+01
4.307692307692307487e+00
8.153846153846153300e+00
4.038461538461538325e+00
5.846153846153845812e+00
4.192307692307692513e+00
7.269230769230769162e+00
4.076923076923076650e+00
4.153846153846154188e+00
9.653846153846153300e+00
1.973076923076922995e+01
1.142307692307692335e+01
6.269230769230769162e+00
4.492307692307691980e+01
4.746153846153845990e+01
6.115384615384614975e+00
7.461538461538461675e+00
4.807692307692307487e+00
8.769230769230770051e+00
4.692307692307692513e+00
4.769230769230769162e+00
5.076923076923076650e+00
8.038461538461538325e+00
6.038461538461538325e+00
6.538461538461538325e+00
5.076923076923076650e+00
1.434615384615384670e+01
8.730769230769229949e+00
5.576923076923076650e+00
1.080769230769230838e+01
4.153846153846154188e+00
7.115384615384614975e+00
3.923076923076922906e+00
1.676923076923077005e+01
1.196153846153846168e+01
6.307692307692307487e+00
8.538461538461538325e+00
7.576923076923076650e+00
1.307692307692307665e+01
1.038461538461538503e+01
1.465384615384615330e+01
1.457692307692307665e+01
3.269230769230769162e+00
4.384615384615385025e+00
3.769230769230769162e+00
3.807692307692308020e+01
4.384615384615385025e+00
6.076923076923076650e+00
5.846153846153845812e+00
4.884615384615385025e+00
5.538461538461538325e+00
8.846153846153846700e+00
7.807692307692307487e+00
9.538461538461538325e+00
4.730769230769230838e+00
3.923076923076922906e+00
1.357692307692307665e+01
4.000000000000000000e+00
4.230769230769230838e+00
4.038461538461538325e+00
2.215384615384615330e+01
9.346153846153846700e+00
1.557692307692307665e+01
5.961538461538461675e+00
4.115384615384614975e+00
7.115384615384614975e+00
5.653846153846154188e+00
5.269230769230769162e+00
3.192307692307692513e+00
4.115384615384614975e+00
7.192307692307692513e+00
4.692307692307692513e+00
1.676923076923077005e+01
3.692307692307692513e+00
1.484615384615384670e+01
6.500000000000000000e+00
1.826923076923077005e+01
1.019230769230769162e+01
6.038461538461538325e+00
4.653846153846154188e+00
6.384615384615385025e+00
9.076923076923076650e+00
5.923076923076923350e+00
4.115384615384614975e+00
1.092307692307692335e+01
1.288461538461538503e+01
1.326923076923077005e+01
1.119230769230769162e+01
1.926923076923077005e+01
2.384615384615384670e+01
1.488461538461538503e+01
8.000000000000000000e+00
1.573076923076922995e+01
4.423076923076923350e+00
3.730769230769230838e+00
3.923076923076922906e+00
8.346153846153846700e+00
3.807692307692307487e+00
3.615384615384615419e+00
4.076923076923076650e+00
1.069230769230769162e+01
5.307692307692307487e+00
5.115384615384614975e+00
7.153846153846154188e+00
3.384615384615384581e+00
6.461538461538461675e+00
1.238461538461538503e+01
7.692307692307692513e+00
2.015384615384615330e+01
3.046153846153845990e+01
2.292307692307692335e+01
5.769230769230769162e+00
3.461538461538461675e+00
7.076923076923076650e+00
2.384615384615384670e+01
2.315384615384615330e+01
9.192307692307691624e+00
1.050000000000000000e+01
3.653846153846153744e+00
4.615384615384614975e+00
4.346153846153845812e+00
1.530769230769230838e+01
8.076923076923076650e+00
4.153846153846154188e+00
3.846153846153846256e+00
3.769230769230769162e+00
3.807692307692307487e+00
5.038461538461538325e+00
6.346153846153845812e+00
4.192307692307692513e+00
6.076923076923076650e+00
3.307692307692307487e+00
1.811538461538461675e+01
4.615384615384614975e+00
7.807692307692307487e+00
7.730769230769230838e+00
5.153846153846154188e+00
6.846153846153845812e+00
3.730769230769230838e+00
4.576923076923076650e+00
3.576923076923077094e+00
1.184615384615384670e+01
5.115384615384614975e+00
4.000000000000000000e+00
3.807692307692307487e+00
3.423076923076922906e+00
4.692307692307692513e+00
5.165384615384615330e+01
5.500000000000000000e+00
8.807692307692308376e+00
1.323076923076922995e+01
1.388461538461538503e+01
5.115384615384614975e+00
5.230769230769230838e+00
7.807692307692307487e+00
6.076923076923076650e+00
1.465384615384615330e+01
2.234615384615384670e+01
3.846153846153846256e+00
3.615384615384615419e+00
4.615384615384614975e+00
6.769230769230769162e+00
3.384615384615384581e+00
2.080769230769230660e+01
7.500000000000000000e+00
4.076923076923076650e+00
3.500000000000000000e+00
3.807692307692307487e+00
4.346153846153845812e+00
3.346153846153846256e+00
3.576923076923077094e+00
3.884615384615384581e+00
5.515384615384615330e+01
7.461538461538461675e+00
4.307692307692307487e+00
6.384615384615385025e+00
4.153846153846154188e+00
9.427307692307692832e+02
2.057692307692307665e+01
5.307692307692307487e+00
1.084615384615384670e+01
8.153846153846153300e+00
2.119230769230769340e+01
6.076923076923076650e+00
9.692307692307691624e+00
3.576923076923077094e+00
3.153846153846153744e+00
2.500000000000000000e+00
4.153846153846154188e+00
3.153846153846153744e+00
5.192307692307692513e+00
1.946153846153845990e+01
4.769230769230769162e+00
5.730769230769230838e+00
4.730769230769230838e+00
4.192307692307692513e+00
3.692307692307692513e+00
4.192307692307692513e+00
3.961538461538461675e+00
8.076923076923076650e+00
3.384615384615384581e+00
3.730769230769230838e+00
3.538461538461538325e+00
4.153846153846154188e+00
4.192307692307692513e+00
4.384615384615385025e+00
4.961538461538461675e+00
5.576923076923076650e+00
5.538461538461538325e+00
4.653846153846154188e+00
3.230769230769230838e+00
8.192307692307691624e+00
3.423076923076922906e+00
5.730769230769230838e+00
3.961538461538461675e+00
3.730769230769230838e+00
4.653846153846154188e+00
1.203846153846153832e+01
1.561538461538461497e+01
4.730769230769230838e+00
4.615384615384614975e+00
4.576923076923076650e+00
7.423076923076923350e+00
4.423076923076923350e+00
4.384615384615385025e+00
8.038461538461538325e+00
1.653846153846154010e+01
4.038461538461538325e+00
4.423076923076923350e+00
5.192307692307692513e+00
7.692307692307692513e+00
1.338461538461538503e+01
5.846153846153845812e+00
5.692307692307692513e+00
4.115384615384614975e+00
4.115384615384614975e+00
6.269230769230769162e+00
4.000000000000000000e+00
3.961538461538461675e+00
4.807692307692307487e+00
7.538461538461538325e+00
4.423076923076923350e+00
1.176923076923077005e+01
4.153846153846154188e+00
3.884615384615384581e+00
5.230769230769230838e+00
3.884615384615384581e+00
7.038461538461538325e+00
6.346153846153845812e+00
5.115384615384614975e+00
6.961538461538461675e+00
4.961538461538461675e+00
4.961538461538461675e+00
3.730769230769230838e+00
3.730769230769230838e+00
1.223076923076922995e+01
7.500000000000000000e+00
4.615384615384614975e+00
2.173076923076922995e+01
8.076923076923076650e+00
4.307692307692307487e+00
3.769230769230769162e+00
4.923076923076923350e+00
5.461538461538461675e+00
4.576923076923076650e+00
4.653846153846154188e+00
3.769230769230769162e+00
5.576923076923076650e+00
4.115384615384614975e+00
8.153846153846153300e+00
7.500000000000000000e+00
8.153846153846153300e+00
5.576923076923076650e+00
3.807692307692307487e+00
3.500000000000000000e+00
4.076923076923076650e+00
6.846153846153845812e+00
4.576923076923076650e+00
4.500000000000000000e+00
5.269230769230769162e+00
3.884615384615384581e+00
4.153846153846154188e+00
4.730769230769230838e+00
3.769230769230769162e+00
3.769230769230769162e+00
3.692307692307692513e+00
6.000000000000000000e+00
6.346153846153845812e+00
4.615384615384614975e+00
4.384615384615385025e+00
3.269230769230769162e+00
3.846153846153846256e+00
4.653846153846154188e+00
4.230769230769230838e+00
4.307692307692307487e+00
5.076923076923076650e+00
5.846153846153845812e+00
4.269230769230769162e+00
1.592307692307692335e+01
4.307692307692307487e+00
5.807692307692307487e+00
4.230769230769230838e+00
3.692307692307692513e+00
8.615384615384614975e+00
3.423076923076922906e+00
6.538461538461538325e+00
4.153846153846154188e+00
4.423076923076923350e+00
3.538461538461538325e+00
5.307692307692307487e+00
4.653846153846154188e+00
4.307692307692307487e+00
3.884615384615384581e+00
4.423076923076923350e+00
4.423076923076923350e+00
3.961538461538461675e+00
7.769230769230769162e+00
3.500000000000000000e+00
3.846153846153846256e+00
4.076923076923076650e+00
6.269230769230769162e+00
4.384615384615385025e+00
4.615384615384614975e+00
7.961538461538461675e+00
3.500000000000000000e+00
3.192307692307692513e+00
3.500000000000000000e+00
4.615384615384614975e+00
4.500000000000000000e+00
4.192307692307692513e+00
1.319230769230769162e+01
3.615384615384615419e+00
7.269230769230769162e+00
4.461538461538461675e+00
7.846153846153845812e+00
8.346153846153846700e+00
4.730769230769230838e+00
4.230769230769230838e+00
4.423076923076923350e+00
7.192307692307692513e+00
3.692307692307692513e+00
3.230769230769230838e+00
3.961538461538461675e+00
7.500000000000000000e+00
3.807692307692307487e+00
3.500000000000000000e+00
3.115384615384615419e+00
5.538461538461538325e+00
3.500000000000000000e+00
3.807692307692307487e+00
3.615384615384615419e+00
4.192307692307692513e+00
9.076923076923076650e+00
3.769230769230769162e+00
7.730769230769230838e+00
6.615384615384614975e+00
6.269230769230769162e+00
4.000000000000000000e+00
5.384615384615385025e+00
4.769230769230769162e+00
4.615384615384614975e+00
4.192307692307692513e+00
4.038461538461538325e+00
7.730769230769230838e+00
5.730769230769230838e+00
1.103846153846153832e+01
3.961538461538461675e+00
8.615384615384614975e+00
4.346153846153845812e+00
4.230769230769230838e+00
6.884615384615385025e+00
7.692307692307692513e+00
4.884615384615385025e+00
5.115384615384614975e+00
4.730769230769230838e+00
3.500000000000000000e+00
3.923076923076922906e+00
3.846153846153846256e+00
4.576923076923076650e+00
9.153846153846153300e+00
9.538461538461538325e+00
3.769230769230769162e+00
4.615384615384614975e+00
9.000000000000000000e+00
5.153846153846154188e+00
4.115384615384614975e+00
5.846153846153845812e+00
4.192307692307692513e+00
4.692307692307692513e+00
6.230769230769230838e+00
3.923076923076922906e+00
5.076923076923076650e+00
3.961538461538461675e+00
1.030769230769230838e+01
7.846153846153845812e+00
6.384615384615385025e+00
1.000000000000000000e+01
6.730769230769230838e+00
6.576923076923076650e+00
5.076923076923076650e+00
3.769230769230769162e+00
4.269230769230769162e+00
4.730769230769230838e+00
1.392307692307692335e+01
4.961538461538461675e+00
4.269230769230769162e+00
8.346153846153846700e+00
3.269230769230769162e+00
4.846153846153845812e+00
3.653846153846153744e+00
3.846153846153846256e+00
5.076923076923076650e+00
5.653846153846154188e+00
3.807692307692307487e+00
5.961538461538461675e+00
3.769230769230769162e+00
3.961538461538461675e+00
5.807692307692307487e+00
5.576923076923076650e+00
4.615384615384614975e+00
5.307692307692307487e+00
5.730769230769230838e+00
9.807692307692308376e+00
1.023076923076922995e+01
7.961538461538461675e+00
8.692307692307691624e+00
3.769230769230769162e+00
3.730769230769230838e+00
4.230769230769230838e+00
5.384615384615385025e+00
1.626923076923077005e+01
3.615384615384615419e+00
3.730769230769230838e+00
3.884615384615384581e+00
4.576923076923076650e+00
3.230769230769230838e+00
4.038461538461538325e+00
5.500000000000000000e+00
4.846153846153845812e+00
5.384615384615385025e+00
1.373076923076922995e+01
8.576923076923076650e+00
6.038461538461538325e+00
4.153846153846154188e+00
5.384615384615385025e+00
3.923076923076922906e+00
5.576923076923076650e+00
5.500000000000000000e+00
4.576923076923076650e+00
3.730769230769230838e+00
1.046153846153846168e+01
4.615384615384614975e+00
4.730769230769230838e+00
6.269230769230769162e+00
3.423076923076922906e+00
5.230769230769230838e+00
3.692307692307692513e+00
5.923076923076923350e+00
3.846153846153846256e+00
3.769230769230769162e+00
3.653846153846153744e+00
4.038461538461538325e+00
3.923076923076922906e+00
4.461538461538461675e+00
4.615384615384614975e+00
3.153846153846153744e+00
4.000000000000000000e+00
4.500000000000000000e+00
9.230769230769229949e+00
5.730769230769230838e+00
7.346153846153845812e+00
6.807692307692307487e+00
3.769230769230769162e+00
5.653846153846154188e+00
7.961538461538461675e+00
4.500000000000000000e+00
4.038461538461538325e+00
4.500000000000000000e+00
3.500000000000000000e+00
4.769230769230769162e+00
1.203846153846153832e+01
4.461538461538461675e+00
3.423076923076922906e+00
4.500000000000000000e+00
6.961538461538461675e+00
4.461538461538461675e+00
7.576923076923076650e+00
3.769230769230769162e+00
6.961538461538461675e+00
3.423076923076922906e+00
4.653846153846154188e+00
4.000000000000000000e+00
3.730769230769230838e+00
4.153846153846154188e+00
3.461538461538461675e+00
6.153846153846154188e+00
4.192307692307692513e+00
3.961538461538461675e+00
4.807692307692307487e+00
6.884615384615385025e+00
6.615384615384614975e+00
6.730769230769230838e+00
3.384615384615384581e+00
5.076923076923076650e+00
4.000000000000000000e+00
4.692307692307692513e+00
8.576923076923076650e+00
5.807692307692307487e+00
6.884615384615385025e+00
3.500000000000000000e+00
4.384615384615385025e+00
5.000000000000000000e+00
5.038461538461538325e+00
8.615384615384614975e+00
7.192307692307692513e+00
9.653846153846153300e+00
1.230769230769230838e+01
3.500000000000000000e+00
4.423076923076923350e+00
5.807692307692307487e+00
4.423076923076923350e+00
6.807692307692307487e+00
3.846153846153846256e+00
7.038461538461538325e+00
5.923076923076923350e+00
6.269230769230769162e+00
2.311538461538461675e+01
7.961538461538461675e+00
4.384615384615385025e+00
6.500000000000000000e+00
3.615384615384615419e+00
4.692307692307692513e+00
3.692307692307692513e+00
3.769230769230769162e+00
8.653846153846153300e+00
3.961538461538461675e+00
3.423076923076922906e+00
8.576923076923076650e+00
4.730769230769230838e+00
3.884615384615384581e+00
4.153846153846154188e+00
5.076923076923076650e+00
8.961538461538461675e+00
4.961538461538461675e+00
4.961538461538461675e+00
4.692307692307692513e+00
3.730769230769230838e+00
3.576923076923077094e+00
5.423076923076923350e+00
6.115384615384614975e+00
5.269230769230769162e+00
6.192307692307692513e+00
8.538461538461538325e+00
3.807692307692307487e+00
1.234615384615384670e+01
4.269230769230769162e+00
