1.844120328167730527e+00
1.307989059713329905e+00
7.345649362645483293e+00
8.010308097583326292e-01
1.144091397503007368e+00
6.749786705964478273e+00
8.730552423900787007e-01
1.904786281034041240e+00
1.916022099447513227e+00
5.645637824087929024e-01
3.631973439307811358e+00
1.510729613733905463e+00
3.730562601973864911e+00
5.292865239312548598e-01
2.754438781995772967e+00
9.668916319124905012e-01
4.573764110548851347e-01
3.154031334295407163e+00
3.251720391162621571e+00
1.874463197842804130e+00
7.346162235790056894e-01
6.565945568736919036e+00
3.234109751283062550e+00
1.250234418953553694e+00
1.960886012704908588e+00
6.789783889980351539e+00
6.594553199636238316e-01
2.884961439588689114e+00
5.280400528635760260e+00
1.889626980071538620e+00
4.438576438378509792e+00
8.130130476108182735e-01
2.852898174563566869e+00
3.092233009708739822e+00
1.495008542863284218e+00
1.221382150179743942e+00
3.427774592918569230e+00
1.402379378717778957e+00
2.479743637649733490e+00
1.695843520782396396e+01
2.276822113950481619e+00
6.902387403276770250e+00
4.853032659409021399e+00
4.479564988598490949e+00
2.804878048780488964e+00
9.612849559944184108e+00
3.769630642954854505e+00
7.011887072808320909e+00
2.465909985472293009e+00
2.140416604225984898e+00
3.123064216394797032e+00
2.502138057422113704e+00
4.542152159013022050e+00
3.163748712667354024e+00
2.316287172302370578e+00
2.197071585800561166e+00
4.286405861572682774e+00
2.592209053031834465e+00
5.304685359393553234e+00
3.480248496511868961e+00
5.714609607481930809e+00
3.095011331972233215e+00
1.002200404558685776e+01
1.462248477016798942e+00
4.427618551328817986e+00
6.679563404028749929e+00
1.638202247191010841e+01
7.701007838745803191e+00
8.766956521739126984e+00
7.178747361013371631e+00
3.582770940849542285e+00
4.704496788008563968e+00
3.249560632688926809e+00
7.345026826248457041e+00
3.355822697664565091e+00
2.621657500474113611e+00
1.259864739444079840e+00
7.977108944467993901e+00
7.590234459023442071e+00
1.589239524055872099e+00
3.049810046433094612e+00
5.947266881028938634e+00
9.171582433924424294e+00
3.362729449321626429e+00
2.364809782608695343e+00
3.631768362506135883e+00
6.342741935483871885e+00
2.603678592481277310e+00
5.884251176025397712e+00
1.398642127333843854e+00
3.691699403091678988e+00
8.998721681698743424e+00
2.331637372802959263e+01
2.173363398661453783e+00
7.115749525616701376e+00
2.271694729500846499e+00
2.078438893417077882e+00
1.057677040330263907e+01
2.222440811342514255e+00
6.156492785793560962e+00
4.350793037101648331e+00
4.443094963878126080e+00
1.312140575079871674e+01
2.640871790346775771e+00
2.882352941176471450e+00
3.830119854090671794e+00
2.208486685429747354e+00
7.037249151683578674e+00
8.758713136729221915e+00
4.956428004084872718e+00
2.220183486238532122e+00
7.944599303135900925e+01
3.561367167270844014e+00
6.513359778459693494e+00
1.437500000000000222e+00
6.509933071869273391e+00
4.359547383749818650e+00
1.170877411325451867e+01
9.594095940959412872e+00
4.205975294455615909e+00
1.863516599332512902e+00
1.265876583571720992e+01
3.909304143862393222e+00
3.306870229007634165e+00
1.186098654708520161e+00
1.352804360003302842e+00
1.848210023866348584e+00
1.279608216592087455e+00
5.124291390728474838e+00
2.258927280612983424e+00
1.733247198463037764e+00
4.717345653086937318e+00
5.234890549143869976e+00
9.707579838399384986e-01
8.585519943486929151e+00
2.298342541436463105e+00
1.501336183858898998e+00
4.037228384743961840e+00
2.219496312152319906e+00
3.289689417716775033e+00
8.076566125290025155e+00
1.102603909392421366e+00
3.342528478892116350e+00
1.100808395972202369e+01
4.062678969137769158e+00
2.796890956541473017e+00
2.032825322391559109e+00
3.173873843790696814e+00
6.786296900489394712e-01
2.170322580645161370e+00
3.881625441696113565e+00
2.384384061862314219e+00
1.874557051736357449e+00
2.189876204614130017e+00
4.082600233553910662e+00
9.999296355520678192e-01
3.333333333333332593e+00
5.979760809567619129e-01
2.477192454433595259e+00
2.078642334898650468e+00
1.395973154362415647e+00
1.483777197436773720e+00
3.814371257485031030e+00
4.949500263019466217e+00
1.032187261323305849e+00
1.657984395278106593e+00
5.919043561006841259e+00
1.864718026730414202e+00
3.916978384756356846e+00
1.998775525892579230e+00
4.874607635055144272e-01
1.828440578352362067e+00
3.213984013908670612e+00
5.412384413672540973e+00
8.492403626354827040e+00
1.289929686799704545e+00
2.110203254777499371e+00
1.182660944206007647e+00
1.800695100289855910e+00
3.680920082571512264e+00
2.864200863930885355e+00
2.169655172413793132e+00
8.018794048551293185e-01
2.946569470214047026e+00
4.617929458812191967e+00
2.474219561067811046e+00
9.794167128597677241e-01
2.297180926890291186e+00
1.067684814875840882e+00
1.928884986830551984e+00
3.128055620591355446e+00
2.109230815252464364e+00
7.426817712649087522e-01
1.231690250349867455e+00
4.574646260467803316e+00
1.275365280474097807e+00
2.394756935607024406e+00
3.015707621195366173e+00
6.498296873817269059e+00
2.552132965469982029e+00
1.970581630361553982e+00
3.284679207313496274e+00
4.403709178873806529e+00
5.495353824160111422e+00
4.453494946639336760e+00
1.461135529410798828e+00
2.161773108292054157e+00
1.559221200648999384e+00
1.272880286135073202e+00
5.325088783066828313e+00
2.777273963906774945e+00
3.375181630126962151e+00
8.741244419941516242e+00
2.879437609841827062e+00
2.270350433922882605e+00
2.638017013787033793e+00
3.504438322620140323e+00
5.102535028751924884e+00
4.085907381847603936e+00
3.410674059954946991e+00
2.818008438141026417e+00
2.037062992293313446e+00
4.834475920028232565e+00
2.222075346992729017e+00
1.007639366827253902e+01
4.448833208020627872e+00
3.202035048049746369e+00
1.823224766946713871e+00
2.973033707865167852e+00
5.483919231724523335e+00
2.294456354321833036e+00
2.418897637795276445e+00
4.763848232247546832e+00
6.783403838195479096e+00
3.222997215352640499e+00
2.603719515761156345e+00
5.807325347185414266e+00
2.018633540372672286e+00
4.117812207549131465e+00
3.291195346213492190e+00
3.782531980591088860e+00
4.336753124774220147e+00
6.453537819967626987e+00
1.097396573651529827e+01
5.886486486486488090e+00
4.058485799586616594e+00
3.028828828828828534e+00
2.092978312218165993e+00
2.706459347525975723e+00
4.260446934635090166e+00
1.506412871798751718e+00
2.693660701880073560e+00
5.598170062217884713e+00
3.878088514797717323e+00
1.023645894001165146e+01
2.027490509228957016e+00
3.503906540665227443e+00
6.499999999999999112e+00
5.570481774152434618e+00
6.603014840285963416e+00
4.351181389414203515e+00
2.637859640791649252e+00
3.125555647277145077e+00
7.365993137628668030e+00
6.856205975224679783e+00
4.704859964706256115e+00
9.862068965517238439e+00
3.277001697149930948e+00
2.559341950646297992e+00
9.061188047352938923e+00
6.895688470348686927e+00
1.430188553665097562e+00
2.792651473510633586e+00
8.783783783783784216e+00
2.256627669850809426e+00
8.674042962616381303e+00
5.354249857387335609e+00
1.012257201309873622e+01
4.038197424892701726e+00
1.908088380351153290e+01
2.588533703961087795e+01
1.348690961507872821e+00
1.167078171747532256e+00
7.792007182384154795e+00
6.832807570977915468e+00
1.329870129870130535e+00
1.279817581892444878e+01
1.952779438135086032e+00
1.949152542372881314e+01
2.888888888888889284e+00
9.964077154485936560e+00
4.061638591117917585e+00
3.665533230293664069e+00
1.391356749904457457e+00
9.282377487150778705e+00
2.786141399929651374e+00
7.413758321565466769e-01
4.091265931480320361e+00
5.186561264822134198e+00
5.171717171717173045e+00
4.723417422372442331e+00
3.771882451568967287e+00
2.627325208466965378e+00
3.293588673974592318e+00
5.050119331742241258e+00
3.233502538071066912e+00
2.036659877800409646e+01
2.017191977077363862e+00
1.942320345054463715e+00
3.169359940192074010e+00
1.071481888985139408e+00
4.626752336448597624e+00
8.484385382059798530e+00
3.860606060606060375e+00
4.063308628308144321e+00
1.919682697074864164e+00
2.031469038526611204e+00
1.350351288056206300e+00
4.159070712200075626e+00
7.290052356020947144e+00
3.229687785283916313e+00
1.933227695159314363e+00
1.686556848289366917e+00
8.541340358728209736e+00
3.814474845542807024e+00
5.685210940519656475e+00
2.076088550065972704e+00
5.383032634962346741e+00
3.707413678930902012e+00
4.426252390935681902e+00
3.315062518173888861e+00
1.610030706243602561e+00
2.585878328854140928e+00
2.325581395348837788e+00
2.525179856115108201e+00
2.131050767414403690e+00
2.499682055950942505e+00
1.670264250827346419e+00
2.885084684028409452e+00
1.422610656893148917e+00
5.903252254714399960e+00
1.995925143374585264e+00
2.384384061862314219e+00
1.231261315630657993e+00
3.583314082043497439e+00
1.208865863080405889e+00
4.391523713420785846e+00
8.845051263319644974e+00
2.088524590163934658e+00
1.953690303907379411e+00
3.763826381127857168e+00
3.390545432333449405e+00
3.988131821553460910e+00
1.171830985915492285e+01
1.117120699940345796e+00
1.432162925053420244e+00
7.559823677581866130e-01
1.731795064825629948e+00
2.702316560814010060e+00
4.711714019136131526e+00
2.381870078011942393e+00
2.032487129415941229e+00
1.168288665967959661e+00
6.862585486022716452e-01
3.679041180086047635e+00
8.616646376625871628e-01
6.649508981037273614e+00
3.789249097333512228e+00
2.095912105315253182e+00
1.819505094614265239e+00
1.194600742618554090e+00
1.930154088404004042e+00
3.480918298446994630e+00
4.910879529533857202e+00
3.650068549438082677e+00
1.683836017845960376e+00
1.363504753055700958e+00
4.872493064921329164e+00
3.137128072445019455e+00
3.194675988168862446e+00
3.285136501516685570e+00
7.035175879396982523e+00
4.546884833228445721e+00
3.140140788089651025e+00
1.171948246765422974e+00
5.509632224168126591e+00
2.902182693433826621e+00
3.836585365853657059e+00
3.358854131484569905e+00
6.545048147751781009e+00
1.749082459362373498e+00
1.083441632236229246e+01
1.455136471499349327e+01
1.148982992439745887e+00
1.229893238434163649e+00
3.120154206139972075e+00
2.631446502631066942e+00
2.362317058172426432e+00
5.183316099734841309e+00
1.030773067331670312e+01
2.367549875961558303e+00
2.882352941176472338e+00
5.070754716981132226e+00
2.705473991249391474e+00
2.033110882956878473e+00
5.829251224632608919e-01
1.573567971273180932e+00
9.227054532873970594e-01
2.669769777564355184e+00
1.613533554443495222e+00
1.293505926841684639e+00
3.049493201648281193e+00
1.773686179562016241e+00
2.164611990231830596e+00
5.353920624667751760e+00
1.726345268779987618e+00
3.769629804291438901e+00
6.525763204651915395e+00
2.820557714480933065e+00
3.190840703648094134e+00
2.523004709625591868e+00
2.578388897048024209e+00
2.184066983646821836e+00
3.474341150355406249e+00
2.142546629875583530e+00
2.857755493085034626e+00
3.397212543554006814e+00
3.076487102071085555e+00
4.056788197697682286e+00
3.888959185474018199e+00
4.359205294291215615e+00
3.747242360697891517e+00
2.706962853071503528e+00
2.506261853098465053e+00
7.218075508533901896e+00
3.020233109642262104e+00
2.245207499473351742e+00
8.296969696969705765e+00
2.857919114032137387e+00
5.319055675176869613e+00
2.064666864264596224e+00
4.139689433483558112e+00
2.524306591112436493e+00
2.251894688337831241e+00
1.919060052219321522e+00
2.245288489417222699e+00
2.316760239826896939e+00
3.162270866298691807e+00
7.051988934465326153e+00
2.444825392337057313e+00
4.681540309905528829e+00
1.965347885402455752e+00
1.264670511719230062e+00
9.343145500420522609e+00
3.035739313244568915e+00
1.895043731778425666e+00
2.231240741686671747e+00
1.201830628413199431e+00
1.765603582198665533e+00
7.815950920245403388e+00
8.208628294915277124e+00
3.470426409903714760e+00
2.665154405455586240e+00
1.413899194643018831e+00
3.864662162058948969e+00
1.266055045871559370e+00
2.290160735854315455e+00
1.140317786225528263e+00
1.731685692120138231e+00
1.243376827813632124e+00
3.365618320610688219e+00
1.435693823704143224e+00
1.243970500990221772e+00
1.830345391004402300e+00
1.142594192464885694e+00
1.056781802864363851e+00
2.635228148468180542e+00
4.784688995215309326e+00
1.479768786127167557e+00
4.175588865096359292e+00
3.001666898180302301e+00
2.067100061495212415e+00
1.366504893853537439e+01
1.333954214985278997e+00
5.975343204668620345e+00
4.093738446543206067e+00
2.133105802047782440e+00
1.887357436045014492e+00
7.449651711384401409e+00
1.226174084527000296e+01
3.608647793333562337e+00
6.054478864642151237e+00
5.886324293133291974e+00
3.656059580230193617e+00
2.198241026859995895e+00
7.611437196042263764e+00
1.600160503734797901e+00
7.922752216124949065e+00
1.599999999999999423e+00
4.058152956318635596e+00
5.560740392451261727e+00
1.928762243989313951e+00
4.013710747456877392e+00
2.989461919208046492e+00
2.494641704325371023e+00
1.909188208852916624e+00
5.391660627682703932e+00
1.074624713311470181e+01
1.140245148110316542e+01
4.013049719431029061e+00
3.790755777638977531e+00
1.185249136655155766e+01
6.865696661262052913e+00
7.947594122469568312e+00
3.065502183406113357e+00
4.832034758330093993e+00
1.003293875450335371e+01
3.928621004884628398e+00
6.595116132201247261e+00
3.815028277632615872e+00
1.158545215925042982e+01
3.195546401213683829e+00
4.000811556565492033e+00
1.843795433016769536e+01
3.920582208719001205e+00
1.552663105872625460e+00
1.175387208934780103e+00
8.497820401046210392e+00
7.362720200058989750e-01
4.883798693729189289e+00
9.911215611988204444e+00
2.283097276264591002e+01
1.811766024590870927e+01
3.177086115712865588e+00
6.901364765660619405e+00
1.840852228303362281e+01
4.390501319261215230e+00
2.242483688466804015e+00
7.553913823290775431e-01
2.612439391406121025e+00
5.495745258187266558e+00
7.292882147024503103e-01
1.903553299492386719e+00
3.911738408481287621e+00
1.542173730591692715e+00
6.048525698090585045e+00
2.934023904382469183e+01
2.037894736842104759e+00
7.481327873519171945e+00
1.444608497763821386e+00
4.937772246421904931e+00
1.236573688592839115e+00
5.127536371751878264e+00
7.189018202598145280e+00
7.669311972365738583e+00
5.850000000000000533e+00
1.071970688301491670e+00
3.631404958677686423e+00
3.994369081136423194e+00
2.547351524879613915e+00
1.602253032928943055e+00
4.950020717394161274e+00
5.043891066789789157e+00
6.254575252663207685e+00
2.918329461554107773e+00
1.001550763266295263e+01
6.239388794567063634e+00
1.212363403757267477e+00
1.979007857394159853e+00
5.899262899262897264e+00
9.737147029038407453e+00
1.360683048729695477e+00
1.177202583862034757e+01
4.791369807769862099e+00
8.159989910913221678e+00
8.310729629443228461e+00
3.780069428981376767e+00
4.908624287889899129e+00
4.135841680918643348e+00
1.594258901462876521e+00
2.094575798636947539e+00
3.801429866075924036e+00
2.671527244819646540e+00
6.098816543188238626e+00
1.039932508436445913e+00
1.672727272727271952e+01
3.334324566488623631e+00
3.467518042020486302e+00
7.734577575153155138e+00
8.299251870324187763e+00
1.496931497760822571e+00
1.461465271170314439e+00
3.169534555712270496e+00
3.877707871008696738e+00
1.403630034808552551e+01
2.056682974079093729e+00
2.535873696739287197e+00
3.036412556053812661e+00
2.797320454899516751e+00
3.308960027427978456e+00
1.532914745413519464e+00
1.840891297537949001e+00
8.641739685692998663e+00
1.898023715415019463e+00
3.274969389539967413e+00
1.245474918117565721e+00
4.623069001029869618e+00
2.550478214665249155e+00
6.657412876550502290e+00
1.326714801444044767e+01
1.256027558645015585e+00
7.003334343740525547e+00
4.032258064516131668e+00
2.275279295765090026e+00
7.428383425217854885e+00
5.954368858543908516e+00
2.593800287964767470e+00
4.032276573502826977e+00
3.267378896531538235e+00
2.307925325818950935e+00
6.624644402134730825e+00
8.124229680457727421e-01
2.524306591112436493e+00
1.169658709804695773e+00
4.239079379990605467e+00
2.591950863476298661e+00
3.724465558194777426e+00
1.311208940060955230e+00
3.354838709677419928e+00
2.867481809962543871e+00
1.547378104875805072e+00
4.643235950657008004e+00
8.123813670340481963e+00
3.351172364417398519e+00
2.268810289389068036e+00
5.026827737684342878e+00
2.485840707964601215e+00
2.286000893210808460e+00
3.560285702953915887e+00
2.481357651379052065e+00
2.821891010064762728e+00
2.761990299982036046e+00
3.154817646806134857e+00
2.703910614525139255e+00
1.206689954430071987e+00
9.416300760299053385e-01
1.828561927175034407e+00
2.337436050970032042e+00
9.444717444717444010e+00
1.256521739130434412e+01
1.511037527593819485e+00
2.476301930953774821e+00
1.300405984454958919e+00
1.108447304907481668e+00
1.622909548642330613e+00
2.144082332761578336e+00
3.263214670981660959e+00
6.513359778459696159e+00
4.804464973056195021e+00
2.458520166329262402e+00
1.165796868727418500e+00
2.508967625950201175e+00
2.249462672700360155e+00
3.784336375187709045e+00
3.579636495513084604e+00
3.361605295821267436e+00
4.673856938027723729e+00
2.853586636095642781e+00
1.672087443348440061e+00
6.731119291290807105e+00
3.552832749874975438e+00
2.680700064219052603e+00
1.732101616628175744e+00
1.488086087624904685e+00
1.529678707569431362e+00
3.139122315592902890e+00
4.448325017818958393e+00
4.695883691641442148e+00
2.265623634297700750e+00
2.841877540317294670e+00
3.207106598984771573e+00
5.951227009580410510e+00
9.975464433676380693e+00
3.200600600600600476e+00
3.124668379318454647e+00
7.422743772100886872e+00
5.869918699186990274e+00
1.457604750907290470e+00
3.390212583820802372e+00
8.916477339266895896e+00
4.780750583587717095e+00
7.617139535728559174e+00
5.948676378353431105e+00
6.244378329758526469e-01
2.100863243980008566e+00
4.855559130663701595e+00
3.180212014134274234e+00
1.195121951219512590e+00
4.139173463674469922e+00
1.559456067202246166e+00
2.993345497477728490e+00
1.214493996569467704e+01
8.485327255303175553e-01
8.391196042024658297e+00
2.497356293960707685e+00
3.526631941845058904e+00
4.491232661606909815e+00
3.813518492277173433e+00
3.011029158337353628e+00
9.954739963142790415e+00
8.161017486362062812e+00
8.455906981195270289e-01
1.682834689933017547e+00
4.136595736765615428e+00
2.988533779549926273e+00
2.346799614023801883e+00
1.778322106552358450e+00
3.511156706847910591e+00
4.043435340572556491e+00
2.856075051483487393e+00
1.107568190549366172e+00
9.962284482758624327e-01
1.279893711248892618e+00
4.016597510373446589e+00
1.500811688311689318e+00
3.066635816751503096e+00
1.058794095571678806e+00
1.236854370646428114e+00
7.675384119141939188e+00
3.329812881841971439e+00
5.145518028604041838e+00
2.182849022430232822e+00
3.671488951947946333e+00
4.410517277211105203e+00
1.471913487533794251e+00
3.185631882538017656e+00
1.488656028051978719e+00
3.785665806977058345e+00
1.099602115749542364e+00
8.770984455958540593e+01
1.107028360049323013e+01
5.366463932962393990e+00
5.159380643722169424e+00
7.527213259072086777e-07
1.294290670487970640e+00
4.310348654672266910e+00
3.409428150920728040e+00
5.813016988743301638e+00
2.270900496904429744e+00
6.107866027083245442e+00
3.838529088913290366e+01
1.180868073808172269e+00
2.472425249169434291e+00
2.835590877382130337e+00
2.709984283232690583e+00
1.732008608490324786e+00
1.621509824198552163e+00
8.616006467259497370e+00
2.369439071566731503e+00
3.751324226373013992e+00
1.092356687898089085e+01
1.814024464091074051e+01
2.699662542182228453e+00
3.149315041818327998e+00
3.491014968889472048e+00
2.653939886271323267e+00
3.110024855012427647e+00
1.952142633719111231e+00
2.220543806646525287e+00
6.308755760368668142e+00
8.891625615763547597e-01
1.864068732740104650e+00
1.943971839249046152e+00
3.420499422634168951e+00
3.606414269277268936e+00
2.532831222184183773e+00
8.108092192781725771e+00
2.922893742186075894e+00
3.680023620080095537e+00
5.332745858301023212e+00
5.296940227673501589e+00
4.673125526537488028e+00
1.455905511811021746e+01
1.477812346487637152e+00
3.317561558230835761e+00
2.869212716023042731e+00
1.953459304462907609e+00
3.254545454545454852e+00
4.262550568017057451e+00
3.035005834305718686e+00
7.475824506298657468e+00
2.614853006130900326e+00
3.919943353157528509e+00
2.712836269998679217e+00
1.776051061468016945e+00
1.701714414711769097e+00
1.844529750479845909e+00
1.889403383793409663e+00
1.216162001904409529e+01
4.981057737965376653e+00
1.953784429359376018e+00
7.473271895624266081e-01
3.062057702776267210e+00
2.526475107508086904e+00
6.040026318152614593e+00
3.039941548952751926e+00
3.629973168447452103e+00
3.079497907949790836e+00
3.071188130577925612e+00
6.598572807299739829e+00
3.114517272404959236e+00
3.604560483635659729e+00
1.562645256708220076e+00
5.061810143231107340e+00
7.436457871585909096e+00
3.296137339055793536e+00
2.013309873573580155e+00
3.384728997896432556e+00
4.869514391633574801e-01
3.756841282251759395e+00
1.884764705882405451e+03
3.061466353122786366e+00
8.023122666173000184e+00
6.236694470797197631e+00
2.271694729500847387e+00
6.177020084072865735e+00
9.504894690002961610e+00
8.766956521739135866e+00
2.801292407108239235e+00
1.337774413323239919e+01
1.004602804697796081e+01
7.176816751060627553e+00
3.221649484536083907e+00
5.072712809673178391e+00
2.756587202007527715e+00
2.628187103562532823e+00
3.153125860644450107e+00
4.978065674704976296e+00
5.918943908902202899e+00
6.421398512711130380e+00
6.187311178247735910e+00
3.125380196012165435e+00
8.443832213941947273e+00
4.385278640715147169e+00
5.756770080224386632e+00
4.570186466778175749e+00
8.025714285714286689e+00
2.861663778296484661e+00
2.323842745356840211e+00
1.689917936694021572e+00
2.808799483143271658e+00
2.170824772527150337e+00
6.173811379579108305e+00
4.051862673484295740e+00
1.845976348428034930e+00
6.252506836827715908e+00
4.102387955462683422e+00
6.482127439129683033e+00
8.292413680581800506e+00
2.724147568474007297e+00
1.695744038635677908e+00
8.973179190751446654e+00
1.419882130545980559e+00
1.146362242289998612e+00
1.515310394208926104e+00
1.178100483226982576e+00
3.288675161609357467e+00
2.960623199231672054e+00
6.581589958158993170e+00
5.512063390300471433e+00
8.575725353182441779e+00
1.407365990909747033e+01
5.576050381255211796e+00
2.629681386249302033e+00
3.374787041192667925e+00
8.472811724193158867e+00
2.971794926967955774e+00
1.970536282060340483e+00
1.843384338433843084e+00
2.244304886277778355e+00
2.348706184448371204e+00
2.176723733062274846e+00
2.484825142505006745e+00
3.348432055749128722e+00
1.600594197759692472e+00
1.813188899706668522e+00
3.560328715204744920e+00
1.395020746887966068e+00
3.444650261526431834e+00
6.058528926912474688e+00
4.095999999999999197e+00
1.260998684719717655e+00
2.515740545108810622e+00
5.042492581602371793e+00
2.798414009772332012e+00
4.042844281022455633e+00
5.414834225817476643e+00
2.229025657169840358e+00
2.198149329929801610e+00
2.432615726092162589e+00
4.415700919817783010e+00
5.680980599074601400e+00
2.119241681962692248e+00
1.877707321090339887e+00
2.658291457286431125e+00
5.472330748148583446e+00
3.780515693785374776e+00
2.852829840273290340e+00
5.439591863170956110e+00
2.381763094974763018e+00
3.878279862976997450e+00
1.200999231360492736e+01
3.355282945445465792e+00
1.283637373521228309e+00
2.143357757247531747e+00
1.640893723357342626e+00
5.139095592444191674e+00
3.716598240469207060e+00
3.651270285602875365e+00
2.391987114958727290e+00
2.437513306365765686e+00
4.485049833887039483e+00
1.279620853080567944e+00
1.421072088724581484e+01
3.186699645489938781e+00
4.279313632030505410e+00
2.336939043999414878e+00
2.092539815590946706e+00
3.618843096043132590e+00
1.786618474829881897e+00
6.316285254531352145e+00
1.670792079207919834e+00
3.134910878918254262e+00
4.580108530154499036e+00
2.312633832976445092e+00
2.021052631578949388e+01
2.116597980345186869e+00
4.370203160270880183e+00
5.056187638980305543e+00
1.830968979672486174e+00
1.070688084244284743e+00
3.590246575342465274e+00
3.390177423965151871e+00
4.081670986795551848e+00
5.402762747469603610e+00
2.542967434211828248e+00
2.330374128091312613e+00
1.996729787314088345e+00
4.104712041884816642e+00
1.601195952161913461e+00
5.921438313164330225e+00
1.316268901439241690e+00
2.733216168717047534e+00
1.549061573921633350e+00
2.087546951748049384e+00
3.715333224702624282e+00
3.040868667849936813e+00
3.250655066429160911e+00
4.230550115720136617e+00
2.038550248579727331e+00
1.960020469752761674e+00
5.157894736842107974e+00
1.309922161581819955e+00
2.813283465537791628e+00
3.223537549042092998e+00
3.827472674695443278e+00
2.720039959025209786e+00
6.446811615350941382e-01
2.739475556243947008e+00
8.597569733704863992e-01
9.774253905553004218e-01
3.479801693170598398e+00
4.150764196080657165e+00
1.879059696875966967e+00
6.237109171978006961e-01
1.113737929426691142e+00
1.704911692664690115e+00
1.144078277485434114e+00
1.220409461437764520e+00
1.463786531130877311e-01
3.914334763948500218e+00
3.537589498806683608e+00
9.781201752881181488e-02
1.731204943357363080e+00
4.699856279576091200e-01
1.509054416032437618e-01
7.881288386703551307e-02
3.933852126308569619e-01
1.274821036882315628e+00
4.791196030824445451e+00
1.962073820655511502e+00
3.367849104593249265e+00
1.816503916729262480e+00
1.783844071467244108e+00
9.422372212104291878e-01
2.684441197954710479e+00
5.861642513433744650e-01
7.774739133897989873e-02
2.842058606754253258e+00
5.790909090909093226e-01
2.518557135629203025e-01
5.393021724818957807e+00
2.523364485981307137e+00
1.568835059267102150e-01
1.491570541259981786e+00
4.398544247222576864e+00
7.069829602405617308e-01
4.125813298075919899e-01
3.243139728260155397e-01
1.090275677908714436e-01
1.658737541528239490e+00
2.555493372000274377e+00
1.401015322096554883e+00
1.171935852443914683e-01
1.232744783306580993e+00
1.214729370008873266e+00
7.748960182266140251e-02
8.649347089802070232e-02
1.729640168569679115e-01
6.203278589814996691e-01
1.492908583923448773e-01
1.593231877177739564e-01
9.828412301896069514e-02
8.480339180314241387e-01
6.479336372468420813e-02
3.945593489629839468e-01
7.076341715776687802e-02
3.300837246126500535e+00
3.371852996128413604e+00
1.625000000000000444e+00
1.369006337438718912e+00
1.255355526501055641e+00
9.410187667560322433e-01
7.855585831062666280e+00
3.958852442755809165e+00
5.064933865704768223e+00
2.309461578672242776e+00
3.161650694740133716e+00
3.540554547868963731e+00
2.238571793652531561e+00
2.095897231786539194e+00
2.600000000000000977e+00
2.369563073281389265e+00
1.517786561264822254e+00
3.325567010309288207e+01
6.876376988984086225e+00
1.110475266731328148e+01
2.401330376940132627e+00
9.941480206540449061e+00
2.068149210903874824e+00
3.236634123663411522e+00
3.087419646536747830e+00
1.720582598696818399e+00
3.154130057994828817e+00
2.909182643794149925e+00
1.542372881355932313e+00
7.564962279966464642e+00
2.359159282917782097e+00
3.631181894383906261e+00
5.138836490294171888e+00
1.294733277584436681e+00
3.066064516129032747e+00
3.689115578884818447e+00
1.917120841947002496e+00
1.997478540424218130e+00
3.186075424782426779e+00
8.180412371134021754e+00
1.317296127014673912e+00
5.186070157600402020e+00
1.252800542671250073e+00
5.443304258594152678e+00
5.073170731707316250e+00
5.219459606319037270e+00
7.527211655369326207e-07
1.841273175632477077e+01
2.728057470598458600e+00
2.165962707324611713e+00
2.513780650066527400e+00
6.768674698795178024e+00
4.089261440869959685e+00
3.006703411291523853e+00
1.850121735097879361e+00
1.620685120652245237e+00
2.672257021620530359e+00
7.541145623387377483e+00
4.090707964601772773e+00
1.459459459459458541e+00
5.251366120218579070e+00
1.168564146134240644e+01
6.989151244416085262e+00
4.404785643070784573e+00
3.905354919053549256e+00
3.120432462022719289e+00
7.475437135720238047e+00
2.532885375494067048e+01
1.335652173913043406e+01
3.262889725856640499e+00
4.560916967153268331e+00
1.518630527369921213e+00
3.231166143498459764e+00
6.583188481017472782e+00
2.314929994923193846e+00
1.838329578929127850e+00
4.408859789891309333e+00
1.152649006622516126e+01
1.361859039245741254e+00
4.489384052667947600e+00
5.776340110905734626e+00
2.485460818137012584e+00
4.277531260737930552e+00
1.405108893598611131e+00
2.440969235376212687e+00
3.446449136276391823e+00
2.065828597824117985e+00
3.553753251140811198e+00
2.320074349442379447e+00
1.412555368871238448e+00
4.239923224568136639e+00
5.322618609783008381e+00
2.249289920375248997e+00
6.137959635056679630e+00
8.391921239322426729e+00
2.198542428027520312e+00
4.613266429396764678e+00
3.358135731807033952e+00
2.328840970350404938e+00
1.457604750907291136e+00
2.511673420894648956e+00
3.333333333333333925e+00
2.398340248962654631e+00
6.876376988984086225e+00
3.644100815779859559e+00
3.142859713930421073e+00
3.211846458773520041e+00
7.527210461307234573e-07
2.250923557828929500e+00
7.813884785819797507e+00
4.816973228920053529e+00
2.938303275884379673e+00
1.304059468317858350e+00
7.566015081408449250e-01
3.653562571174832740e+00
2.553441802252815584e+00
3.292854684467096504e+00
5.135564853556488174e+00
5.203331811958012310e+00
2.070130216425695835e+00
4.626752336448596736e+00
1.053402739726027626e+01
2.154277699859747930e+00
4.769036403905540844e+00
2.279380186327027769e+00
4.753745451994919158e+00
2.078801647025414923e+00
4.096805421103582034e+00
2.684441197955555136e+00
1.618705035971223394e+00
2.673522045685642112e+00
7.527210372674429068e-07
3.607253886010362898e+00
3.768166089965398591e+00
8.852302096295588951e-01
1.116309012875536588e+01
7.527213608619600928e-07
2.495453701985526074e+00
4.582987551867219622e+00
4.098984135443383359e+00
3.159614197225792953e+00
2.594606261514103451e+00
2.449337364072288192e+00
8.702989392478301056e+00
1.438104003681547205e+01
5.024916943521595236e+00
7.350938593700286461e+00
9.975572519083966583e+00
1.128258801141770640e+01
2.723960393297774729e+00
1.126408772464210006e+00
4.510420346167433259e+00
2.285244890971535714e+00
2.108830548926013293e+00
4.923005055062017910e+00
1.603829160530191311e+00
2.162717219589258555e+00
1.470315851973300170e+00
2.551802173724066147e+00
3.315322379139574061e+00
1.066829268292683075e+01
1.735107731305450818e+00
2.401576503238559646e+00
3.427927333637335927e+00
4.125560451772289028e+00
3.221110708942212408e+00
1.679442504189275764e+00
1.844529750479846797e+00
2.739984778246730368e+00
5.359718961308702845e+00
8.533333333333333215e+00
3.177763553210867453e+00
2.413965920481122129e+00
2.432653838826443593e+00
4.183191396790609140e+00
1.204314219211089609e+00
1.414308794342618025e+00
8.001999666722215965e-01
1.584692438731252873e+00
2.925208051336798398e+00
1.185021568525544522e+00
5.517711171662130099e+00
3.700466977985322981e+00
6.862066799298786712e+00
2.479786286731967770e+00
3.342227340718277873e+00
2.335233751425313642e+00
7.056365750371278445e-01
3.393351800554016418e+00
3.012547051442910462e+00
7.037376868411971964e-01
3.280086295844668154e+00
1.761185983827493473e+00
3.564500484966051985e+00
8.269373761072388307e-01
9.724106324472957752e+00
8.210097719869700938e+00
1.561118335500649934e+00
2.433065861603241231e+00
4.792347826086956530e+00
1.153451052205188176e+00
1.034718826405866565e+01
1.010302775441547674e+01
9.667396061269144525e+00
4.509978829296432679e+00
3.270471666672610578e+00
2.260148931059332345e+00
2.654890224049678782e+00
1.767272727272727195e+01
9.593074993932533268e-01
1.412710294181938275e+00
2.747492197393639479e+00
2.196721311475410054e+00
1.729711610599897531e+00
4.086956521739129933e+00
1.338609917182094877e+00
3.017103762827822777e+00
4.249015461846486374e+00
8.028639618138422307e+00
4.054157393036152968e+00
3.095112133410006461e+00
2.781417367756049419e+00
1.607342516281482281e+00
1.449603960396040350e+02
2.029265599116509833e+00
5.284373032455444097e+00
2.229179661835359205e+00
1.548594847775178174e+01
3.107496463932106767e+00
1.314376545390320894e+00
6.262467462632449688e+00
1.346106304079109472e+00
4.562118097172697340e+00
4.762532981530341658e+00
1.765626868850777242e+00
6.266426642664265856e+00
4.681114092733817067e+00
7.527212607480757268e-07
1.376546897670052116e+00
4.753056234718829209e+00
1.110475266731328148e+01
1.947547601099141712e+00
4.949500263019462665e+00
3.237155292030026832e+00
5.870779976717107829e+00
3.545454545454545414e+00
2.001976082394349099e+00
3.234503063476894091e+00
2.892655367231639296e+00
3.872479751852489382e+00
7.428053445481692663e+00
2.031742604189161749e+00
7.068070164433258640e+00
4.769565524189563810e+00
3.662565364503229226e+00
8.704398749489388187e-01
6.950413223140496477e+00
5.461972967520677180e+00
8.765251851079359113e+00
3.660269740793319126e+00
2.765957446808512188e+00
5.129547175995805119e+00
1.703607639707615196e+00
2.176376801966386498e+00
3.883142426661924329e+00
2.239767774369145314e+00
8.733624454148471994e-01
2.362921494550862977e+00
1.083520247950735982e+00
4.759848114268527830e+00
1.122972618112157983e+00
2.120846013653412854e+00
1.394398682042833126e+00
3.057803468208093012e+00
4.734608487746561067e+00
2.471215624151134271e+00
1.339603225973282408e+00
1.256521739130433524e+01
1.498045643676711780e+00
1.170796469075347401e+00
7.420679168778502088e+00
6.039058766002990408e-01
4.249467556439017635e+00
2.092511013215858640e+00
3.684215839793905989e+00
2.944609665427500289e+01
2.229408114039297395e+00
5.058064516129052635e+01
3.565112423040083023e+00
5.296620775969959283e+00
6.706548308656675061e+00
1.662650602409638356e+00
4.271717423864203056e+00
9.168239933086386628e+00
1.221696658097686461e+00
6.547335423197492510e+00
3.109353480359661859e+00
1.224880382775117127e+01
1.870279859021635849e+00
6.768611670020117543e+00
3.799631311774405162e+00
6.233252401310067192e+00
2.220293029610970859e+00
3.551217403832300334e+00
2.025105040390693834e+00
3.418683173888573901e+00
3.652830188679265433e+01
3.419044927945748658e+00
2.234758938437119813e+00
3.615454554956806899e+00
2.407766990291261067e+00
2.742775597574026669e+00
1.736561345917110977e+00
6.066469719350074286e+00
6.499999999999996447e+00
5.799202609641176842e+00
2.275151433429187797e+00
2.203451251078516471e+00
4.054555524785376619e+00
2.521250825809291829e+00
1.751373135500677858e+00
2.358781496803310063e+00
1.828033218553777539e+00
1.577153899663376491e+00
3.932122875541011808e+00
8.641641911963272582e-01
1.971566623304218391e+00
7.527210445001433174e-07
8.310933740242972823e-01
2.965566133279317285e+00
5.709274387313792332e+00
1.787351289939212107e+00
4.215988921851569593e+00
9.204545454545454142e-01
1.942053231939165014e+00
5.565777368905239442e+00
1.797182932192712190e+00
1.130399778414780565e+00
1.793147029911529744e+00
2.867534188050326893e+00
4.044686547871849669e+00
1.787788533134773150e+00
6.614198972442792090e+00
2.826208569901992984e+00
1.429568788501027754e+01
1.838085539714862549e+01
5.241935483870970636e+00
5.027170787809082775e+00
2.235807860262009505e+00
2.510247200507078169e+00
1.696673189823874051e+00
1.163040791100124416e+01
1.361874197689344079e+01
4.141328812932625780e+00
2.492145487454894504e+00
1.097469929489838458e+00
5.768706250833987248e+00
2.584728999076883138e+00
2.325331125827816425e+00
1.577588956334442960e+00
1.564213947031708907e+00
1.840770791075049928e+01
2.355645742744320703e+00
2.011471840110774512e+00
2.347709346826265087e+00
4.813602015113350063e+00
3.987730061349690658e+00
2.617773495968665820e+00
6.821410190427171116e+00
1.339967373572593701e+01
1.099304847379720673e+00
2.508700481303220098e+00
1.251696155381136322e+00
2.184820860716557345e+00
3.697349739706579985e+00
2.716490038151759379e+00
3.081831160709719963e+00
6.802911534154536533e+00
1.210344827586206939e+01
6.239895715889473671e+00
3.318658990856757196e+00
3.908852964890413784e+00
1.308900523560211404e+01
2.192746113989637369e+00
1.591686361740580979e+00
1.942907156008854219e+00
1.979364216652167885e+00
1.072673849167483162e+01
6.683161868756539725e+00
3.450976990091001007e+00
1.395973154362416091e+00
6.444695411124302886e+00
1.984360454291566267e+00
6.266932270916331760e+00
2.494908350305499400e+00
4.468965517241377583e+00
3.127819548872178501e+00
7.527213884603473575e-07
2.134159959441054077e+00
4.598829149255510451e+00
7.682206896551722508e+00
3.569701584853727017e+00
1.930061349693250250e+01
5.039063231850116509e+00
2.125137211855105068e+00
5.808000000000002050e-01
3.267539267015706184e+00
3.418318380972251713e+00
4.411317524880338681e+00
2.112676056338028019e+00
6.563625610937954491e+00
1.129943502824858781e+00
2.714477975050468395e+00
7.082345005901860446e+00
7.466706126072800709e-01
3.502713809342289153e+00
1.407407407407407662e+00
2.944609665427492828e+01
4.084511104701471496e+00
2.708035848164946024e+00
1.073789473684211515e+02
7.047410358565736033e+01
7.885458563861194037e+00
4.106999999999517058e+03
2.627726042319881383e+00
3.960233116215293059e+00
2.986666666666665026e+00
2.375628371362296321e+00
1.428094173352624452e+01
1.438750149360736863e+01
3.405294852995990773e+00
5.241341298117069947e+00
1.083582089552239225e+01
4.434150945273809263e+00
2.905905093323672528e+00
3.512396694214874771e+00
4.145499383477188715e+00
2.894664842681259120e+00
3.296369742853569207e+00
4.465782475592459555e+00
7.114560474373917698e-01
2.268711656441722013e+01
5.429317094388864007e+00
4.976303317535543336e+00
1.533620392697209844e+01
2.199335062691777587e+00
2.775577557755775526e+00
6.563636363636362603e+00
5.178334339167168565e+00
2.711290322580646173e+00
1.463513513513515818e+01
5.200440793831750952e+00
2.365663662746295692e+00
1.551718212517074980e+00
6.811836115326251218e+00
2.354423292273236612e+01
3.815634185585943694e+00
2.914237992706159908e+00
1.246812529513615209e+00
7.000745990302123190e+00
4.449501230623221559e+00
1.269294106794628618e+00
1.165837875270889112e+00
2.168458781362006871e+00
6.910509196444873048e+00
7.138469039492928658e+00
2.780658359977064009e+00
7.110562685093783308e+00
8.045627376425859012e+00
1.156761601274646978e+01
5.714682422451993205e+00
1.489716801593691908e+00
2.582148821172203679e+00
2.180124223602484257e+00
1.643432057255585388e+00
1.658803951565893886e+00
2.009646302250803984e+00
7.902853478679061183e+00
7.441329460322533507e+00
2.812137203166228616e+01
5.547507953200654818e+00
1.607007089557297430e+00
3.971369565251350764e+00
8.723747980613886455e+00
2.484825142505006745e+00
2.834210048975149832e+00
4.093276350444763345e+00
2.482917527411410585e+00
2.915391643666073840e+00
2.833315936834941873e+00
2.759235668789809193e+00
1.892241905925473366e+00
3.719434411075523084e+00
4.391891891891892996e+00
8.687540721823520329e+00
3.107812055372864091e+00
1.783535933821128738e+00
7.886409736308316987e+00
2.975937225784996976e+00
4.432835820895522971e+00
3.165904709310847220e+00
3.949671772428885230e+00
1.309922161581820177e+00
2.269365111978631777e+00
9.941176470588226621e+00
1.866111276405831854e+00
2.180369895623512466e+00
1.179689937854875081e+00
4.966978536048428872e+00
3.609428066838746396e+00
3.845116469145893667e+00
1.725801075667022122e+00
7.296482412060303346e+00
4.759167492566899860e+00
2.066869351033042257e+00
1.475773515633985067e+00
6.869208604566027887e+00
3.470585537028966883e+00
7.619870410367172830e+00
4.402059328266730631e+00
6.690140845070414066e+00
2.264516129032258185e+00
1.895547737474221339e+00
1.212871287128712972e+01
1.777679498519401102e+00
1.968485734792272623e+00
9.604002762517359626e-01
1.419497784342688806e+00
2.739871022706039660e+00
2.660753880266075733e+00
1.082832618025752325e+01
3.310427679000480516e+00
2.150948221387192660e+00
3.948952334597693792e+00
2.916531819743066745e+00
1.220888196590974362e+00
1.790663008162489023e+00
2.723190868484416605e+00
1.407663650878126838e+00
2.770680628272252921e+00
3.902169955066323137e+00
1.526694473409800423e+01
4.500058227553275891e+00
7.564962279966464642e+00
3.976648847881764315e+00
2.382126088097517691e+00
2.152823920265781954e+00
4.404785643070784573e+00
2.708788159111933602e+00
4.675382065917880858e+00
4.425531914893614527e+00
2.321911102408459104e+00
7.141842630057008812e+00
2.919164619164619001e+00
4.237626628075251034e+00
1.652618401836011053e+00
3.546368715083799916e+00
1.264516129032257963e+00
6.378363865221453821e+00
3.097512131342386343e+00
2.555797056102333986e+00
3.076876143990238344e+00
4.667931746498915402e+00
3.764987536303022519e+00
1.976010966415353343e+00
1.835734870317002443e+00
2.800243605359316934e+00
9.757655874264306917e+00
2.370115967885811514e+01
1.805242312414248040e+00
2.545724059293044572e+00
3.545066024630939783e+00
1.349645914808159652e+00
2.311048661440615604e+00
1.439002089742939416e+00
2.957462649505077756e+00
5.508474576271185974e+00
5.016536928749674829e+00
3.324375117459124951e+00
1.592682174085041868e+00
1.082737169517883657e+01
8.760778234521522378e+00
4.152679474216383504e+00
5.869918699186990274e+00
1.240187045153985146e+00
6.320361296573071996e+00
1.349594176219562902e+00
9.483870967741921731e+00
1.898023715415020130e+00
3.558659217877096825e+00
4.789690567983319269e+00
1.204498269896193463e+01
1.853863091502743199e+00
2.968025160966154541e+00
2.159373091797271993e+00
1.356355882004501856e+00
4.454175152749490607e+00
2.286292901110936526e+00
1.869209809264305466e+00
5.891276344923433328e+00
7.863894139886579149e-01
3.476850014393642940e+00
1.358460372273224692e+00
2.415077955156799128e+00
1.204320085072444613e+01
4.297372833985463103e+00
1.828033218553777539e+00
1.838085539714867522e+01
2.096943231441041533e+01
2.485847453718835975e+00
2.799552071668533149e+00
6.476683937823837667e+00
