-5.918526327634839390e+01
-1.567410040150951147e+02
-8.385437951872853546e+01
-5.865495830853884485e+01
-8.532334386085300082e+01
-5.441154219814516324e+01
-6.000881851315156723e+01
-5.639101253801523939e+01
-5.176487223075391597e+01
-5.942743362155890452e+01
-7.899496153005263466e+01
-7.366611272571762470e+01
-7.820728752110593973e+01
-5.045538779242657057e+01
-5.408240227889368157e+01
-6.957981129152135225e+01
-5.984608030111921551e+01
-4.542471580685421628e+01
-7.509698541884944234e+01
-7.554672956122747962e+01
-5.697369721903432094e+01
-4.959606544953534524e+01
-6.546123949194993941e+01
-1.297339946593016577e+02
-7.426997256982681961e+01
-5.618082938086749323e+01
-1.107231860943293782e+02
-9.599407332054904884e+01
-7.873248913190174392e+01
-7.992854232820954508e+01
-5.440304162406297195e+01
-6.338059872012155438e+01
-6.722389022541440795e+01
-7.059931939257434408e+01
-6.900083375027173815e+01
-8.098156659026379600e+01
-8.275851926063887731e+01
-8.224004049776088721e+01
-6.860915749052769286e+01
-1.896052239519871989e+02
-5.815537208068597863e+01
-7.172609808318249236e+01
-1.032522519525266205e+02
-7.354754391087463716e+01
-8.036412970924743604e+01
-5.212191115616604264e+01
-6.190405893990078567e+01
-9.594217959432393172e+01
-7.229403986677759519e+01
-6.558615809889855086e+01
-1.133688029086749083e+02
-7.415399079697188256e+01
-7.890311893369657525e+01
-6.119381280569912462e+01
-9.996838533775685676e+01
-5.767733043581759489e+01
-6.136683135045436188e+01
-1.612466695792835765e+02
-7.034946018894821407e+01
-8.201771849091673516e+01
-9.305577040967814639e+01
-5.246624097483909566e+01
-7.236491592439325871e+01
-1.729608102154803078e+02
-9.300232934520411732e+01
-5.356030139638199472e+01
-5.949400407484932884e+01
-5.724648346641371432e+01
-1.343489426374386255e+02
-6.887439854943242779e+01
-8.401294887266310241e+01
-5.734812715464166644e+01
-9.097396333445512084e+01
-5.189471506825132252e+01
-5.937202105020801213e+01
-7.944075393630431847e+01
-1.245880367641799040e+02
-6.092804997481101736e+01
-5.510076751703903142e+01
-6.581018401211099444e+01
-4.848686701745089778e+01
-9.517477973355693166e+01
-8.121284720801801882e+01
-7.870497199660883325e+01
-6.978355986765461694e+01
-9.246088674489884340e+01
-1.608839485528514501e+02
-7.346261719281082492e+01
-4.542018664519039106e+01
-9.572273678447037071e+01
-6.617593120882688140e+01
-8.521337085872812622e+01
-5.665452401748046896e+01
-6.022965608819796302e+01
-1.594693710081495510e+02
-1.362844676762851179e+02
-7.041275200630292375e+01
-5.441656812993877423e+01
-6.102688478094086832e+01
-7.730998104817042815e+01
-6.451564643019162304e+01
-1.361874675677536004e+02
-5.795142841277945678e+01
-9.179238123522226545e+01
-5.284854307747048097e+01
-7.526497153509718885e+01
-6.198624153243034129e+01
-8.824381992579287726e+01
-7.949081139048814748e+01
-1.372159104676509003e+02
-7.251688478388145143e+01
-5.805612494399019141e+01
-5.286463417315374613e+01
-6.328814560972894299e+01
-5.306789787068352382e+01
-6.756680345121432651e+01
-8.020825393476224008e+01
-8.297576711656492421e+01
-8.410229518239287927e+01
-8.960143483973264722e+01
-5.562421762357456601e+01
-5.852719899132138437e+01
-5.244769284663065889e+01
-4.676224014494236059e+01
-7.208516011756607611e+01
-4.643654053881174804e+01
-1.207183732712833404e+02
-1.953990992869933905e+02
-2.042213438679681303e+02
-5.312843609354342789e+01
-4.607605143402117420e+01
-1.055962369621570787e+02
-9.234807845238221091e+01
-7.509331997942865655e+01
-6.974286484863894486e+01
-9.635808846013073037e+01
-9.407121067812990134e+01
-5.452456324976704138e+01
-6.113772181913157056e+01
-8.742021988643729458e+01
-1.147461597678275638e+02
-1.441697090661231471e+02
-5.874163469068737697e+01
-9.595087706714123499e+01
-1.567059108810825308e+02
-6.863569304255125303e+01
-9.740151776811087814e+01
-5.264986720324422720e+01
-1.583187558547851097e+02
-7.896103356331825296e+01
-1.509665437384693973e+02
-6.256745974530269905e+01
-1.509423237923705869e+02
-1.277371863583409493e+02
-1.120964194501441114e+02
-8.559290135746796579e+01
-9.358187029352642128e+01
-8.243630240085170158e+01
-1.315898687793332442e+02
-1.120835057792047422e+02
-9.342530276938359179e+01
-8.790879424749337545e+01
-9.393860051613890505e+01
-1.078378308129710632e+02
-1.202682662108852440e+02
-8.777114898633848838e+01
-7.723519759837418519e+01
-1.028168708823088764e+02
-2.420877670980313212e+02
-9.035244982464523389e+01
-5.266927908801802971e+01
-5.639694914155610661e+01
-7.972148529719289911e+01
-6.537534439268212338e+01
-8.468906006688729349e+01
-7.570750129374219739e+01
-9.680785371488030933e+01
-7.909728535691181150e+01
-8.547522168457098246e+01
-1.488136991823633650e+02
-6.398520437695055563e+01
-8.820677694873992891e+01
-1.326461174150399529e+02
-9.389996433490989602e+01
-9.648370910988542448e+01
-1.117479134167003423e+02
-1.478369139146563214e+02
-8.768831632250976327e+01
-1.140166979641693814e+02
-7.356809259334433193e+01
-7.744376519878949239e+01
-7.662227337443904673e+01
-1.101000084303651221e+02
-7.070576102720195877e+01
-5.433795126201636805e+01
-1.368277565559062054e+02
-9.462510790835929697e+01
-1.445412036052405540e+02
-9.849974364038790497e+01
-7.973946092508357708e+01
-9.301176986762420995e+01
-1.294054232137480653e+02
-1.909181315073220730e+02
-9.254002923302704176e+01
-8.295530464500409096e+01
-1.452350201709010662e+02
-1.115438343209966519e+02
-1.394249594289701975e+02
-1.066560136772473300e+02
-1.878018691436870995e+02
-6.112975970628883005e+01
-2.068554251522479888e+02
-1.656906421134279412e+02
-6.374660984024564669e+01
-1.026283225504744934e+02
-8.287574895858280399e+01
-5.409262573054240875e+01
-9.914063269383493093e+01
-1.461632825927250963e+02
-1.078024893750391584e+02
-8.915977010664099112e+01
-8.110590197564775394e+01
-5.860236073978362725e+01
-5.819969825781392814e+01
-5.296543836055036536e+01
-8.804356675661617260e+01
-8.543610557373331460e+01
-7.756429025345921957e+01
-5.593603476674751107e+01
-6.886067479788093237e+01
-9.885254528685378261e+01
-8.083573600598055009e+01
-9.249813604151633228e+01
-1.076986135321053126e+02
-6.362998727273950550e+01
-6.230018156543680874e+01
-6.297133618699697166e+01
-1.269814510797861971e+02
-5.982608974635012800e+01
-1.239775007669554583e+02
-6.647958750875608303e+01
-7.744748019238193137e+01
-1.164414063501682506e+02
-1.410757673332077786e+02
-1.618801806411570681e+02
-5.505630494001013631e+01
-7.038298106966347234e+01
-8.121512513348515938e+01
-7.240851258094934906e+01
-1.019500651903792630e+02
-5.658717377082929545e+01
-8.920630316309510022e+01
-5.807325664504760709e+01
-8.767545312625996701e+01
-5.908934517340245662e+01
-3.552186882111367794e+01
-9.493225965213555639e+01
-9.311935889241009079e+01
-5.976875851287900332e+01
-1.016449685206747091e+02
-8.852943779749152498e+01
-5.887965821712607806e+01
-6.358535748349258654e+01
-5.753406270212834528e+01
-5.742732373461025475e+01
-5.339131510919960277e+01
-7.946086076427054934e+01
-9.556950818401871572e+01
-1.091478083899370404e+02
-1.017539334871549812e+02
-5.286736070123551912e+01
-7.867502390705102755e+01
-6.518566875046457199e+01
-1.501152280094042339e+02
-1.056529245266197279e+02
-6.244045371344262918e+01
-6.475735968351746408e+01
-5.706556152640771273e+01
-6.229919112243826618e+01
-6.615182846326358401e+01
-5.865435588180803705e+01
-2.417622167889024070e+02
-6.940706441581995989e+01
-9.258809728417544704e+01
-5.403793452441430389e+01
-5.760690680152645626e+01
-1.480112424236963875e+02
-9.224010031915183561e+01
-9.505056080739373670e+01
-9.307743598813921437e+01
-8.238929208352554667e+01
-8.188333614220688617e+01
-2.305371433464284507e+02
-3.117146968193035264e+02
-5.980706240376231619e+01
-7.404940954490290039e+01
-2.843798975788819234e+02
-9.530605880294875476e+01
-6.562049476824662975e+01
-7.358003420025738706e+01
-8.847417289109060334e+01
-7.890378983123940770e+01
-1.163449509061969707e+02
-1.190816446456858273e+02
-7.968552095839504545e+01
-7.535641995016496253e+01
-1.203733519392410756e+02
-8.696336802922186848e+01
-1.286200631014399391e+02
-1.016256171033318338e+02
-8.221877399905011430e+01
-9.253932874789899188e+01
-1.491556138704880254e+02
-1.646474164648581393e+02
-1.617213851086300451e+02
-1.036174148123606074e+02
-7.312576342043222155e+01
-9.271074223583640617e+01
-8.494737195454662526e+01
-1.730316176293793831e+02
-1.402027215254065311e+02
-1.359489159907066664e+02
-1.697292438265312171e+02
-8.768792756505307295e+01
-1.384245620030330883e+02
-1.795725888102965087e+02
-1.691873080684868285e+02
-1.720204069798321029e+02
-1.923666568345029759e+02
-1.581172687844289158e+02
-1.189025110471932294e+02
-1.024817651384074679e+02
-1.654749203328873648e+02
-1.229951465020688772e+02
-1.849704992374595349e+02
-1.175842085225984306e+02
-6.839670594550437954e+01
-1.257851350878226384e+02
-1.508851226962043484e+02
-1.148750035296183114e+02
-1.709264954361140383e+02
-1.196247209536824982e+02
-1.172050056185577773e+02
-7.763605666345192446e+01
-9.905430572543109236e+01
-1.236652910770846745e+02
-9.591516206897566121e+01
-9.938738992181994547e+01
-1.127817298172619189e+02
-7.485551609618367763e+01
-5.644883590590827538e+01
-6.035754405711453074e+01
-1.090863678135701349e+02
-5.661996518075709162e+01
-6.245379547841431389e+01
-1.454980734389773716e+02
-1.962671726469772011e+02
-6.725619126774788015e+01
-5.444417960901306941e+01
-7.169294339902147328e+01
-5.897014710958451644e+01
-5.193942590119976899e+01
-8.980180326751771247e+01
-1.176126314683891394e+02
-7.003594449205212413e+01
-1.340677144892537740e+02
-1.012039208701380204e+02
-1.086539041487410344e+02
-1.308199316187784973e+02
-1.254493851794032508e+02
-1.220628193016954839e+02
-9.223158607721921953e+01
-8.251276620053890554e+01
-6.724224230328908902e+01
-1.252515114453578775e+02
-8.711265267301948256e+01
-5.525743517417380701e+01
-5.898052642817707181e+01
-7.431986947434053548e+01
-2.343457784819130154e+02
-9.120978140361513908e+01
-8.586981729355339610e+01
-1.045761819586063552e+02
-9.188567810672600444e+01
-5.737571872051402977e+01
-7.266658247280700778e+01
-5.507278903386715285e+01
-9.542780144444897417e+01
-6.194760627975668399e+01
-1.649910280259259707e+02
-9.562638745136582941e+01
-1.167482314479530601e+02
-2.365709927634422911e+02
-1.585344444180314554e+02
-9.791016840503785090e+01
-5.992611823538630489e+01
-5.882238954439851852e+01
-5.166481755998635350e+01
-9.281955872105598360e+01
-9.576241226695978526e+01
-1.479946678738806156e+02
-5.492475048591853692e+01
-8.762121090348118457e+01
-1.015621243867581001e+02
-5.759222038040367408e+01
-5.331387970930007469e+01
-5.996338738398192447e+01
-6.888196411236140193e+01
-1.057034350624258394e+02
-1.641130453480970459e+02
-1.805980215783237952e+02
-8.270181112326811501e+01
-6.433048200055090149e+01
-1.076509862695649105e+02
-1.667929541859000722e+02
-1.671121454628150218e+02
-5.557520844995810450e+01
-5.960173541861119162e+01
-8.540914046080766298e+01
-6.531190661792165031e+01
-1.618946167596003249e+02
-7.267489483686782137e+01
-7.140461798872605925e+01
-9.154540416525890123e+01
-9.805492520603890227e+01
-1.026625113149828792e+02
-5.835294926060291942e+01
-9.068216245811275655e+01
-1.054110304172394592e+02
-1.642972346602673497e+02
-2.787321538862231591e+02
-1.025564069129330846e+02
-7.717958743131747212e+01
-6.698925861974467466e+01
-6.515950887780910250e+01
-1.546593867472390400e+02
-2.168965063348562126e+02
-6.678276161325761962e+01
-8.531716345052556960e+01
-6.748560463010699095e+01
-9.175701617261537990e+01
-6.290614965126813729e+01
-7.407594745367519806e+01
-6.394044049715694200e+01
-5.427368405981413702e+01
-6.746981029398887131e+01
-1.043387840985035666e+02
-6.878500322414723200e+01
-4.880221043939022962e+01
-9.143804465551257010e+01
-6.012548573983372080e+01
-6.793820505247791175e+01
-6.616720209093395511e+01
-7.309525954014375770e+01
-5.678676327062378704e+01
-5.941730712242785728e+01
-5.880471364261492084e+01
-8.205422496012076294e+01
-6.314923032395466151e+01
-6.849716068670213076e+01
-4.906812692175044077e+01
-9.442919470503750290e+01
-9.084668075075256866e+01
-5.877438046874011235e+01
-5.551307587021536705e+01
-7.203893091303551444e+01
-6.162893856495676204e+01
-5.129950225443471368e+01
-7.658714438294627769e+01
-6.389069581453835411e+01
-8.358411533788589054e+01
-6.646299779702498256e+01
-6.305222693438530257e+01
-6.020049080442773004e+01
-7.790947395640863249e+01
-6.809471111039491120e+01
-7.435539045209566211e+01
-8.453771844022624293e+01
-8.077413129415033666e+01
-1.826413146332771475e+02
-5.412771113818546098e+01
-5.229131359658128986e+01
-7.086457663000075513e+01
-1.473365206837351877e+02
-5.587089071169367571e+01
-7.923885681659986346e+01
-7.668821031715508241e+01
-1.609812915295846949e+02
-1.404060715221647797e+02
-1.278336216380126160e+02
-9.899780213224092051e+01
-1.528428580653089170e+02
-1.507068886683342726e+02
-9.339952847736275032e+01
-5.789443164382142726e+01
-1.527638729757597673e+02
-6.046008958260605226e+01
-7.330873861145377646e+01
-5.718139468004983428e+01
-1.187690730610885623e+02
-8.135747534019790805e+01
-5.314329388917071384e+01
-6.789259467484670552e+01
-1.147605603742852765e+02
-8.429908717932188722e+01
-8.510878517889344153e+01
-6.686618710357002726e+01
-6.956815825856872948e+01
-9.319168888964212272e+01
-8.992489624820143490e+01
-6.132699965399486786e+01
-4.839883296373697874e+01
-5.645394198848204326e+01
-5.789841282039571269e+01
-7.496599775549233868e+01
-1.117240607290194987e+02
-5.432576885072287354e+01
-9.137090875022205694e+01
-1.176911283195800877e+02
-7.935082530584828930e+01
-7.441245558030026075e+01
-6.241908580255798711e+01
-9.321963592613678884e+01
-8.628717730855390755e+01
-5.311886307706158306e+01
-5.957357019611639259e+01
-5.593364091152385953e+01
-6.535632826050881761e+01
-5.699645240846099625e+01
-5.765241018663943606e+01
-9.407967157949769899e+01
-5.076012073699098437e+01
-5.835627329383399342e+01
-5.190947770643116144e+01
-7.625190200629816673e+01
-7.606389728934748007e+01
-7.528867320477168334e+01
-8.821490105981894203e+01
-6.448059511170380631e+01
-6.151739736456152485e+01
-1.412454005299083235e+02
-5.707288786206402875e+01
-5.016363589175779225e+01
-8.708700362408467299e+01
-7.351180137357451372e+01
-7.188989274659529372e+01
-8.333979706643458485e+01
-5.839465714219151948e+01
-5.375541955194790944e+01
-1.243699236922520726e+02
-8.018040575140796022e+01
-5.142577195241879906e+01
-7.495367583412112822e+01
-5.242013830050985490e+01
-6.538661871801340908e+01
-5.751176020045322446e+01
-5.426874256879192160e+01
-5.875132955865085904e+01
-6.124448355157382906e+01
-5.702579194215208247e+01
-5.956711911215857924e+01
-6.843680456354731234e+01
-8.806075359907595157e+01
-5.331344229477478791e+01
-8.528172909354482556e+01
-9.840391697719047670e+01
-7.001013558854192809e+01
-5.639936345771845794e+01
-8.721508718328699672e+01
-5.364450708454399575e+01
-5.673494697079289040e+01
-8.014136809618236157e+01
-5.720018338144530645e+01
-9.221691630510505888e+01
-1.328681221593617181e+02
-8.585953305883269593e+01
-5.739864665579270309e+01
-1.131307195891917274e+02
-8.975237253024687334e+01
-1.031375614289169960e+02
-6.180426744191758104e+01
-6.819835252712800866e+01
-6.342073929504481100e+01
-5.844703252019390050e+01
-8.164269939080429594e+01
-5.680263485075357721e+01
-6.077187152515639923e+01
-5.410376888670545981e+01
-6.623224095769079156e+01
-6.233307765910628007e+01
-6.031621968233899622e+01
-6.026845178042891149e+01
-5.084455173174820430e+01
-7.618798956611760786e+01
-5.698010958809442172e+01
-8.677003626519457669e+01
-5.886979654965590925e+01
-9.699664384977023701e+01
-5.548706544559682641e+01
-6.655398424504515731e+01
-9.183892705511033228e+01
-5.444092879715063305e+01
-5.631331615611913577e+01
-6.359607798355703068e+01
-5.948011674441674757e+01
-6.277610104023010251e+01
-6.314160916192034989e+01
-8.621546692683094193e+01
-9.048302177031850135e+01
-8.002836383292934386e+01
-6.792363543903844914e+01
-7.814691958436858954e+01
-9.098808636867269684e+01
-4.631252682557827711e+02
-1.014800894632589348e+02
-6.157437424728298225e+01
-7.424236842318455842e+01
-5.944335988041989793e+01
-5.248277791576674645e+01
-5.731392537244929741e+01
-7.895245625454076333e+01
-5.163275043350519411e+01
-6.287648194111108779e+01
-7.784670076320695387e+01
-5.956004816569042504e+01
-6.587965110231914423e+01
-6.043419106922318917e+01
-6.703992804345966761e+01
-5.661275538075096136e+01
-8.713886785591924422e+01
-6.192266717104633500e+01
-6.592854944864370736e+01
-6.112547137860409663e+01
-6.501433118618545848e+01
-5.644213042391372426e+01
-8.065403067807622506e+01
-8.454185646913985863e+01
-8.937902826708193516e+01
-6.530003137130842106e+01
-1.183664296043639723e+02
-5.549912159859592720e+01
-6.517278798351868829e+01
-7.728966924490281087e+01
-1.095105966793982901e+02
-4.918875702872024647e+01
-5.548646502172299222e+01
-6.236847074365198296e+01
-5.352760461215939358e+01
-1.156466795918222061e+02
-5.976422921009447009e+01
-6.350673435234018882e+01
-7.521660655226399683e+01
-5.369264195387675187e+01
-5.400432125854736398e+01
-6.051075750265272291e+01
-5.975167667699047058e+01
-5.542593285552760562e+01
-8.630454943291843506e+01
-5.496984721961419496e+01
-7.252131989266651146e+01
-7.018574359192952272e+01
-6.738134930210776474e+01
-8.552488208636759737e+01
-7.712705722557845434e+01
-5.430863770278739366e+01
-8.359409396229517597e+01
-5.512941211965976862e+01
-7.398567834548825317e+01
-6.817905566320008859e+01
-8.186366593276842707e+01
-1.000859054574058007e+02
-1.050223997971441321e+02
-5.843053435292033981e+01
-6.140365812898850351e+01
-6.902692258743151399e+01
-5.440937324639065054e+01
-7.588963739356987048e+01
-5.890452900812260850e+01
-7.615739199215181543e+01
-7.098011814368420858e+01
-6.157278960544778101e+01
-6.520619077297492083e+01
-7.563313563575269427e+01
-5.064028883642946255e+01
-5.643765622292655593e+01
-6.734670339684905116e+01
-5.948274230912143423e+01
-5.658614809887071573e+01
-7.458426513174346439e+01
-7.003648446678870698e+01
-8.458422181611784652e+01
-8.717408226063172094e+01
-6.187149268194809792e+01
-5.451849089402262649e+01
-7.509251946262480715e+01
-6.147724279868524633e+01
-6.919890661267794485e+01
-5.675933274365416992e+01
-5.695400631406203473e+01
-5.473015912925779247e+01
-9.129806837717141832e+01
-7.682789403696941122e+01
-5.255094018796360444e+01
-5.599069299132504796e+01
-7.360625299655295350e+01
-6.653167775540141804e+01
-6.347205180920374801e+01
-5.732951435425797371e+01
-5.343883816014801624e+01
-9.588704043510689701e+01
-5.372506946953276952e+01
-5.654956682322514894e+01
-7.551743663598961120e+01
-8.458800383878752882e+01
-5.359609871662132008e+01
-6.337302703289461903e+01
-7.311689897058526810e+01
-7.078064050354127801e+01
-5.355428045996052333e+01
-6.167733129845506568e+01
-5.947514226085021960e+01
-5.910044739886461684e+01
-6.400585470553737366e+01
-6.775486558115503044e+01
-6.702180599984734499e+01
-5.451594422671215057e+01
-9.441578561354680232e+01
-5.783068754611931439e+01
-8.218922000869824274e+01
-7.546999303698983397e+01
-1.071093496717491007e+02
-6.830952655182663591e+01
-8.642254212515108236e+01
-5.995914249744431856e+01
-6.874938056367440709e+01
-1.048397342237775831e+02
-1.024758826732408039e+02
-6.338233765222212668e+01
-5.979795117323660492e+01
-5.971431339556988860e+01
-6.917048037994770482e+01
-6.707546978447250297e+01
-8.050366975185725948e+01
-8.994663570986296008e+01
-6.598914870195406479e+01
-7.683940939877109599e+01
-9.185744311919424376e+01
-7.564046122993177335e+01
-1.121974086630138032e+02
-6.894242014641197613e+01
-6.937540513120387686e+01
-6.670591673039436387e+01
-6.650778081544113718e+01
-6.776641193768148241e+01
-7.174455046476103348e+01
-6.374670442309139418e+01
-6.917570345738623416e+01
-5.579883275344421634e+01
-1.164490618834139042e+02
-5.250653039970230651e+01
-5.692372465281518856e+01
-5.024234489563751538e+01
-7.042141499419864203e+01
-6.425066796815566761e+01
-5.701573233060540957e+01
-6.018096439637472628e+01
-7.216491726057182632e+01
-7.451526097288902406e+01
-1.095310831047480349e+02
-5.633704499467553006e+01
-5.997684415015299209e+01
-8.332605738801601092e+01
-6.174905251584087296e+01
-6.817756320140171056e+01
-5.326835360957193899e+01
-1.065725796223557609e+02
-6.776322973487832257e+01
-6.634888159699629284e+01
-8.607588355603078867e+01
-6.515650521874840706e+01
-9.482578016136467625e+01
-7.088205616088708894e+01
-6.149200533981954919e+01
-6.784397996542234921e+01
-9.089240289678892282e+01
-6.311040006628446264e+01
-6.514402868240441080e+01
-5.493444732964531596e+01
-5.682130097439500105e+01
-1.443397017350172860e+02
-5.234583582246732902e+01
-1.085752431718251927e+02
-7.194357923548325573e+01
-6.219348169001809623e+01
-7.385637476095078569e+01
-8.220564193717559931e+01
-5.750027821097446434e+01
-7.148831297941895002e+01
-6.055068724056625484e+01
-6.805010910261583490e+01
-1.136662953959482252e+02
-8.915749639886296052e+01
-5.874536556899874284e+01
-8.646925874576123761e+01
-9.250004954610184882e+01
-5.595768934048056309e+01
-6.261130101729317943e+01
-5.183310459811080051e+01
-5.970007101976521113e+01
-1.206733324898381028e+02
-5.984725973319145709e+01
-6.625690309546359913e+01
-8.774436139331089635e+01
-6.019507197389979325e+01
-6.011609624720026801e+01
-1.159952632989116097e+02
-7.234590065578446172e+01
-8.855139135841307052e+01
-7.865883422682989590e+01
-8.217240794240508706e+01
-6.042275932851385534e+01
-7.100243872944253098e+01
-5.425539261864204121e+01
-5.681944871698777177e+01
-5.329594009498974572e+01
-5.545731381208495492e+01
-8.777242839893477822e+01
-6.187429262957716247e+01
-5.964215555349376530e+01
-7.415308497210719452e+01
-7.480153797242776648e+01
-8.149275769210936460e+01
-7.107985056243073529e+01
-9.924268939299909675e+01
-6.553095968706075780e+01
-8.966654430071426418e+01
-5.654266715855744962e+01
-5.596342726776537546e+01
-5.902521985814474448e+01
-6.344329788190623276e+01
-5.660152572248482983e+01
-8.877536417451632644e+01
-6.839902798057963196e+01
-7.559957117415605410e+01
-1.059552075517939187e+02
-5.985799646263863139e+01
-5.979342637557790852e+01
-5.321031743740326903e+01
-6.831323572499191243e+01
-5.823415797790344328e+01
-7.447422287048239298e+01
-9.157829863468430176e+01
-8.034990860603407725e+01
-5.671925374967344879e+01
-5.843499050721786858e+01
-9.849503545609677246e+01
-9.077595753469205420e+01
-1.068578513313803313e+02
-6.823203379996998308e+01
-7.190999417424377782e+01
-6.475909322969695836e+01
-6.753090768381997577e+01
-8.161595832167235187e+01
-8.071900329571614918e+01
-9.328092069064361169e+01
-5.530525654863779295e+01
-7.355886027593012955e+01
-5.893819666529633849e+01
-5.881739316458428135e+01
-7.528231355728804886e+01
-9.950063489731611810e+01
-6.686004725896343359e+01
-1.322883269231168413e+02
-6.009170382061467564e+01
-7.622131174101920692e+01
-6.517354253200757341e+01
-6.353124500836411670e+01
-7.196935465417347189e+01
-1.081920457086236667e+02
-8.933921209167230870e+01
-5.422313996291765648e+01
-1.196039254028844709e+02
-8.093024490951631833e+01
-6.097294788229397966e+01
-6.552626039765901567e+01
-5.789415561454890735e+01
-1.063063718076176087e+02
-5.915805472874022541e+01
-9.049374059183328711e+01
-8.358346058864825068e+01
-7.445995791579333911e+01
-5.718550093847929361e+01
-5.270982068488726924e+01
-5.634204826035338698e+01
-1.113882343998441087e+02
-7.023193432052845253e+01
