-1.008115286964468140e+02
-1.276532457769204427e+02
-1.681565539581967244e+02
-1.726030960187786718e+02
-1.689864312710213596e+02
-1.142938095888003289e+02
-9.867395682097328802e+01
-1.025025156728842433e+02
-9.220046309498142989e+01
-1.323346358034354751e+02
-1.461829935231573359e+02
-9.049223636584521557e+01
-1.561524638024510523e+02
-1.319907582986450905e+02
-8.623280814079848255e+01
-1.448987651539556794e+02
-2.873501991892085243e+02
-1.033282895518657938e+02
-9.795162036684897089e+01
-1.068463380528465336e+02
-1.113269536199828025e+02
-7.900549902930021062e+01
-9.290970533814923726e+01
-1.550653196731716150e+02
-1.933524852169315409e+02
-8.929020928067610896e+01
-1.729699803042317967e+02
-9.906038502698109482e+01
-9.580184452653955418e+01
-8.485265775426306334e+01
-1.122503164928988610e+02
-1.089919278371877596e+02
-1.580356799970497548e+02
-1.128831180085695678e+02
-1.005104117171013627e+02
-9.814000354045766983e+01
-8.485865525103920959e+01
-1.001625222290932840e+02
-1.179848578197096316e+02
-9.292169937848642292e+01
-1.298506228584843996e+02
-1.901486193029216452e+02
-9.544923562157289609e+01
-1.173348213712149715e+02
-9.259187309264305554e+01
-1.274454946886728237e+02
-1.404465473849801640e+02
-1.324065525611678140e+02
-2.221203835006004397e+02
-1.283444670555461471e+02
-1.357800853617054031e+02
-9.888292278219954312e+01
-9.169380823078103049e+01
-1.656607455456639570e+02
-8.457852921641806176e+01
-9.611800571513772695e+01
-1.034723342738436855e+02
-1.720404037031255768e+02
-1.108182091224633581e+02
-7.781915126997537868e+01
-1.154822926566636880e+02
-1.456865997656773288e+02
-2.415428855254123448e+02
-9.208520073889782509e+01
-1.411304822125535452e+02
-1.284031307250005796e+02
-8.703727106378234168e+01
-1.120132227504031590e+02
-8.950101604664756394e+01
-7.810091721408895182e+01
-1.079972881153027657e+02
-1.319646205980867819e+02
-1.156520189182502634e+02
-1.393447122012158275e+02
-1.467669301019562909e+02
-1.467562690051757102e+02
-1.249078391215510777e+02
-9.554321907478626485e+01
-1.359785217757325313e+02
-1.337203767199829656e+02
-7.627334433000974911e+01
-1.141240352646007636e+02
-1.947051590258251110e+02
-1.433806483343557261e+02
-9.645798647726684294e+01
-9.948456387824354863e+01
-1.139626892117841663e+02
-1.321538437930271925e+02
-1.200993551467197022e+02
-1.464609253228133525e+02
-1.258007974468429353e+02
-2.577412061261233589e+02
-1.074565222752580524e+02
-1.564471108406960980e+02
-9.091722276740757991e+01
-1.091798250999798654e+02
-2.178207362536549851e+02
-1.481207836533911575e+02
-1.203782855041323785e+02
-1.112827176632694943e+02
-9.984569317253166787e+01
-1.500008973983684371e+02
-7.797648725834855554e+01
-1.095616042149930820e+02
-8.034268509192226304e+01
-1.114949549686084396e+02
-8.930595789928985084e+01
-1.588954049385903318e+02
-7.607207795404428907e+01
-1.084775671452281927e+02
-1.183653828782775577e+02
-8.252024898719555779e+01
-1.364812683039342858e+02
-1.181095229140910590e+02
-9.011571785296941073e+01
-1.077425088992069675e+02
-9.300759590111415775e+01
-1.091821602334502614e+02
-1.881432056979742811e+02
-1.427112288120983692e+02
-9.338260032162104096e+01
-1.134206353849255606e+02
-8.077027576785846463e+01
-8.706123240478289915e+01
-9.571925491263455399e+01
-8.715353969969933701e+01
-8.741954305115508816e+01
-1.781371062880905072e+02
-1.262675830158551094e+02
-1.447808731735755714e+02
-1.176261249978013410e+02
-2.190877625113328691e+02
-1.931383920316429794e+02
-9.581846687984739219e+01
-1.116806443209907798e+02
-8.841761019813614553e+01
-9.724942404275824970e+01
-9.874945550309170983e+01
-2.291000499616577031e+02
-1.280202880028180630e+02
-1.601043758608187488e+02
-1.162247060002497534e+02
-1.464401703113288136e+02
-1.157152487370969425e+02
-8.480546261816022025e+01
-1.055086614379441841e+02
-9.178680121966908700e+01
-1.650789027193635548e+02
-1.176584400492555318e+02
-1.204059285974129381e+02
-1.398118823321586888e+02
-1.050194468164374371e+02
-1.006958209886321640e+02
-8.374607729594576710e+01
-1.138715497411460831e+02
-1.104897200861603181e+02
-9.949108834592273354e+01
-1.466607423359705535e+02
-3.289874722698510254e+02
-1.226407751084662863e+02
-9.736943887496029504e+01
-1.266511957990322230e+02
-7.734695281836827974e+01
-7.911882771460720676e+01
-1.052179713795495246e+02
-1.361769141940505108e+02
-1.175744678365740015e+02
-1.041109797830017669e+02
-1.519222342196137845e+02
-8.020108368392183706e+01
-1.847615443365311023e+02
-1.201850500527295935e+02
-7.977709341467941329e+01
-1.337022619724845640e+02
-1.581829636544765378e+02
-1.096217600634311680e+02
-2.119389890435246002e+02
-9.264474060025096946e+01
-1.036566763242334019e+02
-9.949520659951078017e+01
-1.197104958856960337e+02
-1.045352419099267394e+02
-1.770775288431871957e+02
-3.018098020458366477e+02
-2.679698016384848529e+02
-8.690051285806455894e+01
-1.027388446965690747e+02
-1.552000478768767380e+02
-1.473331998894241508e+02
-1.172147057598346009e+02
-1.104054431391196687e+02
-1.532197864582209377e+02
-1.349608845207002616e+02
-9.228141708401061294e+01
-9.672931632172068817e+01
-1.327543386672332417e+02
-1.770199673847102986e+02
-2.083754786721391667e+02
-1.153607246919069240e+02
-9.697766058206957496e+01
-2.503746844564302023e+02
-9.238086120888057451e+01
-1.190736261314035431e+02
-8.642800294243220094e+01
-1.853052201392279699e+02
-1.452140166279657763e+02
-2.448975799822038937e+02
-9.198325953162962776e+01
-1.054046826533003127e+02
-1.535341903841106159e+02
-1.590638342292607774e+02
-1.597155135918021926e+02
-1.095368480927187989e+02
-1.323995118640703481e+02
-1.389218870777659447e+02
-1.742218697120653985e+02
-1.401688665962537925e+02
-1.138265195995950307e+02
-1.275586287748590166e+02
-1.243114830860368727e+02
-1.447289191104089809e+02
-1.734530176383973981e+02
-8.960231330456964827e+01
-1.131122425357067272e+02
-1.160459638231347270e+02
-3.064658528108394080e+02
-1.234644769876414756e+02
-1.224357480317189157e+02
-9.628439003204246660e+01
-1.066875391238725541e+02
-9.656074864728240925e+01
-1.185781313093463183e+02
-1.108648372474729769e+02
-1.091389008297428944e+02
-9.127237672579340710e+01
-1.220045520960013476e+02
-1.655805285879035011e+02
-1.042499487866628129e+02
-1.093527534754431372e+02
-1.888971008074396138e+02
-1.199432461231019147e+02
-1.153244370239894039e+02
-1.389862323898578609e+02
-1.455349823815517709e+02
-9.986455134545832379e+01
-1.776872447249374147e+02
-9.305335047421259276e+01
-1.200861112013364220e+02
-1.154789740180188886e+02
-1.388244436090344038e+02
-1.168216122167910385e+02
-8.023188588704010726e+01
-1.431925521583582963e+02
-1.095624785610077225e+02
-1.402166441368753169e+02
-1.197189793241155371e+02
-1.148161130558798817e+02
-1.219766830568863583e+02
-1.503757933067146837e+02
-2.049931998121827235e+02
-1.544258151996720301e+02
-8.843112675855859095e+01
-1.184292520881803341e+02
-1.687381474873501190e+02
-1.151028765783123760e+02
-2.528152820880916920e+02
-1.076668994613351344e+02
-2.574122323014638596e+02
-1.215320935900969346e+02
-2.018353854447615277e+02
-1.705821837277636348e+02
-9.447037547431138194e+01
-1.313899796225033754e+02
-9.474419820894988220e+01
-1.067308657083543011e+02
-1.089594470913216355e+02
-1.493610501882624817e+02
-1.141336548785284037e+02
-1.083265471645276961e+02
-1.019707082861929734e+02
-8.903707717489281492e+01
-2.468377369252399944e+02
-2.880502774960635861e+02
-1.011667752329883427e+02
-8.163716383292930345e+01
-9.468780100307509429e+01
-1.154562835435076664e+02
-8.997274632034886110e+01
-9.501525565223678882e+01
-1.248202277063018499e+02
-1.227730653909267318e+02
-1.090772681176891865e+02
-1.023950382259868235e+02
-1.098574125387236364e+02
-1.426272130449120539e+02
-1.143085852087307472e+02
-1.156889344165412865e+02
-1.645146661880233125e+02
-1.112124092243911520e+02
-1.012141393235982463e+02
-1.535262437372726936e+02
-1.978977296652722089e+02
-1.989526085328644172e+02
-1.025199789462461268e+02
-7.562667990131483009e+01
-7.903335177193851280e+01
-8.996598219326214974e+01
-1.243109154721022094e+02
-1.142895167805905601e+02
-1.498926444540972511e+02
-1.305189642169269746e+02
-1.382192208829614231e+02
-8.054080243925749016e+01
-1.295562713278838771e+02
-9.146304586464709985e+01
-8.595605905134405589e+01
-1.309110385246460169e+02
-9.487808563987518085e+01
-1.048871301450957674e+02
-8.316780622927144861e+01
-9.534732449391120213e+01
-1.181587135165821820e+02
-1.043118099402486934e+02
-1.510202751413688418e+02
-1.559794071261611066e+02
-1.532626167910053994e+02
-9.868908095843187311e+01
-1.480995130239311095e+02
-1.326315435958965168e+02
-1.356824852291936168e+02
-1.387113656480351267e+02
-1.119421711954543923e+02
-1.333558602626114009e+02
-9.581352074604559732e+01
-9.281200619667154683e+01
-8.936856495505394093e+01
-9.447391156922199684e+01
-9.059193506850613176e+01
-1.621597495071967785e+02
-1.344782882391565977e+02
-1.261899798508659956e+02
-1.372992695854433691e+02
-1.074302373772215304e+02
-1.003603617239633365e+02
-1.682954991094328250e+02
-1.248466316888692660e+02
-1.732444738807686520e+02
-1.648158177244456226e+02
-8.499219109173039044e+01
-8.620307167284757099e+01
-1.451025493232120596e+02
-9.018133453672042776e+01
-1.468515755456009515e+02
-9.814402831216898448e+01
-1.098965179225645983e+02
-1.587363602905150231e+02
-1.135867214372727005e+02
-1.424691718715386912e+02
-3.161978858137097177e+02
-2.058488834479453544e+02
-1.573740886710465077e+02
-9.387226691252898547e+01
-1.303569244607065230e+02
-1.250758708377271944e+02
-1.072878777267193158e+02
-1.572355776233257245e+02
-1.001467206670731258e+02
-1.600389374762460761e+02
-1.874850199660177736e+02
-1.110824552371995253e+02
-1.731840620375862727e+02
-1.059280570602141154e+02
-1.455332269660108011e+02
-1.770163937381628898e+02
-4.536488415018230285e+02
-8.926271888873010596e+01
-1.031804562106309646e+02
-1.610238661454855276e+02
-1.838814034155058721e+02
-1.171906904669868368e+02
-1.105148267362207974e+02
-8.853666699417797759e+01
-9.833879144682849471e+01
-1.157346890570202760e+02
-1.745791605994047870e+02
-1.931480005551534873e+02
-1.323393237464035792e+02
-1.273147602647751455e+02
-1.184186024787424145e+02
-1.214910696855888546e+02
-1.233549027317447724e+02
-3.002281208519341931e+02
-3.253500653556000088e+02
-1.710894184519181636e+02
-1.215068993311975163e+02
-1.066365704235541045e+02
-6.151579943035941369e+02
-1.211561811043287662e+02
-9.752896186110581311e+01
-1.009361624352398223e+02
-1.622411958477720475e+02
-1.141281650946980903e+02
-1.466850059460882676e+02
-1.662015193528448549e+02
-1.182179224127257982e+02
-1.411037940649780467e+02
-1.957527426301858497e+02
-1.979388406133141700e+02
-2.019632774768047625e+02
-1.617545939586556472e+02
-1.627307182704610113e+02
-1.332951236816066682e+02
-3.292674530082184106e+02
-2.252653427055743407e+02
-2.144587703219444279e+02
-1.690103282093474206e+02
-1.149073702985514416e+02
-1.527232030979503463e+02
-1.377360689857918885e+02
-2.385614421957858724e+02
-2.082281343832407288e+02
-1.989924736905677207e+02
-2.731953972068513394e+02
-1.583724181446807791e+02
-2.313504436253725203e+02
-2.496653518260126816e+02
-2.288361012853172269e+02
-2.230412454132576272e+02
-2.282416670203913611e+02
-2.168371258753364543e+02
-1.699060333833566858e+02
-1.381306389612651060e+02
-2.282460573593986908e+02
-1.733876002599397168e+02
-2.050645376528215991e+02
-1.519273571091846975e+02
-1.066924360481402658e+02
-8.054303789717705797e+01
-1.818122432458980882e+02
-1.510743869796646379e+02
-1.792709313916536473e+02
-1.852360900916733613e+02
-2.029553216664158413e+02
-2.106693786218433218e+02
-1.363001593476423068e+02
-1.147069444496648316e+02
-1.993776722686455116e+02
-1.315065624664429720e+02
-1.536241113029512348e+02
-2.100955222164366489e+02
-1.219805875220995830e+02
-1.090119165661397034e+02
-1.601426225110417647e+02
-1.311676191170622303e+02
-1.232893181666468649e+02
-1.024059443032490151e+02
-1.274049905013675499e+02
-1.162781946852007451e+02
-1.096785015291088001e+02
-9.578105813452658879e+01
-1.109427544756590578e+02
-7.715300822416783433e+01
-9.790382970301261878e+01
-1.118625433228776700e+02
-2.708133572037789349e+02
-1.243173016403214177e+02
-1.100549911239093177e+02
-1.363631081456842082e+02
-1.032632739896585718e+02
-1.104594940719659490e+02
-1.461780797725892853e+02
-7.897735770239645490e+02
-1.518155106123103906e+02
-1.629376807319767124e+02
-1.888272402394680967e+02
-1.101644384100059284e+02
-1.350658060929670796e+02
-7.964794695257305079e+01
-9.230598472041039315e+01
-1.497626951201247323e+02
-1.679030464231699682e+02
-1.745275611036867929e+02
-1.560858305253353535e+02
-1.243093904143555193e+02
-1.373129981972849691e+02
-1.972610308792252454e+02
-1.619747026864029920e+02
-1.788641085712676499e+02
-1.608403343247526607e+02
-1.603950161278725943e+02
-1.829054523056250900e+02
-1.285309905027701234e+02
-7.700230492542081606e+01
-1.105998424190515692e+02
-1.046096619285270606e+02
-1.213051828084219181e+02
-1.211300557503219153e+02
-8.552039126234608091e+01
-9.881955282060383183e+01
-1.583763920986075391e+02
-9.832736414629154353e+01
-9.818111528164352819e+01
-1.009334307225407201e+02
-1.261422525228904163e+02
-1.046485175960112883e+02
-9.002282160646713294e+01
-1.229097336524422133e+02
-2.925973148956491059e+02
-9.332854879609489274e+01
-1.206533770651244595e+02
-1.405084345668356605e+02
-8.777214650727154321e+01
-1.396571304231769659e+02
-1.222705811381438252e+02
-1.248260446984173058e+02
-8.718608563462213112e+01
-1.116466741674359611e+02
-9.857445354845059171e+01
-1.449120716498808008e+02
-1.093419046567560855e+02
-1.712844687855411223e+02
-1.274539116526318452e+02
-2.776876769042364117e+02
-2.283988945019208074e+02
-2.168332806934296286e+02
-9.058002037836301668e+01
-2.141119946878100393e+02
-9.224810868976548761e+01
-1.198994788753334859e+02
-8.829997828481866406e+01
-1.177270178991655740e+02
-1.069619527939061499e+02
-1.485392427850410968e+02
-9.519068492771451417e+01
-1.215889144555256536e+02
-1.148761071967737593e+02
-1.081548753810290719e+02
-8.414337169238514491e+01
-1.349956120763757497e+02
-9.622668583883343274e+01
-1.071504968706661742e+02
-1.149127427069734608e+02
-1.133537877866894803e+02
-1.023236474953374255e+02
-9.705576223816210302e+01
-1.647218360015719156e+02
-1.652314315750207356e+02
-8.554262577358672104e+01
-2.091012264693033558e+02
-1.277143807884604882e+02
-1.298708726801557418e+02
-1.609198313389439079e+02
-1.521579835312908529e+02
-2.454469303971696661e+02
-2.688744613330394486e+02
-1.079139727393901040e+02
-1.222950356132637211e+02
-1.038618324425007842e+02
-1.303193273008221240e+02
-1.247782378346015832e+02
-8.846457616724084971e+01
-2.373376913704670415e+02
-9.557983828583860486e+01
-1.009865168190373339e+02
-1.130603539230618679e+02
-1.310445721923516658e+02
-7.896316898129653339e+01
-9.302163137302521534e+01
-2.100320037378637608e+02
-7.669846396907266239e+01
-1.439451236950363295e+02
-9.723736452559994348e+01
-1.219577344506747210e+02
-1.299027343390664555e+02
-1.887451342249734410e+02
-3.753032230899816568e+02
-1.479162580496375767e+02
-1.220152461173707081e+02
-1.071293160945089795e+02
-1.200442450898005546e+02
-3.444024471840208435e+02
-3.608077852321169985e+02
-1.127649501522209903e+02
-1.055874967198538030e+02
-9.569875334699072766e+01
-7.205890931982686709e+01
-8.000870653598870774e+01
-1.730560933103158732e+02
-1.032653598715805856e+02
-1.263239353569198471e+02
-9.154558682507263256e+01
-9.349160838606810842e+01
-1.166173778264204657e+02
-7.713486291906728809e+01
-1.043722238755422040e+02
-9.116549426797818967e+01
-1.057437829784174852e+02
-1.136313620949507737e+02
-1.419911200598232028e+02
-1.089637443542088988e+02
-1.096602036448746702e+02
-8.907907360096196214e+01
-1.532378987083045843e+02
-9.016526775274736849e+01
-1.253996628108573503e+02
-9.068460972252530894e+01
-8.922589034593190149e+01
-9.473998209492962985e+01
-1.559959752356598983e+02
-7.735373106886244443e+01
-1.360520626366255215e+02
-1.146028483802885063e+02
-8.777051734925498749e+01
-9.929000105603522286e+01
-1.317282067683972855e+02
-1.007292856841975635e+02
-1.154537348719587442e+02
-8.813759517786211006e+01
-1.543633554682871249e+02
-1.185581265603826324e+02
-1.395949324677587526e+02
-1.086256878253487628e+02
-1.145236807252163942e+02
-8.793875599022840106e+01
-1.295132562949177668e+02
-1.803852599320745185e+02
-1.198618301682143255e+02
-9.176520204165808536e+01
-1.148944137093988331e+02
-1.809544763771842213e+02
-1.040533545470391630e+02
-1.428399210418380960e+02
-1.094662885663917109e+02
-1.236844478028802001e+02
-1.448719612632310145e+02
-1.379941901130381723e+02
-9.032824674344446692e+01
-9.769188660081297826e+01
-1.394220617080245574e+02
-8.928125680796061658e+01
-8.362841483622688088e+01
-1.359726938719966540e+02
-1.348818801478878697e+02
-7.902791308271417847e+01
-1.325415131199447103e+02
-1.355522862611453547e+02
-1.123158001198378031e+02
-1.505595932258055427e+02
-1.209538212888898556e+02
-9.180193036457824007e+01
-1.549828590919293561e+02
-1.404471784680886515e+02
-1.260623948409452737e+02
-9.259636701596674868e+01
-9.218994384146313337e+01
-1.088562482648937220e+02
-1.035265509569689613e+02
-1.185294014260137629e+02
-1.134095765489814198e+02
-1.252153743875550020e+02
-1.183478022661301452e+02
-1.894028285821465829e+02
-1.013168615423217886e+02
-1.081683602892867100e+02
-9.593329365656978780e+01
-1.418720324805682083e+02
-1.421296625918468521e+02
-1.613322141602592694e+02
-9.729361805843748812e+01
-2.828042275888408312e+02
-1.178009953814423341e+02
-7.989859281165520599e+01
-1.139583223088928179e+02
-8.930091467907283231e+01
-1.242247953918913481e+02
-1.296405913155956284e+02
-1.431064357628468144e+02
-2.885613565977794224e+02
-1.104308889538363587e+02
-1.936045779978025507e+02
-1.578878079655129341e+02
-1.456712971924101225e+02
-2.361446796335254703e+02
-1.199065556764397797e+02
-9.399080719725138522e+01
-2.219328935287058755e+02
-2.041676510185997984e+02
-1.393632755207425475e+02
-1.167858082793265311e+02
-1.425732191743786643e+02
-3.011735481922812028e+02
-2.371261822939709702e+02
-1.681508812122246468e+02
-1.855352802845092981e+02
-1.077148784349227242e+02
-2.864298742754073146e+02
-1.073571210545193253e+02
-9.596589145841294055e+01
-1.761015775948668534e+02
-1.096911311179376156e+02
-1.067910743531293463e+02
-9.863178945939455389e+01
-1.585207580699221239e+02
-1.669569548022944616e+02
-2.671305669605530397e+02
-7.770330791910771495e+01
-8.668336282972946094e+01
-1.178155594532343002e+02
-1.216629542251364740e+02
-1.143611140052137927e+02
-1.424715094353692564e+02
-1.668870193468110301e+02
-1.299937881318271593e+02
-8.745652588788881587e+01
-8.741230770004142414e+01
-1.204175176149216213e+02
-1.083857453614394473e+02
-1.528063927706102163e+02
-8.886633514191140648e+01
-1.848075760683967701e+02
-9.809250711439399595e+01
-9.487207477380623288e+01
-8.919068469721304382e+01
-7.630411452464385036e+01
-8.898782431100541146e+01
-1.011554630310380816e+02
-9.875580918070880898e+01
-9.319045938641873761e+01
-1.368423941762048344e+02
-8.853015375773703965e+01
-1.647600241509013870e+02
-6.926193656308061009e+02
-1.576058886916532344e+02
-9.758301621552176641e+01
-1.169209653089632326e+02
-9.585627192097204841e+01
-1.267979874751441400e+02
-1.055422848501460180e+02
-9.545890363546119772e+01
-8.681008371257524914e+01
-8.455380945466120579e+01
-1.323387622787217879e+02
-9.407016490355823635e+01
-8.252171303648393064e+01
-1.140328164742060864e+02
-9.717927788607902073e+01
-8.140121010028373405e+01
-9.726639443086723702e+01
-1.319750360968689904e+02
-1.636161176174732361e+02
-8.841875148841876353e+01
-1.149099475735269635e+02
-9.727100697600832291e+01
-8.555435204150411721e+01
-1.183390986094021002e+02
-9.826522578204551905e+01
-1.014902414697799884e+02
-8.565238206639442353e+01
-9.005488098119047891e+01
-1.191830506873910736e+02
-1.310323440427925732e+02
-1.460194612146094926e+02
-9.600029665318895411e+01
-9.706388527569963287e+01
-1.365397688425307194e+02
-1.187176833730038084e+02
-9.656901111918521963e+01
-1.166614587886486731e+02
-9.048666339761601307e+01
-8.165739854281331134e+01
-1.191628096482037620e+02
-1.091074681702193487e+02
-1.083463038973009702e+02
-9.267808078605911248e+01
-1.219901855810043543e+02
-1.396058840983519076e+02
-1.090435959681376517e+02
-1.337517398438718317e+02
-2.458986211689799291e+02
-2.273363933192661079e+02
-9.631267886132181388e+01
-8.753783823277176168e+01
-8.412047591425623239e+01
-9.221056312866586779e+01
-1.261006835693531940e+02
-1.079844341038381685e+02
-1.158184579970562424e+02
-1.094630709335480248e+02
-9.408217475873020419e+01
-1.016147231040944519e+02
-1.327200436361327149e+02
-1.024608362310962804e+02
-8.276869445584109997e+01
-9.962906037075737231e+01
-1.208447368578216441e+02
-1.268082414522753680e+02
-1.063405265454925228e+02
-9.373927526555975476e+01
-1.128659018636497962e+02
-1.685406025321084371e+02
-1.610458162791882444e+02
-1.108694324183198603e+02
-1.214564533664232044e+02
-1.113248043218485179e+02
-1.000948998298274120e+02
-1.233412118643118021e+02
-9.651977367430019683e+01
-1.161780562325044457e+02
-8.780564924206359478e+01
-1.377928618916703272e+02
-1.575582173852974677e+02
-8.848838076298955002e+01
-1.294968899459630052e+02
-1.416285750691753549e+02
-1.362458175728413892e+02
-8.087210246278060310e+01
-1.555110350616822643e+02
-1.303482829352161616e+02
-1.265339993548117263e+02
-9.836532639035134196e+01
-8.583483195256069109e+01
-8.841071197412412630e+01
-2.053831878297749824e+02
-9.989403866101667973e+01
-1.064919776061951779e+02
-1.279111666729034766e+02
-9.338527866161420832e+01
-1.000134281493745760e+02
-2.031654618016643497e+02
-9.341203832936763263e+01
-1.107382131662083253e+02
-1.007463915528665837e+02
-8.219739212349860225e+01
-1.391580583175474430e+02
-1.093171535578584894e+02
-8.803997796064821557e+01
-1.487092580210403128e+02
-2.949298786543694746e+02
-9.851217723617162392e+01
-1.430484012512697802e+02
-8.555214913723888515e+01
-9.858172770163768917e+01
-1.120617555041481950e+02
-1.211613794353151263e+02
-9.131526467268244573e+01
-9.840218232751014682e+01
-7.968727619652834449e+01
-1.163917683114888462e+02
-1.149403073654624166e+02
-1.308802048953033363e+02
-1.329577429425104640e+02
-1.178784211249084137e+02
-7.632710586884782344e+01
-1.466306051387569767e+02
-1.156475836017817329e+02
-1.279752893679904417e+02
-8.911585043621691682e+01
-1.176999418539040647e+02
-1.084832199834532673e+02
-1.541765011804818073e+02
-9.893856591285019420e+01
-9.773630444401545958e+01
-1.048740925053076012e+02
-1.091580293727382838e+02
-9.514697243426839179e+01
-1.042853498540694943e+02
-1.766778432188301338e+02
-1.723036435459464997e+02
-1.647603155474531604e+02
-1.042926896820280973e+02
-1.437553863374667174e+02
-1.423263722965138527e+02
-1.373925525530764276e+02
-1.170407763359097686e+02
-8.493440000169174198e+01
-1.330946220387488665e+02
-7.777873292872867239e+01
-1.198353940235263053e+02
-1.066016082773980003e+02
-8.550484656312920606e+01
-8.520659553932816266e+01
-1.285489632060777012e+02
-1.014764707520667315e+02
-7.961506803662300058e+01
-1.010812583950620933e+02
-1.714734228720353997e+02
-1.008819347480635287e+02
-8.645804496962136909e+01
-9.171588490528732507e+01
-9.655502487257895439e+01
-7.718322300866667263e+01
-1.520739502868937052e+02
-1.215108456223201472e+02
-1.388622728940794389e+02
-1.077954555510636538e+02
-1.014495185099932684e+02
-1.582348664735457078e+02
-9.699244368667791605e+01
-1.164237460837023974e+02
-8.208199952922358023e+01
-3.377407432773263736e+02
-1.683253004609663890e+02
-1.220825942861330873e+02
-1.133230618619819126e+02
-9.984798143555725858e+01
-1.785833723986700363e+02
-1.809836716072024387e+02
-2.156343881496233337e+02
-1.106964826214190083e+02
-9.049581944360338071e+01
-1.107642691610782180e+02
-8.150142106554871191e+01
-1.689810754942510584e+02
-1.130877769078249599e+02
-1.396681859928009715e+02
-1.293841533802238075e+02
-8.815349332997065801e+01
-1.467985206850045188e+02
-8.884015347188520195e+01
-9.201302353568014780e+01
-9.392105707669840342e+01
-7.767791031178211369e+01
-9.432276792580478286e+01
-7.944328662231394844e+01
-9.624119052503633043e+01
-1.216598495301184073e+02
-1.318058073474858531e+02
-1.149691332164087783e+02
-1.111666126170443647e+02
-1.422186324206062409e+02
-1.108268848229977692e+02
-8.752482751282987294e+01
-1.158597404800722614e+02
-8.707535053336485475e+01
-1.167321032278024830e+02
-7.304008828227513561e+01
-7.974682841164421632e+01
-7.608097097332964154e+01
-1.077829939825055590e+02
-1.155352162699320360e+02
-9.556044297579559554e+01
-1.104033251946057703e+02
-9.168956759696993686e+01
-8.112341689106152387e+01
-1.393682042542608599e+02
-1.064536511197362216e+02
-8.935727945028115471e+01
-2.135254165125441546e+02
-1.051039150959581576e+02
-1.023058692958967981e+02
-1.463543958281377115e+02
-9.184776053233099447e+01
-1.237334152621633763e+02
-1.374842451045154519e+02
-8.204166532580352111e+01
-9.691164230555912695e+01
-7.868413717211943492e+01
-1.394183755800431754e+02
-1.248467875677450394e+02
-1.422088586222611184e+02
-1.270770518048369695e+02
-8.379296094955857654e+01
-1.097591628859571955e+02
-1.645574861984026143e+02
-7.898709108819394942e+01
-7.748016436779349192e+01
-8.889320840234451282e+01
-1.104302704669166104e+02
-8.813538809502239246e+01
-1.622309276987377018e+02
-1.302477110256500339e+02
-1.593983695300567547e+02
-8.380061788461860317e+01
-1.066378289925621488e+02
-1.602357701413350810e+02
-2.054217434144338768e+02
-9.964658178458135751e+01
-2.034822281610763355e+02
-1.343861826319859460e+02
-2.800181401281357125e+02
-9.758107295950176763e+01
-1.005984078265241806e+02
-2.541598580594570933e+02
-1.048544766271303388e+02
-1.685201681453713149e+02
-2.054900239574350280e+02
-2.985802177927536150e+02
-4.422950975228290190e+03
-1.272164232489857767e+02
-1.363107703207180066e+02
-1.379077759126692797e+02
-1.434928218587043602e+02
-1.286967367952995289e+02
-1.614529923194072865e+02
-1.186768239772490858e+02
-8.713985216562743119e+01
-1.633204561391272307e+02
-2.987567337040687789e+02
-5.241131187172884893e+03
-1.895016640519398265e+02
-3.516121954468915760e+02
-1.519917241133472032e+02
-8.001686304894704449e+01
-2.632551539126371267e+02
-1.063006109886062518e+02
-1.488312686164128991e+02
-1.084748930102466460e+02
-1.963914109533887711e+02
-1.594905863795420657e+02
-6.348483004798205229e+02
-1.189730489600346743e+02
-8.573482002964874482e+01
-1.746271332436088812e+02
-2.777869357423087422e+02
-1.012466615254374744e+02
-1.083237147273587055e+02
-1.365978683388634863e+03
-4.363413544638532358e+02
-1.817815513242709073e+02
-2.159218060993154324e+02
-2.398940334185101619e+02
-4.375352564853616286e+02
-2.857794555518272546e+02
-1.118632368530800392e+02
-3.853211287556127331e+02
-2.144338881506724874e+02
-3.898320741971012922e+02
-9.343064470535406940e+01
-8.519394201657210886e+01
-1.080144165981008939e+02
-1.039094738400198281e+02
-1.324427841585749661e+02
-1.146262869753936116e+02
-7.464525473704701142e+01
-1.065922926628302889e+02
-8.638917412100899185e+01
-1.465390946655859352e+02
-8.855737363447649102e+01
-9.228834552508793365e+01
-9.002605998478982485e+01
-8.295543590318638394e+01
-9.700946368791427687e+01
-1.072779343540222357e+02
-9.568906156095935955e+01
-7.733584259660482019e+01
-7.996272373131178313e+01
-7.711759443249908941e+01
-9.587056201900028896e+01
-8.760894664313036628e+01
-1.205085941787132384e+02
-1.474642774503372777e+02
-8.452893489358356760e+01
-1.063211162294534944e+02
-8.482261018926340057e+01
-7.988700175210666998e+01
-9.175821821088383956e+01
-7.677722990873311915e+01
-9.096169244731528636e+01
-1.174540864655704837e+02
-9.486385369320120731e+01
-1.053497785827907904e+02
-1.205043955868219854e+02
-1.112920834233086680e+02
-8.974837357201677435e+01
-1.001548169476949113e+02
-8.812259866320663093e+01
-8.552884252069810600e+01
-1.229047450251090368e+02
-8.033450943559603274e+01
-8.806018970146560321e+01
-7.910486632172997190e+01
-1.231664080353246220e+02
-9.002276460677578029e+01
-6.717788367012944661e+01
-1.153697823419205832e+02
-1.214460036165801569e+02
-1.070976930237570315e+02
-9.412672214808608828e+01
-9.270645846945863866e+01
-7.902324465023878020e+01
-1.542217112219337878e+02
-1.061254436734057265e+02
-1.187316329362461147e+02
-9.264511760716189315e+01
-1.086116362754110298e+02
-7.390735686210221900e+01
-9.055692743055473670e+01
-7.748683633077374111e+01
-1.355105083120724316e+02
-8.979089800284212686e+01
-7.625576636283710741e+01
-8.511471678954092113e+01
-9.953988651339298599e+01
-8.731064981993283425e+01
-8.623243092663020093e+01
-7.366869694169751881e+01
-9.016321138346324915e+01
-9.291278237965892117e+01
-1.017884335462742058e+02
-8.299003310863098193e+01
-1.580363073973408916e+02
-8.806116310044366458e+01
-9.313574024368949722e+01
-1.011418318560078831e+02
-7.990810840988297059e+01
-1.539256329296246975e+02
-9.724424715785254136e+01
-8.574991630759808459e+01
-9.496103941044771091e+01
-1.019447939025750287e+02
-1.161174152000445332e+02
-8.786490530414731381e+01
-9.520493237304134482e+01
-9.372949030929601122e+01
-9.280636444387793915e+01
-1.150203517528252490e+02
-1.218208598293690557e+02
-7.851752946131088606e+01
-1.223215847447916929e+02
-8.108203828044240424e+01
-8.991973276414348959e+01
-1.257344630636571452e+02
-9.041767052612907207e+01
-8.681994905881725799e+01
-8.564679916926279191e+01
-1.042234521687548181e+02
-9.229481880645495551e+01
-8.436803678265739848e+01
-9.951974010772674717e+01
-1.132987304924513552e+02
-7.999557755618286592e+01
-1.057662627092777115e+02
-1.166684942386951462e+02
-7.976188225779438312e+01
-7.041310376322188347e+01
-1.460103602682058295e+02
-1.022259685926516681e+02
-1.100158901304354373e+02
-1.010480769939548651e+02
-1.409570769673206883e+02
-1.199877963315767033e+02
-9.352080356800567529e+01
-8.644945503947504051e+01
-8.612541054036380217e+01
-1.256258601327888016e+02
-1.239870693647224869e+02
-8.516903815956285939e+01
-1.000099796343545933e+02
-1.320346267126914199e+02
-8.852179508649210504e+01
-1.382786209757566951e+02
-8.384872095061726327e+01
-8.039179777353598411e+01
-9.829972610593796389e+01
-7.850462913921244024e+01
-8.703667585178443744e+01
-1.154547961432631809e+02
-1.175271687485131906e+02
-6.788171436156885363e+01
-8.647753788359460714e+01
-1.091059156633836125e+02
-1.331664600618077827e+02
-8.943605043275289290e+01
-7.873892876629764714e+01
-1.145688004165150033e+02
-1.031858389417445494e+02
-9.613501405279541245e+01
-1.376878612997757045e+02
-8.377840547033206064e+01
-8.598909777286776546e+01
-7.295481906199468369e+01
-9.936443408867205562e+01
-8.172598792182439809e+01
-1.148686405173360896e+02
-9.329445300457915380e+01
-8.955756815700402740e+01
-9.674765161161150218e+01
-9.225103594969364451e+01
-8.316184126337007854e+01
-8.002804219378073469e+01
-8.616722208502240221e+01
-9.066643383822116675e+01
-9.314074981484330351e+01
-9.604846122801134811e+01
-1.057993520392216453e+02
-8.687237280049316723e+01
-8.078451784420128945e+01
-1.041226974552437810e+02
-9.925728671702606221e+01
-1.204952930954789423e+02
-8.036538147992746417e+01
-1.257097858984822665e+02
-9.039690798843950859e+01
-8.894686593931160701e+01
-8.832700530483175783e+01
-1.172358228267489153e+02
-8.929193216191441707e+01
-7.615360359148552050e+01
-8.173949161854515921e+01
-1.121820996982805525e+02
-9.342778772767927364e+01
-8.188737699654173241e+01
-1.122436694557238468e+02
-1.271455790024831032e+02
-1.086946806968357180e+02
-9.701276393102158124e+01
-1.044943890275199010e+02
-1.274413585989126005e+02
-8.792667741212773080e+01
-8.759963383738761422e+01
-1.060208464316366843e+02
-1.305174864199977947e+02
-1.096904604313547367e+02
-9.786368433403740141e+01
-1.113185682068147884e+02
-8.209284922736028989e+01
-8.083154835961067874e+01
-1.052202481476038116e+02
-1.111513833296868228e+02
-9.226755122602392589e+01
-1.124419153235388364e+02
-1.089511102257833954e+02
-7.642498699759447334e+01
-8.561976469988616145e+01
-9.299110098950599479e+01
-1.130878549285923924e+02
-9.661065637763026359e+01
-9.335471156469442633e+01
-7.301602204622125214e+01
-1.085885355783700135e+02
-9.556356998194898722e+01
-9.381982464084119044e+01
-8.870290898691213499e+01
-8.802128330681406965e+01
-1.138371755044300215e+02
-7.605487867246755229e+01
-1.367536860939448786e+02
-9.269855454053283950e+01
-1.566949143195974727e+02
-1.056057673409098783e+02
-9.091165944782612485e+01
-7.866371197148896499e+01
-1.042305470069199629e+02
-9.688792505391275256e+01
-1.079715782368331105e+02
-8.174066552264595487e+01
-9.178038479839972297e+01
-1.217026760886596719e+02
-8.560059259576860313e+01
-1.313317596135255201e+02
-7.689317544195489518e+01
-9.203715877441669591e+01
-9.866253525561499771e+01
-8.436651524369935373e+01
-9.672982548277371961e+01
-1.085186458616407208e+02
-1.098835442299797478e+02
-9.505870735243000524e+01
-9.515850590436795642e+01
-9.639583004694630120e+01
-7.700834162969651686e+01
-1.263583012861380439e+02
-8.236484418270428876e+01
-1.083219257334497598e+02
-7.999502543257041509e+01
-1.120152644854729402e+02
-8.265474917168037905e+01
-7.875520322189989031e+01
-1.590819344626503380e+02
-7.911882771460720676e+01
-8.543847374629216063e+01
-8.555780853032834443e+01
-7.375707197666213233e+01
-8.993581022947751080e+01
-9.369986933815609120e+01
-8.219385830276293348e+01
-1.153826333634277859e+02
-9.882938240233730198e+01
-8.727489161173532750e+01
-1.339386445992558947e+02
-1.017661587741036868e+02
-1.078154444366487894e+02
-1.237197698367959617e+02
-9.371433715519660268e+01
-1.175376478227022830e+02
-1.219076438570219807e+02
-9.830759827831624875e+01
-9.641907624131208365e+01
-9.544107571426930292e+01
-8.694694010424196051e+01
-1.190072586151432859e+02
-1.199830677369183007e+02
-8.870651961716725964e+01
-1.076323761447542182e+02
-9.049738683918420179e+01
-1.434493959474466465e+02
-8.772537624636370879e+01
-9.952256153767974922e+01
-1.360175675997811879e+02
-1.733606471299368934e+02
-9.698519763417995421e+01
-7.470191959944558846e+01
-8.230921452818029138e+01
-9.292950489536880809e+01
-7.673895899808194088e+01
-9.969348781805840076e+01
-9.984608286532447607e+01
-8.291768179626417634e+01
-1.663924923143500223e+02
-1.001059185837190029e+02
-8.828237518638439951e+01
-7.851724000252013980e+01
-7.114657153795614875e+01
-1.188605505020350961e+02
-7.640723387168155512e+01
-8.153655077454847344e+01
-7.801400622276396746e+01
-1.155226523786992345e+02
-1.088159750492348365e+02
-1.379983155101820955e+02
-1.073049881024345638e+02
-1.042702585295248099e+02
-9.420832243509273951e+01
-9.011798938017464877e+01
-8.859997796594409181e+01
-9.839038892499952738e+01
-8.192298707943989200e+01
-1.004353172528543610e+02
-9.466206429029993785e+01
-1.084177870835434732e+02
-1.007566398746104426e+02
-1.158144088009061221e+02
-9.667725247304188940e+01
-7.010970913353916956e+01
-1.179825765062932135e+02
-1.183385136816505252e+02
-1.580759637111728182e+02
-9.734309140664680626e+01
-9.503035394218873932e+01
-8.760960899553079173e+01
-8.178314974811888760e+01
-7.922301818312810440e+01
-1.343372882149292877e+02
-9.225586033077878767e+01
-9.363072857167597363e+01
-8.744826312526120660e+01
-9.138736026274096957e+01
-1.059024518647154878e+02
-9.533892822173012860e+01
-8.948634799071031409e+01
-1.267606549951863713e+02
-1.087784310929562537e+02
-9.371886183358083144e+01
-9.051034910483807039e+01
-6.903496591506034008e+01
-1.218100039445893685e+02
-9.240346970302378793e+01
-8.217056068498179400e+01
-1.005114867928713096e+02
-8.235137327790955908e+01
-1.132418680493059782e+02
-9.836943015028859350e+01
-8.164902688068828240e+01
-1.027290345826781532e+02
-1.249577380346793802e+02
-1.010493094744240921e+02
-1.075860173512052853e+02
-1.291460353680207902e+02
-9.022421028838084567e+01
-8.421286046489348109e+01
-1.671833866579683558e+02
-7.746402375461525480e+01
-7.378149763517915005e+01
-8.749290412248785742e+01
-1.346498277510548860e+02
-8.903262071025812929e+01
-9.201747788602952483e+01
-9.376111084324610090e+01
-7.578662320443200429e+01
-7.549294790875217132e+01
-9.917936480833175494e+01
-9.397735431181882859e+01
-1.180944662887646786e+02
-9.092913418456565466e+01
-1.425234480729064899e+02
-9.094462086519850175e+01
-8.963098600536764593e+01
-1.001964123363321875e+02
-8.640623586301811088e+01
-9.262451481749849336e+01
-9.793371313106702303e+01
-8.389255866445016352e+01
-1.181426029663202115e+02
-8.856311693663428741e+01
-1.565818892787273739e+02
-1.158871480036777086e+02
-9.437955951785066588e+01
-1.009884177216358125e+02
-1.571213094559870171e+02
-9.558681762251836744e+01
-1.339247571549408349e+02
-1.206675160601492394e+02
-1.120970131624964807e+02
-7.745045745931165015e+01
-8.755985009672498620e+01
-7.914226156900012654e+01
-1.697518497133343942e+02
-9.744482060749949426e+01
-9.393622084610714751e+01
-7.373676928357075155e+01
-8.491398131442714714e+01
-9.728713048495495741e+01
-2.098318716389520375e+02
-9.253793406232917107e+01
-8.698568405328624920e+01
-9.248869164075446747e+01
-9.365505398518529034e+01
-1.002851284408407793e+02
-9.826098167501579894e+01
-1.100352738146168434e+02
-8.758719803691634809e+01
-1.177236947376367340e+02
-8.134541585169662881e+01
-8.459829659081223951e+01
-8.353790006405580471e+01
-1.320451271122807384e+02
-8.302934266655194051e+01
-1.021151101144127580e+02
-1.114563502464831544e+02
-1.013396234279233283e+02
-1.266207891491296209e+02
-8.401834566949293048e+01
-1.209771647637296041e+02
-1.026746331136706942e+02
-1.319099895225390924e+02
-9.579578219892525226e+01
-1.214446673635777643e+02
-9.475275960890671456e+01
-1.134669840679426898e+02
-1.303139739379192008e+02
-1.375514284022244169e+02
-1.062205455184811740e+02
-9.442912779611548046e+01
-1.028438553194530982e+02
-7.125193205361398441e+01
-8.686011456171293332e+01
-8.582970122612414343e+01
-7.194287946715513726e+01
-7.979288240135244337e+01
-1.000467087589454422e+02
-7.459103823365454389e+01
-1.632577619784024137e+02
-9.774169234798057460e+01
-1.081717219075365080e+02
-1.119372638164299332e+02
-1.189895100376217556e+02
-1.075149327064869027e+02
-8.577186672162582681e+01
-1.093372046421966814e+02
-8.305920352237906457e+01
-1.107353435959172998e+02
-1.451809816782174494e+02
-7.455057773226863560e+01
-7.420318215992175226e+01
-7.953870290674298360e+01
-9.068697975880078843e+01
-8.657694742959742484e+01
-1.174013381875440558e+02
-7.072110626455010163e+01
-9.102590610754140243e+01
-1.056623396221092861e+02
-9.403487690235888863e+01
-8.522721482653092551e+01
-1.101143336919539308e+02
-8.177069522555383685e+01
-1.146136182857094497e+02
-1.073021000450596176e+02
-7.754281927070721281e+01
-8.983447464934440063e+01
-1.157751157128317345e+02
-1.017664772410020788e+02
-8.584294006732744720e+01
-8.413746328082540060e+01
-8.795872685038104066e+01
-1.184164507618252316e+02
-9.327466885702087040e+01
-8.654204250987808678e+01
-8.099341931917267345e+01
-9.966556401336444537e+01
-1.149592893001238139e+02
-1.160308746263001325e+02
-9.338718313002000571e+01
-8.426760851321319024e+01
-9.935243743050055798e+01
-9.000234762134164157e+01
-7.378613026791735763e+01
-1.027581101086120441e+02
-1.213119437693165139e+02
-1.079074867473654677e+02
-1.099159727911929991e+02
-1.350098937014047635e+02
-1.636949146259825625e+02
-1.196895781659314792e+02
-1.135181767847004437e+02
-9.105557455057525829e+01
-1.258492320203489783e+02
-8.170607358299974976e+01
-9.174703078815321078e+01
-1.112643659802746754e+02
-8.588487100518409534e+01
-9.206915882676176466e+01
-9.708749102095390526e+01
-9.427507766866347083e+01
-1.276913503288494667e+02
-9.676443866880084954e+01
-8.000255798754373870e+01
-8.338794224385931386e+01
-9.280583687395936465e+01
-1.230836375791404862e+02
-1.308439784055548216e+02
-8.627888098230845060e+01
-1.107264194634523875e+02
-1.064396150321235268e+02
-9.954086135209821862e+01
-1.004766378124081712e+02
-8.800572601619022350e+01
-7.991510808798545895e+01
-1.139755895200206623e+02
-7.963497643931322045e+01
-1.091227740392158694e+02
-1.326059508144677181e+02
-9.157049995301977674e+01
-9.630743699035380700e+01
-1.205096200217433875e+02
-1.202475520289136881e+02
-7.877193022195787364e+01
-1.002788507078522571e+02
-1.286792028493314604e+02
-1.049933984628519710e+02
-8.541409259884234473e+01
-7.767151303476541102e+01
-8.937619444154208281e+01
-9.186404055619119902e+01
-9.892964399204005588e+01
-1.542580446971641948e+02
-1.066268523682612397e+02
-1.256146010211546837e+02
-7.704119545456759965e+01
-9.796062723374170389e+01
-1.019818592593591546e+02
-8.296641591214633138e+01
-1.374276619042669552e+02
-8.166098989771491290e+01
-1.119080369578999097e+02
-9.337400824309888492e+01
-1.363086593906714938e+02
-9.237058833226345200e+01
-7.230407519966279040e+01
-7.574411420759801672e+01
-1.387333188975439100e+02
-9.191991183954219480e+01
-8.081116718220994244e+01
-9.765335575936232715e+01
-1.000212804563080482e+02
-8.032335307841179883e+01
-1.047031541738646609e+02
-9.505224635074985429e+01
-1.196915728055793409e+02
-7.865676403421623775e+01
-1.223610214764847086e+02
-7.718269501684129352e+01
-1.358854800763817536e+02
-9.107871429830332488e+01
-9.469662080152980366e+01
-7.839623260635470103e+01
-9.411826813111569834e+01
-1.613007946574648486e+02
-7.962051512158708988e+01
-1.146327955677834609e+02
-1.050381074226191913e+02
-1.215728191372712388e+02
-8.640403698626661821e+01
-8.704194021748550369e+01
-1.262125710447155882e+02
-1.201340140996700967e+02
-1.116062201286297153e+02
-1.174409024136974296e+02
-8.405416054837671425e+01
-9.288719385427201303e+01
-8.872430956702065430e+01
-9.416960302869792088e+01
-8.651277297975164515e+01
-8.821106691659859678e+01
-1.198488569599479803e+02
-1.612395091175289394e+02
-8.390573882698302555e+01
-1.165104407337531853e+02
-1.145163677087997627e+02
-8.180539815766603340e+01
-1.042121978682517778e+02
-9.995638728746762069e+01
-1.047722441184782554e+02
-1.107571020824422874e+02
-8.556511451454574058e+01
-1.329481493289135301e+02
-9.490994609198152432e+01
-9.301063389135516957e+01
-7.891485663687272734e+01
-1.062030769277034778e+02
-8.419906352641990566e+01
-1.089683839412456052e+02
-1.077970496962053772e+02
-8.707476938699497282e+01
-1.117583540716879043e+02
-7.197913475480378054e+01
-9.025487991143705813e+01
-1.503073622650851178e+02
-9.566424485856521187e+01
-9.299679804100281899e+01
-9.132499435762753137e+01
-9.133183829604877246e+01
-8.925188811522804144e+01
-1.031757332624946315e+02
-7.358232237439513312e+01
-1.054871802971486261e+02
-1.323795790450480752e+02
-1.035008764404849728e+02
-1.135750645184040195e+02
-8.156524964334055028e+01
-1.097126793924789183e+02
-1.449618121235945978e+02
-1.066050942215640163e+02
-8.745762235961336728e+01
-9.157821205238874995e+01
-1.092051605789768161e+02
-7.348404249455384729e+01
-9.522340367491521818e+01
-8.410248027803366710e+01
-8.016983798540279338e+01
