7.144389562976966035e-01
7.390595606113861127e-01
7.207466611937890510e-01
7.778589196219900526e-01
4.460103804830501395e-01
7.596802062935965605e-01
6.508323251798475706e-01
7.064901691680159912e-01
1.171213561062170117e+00
6.465729528823098704e-01
8.910696389624990221e-01
7.182314299838278293e-01
7.643557691914041330e-01
7.107946778090080686e-01
7.455287153592382587e-01
6.625429214629821040e-01
7.209201219600677168e-01
8.374331951417267605e-01
6.929987706355527077e-01
7.786884265354991896e-01
8.611860020119797010e-01
6.561051013314647129e-01
6.840506017995592325e-01
7.138333788266461033e-01
8.481535891986555775e-01
1.430844824357379030e+00
5.864509885856932225e-01
7.556917756778468442e-01
6.066462498275538850e-01
6.307333823381739979e-01
7.161650369703382868e-01
7.198006352360263316e-01
6.777127065843662201e-01
6.506947839024295188e-01
6.172738648958276952e-01
6.603358295528756194e-01
6.425673589240170624e-01
6.114014787793538019e-01
6.982295243938639873e-01
8.606677981450363557e-01
6.254936343467866200e-01
6.997017564974790105e-01
7.980419358265664620e-01
7.564129429891448542e-01
9.199286336108160045e-01
6.678392972010757100e-01
6.037249944597857798e-01
7.466907935608696478e-01
6.195164256289661386e-01
6.437847537661952613e-01
6.550461128928682930e-01
7.213981311075311487e-01
7.162825319528779433e-01
6.861690943983410618e-01
7.274074252920795791e-01
8.415698423731232669e-01
6.450603105940981852e-01
7.169069713107312225e-01
7.635352587639464561e-01
6.556206189115596494e-01
6.990458502977716648e-01
6.228295536562514778e-01
7.558293124990856926e-01
6.334311757227591988e-01
6.572197498083962586e-01
5.861566855997819570e-01
8.278214769834499887e-01
5.614932113716167850e-01
7.615371680827053291e-01
8.318596180572727095e-01
6.123021741155786346e-01
5.118261556892623743e-01
5.667838586752165231e-01
5.699826391245743640e-01
5.924183698253884245e-01
6.699969084725344581e-01
8.301592964667731112e-01
7.388805295303167986e-01
6.773001188217669943e-01
7.113413070748476619e-01
6.714988050288025478e-01
5.637211273826044922e-01
8.696427137657847251e-01
6.151945023002501900e-01
7.011835342749319633e-01
5.215893436072605027e-01
6.233422383827287305e-01
4.456619285284801890e-01
6.998240663883169566e-01
5.684464997557520105e-01
5.504444559729424480e-01
6.636134080911515465e-01
4.778997170097903369e-01
7.063939241900876187e-01
6.779319444136805428e-01
5.688801321942076328e-01
7.120242568300088060e-01
5.642651828583319373e-01
6.642823883831125986e-01
7.429618173724857888e-01
7.065994890341603663e-01
7.630079520185885089e-01
6.055662604195615195e-01
6.747544502298515878e-01
3.957013795664795497e-01
5.755168848425847861e-01
6.151649257397192594e-01
6.071890788425809982e-01
8.170768694761840756e-01
7.568987141434664334e-01
7.670397221023710355e-01
5.763132422046134407e-01
7.260877355986562476e-01
8.215591068217128479e-01
7.592561450418712221e-01
5.791782216842304987e-01
5.345841320175687139e-01
7.127265217154955534e-01
7.064797124806004858e-01
7.536849695572966912e-01
7.147488082376295404e-01
5.473987795155472735e-01
6.259498948013068054e-01
7.418008964366467062e-01
7.880672172847019707e-01
6.198649681585235438e-01
6.891171990800337710e-01
6.530216725314619275e-01
5.887414648445290499e-01
6.459196000137391591e-01
3.893825593823905806e-01
7.728064384472782544e-01
4.228951687318188157e-01
8.866541450678109282e-01
7.543800442938259909e-01
7.830988279652406625e-01
8.317027966523948823e-01
6.305795909780973485e-01
4.127395923467196970e-01
7.153941329568326291e-01
6.336571501563879050e-01
5.915957461617332713e-01
7.166545928382268560e-01
5.427366526139858482e-01
7.403451992160036133e-01
6.370237974585717389e-01
4.609672903590151249e-01
6.472289646195902302e-01
6.478141910350414534e-01
6.969044084293992691e-01
6.663362761865411210e-01
6.652692496731268390e-01
5.574435246104868513e-01
8.484319396471046160e-01
5.211547362082740165e-01
7.213176048236336069e-01
4.935967670495302051e-01
7.909206882067583155e-01
5.092916426148431652e-01
7.782722852722990803e-01
6.193368787355324478e-01
5.256116767710589111e-01
6.965765047396903498e-01
6.632428556338394454e-01
4.608348539456250670e-01
6.142012286511666641e-01
4.971407025922809919e-01
7.360749050712893649e-01
3.259736846046522585e-01
5.110627304029645712e-01
7.162533699205464455e-01
5.448703809087235284e-01
7.286048974495301644e-01
6.356282867864755382e-01
4.153593650970566209e-01
6.741556085440634227e-01
6.046706168524359493e-01
6.082278141108806713e-01
6.882141314051551939e-01
6.408647559097884194e-01
7.020854381925668575e-01
7.329466742057503259e-01
4.183795094238912937e-01
6.256354562071928527e-01
6.723409906297139749e-01
6.173508549595463357e-01
7.480895003160404899e-01
7.188010778086242336e-01
5.418353639472749395e-01
5.091891205759305761e-01
6.845968885244054780e-01
6.884022030320146035e-01
8.230641089754365813e-01
7.008439392474375973e-01
7.600361780073731088e-01
7.748493566096149587e-01
7.041809312777597141e-01
7.428785899677575744e-01
7.994368676252515682e-01
6.286837899124316786e-01
5.770154859913186884e-01
6.123787304898568040e-01
6.900807960936700125e-01
6.367311651739893108e-01
7.592298848797300881e-01
6.493277460723161365e-01
6.646920697434562930e-01
6.939488891268641435e-01
6.493279053258028677e-01
7.238121387738919443e-01
7.240037088778354946e-01
7.239766201556352421e-01
5.696901072978199920e-01
8.398792760319276907e-01
7.706817418516355156e-01
6.440898214537913447e-01
7.337331661408799111e-01
6.370956088790666882e-01
6.621097674642375530e-01
7.052262761992725837e-01
7.212616504172485454e-01
7.009757033925815284e-01
6.083188098118720299e-01
6.042001935190263184e-01
6.597069056485411753e-01
5.272324497867485471e-01
6.669842628126355644e-01
7.683960652148120740e-01
8.539678782839122961e-01
7.511856214760753714e-01
7.150461350363845892e-01
6.970540955058436294e-01
7.776049773456352732e-01
8.720241127614170029e-01
6.786277917823291261e-01
5.731268370630603348e-01
7.640250352920566757e-01
7.062500836806646642e-01
6.938154853568890834e-01
7.258778144791177001e-01
6.041959490621621187e-01
8.063011918346075779e-01
6.606002915153195154e-01
6.502030256465095581e-01
7.054914976775861213e-01
7.038929500647437276e-01
6.512211486678313177e-01
7.145469111295256193e-01
5.473464742829182716e-01
6.223867974895519461e-01
6.273890217267592551e-01
6.805946351327101240e-01
6.598185764953314880e-01
7.506223643864600170e-01
7.169347015969633752e-01
6.012848485307792368e-01
5.008980470125641293e-01
7.008778214875730495e-01
6.459249386285180750e-01
6.949241074430678733e-01
6.183994661229414991e-01
5.254540658855835211e-01
4.872811200524650443e-01
6.964858601278770545e-01
5.922166663296808409e-01
8.273250746989950777e-01
7.462986837361473835e-01
7.383002696419144195e-01
5.554469473291617776e-01
7.800286958132683912e-01
7.250452468442907250e-01
7.473528705341102585e-01
1.095639376066013693e+00
6.725909500397395657e-01
4.839543061768226684e-01
6.643304422833868905e-01
7.818137987227592456e-01
9.465341756319521904e-01
8.296172112672102195e-01
6.863029808784070207e-01
5.637665394813159425e-01
5.866606505547851125e-01
7.067630059460857650e-01
7.948729687319835424e-01
7.624607026899173912e-01
6.522289122194865341e-01
6.338212501014497402e-01
7.640866527248749707e-01
7.628006828512663429e-01
7.317833728066623911e-01
6.729879720176716873e-01
6.565688111303130681e-01
5.436399711188730777e-01
8.297986385133296894e-01
8.267045940085706590e-01
7.301774748715071928e-01
7.434290222680346449e-01
7.490589127724327501e-01
9.321579494347194128e-01
6.513822595896776591e-01
7.017330995746103861e-01
6.804206453427356083e-01
6.821446314527761512e-01
6.089653516228590302e-01
8.602584817847426235e-01
7.743446937209299552e-01
6.765406786710773668e-01
5.842966547657167942e-01
9.075748819825831815e-01
5.146223802992693219e-01
8.280690476458150151e-01
6.154203806626037387e-01
6.536536841599341896e-01
7.613503735006439399e-01
7.321911893202354138e-01
9.280124611179707550e-01
7.130423870186345381e-01
7.411546119426806190e-01
8.570339622442578742e-01
7.933436932162371003e-01
8.880100086229397727e-01
6.633001306721115764e-01
5.927951675039826451e-01
6.070596830737562399e-01
7.324511728286746681e-01
7.837371674540105637e-01
5.877060926401038721e-01
6.580753718064816793e-01
8.040185108341033615e-01
6.404842391236044152e-01
6.415543163836709972e-01
6.619992241771042174e-01
7.527165212115584092e-01
7.577815977624202670e-01
7.231270773069834457e-01
7.618811276756848327e-01
7.754703667395624889e-01
6.388335774291514779e-01
7.223204385156838381e-01
7.920148289870814207e-01
7.018338484884817374e-01
6.685460250413052252e-01
6.987314986836696828e-01
6.793677625901527461e-01
5.770261051233950278e-01
7.582475301186638594e-01
5.479237763526402238e-01
6.620234152441255571e-01
7.359406314444180142e-01
5.641186318821822532e-01
6.470570155914200372e-01
6.977694458978149772e-01
7.478594626252578204e-01
5.759866621790021846e-01
7.693661173114931806e-01
4.664115807644554357e-01
5.245500022565489084e-01
7.297593390370945565e-01
5.823825515650342677e-01
6.055676047159678221e-01
4.909290609023014840e-01
8.449381856771156496e-01
7.061046512158215549e-01
5.728870258498586221e-01
4.599894923059181240e-01
6.120130901351871211e-01
4.650452202495355958e-01
6.764496809966696889e-01
5.929614084112352357e-01
6.174949073230157071e-01
6.264293498302387908e-01
5.359053787081807796e-01
8.434260527369586979e-01
6.505249855030231787e-01
6.517298118405739915e-01
6.430435814661522587e-01
5.715648661459197255e-01
5.146550421114400864e-01
5.630603020460031027e-01
5.997453275707366194e-01
4.590998527620281933e-01
6.280432509597447810e-01
6.298344229416698026e-01
6.676344606617268251e-01
5.917322120333300406e-01
6.671985807162514881e-01
5.868806322654199770e-01
6.891383755644669984e-01
8.510794766159140989e-01
8.549218533160006794e-01
6.393087853498501394e-01
7.304983486050419250e-01
5.136852770435573756e-01
6.641340174951404496e-01
6.410445793704691031e-01
7.428760978525726921e-01
5.564474090535485029e-01
6.492779437862841174e-01
6.180023407938429747e-01
7.003655794770423659e-01
5.086857463598748463e-01
6.122217199924990805e-01
7.249862761672070111e-01
5.738541151708229648e-01
7.010582183196392148e-01
6.743824166129206432e-01
5.234077570410964331e-01
7.430702740414260044e-01
6.290725768296442366e-01
5.582986526510557157e-01
7.500390832426426790e-01
7.411666236667318053e-01
6.912240655071348883e-01
6.927576667724720805e-01
6.699569793966443365e-01
6.852948540866145022e-01
6.030369838939112492e-01
7.010948712938874783e-01
8.014427767467409147e-01
7.388680325013663452e-01
7.605049169636363127e-01
7.599824476264849249e-01
7.652854184534217952e-01
7.690710952285121360e-01
7.644970108758599725e-01
6.765568449982096721e-01
6.250670685214543276e-01
6.623668395325047475e-01
1.078692835425107965e+00
8.032807559566331745e-01
8.004137961189251582e-01
7.914669164907792709e-01
6.296134973137130775e-01
6.866378610898575818e-01
6.322443635352189562e-01
7.676458207389015298e-01
9.059958663835805392e-01
6.901942252093397068e-01
7.905692443265123215e-01
6.809778059419164808e-01
5.600766622362409741e-01
6.541335762958223610e-01
5.984734824588424651e-01
7.098154884435416978e-01
7.056761486515059634e-01
5.600458999865769449e-01
4.618254857070981378e-01
4.586622736212299656e-01
6.108363299276875491e-01
7.146136875533904975e-01
8.449548926177706809e-01
5.421322856276769020e-01
5.671013542459780732e-01
9.004565024320149158e-01
6.392784552830187428e-01
8.495050723990945629e-01
8.350250461458347262e-01
7.565913250768849796e-01
6.490814697937113964e-01
5.822535025699049349e-01
7.119754359807324295e-01
6.553361221630125133e-01
6.082402212785921192e-01
7.194166107767353546e-01
7.882092819918661286e-01
5.761856853382298915e-01
7.613564029756759721e-01
5.285875149341066059e-01
7.169701483702640710e-01
7.733074763148561903e-01
6.555080425269805833e-01
7.504966603756858534e-01
7.185326478307113574e-01
7.348190284307244413e-01
7.358794683716343155e-01
7.596524244216493749e-01
4.617560673082275469e-01
7.276086608385228249e-01
4.866871288815307617e-01
4.462843129128866715e-01
6.430692475735338975e-01
5.327148734870278401e-01
9.127251096120794216e-01
7.605102790946207669e-01
6.020759372157895584e-01
9.230935725700388783e-01
5.848030046757081157e-01
7.163417163553003064e-01
5.891796032934784044e-01
7.282844969625119624e-01
6.110583418463314542e-01
6.422292189308564936e-01
7.340638467151313629e-01
6.076148350563171929e-01
7.484721492780144203e-01
7.284999195635861735e-01
7.802880702758558940e-01
7.163688038049482731e-01
6.975378070721092172e-01
7.052909414351888895e-01
7.201188145905070837e-01
6.310254204329501793e-01
7.868052041289563814e-01
7.909722837538315510e-01
7.588371013556427513e-01
6.974926706116575392e-01
7.897966828536688855e-01
6.036190839517876494e-01
8.113181618583474863e-01
6.657225131918085292e-01
6.310761117025042166e-01
7.036423499566065720e-01
8.094027292186668499e-01
7.956100902231755256e-01
7.012247345845057378e-01
4.113070913633749548e-01
7.535586002371398306e-01
5.982189829833882699e-01
8.417581383326792066e-01
6.201658170550347071e-01
5.695707832060966647e-01
7.617218615679268723e-01
7.413217219121398527e-01
7.475228817500720879e-01
6.479339476472179005e-01
5.042039462545345740e-01
8.546971762403633432e-01
8.345766896068803620e-01
7.479204144225513051e-01
7.959894318526068435e-01
5.380428203179806745e-01
6.629323141072066550e-01
6.401531303721754718e-01
8.063674550977830702e-01
7.455310867992321899e-01
6.434053371287121736e-01
6.799311719875811288e-01
6.720842817427542526e-01
7.225961719872973088e-01
6.620681794655977059e-01
6.616560042145425147e-01
6.533190779507314083e-01
8.191675795565066531e-01
6.561943476448768298e-01
6.487851992296606030e-01
6.424125009042589429e-01
1.034853331857049641e+00
6.425480262483982408e-01
4.794416441258331218e-01
6.938168101719206504e-01
6.319371014752319660e-01
7.680809324688712136e-01
4.544330458800699413e-01
7.151909630560259190e-01
4.259773729213543469e-01
3.366015943077874661e-01
7.722167304280880273e-01
9.074134904386953471e-01
7.590628871070622674e-01
7.679800982005644538e-01
8.331032914575421389e-01
6.978564837563702161e-01
4.566007260053250305e-01
8.392096458660909253e-01
8.157128130533042309e-01
5.541727207840291269e-01
8.734867230302918450e-01
7.798013723517445150e-01
8.739061282246023410e-01
7.524512170491239882e-01
9.138523865945062941e-01
8.891372941416816333e-01
8.188474440110117269e-01
8.838562705692217802e-01
8.673804255874374425e-01
6.929749654857385588e-01
8.342233701539045754e-01
7.632462383184870358e-01
7.033178059614331179e-01
9.059261116761114785e-01
7.469772866204891226e-01
6.225529990878556630e-01
9.429838995943651270e-01
7.306732722802969926e-01
8.620337183571020745e-01
7.754824318452067100e-01
6.992687506645132167e-01
6.295383128386621285e-01
8.026638697102587150e-01
9.349507394813653116e-01
8.736850479052397089e-01
7.875545766075671139e-01
6.878380668822846600e-01
6.444283628245759399e-01
5.178386864177766391e-01
8.527501631566778428e-01
7.169909798048922367e-01
7.836877282898321306e-01
4.511481875907342176e-01
9.729516490007370511e-01
7.995353225911607797e-01
6.551749174401871878e-01
7.337361339799027826e-01
7.480931151931212719e-01
5.730771256721335360e-01
8.425140216681691330e-01
8.391798966836140350e-01
7.640902985021538196e-01
8.158121543011063181e-01
6.797443017329275472e-01
8.808011969626451387e-01
6.951293000745175643e-01
7.271169243736433918e-01
9.553491177127492184e-01
8.299718411001194562e-01
5.681714223738517644e-01
7.704303154326005432e-01
7.241641347183646049e-01
7.107037512278816527e-01
7.872899807915115789e-01
6.575823672200216130e-01
5.073825311617510270e-01
7.622054803674312984e-01
7.269418074308015010e-01
6.644743180035576069e-01
6.819009053090553385e-01
7.036517709506037166e-01
7.762944518795147353e-01
6.887044844853152936e-01
7.023216244528638352e-01
7.649496708937022493e-01
6.456207705197005708e-01
9.370709752730983499e-01
5.914641240223367236e-01
7.271896225258502877e-01
6.976660763304040058e-01
7.873621520205515978e-01
5.965086174705549471e-01
8.198036111601676446e-01
8.433364365918477601e-01
5.914358768402884214e-01
9.320101273700900357e-01
8.989324930624085219e-01
8.731670860567082304e-01
8.254381840608074894e-01
6.273539165381472049e-01
6.616504189509917477e-01
6.348231510319226611e-01
7.067181196644358732e-01
8.241283080919411530e-01
6.612613461784810909e-01
6.942124955921959994e-01
6.877114249050191308e-01
6.658942662836127013e-01
7.498369105764806086e-01
7.927837224105507286e-01
7.557358630036705716e-01
6.739964466913226371e-01
9.457673725972166601e-01
6.194698179819712047e-01
7.300616551480266780e-01
6.069165293761255020e-01
7.084904368853347512e-01
7.633660223458934579e-01
6.967745518978721853e-01
6.630898568436526253e-01
6.334139966369267682e-01
7.237643606353905135e-01
6.177936701461635982e-01
8.646871946591155877e-01
6.229979850922614526e-01
3.831418056455358490e-01
7.041072878742966612e-01
5.343046764037319152e-01
1.016403486640304443e+00
5.965980766686569403e-01
7.338306819349207366e-01
6.434000646595517958e-01
8.440526483939734259e-01
6.382181388241929820e-01
6.786900532520665497e-01
5.713392281996205746e-01
6.430267481350407932e-01
4.266062975063754092e-01
4.852488296461068273e-01
5.141307828405019542e-01
7.040106537217417637e-01
7.440283656707171733e-01
6.474474197772316364e-01
5.958951793217881487e-01
6.174850635937639831e-01
6.208930368456249127e-01
7.213062961204481649e-01
6.017497889597523963e-01
7.355997571316797989e-01
6.769550733196708636e-01
4.921006969722043212e-01
5.899828268997835412e-01
6.846985454084967282e-01
7.531275018171575963e-01
5.977518482856901683e-01
6.135076867867657047e-01
7.414189205552202955e-01
7.456629884743410930e-01
5.964151287078450769e-01
3.042668801340720486e-01
7.768458082167428724e-01
6.970101395971048941e-01
5.317289810893393032e-01
6.259216563919204335e-01
6.405241162026880097e-01
5.752618008086427537e-01
6.249893955285414915e-01
6.780121660846070153e-01
6.939878587675230026e-01
6.280338880511248112e-01
6.568708998667036614e-01
7.558707480425299607e-01
6.704383583080022468e-01
4.086343489472829549e-01
6.751291928195292114e-01
3.816805581353219790e-01
6.067368658726649544e-01
6.104928061086016822e-01
5.329592341742643846e-01
9.280756466758051104e-01
6.042567655001042093e-01
2.805248975742460904e-01
6.554220568078034104e-01
7.471265003449278908e-01
6.646580968449583571e-01
7.385305486886324378e-01
7.066413976523515661e-01
5.864027431122449396e-01
8.432162350343636037e-01
5.815336136122489785e-01
6.302169467170293249e-01
6.341516111378607823e-01
6.590563155067069578e-01
5.926931970584167209e-01
6.114378332011239925e-01
4.143241301493556517e-01
3.847498858397989663e-01
3.150428388572906746e-01
6.623905316210271232e-01
6.773041612939405542e-01
8.360878922278651704e-01
5.309630282715710470e-01
5.841304686152591907e-01
6.412402342520512333e-01
6.146122564278907463e-01
7.011160985037457882e-01
6.640890066283904325e-01
6.513985554837272707e-01
7.372452927758065266e-01
7.333579584331049173e-01
6.734979339405400278e-01
6.903609113352604520e-01
6.175022975229915723e-01
7.217780489937233313e-01
6.819443372359245137e-01
7.354199661313748360e-01
5.710517040335987282e-01
8.385432341317897720e-01
6.143234258443956985e-01
4.086810565175371113e-01
6.174833661582710409e-01
7.745611544174219043e-01
7.392902493351046767e-01
6.853094207011174444e-01
6.658992794327110998e-01
6.859727660422215711e-01
5.677063322030467818e-01
5.603730355230126525e-01
4.236050131072826019e-01
3.335770932081462137e-01
8.267836249367179757e-01
7.672759268216006179e-01
5.927132480319015073e-01
6.671940418637057890e-01
5.460497142171917284e-01
8.768000090373803124e-01
7.585129093155558166e-01
7.224091811770493310e-01
7.292030834598576261e-01
7.015635338584564895e-01
5.391514227678633198e-01
6.508399807157821959e-01
5.621826020116561518e-01
6.271719491152700776e-01
6.076228889772821162e-01
4.637774884207097048e-01
6.212537695910977931e-01
6.355629890629893586e-01
8.580284721897273315e-01
6.484850455932358315e-01
5.572682564205867495e-01
6.425953199823998263e-01
7.196850074632125116e-01
7.276839337909586369e-01
4.619620873510799641e-01
8.886748857535957669e-01
3.944795291941985971e-01
4.258755937750574039e-01
8.133910080003787790e-01
7.585891031935229067e-01
5.557626729256751608e-01
7.518427012326257541e-01
7.941650263732407122e-01
6.322163929388210368e-01
7.203437174968837509e-01
7.139110360450884318e-01
7.897771089956290291e-01
5.484028616856831961e-01
6.897259526775839644e-01
6.009096768882367101e-01
8.026177326211595409e-01
6.243994567013521069e-01
7.441843318962048093e-01
7.819060325701818748e-01
7.800212335843221823e-01
6.810046392091979595e-01
6.183941576302568466e-01
7.363804511372746830e-01
7.264010672617392528e-01
6.344216449518995660e-01
5.785007433441351488e-01
6.550587842380307668e-01
6.637376500829427206e-01
6.028071090219081496e-01
9.203980453145681473e-01
6.632023066818024670e-01
6.368644726158155800e-01
6.718513526849150264e-01
6.905861317984746117e-01
5.467711535519653721e-01
6.256645045673462358e-01
8.080696283710059324e-01
6.963066632175760606e-01
5.378206928962135924e-01
7.167554665060824615e-01
6.305144430297436875e-01
7.000086944107440923e-01
7.515113854919395209e-01
5.239226744922192980e-01
6.972915070694916118e-01
4.994677370983326981e-01
6.406972960272724338e-01
7.345577614117976273e-01
6.610648170017573433e-01
6.561735822485644798e-01
7.643595162242879937e-01
7.524879186389500374e-01
6.804193974227423780e-01
7.545544005170495838e-01
6.381727179849255860e-01
8.082722675554927516e-01
7.120332545416596659e-01
6.099970359995580127e-01
3.758068925845801100e-01
7.846430277897405992e-01
7.929561789403756222e-01
6.752411685940565844e-01
7.205744168157512952e-01
6.285808773027937724e-01
6.667985270254720431e-01
3.893045630426835158e-01
7.080307213175374148e-01
6.338437633241772451e-01
8.050897070728139093e-01
6.984884268974224097e-01
5.581206808178670320e-01
6.972143155839344297e-01
6.407403626260237406e-01
6.064486836445510676e-01
6.762066510674499265e-01
8.065520173879344723e-01
5.998210737705588214e-01
6.662844240866384604e-01
6.791643186325798665e-01
5.588661569855507549e-01
6.284637470171275941e-01
4.717595287051130626e-01
7.160446219776569476e-01
6.479589284087895473e-01
7.024839346173895605e-01
6.646193882966370259e-01
6.930914475533984653e-01
5.826937753129638464e-01
6.015985285382957626e-01
7.556991311419773982e-01
5.855728709340940474e-01
6.626403373668536823e-01
5.784156952933753315e-01
6.772714429389444790e-01
6.663924378518715219e-01
6.933551305767390316e-01
7.910430301035369371e-01
4.490723369997802750e-01
6.988440429056479442e-01
6.524176555240883690e-01
6.467600240262280087e-01
5.126078344947987420e-01
7.951367679534045996e-01
8.450163520512378179e-01
5.607948127430480989e-01
8.257834299766777519e-01
7.789083096749976898e-01
6.929155331462152345e-01
8.210284701844519084e-01
6.505017508063042353e-01
7.661371646170900274e-01
6.681136432961044536e-01
7.312367253944060952e-01
7.406475887794172763e-01
6.851890525961221723e-01
7.449693784982018840e-01
7.654418001684134554e-01
6.705469235160123054e-01
6.269661327076794244e-01
5.609530675908839248e-01
7.678604093768933714e-01
7.551955573081581274e-01
5.950692620526430998e-01
7.065287710207192040e-01
7.029480333043505169e-01
6.155960721845019634e-01
6.222231213576985276e-01
8.244601687769755882e-01
5.844107395286864959e-01
7.167636983055422073e-01
7.576132775994719459e-01
6.722078611478292665e-01
7.096112330423589576e-01
7.486905575512630140e-01
6.429870760128338913e-01
5.847188755862890996e-01
7.573906623344109912e-01
7.102639004194772898e-01
6.228977385056116978e-01
7.958137633094445329e-01
6.607160744106073125e-01
7.228735191115781555e-01
6.696700769674200915e-01
6.432802965545239005e-01
7.719159641132836702e-01
6.532705482864260560e-01
6.929057430680458651e-01
7.906545045345195755e-01
6.176039223329941041e-01
7.362274474767014354e-01
5.397675177323131290e-01
6.462690664891901360e-01
4.428200863226678385e-01
6.466581774119908310e-01
7.902874600921315773e-01
6.513929919449222838e-01
6.893730391456888151e-01
7.200622923431334588e-01
6.645019422546746268e-01
6.454667839218256598e-01
7.325408191346725051e-01
4.649784582308731373e-01
7.106048035866084911e-01
5.961878744826802912e-01
7.339885146229352397e-01
7.272603960598192918e-01
7.880295825101171214e-01
6.409176323452764334e-01
6.395715533776848982e-01
3.432416423143676010e-01
6.299997664946734854e-01
6.800067069684904153e-01
6.623573353148392018e-01
4.749568983037846803e-01
5.589753911439319101e-01
6.901381817597849189e-01
6.323872071522891325e-01
6.429861647154025972e-01
4.890601845934721692e-01
5.924768559967796833e-01
5.187537031747891936e-01
4.724749356804019418e-01
1.024632294275053868e+00
7.348900385834810089e-01
4.745141063901140432e-01
7.230553050940197179e-01
5.607029212625401771e-01
7.561634678451581992e-01
6.005402375610744414e-01
6.540698026161766432e-01
6.786072622220215012e-01
7.038336746460233107e-01
7.044164382678698155e-01
6.749045102327314583e-01
6.896921368877469982e-01
7.348264704789843060e-01
7.929911762810674114e-01
4.926097454621202743e-01
7.419181496744332582e-01
5.603742252383787648e-01
7.284781871511609719e-01
7.506233713548638997e-01
6.258006026751735673e-01
7.150284049618583770e-01
6.918485872416192395e-01
5.061789615821283839e-01
4.492744700477337982e-01
1.043833827585209928e+00
7.694810526446996812e-01
6.073294100470658652e-01
6.277412041848585700e-01
7.685092641763001664e-01
6.456637632326237553e-01
7.442149592826741156e-01
6.855986388383379371e-01
7.358265558589143218e-01
7.004542055367101172e-01
6.142691940963190822e-01
6.484757465366600693e-01
6.856055883195634193e-01
7.210119858110271007e-01
6.601573350924648809e-01
7.179121944900844765e-01
7.217941044955175078e-01
6.363627505050624134e-01
7.115356254361048238e-01
6.854374890003521736e-01
6.950489870619885879e-01
6.321869046342412091e-01
7.453747011718753201e-01
7.807837884088131286e-01
6.163958482166898012e-01
7.068776179839708629e-01
7.603018161718189116e-01
7.640465672209466597e-01
7.420049020686739771e-01
8.321599048485881500e-01
7.468612839040722484e-01
6.468730100880334399e-01
6.753148542196475423e-01
7.539193379517922233e-01
7.232736316758736628e-01
7.410605319461189833e-01
7.654561202864460512e-01
7.284994739461365665e-01
6.784867008991990467e-01
8.091242248916334923e-01
6.810057452188078564e-01
4.958629725834553525e-01
7.162886723206672857e-01
7.286198259303779956e-01
6.348087587400694787e-01
6.470983293928981306e-01
6.354729036344929360e-01
7.054366642582176050e-01
5.620026577345046404e-01
5.502983548015797366e-01
7.465436375927073653e-01
6.792017277006846543e-01
7.306687572083557791e-01
5.922141060744037233e-01
7.342978227832656080e-01
8.078719654914054971e-01
7.531487417375167803e-01
5.980404044502564131e-01
6.208587550024322610e-01
7.289974525319270482e-01
6.822202974602840087e-01
5.511361660913828286e-01
6.206278659353622329e-01
6.792786448530018228e-01
6.272863767666779777e-01
6.649522864321464333e-01
7.379404156672126902e-01
5.805283653894782736e-01
7.058909949288951768e-01
6.399769122349573403e-01
5.512031953552993802e-01
6.211152281283466303e-01
8.345402515350600625e-01
7.627918815142378239e-01
6.511639857754902838e-01
6.095201503967391243e-01
6.459340756025935271e-01
6.597540408306874493e-01
4.949503613869237206e-01
6.849392508065421659e-01
8.532452471068554534e-01
6.881259927721785630e-01
6.159779440038186671e-01
4.613735358765868599e-01
7.322406794419369369e-01
5.896075707723098525e-01
7.400487212931230463e-01
7.505624881573169649e-01
5.970757269413053958e-01
7.363561212180846915e-01
7.416953851087002558e-01
6.345296240682142264e-01
7.810082705552772175e-01
6.474942778205245997e-01
6.108829822291196310e-01
6.735806157281427620e-01
6.884162054374393103e-01
6.612165793534399150e-01
6.076324283555889494e-01
7.334541020901903519e-01
6.254261066914267309e-01
6.449783242630855451e-01
6.645733889996161547e-01
5.321561432277029935e-01
5.681337586982061483e-01
3.853287110716419606e-01
6.315800034028412613e-01
6.593995542079621464e-01
7.424360194121065737e-01
5.936350704924266974e-01
7.254974985787564501e-01
5.941326324893037025e-01
6.905237760824728399e-01
6.933626355850510681e-01
7.759464427107156670e-01
6.105833337667594396e-01
6.557716467442423758e-01
6.398276472461617015e-01
8.522710856682935709e-01
6.855302987826019656e-01
7.058401283357642608e-01
7.029610176603517946e-01
6.696964093337650636e-01
7.595146693284076100e-01
6.912153647769313514e-01
7.224818807420095856e-01
7.869936431647411856e-01
7.348255311334780382e-01
5.980256365937995922e-01
5.558972845702496723e-01
5.821191919427129990e-01
7.462008773945602025e-01
5.525978490793773679e-01
6.009990437904001448e-01
6.869861911222486794e-01
6.173381678109702841e-01
4.043428177055082284e-01
6.381074307740816076e-01
6.452233099981473652e-01
6.591336157840737009e-01
6.805338804015714782e-01
6.437356317832046981e-01
6.895474035005153546e-01
6.033934992816988307e-01
7.282624840155215162e-01
7.874728941378160707e-01
7.441878567205150175e-01
6.561601140852976188e-01
7.265949778819874583e-01
6.433211620537920838e-01
8.702115261694705062e-01
6.132992776101779953e-01
4.864491604679815895e-01
6.581475934101587155e-01
7.341348153034934487e-01
7.557284849951518835e-01
6.825382789723202226e-01
7.170657873911598923e-01
7.739234693882760530e-01
7.669422480760571537e-01
7.209905316419992216e-01
5.485681661286226918e-01
6.810584223990289177e-01
7.097525187069682051e-01
7.934679606583294742e-01
6.379982589183451624e-01
5.736455789003853667e-01
5.838211301476485815e-01
5.036607024152410794e-01
7.558606902629732005e-01
6.294043463389974447e-01
5.137325881604678512e-01
6.139191069425798952e-01
6.693830380529024460e-01
7.318153306743188091e-01
5.669047708891570281e-01
4.185992468177406889e-01
8.047171519459663802e-01
6.094562722096669161e-01
7.624226506583403618e-01
6.279317626725055002e-01
6.745123545701360301e-01
7.574287156523383802e-01
7.512325701753362894e-01
5.977939870350101881e-01
6.904568177664911488e-01
7.151755341883893058e-01
7.236764907222703602e-01
6.230354204812253993e-01
7.173477943703191473e-01
7.151489507431538772e-01
7.268516179860103898e-01
6.159693794977395553e-01
3.534844145413343353e-01
6.078393301597914133e-01
6.173438140937288487e-01
6.083172012685443830e-01
6.193761857656431280e-01
6.564552798684768486e-01
7.414397809161219488e-01
8.026354987756914028e-01
6.251421856893725204e-01
6.864134725877649723e-01
6.595994022646022303e-01
4.446143916775098792e-01
5.992942820133596582e-01
6.323331968124662472e-01
6.879508238268124964e-01
5.238830477009266406e-01
6.216919005443933832e-01
5.841639153435900234e-01
6.915572272012209254e-01
7.468015732047312838e-01
7.366610954616609197e-01
7.794723745512490698e-01
6.154099669352542934e-01
7.396743723705716533e-01
7.080253053448363199e-01
5.191698747573298967e-01
5.877431992565055330e-01
4.663825903667791484e-01
5.225664442413145983e-01
6.670025223950704074e-01
5.170443431516119626e-01
6.531890072295883920e-01
5.820082473694163649e-01
5.654867902024639514e-01
6.270744017531857395e-01
6.777703853510869125e-01
6.904872859841583166e-01
6.832809128353418693e-01
7.458014477871799386e-01
6.748927464927425568e-01
7.824074503733216002e-01
8.646662753869609475e-01
7.457969250640865688e-01
7.682986621022608320e-01
5.619565341698096184e-01
6.246056747011248245e-01
5.176569291699594233e-01
6.094988886249318449e-01
4.611094558219643313e-01
4.129979496579853082e-01
7.174389128968862162e-01
7.509516917015771620e-01
4.865764654920320953e-01
6.614943072019188186e-01
6.623721430739291094e-01
6.610824948342172158e-01
6.379689643766720542e-01
6.664624964359826542e-01
6.741522472532360810e-01
7.861978880520825719e-01
7.857322346202058050e-01
7.425633841460614892e-01
7.172307735171554732e-01
6.991863155566486743e-01
6.402366577632524480e-01
7.388935621649402874e-01
5.592812287853454745e-01
6.697154538226205434e-01
4.746015680912233359e-01
4.695562999450672015e-01
4.864133272542209285e-01
4.332020612666152570e-01
4.809653060682915204e-01
6.113861399269369112e-01
6.546678660290631280e-01
4.264325819753422842e-01
6.691932995369347381e-01
7.787037618514124349e-01
8.198919455202421380e-01
7.338164221811872556e-01
6.962895257026799900e-01
7.657060917044894444e-01
7.507595474781206812e-01
8.610647115474667768e-01
7.080629023242390740e-01
7.855620264331767411e-01
6.296040734896337643e-01
6.998356923941593255e-01
7.323298026501952052e-01
6.807940730824454389e-01
6.245227095674129592e-01
6.404226277231529485e-01
6.088780333953016655e-01
7.180580563418139661e-01
6.735748852245994067e-01
7.620258902698351378e-01
4.683414384658372565e-01
6.925714984932563878e-01
5.334030943936819424e-01
6.232557933153789476e-01
5.727273122085476675e-01
6.882375934687181562e-01
7.185029961098015061e-01
5.536851302888788906e-01
7.074880653827931853e-01
7.666840641158532144e-01
6.067978856692992640e-01
6.807156593897579766e-01
6.830566581090764533e-01
7.328375067189826231e-01
7.229566665862314778e-01
6.820281969007374601e-01
6.590945129205689756e-01
5.894240526153587956e-01
4.816878713380226551e-01
6.048031346889597426e-01
6.945379703199099364e-01
3.839063528919670065e-01
7.845568414920768285e-01
6.725701579956854248e-01
6.859076254971144815e-01
6.255661299277115450e-01
6.968872025383583413e-01
7.479029475740099908e-01
6.580593685550701899e-01
4.026137770161568041e-01
5.402313360629282801e-01
7.485529507343575695e-01
7.713421581151325146e-01
7.826325455024407685e-01
7.588418311151723383e-01
6.504657874705842557e-01
7.212398132077809665e-01
4.481749396878765834e-01
4.356819260955790418e-01
7.756216195013081460e-01
5.368933141093689132e-01
5.857199484661962385e-01
5.773112986007801206e-01
6.453720134464924207e-01
7.981208197469352728e-01
6.558927466927375605e-01
6.769239054250583143e-01
6.186599439650631860e-01
7.272436578108911753e-01
6.640775527780394816e-01
7.206059433920150026e-01
7.842901266999733334e-01
8.122863780914484355e-01
6.470373995380878096e-01
6.776999223935507022e-01
7.643722260145624503e-01
5.766397799912760247e-01
6.253308258807772635e-01
6.440903806294615563e-01
7.610110742585494137e-01
6.944492869419113257e-01
6.454808924194052056e-01
7.624431645292311099e-01
5.779829912819655080e-01
6.562832401031890583e-01
6.052655174772088031e-01
6.772845055299078210e-01
6.838844751714024950e-01
7.434567141447497862e-01
7.267983585992062734e-01
6.337841490099234143e-01
7.406565189796454618e-01
5.747770895389948675e-01
6.503878178293922563e-01
7.750990355118375641e-01
5.908168972612380943e-01
5.333330478116620199e-01
7.418989737157938302e-01
7.655971984678221487e-01
7.347894410266854193e-01
5.770387657739726173e-01
5.752807557330646970e-01
7.576527807148554228e-01
6.565223459792304261e-01
6.648283018884412199e-01
7.747360017014722766e-01
7.033140089326395117e-01
6.159612638905982429e-01
7.209351819463486466e-01
6.836563054196717060e-01
7.279164585709988478e-01
5.818775528832688115e-01
6.388416134183477757e-01
6.356131344935719296e-01
6.788513078383531241e-01
7.082513744505164466e-01
6.515852142132675384e-01
6.465812009717024633e-01
5.598197894338687863e-01
6.536434248339392239e-01
7.203380477064216247e-01
6.894835194713114790e-01
7.432034936740932185e-01
7.308124250416384582e-01
5.508992974642739071e-01
5.536105027548466895e-01
6.754271259297180974e-01
6.349478801073975553e-01
7.083906061578819635e-01
5.562690942000972916e-01
5.907553942469569996e-01
6.706985265284636233e-01
6.687648629962775759e-01
6.408881525032821269e-01
7.242573593731793657e-01
7.387320021785446222e-01
7.765884069731722184e-01
5.454496340921644038e-01
6.967180787172865264e-01
6.309646426231153571e-01
6.641243228926622111e-01
6.794707324986766217e-01
6.343385698364933933e-01
7.047538224507090554e-01
7.954602679766635820e-01
6.564035985312582921e-01
6.461272039494653230e-01
6.772330278383413837e-01
6.014983318997613182e-01
6.364195782364810983e-01
7.767120364205944982e-01
6.797674431796604244e-01
7.296646879738168945e-01
8.474213803111879662e-01
7.653117301069878309e-01
6.386555994387260737e-01
7.211612837394006936e-01
7.742102387629403726e-01
6.988627660828178323e-01
5.659630833979816256e-01
6.704635097844615643e-01
6.009596533288247278e-01
9.296806639962618135e-01
7.670390260458473941e-01
8.926610707781003073e-01
7.016265201806609619e-01
6.162266106225873230e-01
6.137722663080192875e-01
6.400229392174391352e-01
8.082911489339491551e-01
6.985445738178133190e-01
7.086788807871671203e-01
9.715701099511627747e-01
8.463315463565577179e-01
6.448510650325637306e-01
7.511501331362430145e-01
5.548012188406541423e-01
7.362198159454030888e-01
7.048485043419782103e-01
5.018036633196542029e-01
7.983769042065451682e-01
6.632328581756987695e-01
7.240703118616395040e-01
6.665721162508696507e-01
6.819625216451500327e-01
8.298519959812017399e-01
9.581822076035571012e-01
6.377763830776684850e-01
7.496668232228802520e-01
7.204591242036852972e-01
7.277731071945694463e-01
6.286759427262228472e-01
6.990278722613217921e-01
8.212942414930820556e-01
6.380857206350967203e-01
6.758704395596305536e-01
6.357056136788751255e-01
7.007165687687352262e-01
7.694431577860114668e-01
7.619083356615933278e-01
7.764113448294993614e-01
6.636808556351080357e-01
8.531587278372397831e-01
7.242707252207409852e-01
8.351263992759174748e-01
7.194277154688833997e-01
9.117079779117559513e-01
6.282501863172564871e-01
6.178907773580002427e-01
8.453850460327128058e-01
7.985116797580864567e-01
6.223272120515440653e-01
7.520004067454005847e-01
7.926382141254149083e-01
8.250679999057827230e-01
6.499814923763304053e-01
6.658178290228268237e-01
7.023538262050633696e-01
7.957932740754846135e-01
7.064548355517999978e-01
6.375609557702498487e-01
7.577486702834589360e-01
8.477513890319218204e-01
1.564315837721250269e+00
7.844129144371584372e-01
6.295499029020515946e-01
6.224797886367834376e-01
6.426143292496381276e-01
7.375850393999325849e-01
8.476961230160814376e-01
6.527780512362548748e-01
7.588296772514879773e-01
7.367674342168635260e-01
6.171691906207387168e-01
6.697733111418205931e-01
8.063537204526479707e-01
7.266827003187737999e-01
6.076285822821414495e-01
7.136032080711878223e-01
7.305322883114335752e-01
7.192689547186641441e-01
4.744665911399983393e-01
5.041887589816652637e-01
6.658206314260752823e-01
6.577807382551770221e-01
6.770805986686242450e-01
8.557819516642638513e-01
7.037402517242121736e-01
6.716831379367461663e-01
7.858368934778262593e-01
6.383593639726100610e-01
6.095149391259637728e-01
8.290174866119173203e-01
6.209557136116716780e-01
7.390371723638962109e-01
7.955540550210447037e-01
6.561106190776977432e-01
6.218212827254473440e-01
7.395501585782380261e-01
4.740067954277456530e-01
6.038657984955317914e-01
5.688057950512240835e-01
7.579695633428727986e-01
6.717489862211520890e-01
7.892532506844945894e-01
7.560389645443195139e-01
8.412197823827034515e-01
8.671231978624481807e-01
7.084558917615365603e-01
6.882398183169280426e-01
6.520831057498578387e-01
8.089187515108824389e-01
7.858341622479225741e-01
8.105627892543848523e-01
6.176983362847774384e-01
8.626480343863932587e-01
8.213264919742868653e-01
7.281997312769278308e-01
8.032225105922088382e-01
7.126267925375328049e-01
6.640006912412197426e-01
6.941822508946408066e-01
8.147046172833237732e-01
6.273357631213067886e-01
6.708075496323838705e-01
7.136728187518168731e-01
6.733511324165202261e-01
7.059404888075228035e-01
6.905570436453986050e-01
1.009611261282320260e+00
8.664227313210384196e-01
5.898791197190108582e-01
6.008060004010160604e-01
6.353608457838240131e-01
7.470981554208893094e-01
5.456278282131300505e-01
7.696099847304552766e-01
7.783894610544499493e-01
7.024162965724137786e-01
6.769275211817531446e-01
6.193831168506154228e-01
6.766530002483353012e-01
5.780253179488787918e-01
5.713059929087418443e-01
5.945515821914930665e-01
6.845481638990199569e-01
6.830423879159651657e-01
6.302757139204100412e-01
5.674798988894270702e-01
6.370214825340645426e-01
7.520700746443499396e-01
6.132443933392529578e-01
5.885159987864351239e-01
6.770141647800671514e-01
6.095820259355329007e-01
7.285651595763692479e-01
6.265054584403438875e-01
5.519006924037181960e-01
6.018120641095614509e-01
7.611780922413524664e-01
6.704243189659235824e-01
6.064271227521332852e-01
7.253927962458216472e-01
6.675888183571997425e-01
6.472509898258900218e-01
6.308928035229931508e-01
5.599038000507496893e-01
6.318178972157778572e-01
5.507372357360443837e-01
7.428844272408591243e-01
6.296401991065496695e-01
6.381104695202237664e-01
7.088206677489555796e-01
6.535160476683947728e-01
5.934784937541711658e-01
6.481973254302838550e-01
7.069585558548495685e-01
5.658872371009805446e-01
5.618327677681135279e-01
6.666736454112788257e-01
6.233316990187846018e-01
6.753870004729601861e-01
5.750836306770427120e-01
6.212241501523232401e-01
5.936447154588360142e-01
5.759518677805618436e-01
6.465077961002552165e-01
6.888363824080709907e-01
8.002181358033984004e-01
7.210524481633436844e-01
6.004889825440526963e-01
7.647488718120292184e-01
7.875976431900489905e-01
5.592607262324623685e-01
6.392223250010109492e-01
5.748900767869082884e-01
5.984147550831344642e-01
6.442262423283304784e-01
6.178356026919952226e-01
6.946884922358071979e-01
5.851880638256835576e-01
6.179446205208010134e-01
6.329837771863723317e-01
6.436685874540777341e-01
6.120080481055003574e-01
6.354887982615604614e-01
6.370120548737109312e-01
7.596498937306129795e-01
6.958193712445438495e-01
6.135253916314837852e-01
7.020428950231345500e-01
5.950299067384727802e-01
6.159329800110641129e-01
7.357229010245799339e-01
6.222986562921967169e-01
8.487469578715247653e-01
7.163853658491804444e-01
5.130623805325967846e-01
7.598921780872628373e-01
6.004057867291302530e-01
6.518087593324465301e-01
7.071094153087622569e-01
5.815958472508034882e-01
6.474426894389542220e-01
6.412911052762078068e-01
5.061751079157055244e-01
6.184297645877677718e-01
6.378917454914270202e-01
7.158028964373670533e-01
6.455037081953453049e-01
5.940062633835688777e-01
6.351823039457352715e-01
6.689281076998413456e-01
5.512843952319746998e-01
6.154664918968643095e-01
6.928208922324682328e-01
6.124698208530700017e-01
5.792871051332565413e-01
5.501662315793157676e-01
6.889421301984924861e-01
6.172285192912808638e-01
5.170583391957239705e-01
6.528113562816552085e-01
6.134739428486809532e-01
6.262992349344870258e-01
6.732517372081574525e-01
6.409203250816791764e-01
4.496184268467690592e-01
7.651523662645284274e-01
6.122014561735799054e-01
6.218311212563534252e-01
6.108830669515145084e-01
7.957694564645922952e-01
6.074583836174052287e-01
7.342638654615085692e-01
6.638018283670782393e-01
6.087607420602347830e-01
6.929231143262885029e-01
8.890221210284213749e-01
7.570483451882887849e-01
6.329485192936026294e-01
6.300677928169938768e-01
6.477151319617269198e-01
5.758196062692308992e-01
6.381911694768297449e-01
5.257529119939846618e-01
6.299904043034786350e-01
6.074314496435473387e-01
5.991071540801302664e-01
6.457159582411498011e-01
7.604770019022303318e-01
6.743511608296517412e-01
4.629242106695485304e-01
6.184662808437286774e-01
6.317596381592893717e-01
5.699461750019662043e-01
7.050230421512188039e-01
6.311280976457194214e-01
5.459455825411289043e-01
6.333425331353462751e-01
6.669583716857960809e-01
7.079624675207550899e-01
6.867869318501624853e-01
7.317372648496124343e-01
6.161197467566202901e-01
6.289463042239792356e-01
6.332039322792534231e-01
5.741564926801979718e-01
6.159261382861640488e-01
6.242896001143956042e-01
6.815547261809418167e-01
6.238415465087655543e-01
6.863237378916247078e-01
6.608344399165759775e-01
5.414580437532753310e-01
6.023054824059695944e-01
4.921441741393481339e-01
6.475192122370645453e-01
6.058898682694617843e-01
6.397150651172907043e-01
7.083958725170428350e-01
5.198732957397395049e-01
6.073852474071120833e-01
6.512721877164303619e-01
5.542962503994318668e-01
7.147357559498771495e-01
5.240663874767919062e-01
6.206400155905578142e-01
6.541459650666978654e-01
5.266858214633290958e-01
8.985452338656725324e-01
6.521896878608073322e-01
5.488532034725221997e-01
6.854609450938754511e-01
5.517946724605454767e-01
5.578692029754406256e-01
7.597434149168424966e-01
7.095048875244738262e-01
6.289735174387603989e-01
6.106460933192084939e-01
6.898596906120784134e-01
5.975732762545494792e-01
6.661054386285981677e-01
5.655054117597171359e-01
6.028301434523986035e-01
6.339032618106443806e-01
5.779002031453128740e-01
6.623330136865502871e-01
6.334627342017532525e-01
5.634313877407813864e-01
6.179909405645308551e-01
6.402752648478502451e-01
6.861597361169382570e-01
6.434107618949698182e-01
5.995096242272738296e-01
6.698636297708970844e-01
6.072848956300617163e-01
7.343367967502733018e-01
5.900320142172253979e-01
6.898547261826081245e-01
5.746685240491775648e-01
6.472981279462995952e-01
6.010939610402928901e-01
5.815464867469810617e-01
6.953820719355896518e-01
6.277304508668238858e-01
6.879340342570851030e-01
7.047580473887778973e-01
6.990719955427064924e-01
6.894327917279813311e-01
5.528907018057614975e-01
6.605186107664980932e-01
6.600515770562856988e-01
6.479164996881821015e-01
5.780043640502785518e-01
5.955802218918054836e-01
6.762186235197250594e-01
6.941352586736231345e-01
7.816426727659511187e-01
6.732703147196694715e-01
6.482678818106599739e-01
6.072020507122560806e-01
7.895053555527907774e-01
6.451691764252183159e-01
6.618664036417730712e-01
6.239717401906685890e-01
6.520443276415970324e-01
6.852754456716863007e-01
6.311862936460735929e-01
5.919447486098924349e-01
6.643042245662216239e-01
6.513972692334615289e-01
6.830896206699786921e-01
5.129088007719129205e-01
6.866450780113375618e-01
6.285154085729605100e-01
7.108327761492020391e-01
6.487695185791850783e-01
6.113717812715164790e-01
6.704762529412363614e-01
7.194738699715041985e-01
5.620606954069490291e-01
6.528436454528322441e-01
6.059447550948451333e-01
5.630024989076919395e-01
7.119648739508031010e-01
6.325784599253665430e-01
6.347188063224351584e-01
6.928840908088312878e-01
7.068628164393304658e-01
6.097161290939484557e-01
6.696991260820597258e-01
6.666571094283416654e-01
6.386863196209731086e-01
6.466647430342051805e-01
7.624592098499990422e-01
5.638588174807813713e-01
6.159236829287936255e-01
5.903986461412734643e-01
6.483479806391095890e-01
6.974215549585480733e-01
6.459866443087812771e-01
6.031291051867411213e-01
6.339600022112230615e-01
5.775219370444695244e-01
7.669454902692356413e-01
7.049167129516745733e-01
6.354055424604045932e-01
5.932321586299447169e-01
6.204788913923663385e-01
6.096201566638216329e-01
5.545461123575158302e-01
6.164911981568766963e-01
7.344393630303822640e-01
7.041442159925186406e-01
7.797027875582346335e-01
7.879310019873592141e-01
6.459504285970046888e-01
6.341822608428158148e-01
5.803475632052274014e-01
6.057354597808836116e-01
6.574545424447618691e-01
6.132366029826672449e-01
6.961252380859348499e-01
5.871333658691666457e-01
7.238871659630503608e-01
5.161112842769350895e-01
5.930793704209844641e-01
7.565357525800360250e-01
6.059319101922537865e-01
7.032952989436852542e-01
6.263081879123389983e-01
7.014080305479577504e-01
4.339027591564903474e-01
5.913042959430275802e-01
7.522551891868011209e-01
5.312640052302260996e-01
6.223286615198226901e-01
5.990718940993137176e-01
5.847776478444510762e-01
5.941839076096050443e-01
6.584727303190957004e-01
5.999914258203231654e-01
6.108136537093750151e-01
7.020807911777356969e-01
6.795506843799814511e-01
5.964835491532703982e-01
5.941960325314122882e-01
6.370370638967066679e-01
5.855385340695101748e-01
6.562377738979573438e-01
6.497468952238848461e-01
6.811809921384721633e-01
6.165480229549819002e-01
5.574952609180114926e-01
5.567058671215054932e-01
6.636851196370118222e-01
6.747122533988572091e-01
6.198291830957385340e-01
5.479001271701620102e-01
6.139517206759657064e-01
8.369151004145627404e-01
7.067479807278670423e-01
6.496863954078907488e-01
5.822932714212767369e-01
6.669169966785457593e-01
6.916259073547267322e-01
5.680047170955812019e-01
5.692065818539674416e-01
7.719304427563101756e-01
7.181924974040088117e-01
6.301715167844246235e-01
6.605001552905002127e-01
5.793007573735240445e-01
5.814531351673046800e-01
7.386257451964552967e-01
5.941619386212356746e-01
7.259752140583219937e-01
5.791197114544633928e-01
5.409948622153589737e-01
6.285229322967936794e-01
7.760579991822644796e-01
6.225724889007542284e-01
7.073585798919292955e-01
5.852608122370914767e-01
6.649106535272796270e-01
6.900036690002516737e-01
6.695712132913786974e-01
5.979748961186411860e-01
6.030819386044024011e-01
6.401395193122453309e-01
6.368942920366091887e-01
6.401280104311632968e-01
6.583389846298672854e-01
6.089414452876836803e-01
5.531112500644983498e-01
6.585853662350567017e-01
5.957682815054829994e-01
6.241728857774939687e-01
8.093942083907916807e-01
6.430787014393264389e-01
6.461342480552464407e-01
5.500493184588566287e-01
6.458577397287758037e-01
6.252476810850700062e-01
5.551735702370724779e-01
6.867053548462527246e-01
6.818758564231754971e-01
7.374631488371472532e-01
5.105606376620834830e-01
6.632179269002304034e-01
5.842136148745129542e-01
5.466540838458890939e-01
6.303226697966851644e-01
6.043211116823956619e-01
7.949496549562782288e-01
5.865689369136025677e-01
6.643377269241244054e-01
6.842451913486052861e-01
5.151132989291914432e-01
7.782173788813481208e-01
6.650597903627336605e-01
5.367020443563075283e-01
6.428487010763156428e-01
5.606130620994473901e-01
6.312346380774499499e-01
6.246813963889922272e-01
5.448103582930313715e-01
6.749625513136994215e-01
6.080447815290948022e-01
6.417481078014730667e-01
6.186846563622332429e-01
5.958744928588203260e-01
6.324048589673623155e-01
7.198729629131590535e-01
6.081640757316302270e-01
6.689407578520526476e-01
5.636834336923345345e-01
5.498796249914257306e-01
5.983112255682692115e-01
6.843794785802785885e-01
7.119058709304108001e-01
7.080466419648205889e-01
6.020007374867963890e-01
5.762408081020046202e-01
6.720026681404883684e-01
6.384035181797423908e-01
7.673763069715870966e-01
6.521907158752767719e-01
5.040393570863687112e-01
5.675462575895898754e-01
5.257221729924071996e-01
6.174883800629170638e-01
7.107238336625559816e-01
7.426695547508752604e-01
5.824139004842046052e-01
7.677228040295919209e-01
4.866989300518855810e-01
7.665784984606968111e-01
7.493116891038343885e-01
6.477791774891062948e-01
6.130657183045585823e-01
7.121318242307093094e-01
6.958348870403665565e-01
7.537006502361885962e-01
6.961142125518440249e-01
5.320200325462883795e-01
7.023933827371294791e-01
5.638708127517783053e-01
5.735674230515303007e-01
6.927430692475723406e-01
6.138094083145396729e-01
6.502370050619845632e-01
6.566752829720625684e-01
7.338025900130062951e-01
8.161278341927077351e-01
5.819760739480465128e-01
5.647000695712182106e-01
5.970873680166546293e-01
6.754920466979473792e-01
7.431325745414728567e-01
5.836356041677287498e-01
6.308197154421688602e-01
6.250066483294940411e-01
5.957046863273217641e-01
7.704562980104155967e-01
6.467916064455007108e-01
6.893763734586549896e-01
6.406732125568407321e-01
7.584005086047674871e-01
5.917468181054195142e-01
6.142666465557232724e-01
7.222356701666304835e-01
6.199166948773858765e-01
7.624736766043640479e-01
5.355157535888713793e-01
5.080450884586095173e-01
6.685904113411211824e-01
6.955188483069481009e-01
7.330801648932033787e-01
5.853989942513257994e-01
6.718243249144315588e-01
7.558765311499792139e-01
6.569580206630470931e-01
7.443674828216254591e-01
6.664976234063428873e-01
6.890363447872386304e-01
5.247396508945402216e-01
6.367144500452889266e-01
5.435939679736488950e-01
7.624265314297030693e-01
7.007099838192845098e-01
7.151512399022839084e-01
7.181839129376637043e-01
7.043349134067513617e-01
5.962521922395699336e-01
6.019761024890950551e-01
6.359489087539895724e-01
6.191900807239953952e-01
6.150749606165512029e-01
6.954677125944512817e-01
7.176931614940051940e-01
7.152886013825490163e-01
5.211616199238255920e-01
6.116489752437951344e-01
6.997240640387273336e-01
6.011656914867651302e-01
6.182251892164325469e-01
6.709013836362995864e-01
7.005570573527175604e-01
6.366632150815715319e-01
6.159241515143918377e-01
6.939285774812169461e-01
6.117131869863197124e-01
6.461182062185784059e-01
6.339257944042063775e-01
6.210309488737221217e-01
5.675894408269472891e-01
6.732430717498950612e-01
5.777572032212971997e-01
7.405360825117794921e-01
7.388590978134165210e-01
5.751937501318078461e-01
6.214828319380429900e-01
6.282344029406004005e-01
5.470122531465004823e-01
6.741614246379717956e-01
6.607362899500365261e-01
5.909812708089802191e-01
6.373638450892390450e-01
5.639206246533269296e-01
6.190476711417023381e-01
5.693146127087207464e-01
6.215756838272848972e-01
6.557210368347006213e-01
5.869195762602317235e-01
6.773466926796868348e-01
5.743586746419950817e-01
5.750995147526013485e-01
5.929616421748694632e-01
7.392982373046137479e-01
6.197933850292207669e-01
7.224819783414279106e-01
6.618949699954854715e-01
6.160420264282793212e-01
6.768288432963961432e-01
7.355908092297867018e-01
6.993240680854456714e-01
6.791587705188202317e-01
5.831024440650890428e-01
7.161107384932197117e-01
6.801406187108186563e-01
5.286537083743062526e-01
6.442582605149979047e-01
6.296825576316722461e-01
5.515067430154787509e-01
6.318792648516994293e-01
5.545461123575158302e-01
6.378826925113170176e-01
7.545472610081271903e-01
6.246286827368445760e-01
5.413130641246164387e-01
6.012525809847021341e-01
7.165977569465632468e-01
6.696634732562218861e-01
5.816923524521722122e-01
5.774824709715256077e-01
5.655447420747893306e-01
5.360511325922083792e-01
7.012903714532741084e-01
7.547710307773739524e-01
6.869489623003973700e-01
6.232555524379231882e-01
6.336415630195271209e-01
6.195417887652688860e-01
6.504108713297034328e-01
6.353558755282820991e-01
5.877974115114773523e-01
5.397867033089324140e-01
7.964418055827844345e-01
7.615840728660197012e-01
5.521828980971510425e-01
5.606354076614639137e-01
6.046175228141402735e-01
5.729065037360651091e-01
7.137086067960430880e-01
7.443251899819677275e-01
6.462759963884346925e-01
6.009511111486393053e-01
6.413497209283435252e-01
5.911614105736681113e-01
6.959536747235482990e-01
5.688068577873269804e-01
6.785209698965556369e-01
6.397250244345883408e-01
6.580000944578506816e-01
7.812217269605751246e-01
5.822799488698054970e-01
6.752691821824893248e-01
8.153307698501010004e-01
6.776239750145827134e-01
5.861738551660580221e-01
5.486821017339871265e-01
7.379788225068936169e-01
7.057373525423817906e-01
5.722434617895103548e-01
7.206879630571273454e-01
5.047939167926311921e-01
5.832960247263377918e-01
6.936014943699968516e-01
5.616036335997867113e-01
6.339031271374312437e-01
6.340082177616445103e-01
6.496704273442811539e-01
5.717369302920021212e-01
6.607889734955324501e-01
9.188993527741232681e-01
6.501668445185941891e-01
6.171813241865122812e-01
5.604841164017412281e-01
5.728535382199111403e-01
5.804577519617121206e-01
7.254988687427760263e-01
5.864435329931914076e-01
7.419897599266146448e-01
5.620901836324190270e-01
6.323436044369441511e-01
5.812173252007739599e-01
6.400603252784515806e-01
5.258241149632421063e-01
5.839314797894947784e-01
5.476481208503451992e-01
6.583212205426944852e-01
6.331885810453011798e-01
5.822713673101339582e-01
7.283361225435527331e-01
6.275281185816244944e-01
5.544324331557003438e-01
6.388623805885504936e-01
6.153080108335554632e-01
6.311109500099041369e-01
6.413794920668682842e-01
6.415699830901083756e-01
7.736581452157492711e-01
6.619990941704450016e-01
5.461718695354275122e-01
6.208456416774327247e-01
6.335536722873532645e-01
6.144374255085454095e-01
6.511712535585942874e-01
5.695602493353272289e-01
5.887743772409501641e-01
6.738011059587249996e-01
3.631431198301587338e-01
6.222206234470849529e-01
7.609143317622109048e-01
5.955502247249914172e-01
6.418390027935201303e-01
5.756194341074292176e-01
6.260976141108778315e-01
7.164918386097585135e-01
7.683489763402853168e-01
5.813414661004483452e-01
6.949847201842198618e-01
5.720693351572293528e-01
7.185433584037282939e-01
5.956121720670951580e-01
7.300801186240498675e-01
5.800027122010392722e-01
5.946623279818502583e-01
5.700051549433634568e-01
7.199648302826127111e-01
6.415484545378572490e-01
6.593165908640206130e-01
6.049280128577331217e-01
6.989207323535787664e-01
6.311380940760226155e-01
7.549754722776149674e-01
6.564421757049730966e-01
6.322873334336390760e-01
6.572543612228843868e-01
6.451072344354178423e-01
5.956961767706584476e-01
7.588363025621375213e-01
7.584623033866072506e-01
8.838310999440855964e-01
6.758037575828423904e-01
7.176179356314476010e-01
6.105442771136895264e-01
6.316756563294461113e-01
5.815038471130828945e-01
6.497537345959456534e-01
6.345114852496352986e-01
9.371372555822812256e-01
8.521961947909032498e-01
6.926610148898659780e-01
7.376115597348419373e-01
6.261430871625009997e-01
7.286296603737358879e-01
7.699472847519377439e-01
6.327707718082115074e-01
8.814943120830022183e-01
7.258691108400729952e-01
7.263302640555745482e-01
6.372821272938345993e-01
5.611906313998792362e-01
5.921466949204888808e-01
5.845850336596167818e-01
5.860592622035154520e-01
7.695521684318099576e-01
6.363790502413545491e-01
6.587230126939548347e-01
6.182207130073397172e-01
6.525461967541497099e-01
6.815605994314043459e-01
5.720459745603693191e-01
5.458161959706642197e-01
5.869771957791442007e-01
6.356369618627092377e-01
5.859756972947601783e-01
6.692421768219866118e-01
6.787674390615119346e-01
6.592774539547910928e-01
6.931665969791402926e-01
5.821146588991474857e-01
5.928384834829861783e-01
6.567885356478110337e-01
6.638144220894872660e-01
6.029378034422108179e-01
5.703120502082598131e-01
6.587489227328260366e-01
5.613003330460173412e-01
6.898556346020781049e-01
6.973278726960357998e-01
6.466462358388481713e-01
5.937702242190778801e-01
5.004420129620604785e-01
5.660804875285523341e-01
5.453764670809525539e-01
6.368464126102383327e-01
5.620118730908202354e-01
5.908764115010950446e-01
5.835410483703707962e-01
5.878857719507718516e-01
6.430105452289998080e-01
6.187893551112756407e-01
5.323348742527365118e-01
6.250260466566648354e-01
6.628009820837732491e-01
6.062360533347374014e-01
6.259603557439742394e-01
6.393306498095077117e-01
5.939866922566010565e-01
6.045159678572517015e-01
4.880789628395043045e-01
5.970811909058224565e-01
7.607818265579942008e-01
5.667864309804545586e-01
7.195208653779474606e-01
6.008226959065641193e-01
5.295497943559460685e-01
5.772886244209689544e-01
5.844975284537961002e-01
6.968331941281248332e-01
7.122197670418958237e-01
6.704693001139823139e-01
6.361009948570238715e-01
6.854547608812173731e-01
6.966536676888540613e-01
6.916514201941237339e-01
5.381162128081228291e-01
5.582594730724977916e-01
5.201638773650232306e-01
5.601802506363638967e-01
6.368029458515537256e-01
6.813487151411484755e-01
6.386882684258365916e-01
6.855454350276729558e-01
6.168772961729065418e-01
6.156915680444338124e-01
6.560135958473201079e-01
5.934867919013608883e-01
6.511205400334819648e-01
6.206128711527550967e-01
6.415292851177218925e-01
6.152385966080989865e-01
6.347536492281685705e-01
6.538002437733900774e-01
6.702589073831821675e-01
6.135632439157169271e-01
5.450305046425297784e-01
7.962238822035430097e-01
5.779926884009539689e-01
6.879477697832495631e-01
5.711757513221912275e-01
7.341264853259709122e-01
5.963628518004542300e-01
5.529100506046552566e-01
6.337196904890369797e-01
6.086206950863854992e-01
6.947931351731296834e-01
6.980456790068418904e-01
6.001316442574448073e-01
6.221814943912762352e-01
6.133600096915231559e-01
5.947647664775929099e-01
6.092705532990426720e-01
6.861463919484368512e-01
7.362667072298383353e-01
6.069704025199800235e-01
7.554523192540159027e-01
6.176383673583966116e-01
6.647711556841008340e-01
5.815796638090087178e-01
4.944800905296854454e-01
5.773083655323847374e-01
6.832404478370822654e-01
6.439259412222495538e-01
6.572248418720225693e-01
7.289355914152326754e-01
5.848553556972905243e-01
6.085506981558853612e-01
6.279469173568260620e-01
5.811878224579247743e-01
7.001194533063257452e-01
6.389317957664870651e-01
5.653184665501733708e-01
5.290283579342215381e-01
6.586368011718363169e-01
6.218214454154759041e-01
6.151244422025990977e-01
7.380771114792072929e-01
6.689011621587038769e-01
7.651249605610748183e-01
5.697480928330279637e-01
6.413066663746350704e-01
6.016170503512511258e-01
6.288564945150315610e-01
6.703066884339698994e-01
6.596587315161837051e-01
6.218128245200665871e-01
8.997567694715751241e-01
6.993987877940127662e-01
5.979076492763251149e-01
7.217858199419164844e-01
6.768505202563784851e-01
5.795849031482325220e-01
7.515538534037718987e-01
6.749060473793869752e-01
6.168435635795738170e-01
6.176070880136420582e-01
6.589125617801742107e-01
5.351490568165730988e-01
6.953681706528961337e-01
5.449664580207754794e-01
5.547013063023368273e-01
6.867993466353813359e-01
5.339913753950707997e-01
6.982509406271546482e-01
7.330532454423093203e-01
5.616880434856380555e-01
6.489897435270527426e-01
6.343622507594941506e-01
5.980827091820608565e-01
5.647150909243010553e-01
6.904723592768771123e-01
5.859929319129030256e-01
6.595217894593098373e-01
5.451666028572925704e-01
8.425351167486471171e-01
5.304717974304242745e-01
6.233943572599696115e-01
7.362296438962115941e-01
7.286358586621359823e-01
5.781775516502655199e-01
7.093629790907519661e-01
5.688312536359516614e-01
5.851444988643919043e-01
6.417211126903338281e-01
7.422100768091050016e-01
6.024498000856431945e-01
6.065250128955056441e-01
7.149291821327006247e-01
5.821810355434688944e-01
6.746759827196030512e-01
5.988068573963661878e-01
5.919191607766500773e-01
6.895338582565906371e-01
6.248189343114528560e-01
5.692105434617734661e-01
5.112882814401630283e-01
5.732850990762735632e-01
6.435969546334423530e-01
6.067105950673723491e-01
3.928964913873407849e-01
5.532694968874910524e-01
5.651052892887405976e-01
6.707178183542196193e-01
7.264398018719412375e-01
7.486985769024815385e-01
6.505852712116937386e-01
5.927239461790529962e-01
7.474292850123480658e-01
6.692697671916050250e-01
6.018588786261328538e-01
6.056023022830756553e-01
6.413409354538975871e-01
6.332124470440528841e-01
6.407790571039881922e-01
6.627530050853099874e-01
6.720003557007743211e-01
6.714816872380698909e-01
5.667134446692028149e-01
6.890695329975098371e-01
6.375543858747603210e-01
6.643058130171017872e-01
5.864462246255091049e-01
7.097699219356972122e-01
5.699986597088649853e-01
7.150680697769036254e-01
5.556994844201662564e-01
5.956879274375453948e-01
6.297579040157424979e-01
6.606019026251969128e-01
6.184571401377028099e-01
5.880899817192563050e-01
8.110586822633181203e-01
6.947533006143651324e-01
5.822736672109859457e-01
5.463394365637276318e-01
6.248614913085362987e-01
5.280361371181622188e-01
5.842173260817697944e-01
6.646625054371806396e-01
6.446060155246899903e-01
6.447845054671271781e-01
6.691134505202375182e-01
6.194402393623008596e-01
6.716954720963758119e-01
6.421981706865987904e-01
6.435041944768929989e-01
6.848645526561472074e-01
6.024718556445018969e-01
6.015718524482120966e-01
6.806352550548517844e-01
5.889424633678485010e-01
7.397596811083966273e-01
6.696658675457994869e-01
6.016633611157817807e-01
7.325344072341777313e-01
6.550792751664227254e-01
5.678492435102852065e-01
6.367134983242168644e-01
8.266531628234884410e-01
6.134891632551322527e-01
6.428918378112516985e-01
6.635503917132625773e-01
7.714185420924115633e-01
5.855952468541033573e-01
5.959602605436620237e-01
5.746769686782279285e-01
6.714808538346546118e-01
5.668757493357697852e-01
6.249179102925980223e-01
5.858264226690286236e-01
5.621906112963470648e-01
5.439257978667338955e-01
5.833872871822188833e-01
6.066952490038933776e-01
5.879019541468436527e-01
5.495536420805198219e-01
6.724294806578489103e-01
6.194139098110701402e-01
6.225827242614152546e-01
6.225033855786109571e-01
5.987300860052213736e-01
5.464756442276845760e-01
5.740351107868655323e-01
5.869908046485937669e-01
4.983837711345550647e-01
6.810549677046535688e-01
5.611363366906590988e-01
7.233772576664121434e-01
5.301078665126721656e-01
6.044969640421130608e-01
7.417571810010742395e-01
7.183794195352637413e-01
7.348113955693801325e-01
5.650461423493265967e-01
6.139632443723652688e-01
6.481026190153998945e-01
7.539012596250530551e-01
5.463397944200998335e-01
5.417459245178773974e-01
5.620038979437433913e-01
5.930773959531990824e-01
6.576855367851373035e-01
5.938064999688669188e-01
6.597952296127037597e-01
6.456323389465005169e-01
8.025262918330909878e-01
6.597454741798809419e-01
6.155658958297658412e-01
5.703367891830606329e-01
6.315089322139728623e-01
6.276728273311475981e-01
4.734043119651022424e-01
5.774794696124018190e-01
6.239780891357834536e-01
5.429770278714817211e-01
5.626737286734798671e-01
7.008885310812217329e-01
6.337157026187962838e-01
6.619800551816665823e-01
6.600691067921544697e-01
5.861282401736963577e-01
6.733941215074069619e-01
5.453494003046727157e-01
6.444214373045574762e-01
6.910989294858679299e-01
6.303103457023402356e-01
7.198463931022675011e-01
7.319175538543241100e-01
7.503256586159575692e-01
6.756485048168957563e-01
8.127859869206264243e-01
5.754273049932483453e-01
6.285367528101538648e-01
6.499572318316573227e-01
7.007030373228657627e-01
7.410675861072489878e-01
5.614988624102944526e-01
6.435613737102565679e-01
6.092818394935681781e-01
5.915525501982410450e-01
6.347933873831983487e-01
5.671623697578149770e-01
6.811026550527622403e-01
6.229508894942067387e-01
6.306029393562861962e-01
6.937991375367309477e-01
7.076780655264542919e-01
6.972566212846480482e-01
6.543110937846542408e-01
5.774446972623994423e-01
6.293957775626843887e-01
8.109833131464655454e-01
6.502179922741153639e-01
5.304586627286660416e-01
5.568217598054602258e-01
6.257651749737660474e-01
7.237399417227332599e-01
6.479647278085008955e-01
5.682272562070559419e-01
6.477413118788353241e-01
6.623153643747088370e-01
5.815728065875720443e-01
5.638102391976400618e-01
6.847216447548799545e-01
5.863376356031130276e-01
7.222029851579842008e-01
6.993800682841558869e-01
7.433780618967259501e-01
6.118837352326480516e-01
6.816367586230008824e-01
5.817754932600913698e-01
5.275664743009604862e-01
6.570530291047054217e-01
6.510219843251097149e-01
6.910396488630204948e-01
6.395999595997432507e-01
6.591986109650731507e-01
6.292473535549216734e-01
6.397609092240081896e-01
5.543621089575240246e-01
5.436651396860279206e-01
5.529854733027407265e-01
6.906738413488155981e-01
5.844095730888982931e-01
6.313289564011148602e-01
5.052995906895013656e-01
7.316031765486618044e-01
6.140807399133019207e-01
5.895229443918161838e-01
5.285270722420469802e-01
5.983345628103389213e-01
5.791148493506397266e-01
5.579192181754848434e-01
7.627031755640756305e-01
6.209365986225888756e-01
7.286676847279730529e-01
6.681592308904789057e-01
6.554109914534941295e-01
5.901848584381736984e-01
6.176168218359451290e-01
5.268635643814000291e-01
6.621199633925058947e-01
7.004031887635697728e-01
5.979859832808575026e-01
5.935834323634359144e-01
6.105962123532225894e-01
6.936582154891136609e-01
6.865942581833420766e-01
6.936736058156146578e-01
7.010769171119517473e-01
6.697747447609123661e-01
5.732211600046746014e-01
7.287558793353997588e-01
7.416312200333992077e-01
7.653554107380251548e-01
6.166948169110543221e-01
6.951731714034083964e-01
6.063803112492234249e-01
6.042106435893270788e-01
6.626450335585769569e-01
8.075754678343223247e-01
6.619363763332619666e-01
6.431639731550038430e-01
6.686849126807374866e-01
7.659648708633359782e-01
7.346410558206524222e-01
6.440871248046321496e-01
4.712346423931234596e-01
7.018449450467169060e-01
5.867977802170832868e-01
6.999982375964735049e-01
6.561730431448890011e-01
6.438888605887553851e-01
6.958167110966444469e-01
6.026230069659164190e-01
6.768006752860642461e-01
6.746246779720056486e-01
6.645859254521649939e-01
6.055675429805781329e-01
7.100577251062230033e-01
7.234504075942844725e-01
5.548872491154797082e-01
7.435931913629529877e-01
6.459850549699742706e-01
6.596185598497582570e-01
6.795726304053912870e-01
6.191681823747466895e-01
5.878406275813614634e-01
5.847114857665006715e-01
7.747137163735180465e-01
5.723368871001049962e-01
6.405515822841009177e-01
6.155430810554063381e-01
6.842920645428672843e-01
6.493671057701830840e-01
5.870259308533565257e-01
7.031120011972874506e-01
5.548210162465246897e-01
3.838809484757293999e-01
5.773216573181613187e-01
5.897150807335020950e-01
5.984005456076786356e-01
5.078733334488176876e-01
6.443751998359067423e-01
5.834812379664392479e-01
5.747984300710643479e-01
7.399670955569570552e-01
5.914330725643821562e-01
7.879507319058038917e-01
5.589594404259677907e-01
6.801284470882408284e-01
7.885347783240420627e-01
5.264072260871404119e-01
5.875122187232363347e-01
7.171647675447191395e-01
6.015679045262904978e-01
7.336363777271408537e-01
6.866172293153139927e-01
6.263294511281105592e-01
6.727130107644393453e-01
7.093877180139245286e-01
6.024088287844314715e-01
5.770200156725039387e-01
8.397558437656793551e-01
6.452228591456936613e-01
5.936655452848697001e-01
7.210425776671852693e-01
6.281029498015254786e-01
5.307078720819622397e-01
6.172308236192453057e-01
6.531602815754758984e-01
6.026110261809307644e-01
6.587308583859010636e-01
5.990582264350453601e-01
7.034384645266890113e-01
7.238297780459382880e-01
5.652188663843222827e-01
4.621338768182368106e-01
5.513535669657716465e-01
6.065061084905341016e-01
7.731098920949186493e-01
7.105801010707794019e-01
6.220727245938391103e-01
7.307784447441659781e-01
6.581743103386431537e-01
6.002688422835791293e-01
5.787423534514153367e-01
6.047547186504271810e-01
6.839763906435907259e-01
5.753393176112427954e-01
6.245261479845907182e-01
5.550697917781683977e-01
5.884881130317621833e-01
6.518222329586552677e-01
5.478801624895047739e-01
5.353632720642059750e-01
7.592706313138831709e-01
6.924296333827917316e-01
5.695772956488772687e-01
6.610257978891566077e-01
5.893651999252419449e-01
5.883332890820730521e-01
6.733055805680441264e-01
5.669661873173217348e-01
6.106406129153139073e-01
6.030051068819453075e-01
6.571706151584393307e-01
5.850372542040981338e-01
6.815424632626919665e-01
6.229791884917197375e-01
5.960925088730095744e-01
5.685013947084511798e-01
7.555522472105201670e-01
6.887673163536968124e-01
5.982089847057355803e-01
6.090519768225072239e-01
6.297530898244605435e-01
5.776609185745400499e-01
7.712997844135811576e-01
5.881318406498828866e-01
7.089143064212088952e-01
5.514537483653906280e-01
6.608699920300068475e-01
6.267772056349110166e-01
6.261003821069560660e-01
6.913402392568668287e-01
7.170961304150935689e-01
6.417005422552573002e-01
6.586664641651953644e-01
7.642129058071295278e-01
5.710727130633684867e-01
7.176385485299104916e-01
5.871731703799187851e-01
6.580453934586313336e-01
6.792084140925183089e-01
6.759147894180933536e-01
6.284377306051485146e-01
5.770705589711427885e-01
6.764280652827612261e-01
6.040398173696128747e-01
6.924776725850645409e-01
6.316464813605038309e-01
7.684131918772548753e-01
6.360454626880828188e-01
6.715888718068506735e-01
7.665157365272462497e-01
6.131057797948524790e-01
7.176078608520422009e-01
6.190750759371441703e-01
6.137556257903530321e-01
5.636950431291495311e-01
6.249250671127999368e-01
6.338199116166586267e-01
6.778465568530170904e-01
6.782725068559644077e-01
6.196471856790672916e-01
6.278105244693338305e-01
6.382470131777394640e-01
5.425192581581116391e-01
5.237633171433341284e-01
6.427825487722993447e-01
6.738297349510897760e-01
6.338754051046315841e-01
6.950423423180904781e-01
6.596177645907874698e-01
6.419866454024982794e-01
5.875182587670447765e-01
5.741326606115926268e-01
5.742957603786130738e-01
6.354708895241154565e-01
4.382509155608658724e-01
6.735081115823027265e-01
6.033131570651697473e-01
6.375507939112984301e-01
6.278972976842754905e-01
7.535548857531956246e-01
6.199081141571963771e-01
6.493588303881969725e-01
6.551276382316634228e-01
6.745068084174254963e-01
5.948887045384464445e-01
5.979687618409833538e-01
5.809179746172543624e-01
6.126272630251402562e-01
7.281160674598395888e-01
6.983233647624337292e-01
6.299925631123073355e-01
5.877423875041092316e-01
7.142568089409406795e-01
6.537293264909979085e-01
6.180223238173595535e-01
5.610408911002567889e-01
6.203974263425228175e-01
6.359159836586969483e-01
7.213945586559842305e-01
5.415606051672765542e-01
7.180069857236112130e-01
7.436026709882549435e-01
7.341039716294240902e-01
8.312323736087996462e-01
6.003991394912296942e-01
7.073119797864066971e-01
6.771356636953688168e-01
5.753058065643934516e-01
6.414996837082175274e-01
6.131236324487904232e-01
6.357344825524339216e-01
6.509811689262543499e-01
5.956092395110993420e-01
5.490057449979347526e-01
6.304997031540514607e-01
6.064731165989986073e-01
6.719671915890808034e-01
7.671755285062071827e-01
6.706121675795494452e-01
6.470962419006812683e-01
6.563942060406274814e-01
6.026644725814368497e-01
6.839303295377561209e-01
4.922484134238204190e-01
6.116619327249721572e-01
7.310944733474820101e-01
6.107267683524588708e-01
6.383829757666623639e-01
6.797293488854740939e-01
6.339698243372624553e-01
5.630444064219973788e-01
5.931787187086448032e-01
6.194704222966364027e-01
6.700339633432798037e-01
5.935923371437332730e-01
5.340722574360350361e-01
7.048530412330304973e-01
5.992782986770359699e-01
7.103025789876038498e-01
5.815371382737839490e-01
6.641480198840818971e-01
5.544600811083602032e-01
5.158060726032466237e-01
6.221768840844299486e-01
6.920822683699391353e-01
6.361198996228343283e-01
7.310045644626856909e-01
6.645843943253683106e-01
6.005057351564190293e-01
5.765585837354180176e-01
6.930805564929644058e-01
5.498491418417020826e-01
6.304360997213360740e-01
7.473663844605541451e-01
7.256558929995338136e-01
6.979274201099002761e-01
7.488208907797201386e-01
6.256441805078286622e-01
6.387145276837917773e-01
5.906605595701148737e-01
6.171024999048284609e-01
6.121861182139883839e-01
7.005886996495326313e-01
5.329423079490324122e-01
7.896342483726068728e-01
7.640979243400326526e-01
6.845421164993178431e-01
5.321828457362964837e-01
6.459507463927166571e-01
6.218324918893012310e-01
6.583668937703371915e-01
5.859865116478303326e-01
5.910268388440518272e-01
6.093246657350968043e-01
7.367970406615592660e-01
5.295233545990959412e-01
7.157417567879841291e-01
5.943852515260131808e-01
7.339283626033206165e-01
5.599685119708095460e-01
6.414880844200442356e-01
5.982615511764325378e-01
5.825121122829844955e-01
6.191608200970863951e-01
6.479645552336480430e-01
7.018469393479536134e-01
7.388922791295610137e-01
5.558741721288238402e-01
7.451804080319922585e-01
8.794922512080662891e-01
6.572787535679478488e-01
6.349122411326317827e-01
8.012334494081986280e-01
7.799866385102680599e-01
7.405195965991775431e-01
6.175550537970843079e-01
6.185390656243661134e-01
6.286437885255630187e-01
6.300709009424526608e-01
7.018141727027219501e-01
7.312257854997298301e-01
7.070078695121135848e-01
7.101971323034819150e-01
7.199361410705867881e-01
6.120054019799223699e-01
7.920245649320935000e-01
5.463013647809593643e-01
6.261255535296866848e-01
5.887672038546415409e-01
5.384741053180885917e-01
5.872711463705636570e-01
5.862916803471761584e-01
6.163985210313399632e-01
5.710977837608361973e-01
6.207096022576608085e-01
6.310801994378789637e-01
7.074661184169214190e-01
7.151072090630979927e-01
6.494043518923137137e-01
6.915498731622516937e-01
6.133712247026935627e-01
7.020982535324976626e-01
6.519407178984889528e-01
5.927498651541822650e-01
6.607287973295375982e-01
6.460273949811569105e-01
5.836758116067463087e-01
6.032232762619981203e-01
5.897463534886095982e-01
6.290747561400716892e-01
6.130226801614456766e-01
8.476617520095902636e-01
5.980629206856094005e-01
5.914357955378409804e-01
4.962172442299903063e-01
5.698523428019323100e-01
5.781351936062998353e-01
6.242682142231288367e-01
5.537471600507882785e-01
7.353135594232828032e-01
6.247484624309028733e-01
6.098485547585210664e-01
5.191989677779822454e-01
6.245740262887120586e-01
5.689523992802308916e-01
6.857137608465798673e-01
6.534823185195226536e-01
5.686732688689903892e-01
6.743671535640077819e-01
7.856221103182861043e-01
5.890316827429750157e-01
8.812099469760618087e-01
6.197379481238179944e-01
6.454945956352370340e-01
6.705634627389234215e-01
6.321584255742909164e-01
6.340226207288086613e-01
6.350490504127882518e-01
5.788840546136432286e-01
5.863134826365505869e-01
5.603116497845784805e-01
6.316751489729688362e-01
6.975612186592253794e-01
5.229164625527213950e-01
6.679236070463856478e-01
6.228626349292539777e-01
6.019749398056080114e-01
6.465282655657749178e-01
6.615478497653800583e-01
5.830223737282128615e-01
6.364839025712227816e-01
6.383226378868736006e-01
5.788948285742113731e-01
5.864871729958709423e-01
5.580702910124795135e-01
5.264309923888573772e-01
7.436867673249473176e-01
6.589809814584985936e-01
6.434381681440054512e-01
7.903510805801947647e-01
6.773108894007024983e-01
6.232582708020887319e-01
6.615491879013951637e-01
6.956877561983355607e-01
7.633445336601649700e-01
7.233943506349830299e-01
7.121224413698498124e-01
6.767061683421221607e-01
5.868051427552671839e-01
5.890392840858681422e-01
7.037029620841999122e-01
5.647273379026629403e-01
6.192106334476246143e-01
5.929571801797021147e-01
7.750013098254295851e-01
7.252724555345504420e-01
6.605276108562482262e-01
6.781130594689853686e-01
6.180430142871667920e-01
6.039512281745492706e-01
7.174218892192967267e-01
6.157561717612392016e-01
5.619245122392324543e-01
6.518961821824985625e-01
6.070227484090806591e-01
6.924096515900108884e-01
6.630247222841595400e-01
6.393707247436517527e-01
7.143975439166286856e-01
5.534000220900034961e-01
5.994357197290114403e-01
6.080916650405049362e-01
6.317811607586755196e-01
5.857627864136151219e-01
6.418452401136424124e-01
6.092176521477127293e-01
7.098475055348225649e-01
6.295618221684773363e-01
6.986103467924712485e-01
5.778363675423701107e-01
5.770764560000390953e-01
6.247318637570437039e-01
7.055604774703125859e-01
5.681566554224299903e-01
6.845401085474462910e-01
5.867926554084728075e-01
5.950762006371891344e-01
6.093699712933521306e-01
8.514957779401686189e-01
6.257749535859357115e-01
7.211962141222962863e-01
6.922693824432023524e-01
6.726772867895222108e-01
6.129056668355964410e-01
5.690492544445148182e-01
6.134049193220716401e-01
6.692193215909296722e-01
6.781371939740613586e-01
7.264812045729734935e-01
6.855607435513957348e-01
6.317946492207735520e-01
5.657572383742331956e-01
7.024837860650369192e-01
5.214805808334165294e-01
5.672217463072308785e-01
6.836835399479280762e-01
5.775739882121594393e-01
5.919680036470557072e-01
5.410771908656595297e-01
6.404376732209121625e-01
6.645329901452271537e-01
5.620719670131083534e-01
5.973597880592089737e-01
6.195823179433855854e-01
5.764785836153306642e-01
6.934727515735188419e-01
6.294396874616356996e-01
6.231122305220790913e-01
6.708058118734736563e-01
5.357092044417197663e-01
7.465417279598023370e-01
5.826571701788645363e-01
6.240785391527126080e-01
7.181795390375419474e-01
5.900037619730482685e-01
6.294632934526039891e-01
6.228133947838044859e-01
7.247576769291347309e-01
5.524475247643576559e-01
6.704374278182210212e-01
7.601866867493203284e-01
4.834241898372888535e-01
6.595551283576942536e-01
6.728983100213589141e-01
4.573185711034094547e-01
6.633196879309735117e-01
4.437658855222785248e-01
6.148470523653598585e-01
6.527343130207510224e-01
6.676645691051106279e-01
6.608516506084327613e-01
7.265507373193285101e-01
7.113652910993312206e-01
8.388787448797835333e-01
6.590106232818281340e-01
6.676233888141128725e-01
7.166504256379964133e-01
5.771357725239728564e-01
6.923741293655759632e-01
7.236138878653337603e-01
6.972911296738038001e-01
7.483581202485147799e-01
6.822664152642942126e-01
6.311230056333299032e-01
5.681285393819822671e-01
5.671917215323604156e-01
6.863988488881437311e-01
6.004691165066242675e-01
7.434780777868988944e-01
6.344367488300026725e-01
6.543984202666820460e-01
5.933026559012386514e-01
5.757821425671830751e-01
5.996183311704603724e-01
6.563258448287858648e-01
6.058194526074829334e-01
7.242659320964245362e-01
6.616875663470850322e-01
7.322073582974557571e-01
6.242978329774341306e-01
7.233581018818168173e-01
5.799878795656902009e-01
7.083477144899060773e-01
6.419105867514077746e-01
6.460200814593848317e-01
4.845709671187048428e-01
5.799948720956419335e-01
6.148235268532570297e-01
6.969009073088631157e-01
7.375820150004898101e-01
6.964537781183611775e-01
6.783991486162922468e-01
5.932207033904096649e-01
7.199606852029438731e-01
7.196189752874565526e-01
5.614884295907127676e-01
5.857046987657349435e-01
6.812651782525849242e-01
7.516115182709491860e-01
5.544287666715235208e-01
6.520416513600560959e-01
5.643346000187086098e-01
5.179989632402395294e-01
6.282895492965847595e-01
5.088180066127132584e-01
7.287331839441318904e-01
5.911345027613096326e-01
5.662268744896498118e-01
4.901359607169536448e-01
6.793755287595847348e-01
6.193003019260521214e-01
5.498636956198917902e-01
6.511590213618265732e-01
5.755734854269268785e-01
6.063072567506846422e-01
6.116719936890405718e-01
6.908347775109191513e-01
6.385774252331734013e-01
6.622472241297550077e-01
7.312661183479044480e-01
7.235873255257324610e-01
5.863586310965052117e-01
6.119950788256947050e-01
6.043931119368213256e-01
6.844534940057601657e-01
6.168834108066538757e-01
5.152051406110470522e-01
6.399122942313165696e-01
6.424206769523105320e-01
6.300465245481075005e-01
6.587362839055173058e-01
7.120877345327161212e-01
7.216819627529050818e-01
6.109174211893461104e-01
6.547172168315142926e-01
8.405329569180456373e-01
6.011502158292580944e-01
6.082647607376500121e-01
6.476276973155896677e-01
7.224707709899332864e-01
6.063408135827241807e-01
5.964578063097147886e-01
7.269685087263451084e-01
6.341005359163695010e-01
6.008557735880127870e-01
5.792947822197876961e-01
5.969801915726374864e-01
5.876053718845796192e-01
6.488827867643541802e-01
5.633573500194157813e-01
6.146077055640866149e-01
6.929767349602792281e-01
7.188379005499333507e-01
6.939854379043665089e-01
6.548448920282593511e-01
6.412246298683256240e-01
3.800980242234588413e-01
6.499937544633500597e-01
6.823018162012302046e-01
6.174645326931331724e-01
5.873967181872101762e-01
5.807376801565675706e-01
6.309597619964688597e-01
5.946754700121751336e-01
6.843291595157668938e-01
6.406360473499985719e-01
6.692343058957498370e-01
5.908894068484812356e-01
6.627758073361271762e-01
6.369430096394512741e-01
5.582710103512430466e-01
5.914439554017764111e-01
5.930609465469278696e-01
5.536687236747807050e-01
5.674043139642458433e-01
6.098949206311927718e-01
5.374181427409724376e-01
5.863453354824207375e-01
6.007353982327906516e-01
5.757921279112063750e-01
6.160166361523540246e-01
5.685527392749788467e-01
5.765353780712996201e-01
6.380985509892708185e-01
