1.037365493077040179e+00
8.316650673440697528e-01
3.422358248462792574e+00
6.385887300476028594e-01
4.715813240234362214e-01
9.220192625372788386e-01
1.819323598041141521e+00
8.996580943004939268e-01
1.031825732376063343e+00
2.165898770991677935e+00
7.441882465363326427e-01
7.227083444913444676e-01
5.415494083504155398e-01
8.995481644662941534e-01
1.199515814058754071e+00
1.624007287854131398e+00
1.006356458257547271e+00
6.519345369988454042e-01
1.219710322956920612e+00
1.028314176436939009e+00
1.354391333395747132e+00
4.989569695129885685e-01
1.134620337486493824e+00
8.861874391050628130e-01
6.631023551117480874e-01
8.994847226095769033e-01
1.061427312687779567e+00
1.343286397491476603e+00
1.186161055807887887e+00
1.535867656721532359e+00
6.202142974573788825e-01
6.095594058850908326e-01
9.148608172517219694e-01
6.053504356755772253e-01
6.216134170290703587e-01
1.823572067342684067e+00
8.843943282516245619e-01
1.718251485065742656e+00
1.243556364117357926e+00
8.871170784937746356e-01
8.232009242478232069e-01
7.943879216629424755e-01
1.104624921423039030e+00
5.510597394522807058e-01
1.356269849395886018e+00
1.061839318124406795e+00
2.564997848905952615e+00
1.409299903052067648e+00
1.153542795618639261e+00
5.788265540315428170e-01
2.593226759664919889e+00
1.946706388384381592e+00
2.266952077790244768e+00
1.868981042210984933e+00
9.022901583016987859e-01
8.739045746154238126e-01
5.475463464518215417e-01
1.165875509126354403e+00
1.247258134563538956e+00
1.313583848000432486e+00
6.641074834016926776e-01
1.499458651991929736e+00
5.577111950470671209e-01
2.182088008364989840e+00
1.715953675030520875e+00
7.076911182651162147e-01
1.598609462850519414e+00
1.412056152436246048e+00
3.651423892317972264e+00
6.881860574684174336e-01
7.616507803398706589e-01
1.401180665137651049e+00
2.106702256206638424e+00
7.332839388243220791e-01
7.948340827322742941e-01
1.690983496395386476e+00
1.893735482987549679e+00
5.515059005216124133e-01
1.155969157020072080e+00
1.961466599016549184e+00
1.698050234081828647e+00
2.390587572389291982e+00
1.156250681575844652e+00
1.247535051915868332e+00
8.538927163856971925e-01
9.085772116329975390e-01
1.409161861597567178e+00
1.882160356075309959e+00
1.084402385999754914e+00
1.121861990091579164e+00
1.530880845368379539e+00
2.981938161549632316e+00
1.409379169321239633e+00
5.716249205185460758e-01
8.346282824263187017e-01
7.270084271366310524e-01
1.392037891546077821e+00
1.046535424380860224e+00
2.110064729604729461e+00
9.594834435720246413e-01
5.724216923844420712e-01
1.621429416967183457e+00
1.042682207929456650e+00
3.550547330103837496e+00
5.360717994500654449e-01
2.118219647208952505e+00
1.186504762521482403e+00
1.118357548390743528e+00
1.046215662301450688e+00
7.665043635447046366e-01
4.603240847453526352e-01
2.720487728931555882e+00
1.010309609666897090e+00
1.616120381968087383e+00
1.071901712363915404e+00
1.909857791948010641e+00
1.127189248997282345e+00
7.954746679617066274e-01
7.153672787978692105e-01
1.506078767775509641e+00
6.095044139054687227e-01
5.318857128041238891e-01
2.562779686341147833e+00
1.046062297857023982e+00
1.286752008029170780e+00
1.146831334132302205e+00
1.161319673250228668e+00
1.830437449558913077e+00
4.519611363059475861e-01
1.904409801327753282e+00
7.278674510111804441e-01
1.877877655693827252e+00
1.487304407053694932e+00
2.011363843287078623e+00
5.988905820488544807e-01
3.097430571180894709e+00
1.524341619577773255e+00
9.483361882531849973e-01
5.311873134030326016e-01
2.018798495729823728e+00
7.739542076235728096e-01
8.590812711267677981e-01
4.867929744097650446e-01
5.606375943017957164e-01
8.404660194414806940e-01
1.627590939546136539e+00
1.925232819149003127e+00
4.352953743683054544e-01
1.233619966537466972e+00
9.470536172984000967e-01
1.195740473150544325e+00
6.702577859475251643e-01
3.173047281108324569e+00
2.785835649273585624e+00
1.660373761899665235e+00
6.046548584665231152e-01
7.837162756346691683e-01
6.343106735972977583e-01
1.529849050460238891e+00
1.850224837113910281e+00
1.286903951487098130e+00
2.801508241074397443e+00
7.440459921638170604e-01
6.292206533182533867e-01
1.592650624140051985e+00
6.283278297570615845e-01
1.906171662132420064e+00
6.786207343869301578e-01
1.130042480120287074e+00
1.074330073227497184e+00
1.664728304841524453e+00
5.444986911687162978e-01
1.022408401791979671e+00
1.930126530048514866e+00
8.381952669104794085e-01
5.659207790420454076e-01
8.552946581494255129e-01
5.091218181082340921e-01
6.697155731828976499e-01
6.968418025327274279e-01
1.755355397188650857e+00
6.435805398590640491e-01
4.521145007503741819e-01
1.397221111067860067e+00
3.153794799295672302e+00
8.244109071241972897e-01
9.931195792686765556e-01
7.590353538621490426e-01
4.694838050506535132e-01
5.596721040314082130e-01
9.469906060401510617e-01
6.025375705879751909e-01
5.254258591774010334e-01
7.950256847003378535e-01
5.678942197944144565e-01
9.117201247231009331e-01
4.977956545865804272e-01
1.380109754079510198e+00
6.728182204456247817e-01
1.201015692737211094e+00
7.582935739758751570e-01
1.453877625371412741e+00
8.663728272274735520e-01
7.547511683042573694e-01
1.227641304796190047e+00
5.099214121661670429e-01
5.567610587367444186e-01
1.745069725827823826e+00
2.183427347937338059e+00
7.379521032937232938e-01
1.824825988652528430e+00
7.787948117628947786e-01
5.290376246426649054e-01
9.955749690670548935e-01
7.329142528022637437e-01
7.971553120891705646e-01
3.910060800747592324e-01
1.030764614516175515e+00
1.883330966414644925e+00
4.370590370005091319e-01
3.706425831976258300e-01
2.611974527318370320e+00
8.157301056893386804e-01
3.641451715568478686e+00
3.919276271922587540e+00
1.292680021887006703e+00
1.101171663363747832e+00
9.844350722941760390e-01
7.678652997178033734e-01
4.307907853418497801e-01
6.481974336142727333e-01
6.695622087384708321e-01
1.368490269619128785e+00
6.478445020481996552e-01
7.886236452452739520e-01
2.256738998775792204e+00
1.629964062044493733e+00
8.076004255412932986e-01
1.765348687790058380e+00
1.034457269974413451e+00
1.140784472088247625e+00
9.786237993109895283e-01
1.155451087517911590e+00
2.264095106912289435e+00
2.479107390277862422e+00
4.755357351316814585e-01
1.665863694109928295e+00
9.156620040633181024e-01
5.770246538757023425e-01
1.002886586539295743e+00
7.191888223832985094e-01
1.333359154913232647e+00
5.713755043788236732e-01
6.294290097423018704e-01
2.407638548743155749e+00
2.748388934113046300e+00
3.384749335334237941e+00
1.198582724670186339e+00
2.435690943654565288e+00
1.530602441840952510e+00
3.130969342064841676e+00
1.800703266079771936e+00
1.332548790208694989e+00
2.348587718575145811e+00
1.379605188955372430e+00
3.390445511962540071e+00
2.098602124487854326e+00
3.163938458378973806e+00
9.986724733682365018e-01
1.728870860636543716e+00
2.984152022110701186e+00
2.931959108238199718e+00
2.714339598435451251e+00
2.063568054266000207e+00
2.264780382321237795e+00
2.298020058739179028e+00
3.151413958151403349e+00
5.972420463374404909e-01
2.582969908920460966e+00
2.381552332809592443e+00
2.435896000394015104e+00
2.380186021288383635e+00
2.706043410083169398e+00
1.402823865629776012e+00
2.921987910174681513e+00
1.832277038305247574e+00
2.063030165018999718e+00
2.485035929252775500e+00
4.077388950011646251e+00
2.251784632708019096e+00
1.506679197042100959e+00
1.418805060222248171e+00
2.052337614361941398e+00
1.391377537410880771e+00
2.183938403125968986e+00
1.977475564396103724e+00
2.333506631187979519e+00
2.000955609540703062e+00
2.075391125257355807e+00
3.377588052627269022e+00
1.748452073044607813e+00
2.156306570103629916e+00
2.922584347482932277e+00
2.097785653567024067e+00
2.484542826355912837e+00
2.515256385482286916e+00
3.279805040385105563e+00
1.901451958075412119e+00
2.494693608443886657e+00
4.976012304264799124e-01
1.671777169073436653e+00
1.866718323069950891e+00
2.113559732345935860e+00
2.632378154053930164e+00
6.918360604573180472e-01
1.951012812195838109e+00
1.234556008586620068e+00
2.963315134404130191e+00
2.373805746458238719e+00
3.268652442181515738e+00
2.244996649152308787e+00
1.803730325323583017e+00
2.393893132223436915e+00
2.847513135399703632e+00
3.614615376738609331e+00
5.822540522101811167e-01
2.466772873134108313e+00
1.283738508378770016e+00
1.827324122357016911e+00
2.952411061436707840e+00
2.529681446872432460e+00
3.288059138766281198e+00
2.180870127993388863e+00
3.450437110452837963e+00
1.374201863382404021e+00
3.924644493357740682e+00
3.558035297705663957e+00
5.469029390303522531e-01
1.734858055527493503e+00
2.356361845262151977e+00
2.191946325357382985e+00
1.112385522156648543e+00
9.719834537881145708e-01
2.221835771902409995e+00
2.757973233259557677e+00
2.566744122810098450e+00
2.192434064503181901e+00
7.083484579505335832e-01
2.073262033626626089e+00
7.805674256947221501e-01
5.636698956248360481e-01
7.672560479290385649e-01
1.525595905877245029e+00
1.125630928339347303e+00
4.660435801819183266e-01
7.753150896716273222e-01
1.756951241199373071e+00
2.189004909447307412e+00
1.775849609581152233e+00
1.173385488146390321e+00
1.541507710415549681e+00
2.299720109879201058e+00
7.630498999115621350e-01
1.858933585444413117e+00
2.311297357448292455e+00
2.497131595221429023e+00
1.674049616853408917e+00
1.258733456540677587e+00
1.316803376934834180e+00
2.650176149569622996e+00
4.312947605828406084e-01
1.448583826630370774e+00
8.551245392490136599e-01
1.439514816430538025e+00
2.719041238927867088e+00
1.453350101456002408e+00
1.602794151664867162e+00
6.362828546507715011e-01
2.574041875625988407e+00
3.175788040276473989e+00
2.799827801173672359e+00
1.192170333419578565e+00
1.055624798746473969e+00
1.201760294815522156e+00
1.734025425410695265e+00
1.977267795766169955e+00
1.574662491230846229e+00
2.283362184920453508e+00
1.232145924083167143e+00
8.017811571440027762e-01
7.385251647755057824e-01
2.455790475431600672e+00
1.658017705428678434e+00
1.953299017107159141e+00
1.702219917141371885e+00
5.224765763591004974e-01
7.473261168729168347e-01
1.725047341900526332e-01
5.423972025702515909e-01
6.242750461840117504e-01
7.748661064102585483e-01
1.059313744383563183e+00
4.446084591180329837e-01
1.253016742707150799e+00
7.667266760972242245e-01
7.880534059555285298e-01
2.248325688503297837e+00
1.714141482581049702e+00
2.649551520140992711e+00
6.557034752466138761e-01
8.948466382524863372e-01
4.942960015923263395e-01
2.234527448945919481e+00
1.622417454040162577e+00
9.676591644000682724e-01
5.746725758016514307e-01
7.899267131216696214e-01
1.352823787885333751e+00
1.754300953351451975e+00
1.042705091493028702e+00
9.591680558493174136e-01
1.313597780264380788e+00
1.095880321212172159e+00
1.034810201540486307e+00
8.972269351093982159e-01
1.170013363372405912e+00
6.108601529919774897e-01
1.533947448916393785e+00
6.019382373319597246e-01
1.136123696425328067e+00
1.635531152190913495e+00
1.131991615612967683e+00
1.156076318787278900e+00
9.361721931499613625e-01
2.281883307046086884e+00
6.447418547854723014e-01
2.236561447206245834e+00
2.342705060505498871e+00
4.998549360357262827e-01
1.009480729384951259e+00
1.700557318138927299e+00
5.553670821265989099e-01
8.437162562960123235e-01
8.109436996413407206e-01
9.703988613559465515e-01
1.223182382688851266e+00
4.981052056674706852e-01
7.004918055216281525e-01
5.472969303120990281e-01
5.247824517559317448e-01
7.608540084739746634e-01
7.055935992923333400e-01
3.002324609941986910e+00
8.331965291260662321e-01
5.224765763591004974e-01
6.159361868820297792e-01
8.008310208336801850e-01
2.564587985612456045e+00
2.189049723000553449e+00
5.496577976885522743e-01
5.862943581402473292e-01
8.475479586187533165e-01
1.218455342977177391e+00
1.395788401882088303e+00
6.095868068896709291e-01
9.068104343429871372e-01
6.406480114967487705e-01
4.963554752992150876e-01
8.368945198035927513e-01
2.002779801399502180e+00
3.656434443634080544e+00
8.605674910941313316e-01
1.660758994139531319e+00
1.419082502887088593e+00
7.699997965153276835e-01
1.063930434436748396e+00
1.162082481741163020e+00
1.166066884197972664e+00
8.148443243438149297e-01
7.492292116855989725e-01
6.527952521439871481e-01
3.557943627923714214e+00
2.694002664539531633e+00
2.637599512512560640e+00
2.447473292942507594e+00
5.039077196087760058e-01
2.082199472613157187e+00
2.132924536889987621e+00
4.420452667184923357e+00
5.220579006915313514e+00
1.309995041023313211e+00
1.654348241725569713e+00
1.834034831634398177e+00
5.013912366112026398e+00
8.250541700424292024e-01
2.410123025462079571e+00
1.809516581551990466e+00
2.408188298862342425e+00
7.013846290828199548e-01
2.732751823394597768e+00
4.825979364641997393e-01
1.712797464853515805e+00
2.686479142245902008e+00
2.842931961253661211e+00
2.315359105544291030e+00
2.156756288727204929e+00
9.784933184301348730e-01
2.950151168046855510e+00
2.623865122809951433e+00
3.320242273210019857e+00
2.771688257221745832e+00
2.484642938621723918e+00
2.380258007999850545e+00
3.652957816860498141e+00
3.343858336639385254e+00
3.608959959979828103e+00
2.273991652639506977e+00
1.935898714632146467e+00
2.354315098557043573e+00
2.434444258177827169e+00
3.602887863980511085e+00
3.260113537516041493e+00
3.258886324577487059e+00
3.398091685290322239e+00
2.142851208693515641e+00
3.144380508120406148e+00
3.673108868255633208e+00
3.568522967658550371e+00
3.659265137726612771e+00
3.805380654160699816e+00
3.453965174466080867e+00
2.946432312340074855e+00
2.607798503832263304e+00
3.636330766206582688e+00
2.902259999058558027e+00
3.761545003213525806e+00
2.719774289158082059e+00
1.562676406836789988e+00
1.495194357746714386e+00
1.108455254310870552e+00
2.910932250500672058e+00
3.169901499823945645e+00
2.724298343282300028e+00
3.400000972206503658e+00
3.296207313817818729e+00
2.704579959780109011e+00
1.570314391635100559e+00
1.673063864333572903e+00
1.077522835335676277e+00
6.289250345013109866e-01
2.949324184531741722e+00
2.312106899434346996e+00
2.652431763768469786e+00
2.683071699806974575e+00
2.026472020661476137e+00
1.586355214769145094e+00
1.418613225407443723e+00
2.182760094000678386e+00
9.326089511314260561e-01
5.158772905518992369e-01
1.257901754066694355e+00
4.929050394319607897e-01
9.214477635486382212e-01
6.960310984028834635e-01
8.956744510932801440e-01
1.331843486724634706e+00
1.322746965599476576e+00
1.540788120412576623e+00
8.312710760623230888e-01
1.693510229723772742e+00
6.673663173008836935e-01
5.528616396081211803e-01
3.305229925670672753e+00
1.257542353967727955e+00
1.209136129119863234e+00
1.430709287390205420e+00
7.855502842065598124e-01
8.861669421834520444e-01
5.906427605302392303e-01
6.826976309619258165e-01
1.270184618556333245e+00
5.846318901648852595e-01
3.967802587569922323e+00
1.374439774606252884e+00
1.763015145386313876e+00
1.102625774915061196e+00
4.732298597348501557e-01
1.081738177945109625e+00
6.018368504173752243e-01
6.770857328426430621e-01
1.974219420663178903e+00
7.133863084419931333e-01
1.191285936844187932e+00
2.110012282747160128e+00
2.052156076063366807e+00
1.618621051307521208e+00
3.086565279747215396e+00
1.128391623639364516e+00
1.666518948078725693e+00
6.099253706417198106e-01
2.006161951516394648e+00
2.154919963387051052e+00
2.557200749136924856e+00
7.348774825561138480e-01
5.379427858466975243e-01
2.489320998036137933e+00
3.018433305886529361e+00
2.789357859326185185e+00
1.973305227246599181e+00
4.787945690308723079e-01
1.140086072687156227e+00
1.060028193116088202e+00
1.966792537047105993e+00
1.678327341247634719e+00
7.436814491033046925e-01
6.807503617757629799e-01
1.674674414859981697e+00
9.314564255074200272e-01
2.682979859562750313e+00
1.849671410783374936e+00
8.649415992397322395e-01
7.850039260707073474e-01
9.901854467084176825e-01
5.297881938313412364e-01
1.700610476322184983e+00
1.198811011997221510e+00
1.878565418991915648e+00
4.174451221999968986e+00
7.939925298852754665e-01
1.796427560634036968e+00
1.969805749414038631e+00
1.202727185581830005e+00
8.367522351705557471e-01
2.308815902994062252e+00
2.323599036683437369e+00
7.403270649313462570e-01
1.485496506567718145e+00
9.574380943868269211e-01
2.056191787697552620e+00
1.590365515239306804e+00
2.421816932332853334e+00
1.493502505030410266e+00
3.368211309014691235e+00
4.789340012113508238e-01
1.985129076919549984e+00
2.002135042557900313e+00
4.167308222995575129e+00
3.601772622988580252e+00
6.585045365820336727e-01
8.698923493355195102e-01
1.308687122651141399e+00
3.116942703282448601e+00
8.767549835463913643e-01
1.360653182393965155e+00
1.109918317161807888e+00
6.445334983614238178e-01
7.265695260963308533e-01
1.024946938872548285e+00
2.368047823524759288e+00
2.323607066832917845e+00
3.064530754303845583e+00
5.083111139783901278e-01
5.663697623034141815e-01
4.774388299443635963e-01
1.424693274063305370e+00
2.193551480045103474e+00
2.473849980343563626e+00
1.494593934850661832e+00
6.702027939679032764e-01
6.302257816081978659e-01
1.338285404228985120e+00
6.801326601099025870e-01
1.168133152123295382e+00
1.689325210518983544e+00
5.162250791564261254e-01
1.078275533036118450e+00
1.516243452682435766e+00
1.083113978403153155e+00
8.618505634714442865e-01
2.330200551210431570e+00
3.038451365771998258e+00
1.178941408140010472e+00
3.421656261532314502e+00
1.291773204272672171e+00
7.791873813485249434e-01
7.167114063899385767e-01
2.274999980256841692e+00
7.485916409059465426e-01
2.422204020879171082e+00
2.168469648336349476e+00
3.657342442387047310e+00
3.691496524664849233e+00
1.371012597771757102e+00
8.463087992101619994e-01
7.516392961890518976e-01
1.075803953684575376e+00
2.199204379940722820e+00
2.454504376608683813e+00
1.155812778125865359e+00
5.083111139783901278e-01
5.208280406476866187e-01
6.428057941881496484e-01
3.837265635999572488e+00
1.244639401170267723e+00
1.765602540347843918e+00
1.698640002688484696e+00
5.829142682126797759e-01
2.799287847852049094e+00
8.429164699803365357e-01
8.768332946396611982e-01
3.117326740290594422e+00
6.371756782119633034e-01
2.750903485300747242e+00
5.707731566730280814e-01
1.418178572960198336e+00
2.481301599725284746e+00
2.775197115780334567e+00
3.703866935073250932e+00
4.942376776418304196e+00
1.040266980464457980e+00
2.711422513033244108e+00
2.267509993026476156e+00
5.232733482249962709e-01
7.398780816699773721e-01
8.611955445555357080e-01
5.972390318876606985e-01
1.927851692340611045e+00
1.412249154900229620e+00
3.589168522625026725e+00
4.328883043146324883e-01
8.380237263139509452e-01
4.190019958010645418e+00
5.225116071752143876e-01
4.798612539581015302e-01
5.322134400371161256e-01
1.303196881774736582e+00
1.309295306998754072e+00
6.597590810117007765e-01
1.109584460821228857e+00
9.890689127631123734e-01
1.895063378345690275e+00
6.292206533182533867e-01
6.416774450463819113e-01
1.324005010447831143e+00
5.426939688208386459e-01
1.956868680278807782e+00
6.455386266513682969e-01
8.951154838726673724e-01
1.463255119210983501e+00
6.477345180889555465e-01
1.473006901298987925e+00
8.086466135469118077e-01
1.768320491855329912e+00
1.352796466484767590e+00
1.715358894852904825e+00
8.612939170203403050e-01
8.853123561458968727e-01
9.103151685095923762e-01
2.453786810897727655e+00
4.759297264134282335e-01
6.441395070796768207e-01
1.360031258040147462e+00
6.244260898589294451e-01
6.754168924673613628e-01
8.229104483924267743e-01
2.698124307767951535e+00
6.408396134648119968e-01
7.987884938405194202e-01
8.906327922637425898e-01
1.538161614123465304e+00
1.755598050042429525e+00
8.460799458645027471e-01
1.771584918377482998e+00
1.375776169891480327e+00
1.254169793643667541e+00
9.208066768966778337e-01
1.551830799234452218e+00
1.782506376505244683e+00
2.067443098284102998e+00
7.539503145474290013e-01
9.036125292732620773e-01
5.594609254153225519e-01
1.456939112710439188e+00
1.636192843341738978e+00
1.173793411692085398e+00
6.631545248993331310e-01
6.112400500125547698e-01
8.007298261768385217e-01
2.189450065050136285e+00
7.051446160309646771e-01
2.006176354865836231e+00
9.333466554973067764e-01
7.669521412322224396e-01
1.267203227321982650e+00
1.016101912609683522e+00
1.120120417134649271e+00
1.619651515570572631e+00
7.860375049915653278e-01
1.512238777981039783e+00
6.338375470734617378e-01
5.741686005606605470e-01
1.227754303205214059e+00
1.590909652813677244e+00
6.843019922998589966e-01
9.631956350892864060e-01
6.400289093349681435e-01
1.078486873649425748e+00
1.161001864549985774e+00
1.932180961001884079e+00
1.093055308872028064e+00
1.131758347321608182e+00
6.134038330340920719e-01
7.442866190011373506e-01
5.760054313245881463e-01
1.607213192460315909e+00
5.400245477286209628e-01
5.021608114325575301e-01
1.000275241952506500e+00
7.692323108734447912e-01
1.359053399114757310e+00
1.134054203977663322e+00
1.641129421731103433e+00
1.300116616653053114e+00
8.981570100481860441e-01
8.925687893807728868e-01
1.374052580828909687e+00
1.009485872346497004e+00
9.883132006128901859e-01
9.652397548361102420e-01
1.618845197241711276e+00
1.492735692002925330e+00
1.768225634561771509e+00
8.969341384844929932e-01
3.167278585238974653e+00
9.384664570523533200e-01
5.617118088325318004e-01
8.031998533637163540e-01
5.479262434723987107e-01
7.049912515865379703e-01
1.281908389440069129e+00
1.596292315384555405e+00
2.904732388193769665e+00
9.065405212816539660e-01
7.748661064102584373e-01
1.788252762569024990e+00
2.045113331647719246e+00
3.523285304423239062e+00
1.054230822136328571e+00
1.061583499324243229e+00
2.576436789764693369e+00
2.873040596135920666e+00
6.766794020506111673e-01
1.100944069716983442e+00
2.138995036622277190e+00
2.716133577207779037e+00
2.989118492333542765e+00
2.364027642049768119e+00
9.423147738345440949e-01
1.065416654404111929e+00
2.938062838282421652e+00
1.074463376300389017e+00
4.624216037181352879e-01
1.755897249327775356e+00
5.309355764938012978e-01
5.872598484106348327e-01
9.615347598675875185e-01
9.822355647762536224e-01
2.481163635867572381e+00
1.794485338381325290e+00
5.239306879104138615e-01
6.456369991161730049e-01
9.803581757191802692e-01
1.135607189416309781e+00
1.716848475860861756e+00
2.436622134787699068e+00
6.303791460526245727e-01
5.420366291354211663e-01
6.145651479605002132e-01
6.021787021720583777e-01
1.045402135979569769e+00
8.453535199382936627e-01
1.687311164513931816e+00
9.674407892352433480e-01
1.689253737636230879e+00
9.127920184843281159e-01
5.331242079023570390e-01
5.478558975327117997e-01
6.359900580258663894e-01
5.341365962213332486e-01
5.780875963373058868e-01
7.054975475970376442e-01
9.490317654622392185e-01
1.110318083296176983e+00
1.974073047671996317e+00
7.073954994481739256e-01
1.715337332579173202e+00
3.099389291900423338e+00
2.080115210175061069e+00
1.413918981421552257e+00
1.037072696452135068e+00
5.167290543974170092e-01
9.486443388381551323e-01
6.762714785049163124e-01
7.778587697137417933e-01
1.463731807690110243e+00
6.869006643215954666e-01
1.505121132122201333e+00
5.631659203838452754e-01
6.299763654684753522e-01
6.953046724766742681e-01
1.929130761457777510e+00
1.181892948247527331e+00
8.906137170382486534e-01
1.280237162422826147e+00
7.375861385370943157e-01
5.880773867726170057e-01
6.249706233930659716e-01
7.229167009153930623e-01
1.148635480133078923e+00
1.150804213858418912e+00
4.765870660988457130e-01
2.570061786827587458e+00
6.069607338633542515e-01
9.290292940822121315e-01
7.256897357256951731e-01
7.454861714511823445e-01
5.488088560350713463e-01
6.596812054685068372e-01
8.145474999530216698e-01
4.401066922836143758e-01
9.280088118322028512e-01
5.886436140222611746e-01
5.260282068831966251e-01
8.733595396587593429e-01
6.400289093349681435e-01
1.163381969149154704e+00
1.849477652157516250e+00
2.905729561073270517e+00
5.342927828577967997e-01
7.422273375519914396e-01
1.804350844502039752e+00
1.022826536336193914e+00
8.427366717644551031e-01
7.341739401934765930e-01
1.040001416476372453e+00
8.196082340080531603e-01
6.046520362744860488e-01
6.505133277518799773e-01
7.217582081810218764e-01
7.493193265310509332e-01
5.562570834957535348e-01
1.070932774380953356e+00
1.433876939002791673e+00
1.762522048632843008e+00
1.297977138891204696e+00
1.589712421133140818e+00
4.780822373658328850e-01
2.614107338017373827e+00
2.680961942174127532e+00
1.210454085145726166e+00
1.175195353455813940e+00
9.815027361896032643e-01
5.965986389159712022e-01
1.165607940699052936e+00
6.890208746002071116e-01
7.725895172374401820e-01
1.279378302236595877e+00
7.006428491965460692e-01
5.633603445439457902e-01
9.879345632912084341e-01
1.569499248695033433e+00
9.949264186840397484e-01
5.154143750265821611e-01
7.241395724790860022e-01
5.617118088325319114e-01
1.442458262607021702e+00
5.146176031606861656e-01
9.266420931423312579e-01
8.849697105029157296e-01
1.656519688079671537e+00
1.996980564113225221e+00
1.235589099921390099e+00
5.584417028642083558e-01
1.458633851099072842e+00
5.940382044178716958e-01
6.219612056335975803e-01
8.903730902009283632e-01
1.390512576686487423e+00
9.539414558423529034e-01
1.536387315388258568e+00
8.292579972903967311e-01
2.116529479172210682e+00
1.919192138245813695e+00
9.155821002163851974e-01
7.630820083276121935e-01
1.836986995173420567e+00
2.077190108101540034e+00
1.176186357224067391e+00
1.387256665187360349e+00
1.852880857496708167e+00
5.371460139808016399e-01
6.227225621678936784e-01
8.007069426132665813e-01
8.749530833905510008e-01
6.922388410414671567e-01
8.414271353551661115e-01
5.712771319140189652e-01
3.139758370246741315e+00
9.175455222279780276e-01
9.862860275797944443e-01
1.199330341198277194e+00
1.001108829645922293e+00
1.073087332550012318e+00
1.704303479985683545e+00
8.056973307286109387e-01
4.921465050897016469e-01
1.210832752727929673e+00
1.823686358670374208e+00
1.216623462917052700e+00
7.600404821520936327e-01
2.243886160173981903e+00
6.228591721563351280e-01
8.898872911120396800e-01
4.611208566112485752e-01
6.150141312218690981e-01
6.706376829681024443e-01
1.017030151502474888e+00
2.756671700403968472e+00
1.363326083618039419e+00
1.868387688757743526e+00
1.102163198815050871e+00
7.188089253627211184e-01
1.244213301472470778e+00
1.086918938590143657e+00
9.960963279907810719e-01
8.782501548133787583e-01
6.650026277323932700e-01
1.141230633157579222e+00
4.656606687115610876e-01
8.667984913751946019e-01
9.425093902523874467e-01
1.368553315516080060e+00
1.341617095380650548e+00
4.997537413788845639e-01
5.005094535291065849e-01
2.010804036095185765e+00
1.243920504847565445e+00
2.156960984449612262e+00
1.500341527086570537e+00
1.255996834652296501e+00
4.538642311186298350e-01
5.644116755111099337e-01
1.615193923109634611e+00
1.418832699567553979e+00
6.777255900562296764e-01
1.266444692979723508e+00
5.746725758016514307e-01
7.198140536526658195e-01
8.548060368684996524e-01
9.130437553935595307e-01
8.359443834932701600e-01
5.030418615020884054e-01
8.587655909382906350e-01
1.473639240353348034e+00
1.482828678454358950e+00
2.320944871459235781e+00
1.431603773652565748e+00
1.809433138941455077e+00
2.463907571019017695e+00
1.882302872556399498e+00
1.424075572397444978e+00
9.642896185257876507e-01
2.414140584713143856e+00
6.276271095864615068e-01
8.336966147338676913e-01
7.760920926317581570e-01
7.250463283042258844e-01
7.496401496810738418e-01
7.764889363660634203e-01
5.685222732558188330e-01
9.408976703684935883e-01
9.532869383489724902e-01
8.514334765444392383e-01
6.185657617459650037e-01
5.323896880451146618e-01
1.038361832064582435e+00
1.301551652978872431e+00
8.882234014405608891e-01
6.909703643478519730e-01
6.274709229499977337e-01
1.312243795928756729e+00
1.060395558368637525e+00
7.053008026674282283e-01
4.892522142510229988e-01
6.106107368522549761e-01
4.717757481835367916e-01
1.157826049155534553e+00
1.866794447148229841e+00
8.780557306532782436e-01
1.461380744603690163e+00
2.172920693633608735e+00
8.071375100159763338e-01
6.618565999844833181e-01
6.333114821571970143e-01
3.282909750967744511e+00
2.330128574463888214e+00
1.029072890577322097e+00
7.615267021194571662e-01
5.951907300418776137e-01
5.876934777119386943e-01
6.895851770401086878e-01
5.839884827434160819e-01
2.330697799238500068e+00
2.459708100888227111e+00
1.521233607951039124e+00
1.474514049759659384e+00
8.398409804298562209e-01
1.395566738714629107e+00
1.001062788965924266e+00
8.925877009179478128e-01
5.033053719029806361e-01
1.486654901494777858e+00
6.982409221044189040e-01
5.979314944389080289e-01
1.203763021791904197e+00
9.626960747939957708e-01
5.694313498504676163e-01
1.088823363049226778e+00
5.378994053615148152e-01
5.918867609066192914e-01
5.549591585809039440e-01
1.036036719445035503e+00
7.477398770604286593e-01
1.063793323025778559e+00
9.209987802872693363e-01
1.360000985670093865e+00
1.016517726384388753e+00
7.876156947632924066e-01
1.270881758258529448e+00
1.607729651714829178e+00
1.208206054181075295e+00
1.126853799903040354e+00
7.665054787403623449e-01
1.432365427357532361e+00
1.003320344618049864e+00
5.882958254177340640e-01
6.053093759599035284e-01
8.131483803813304156e-01
1.114605556856703261e+00
6.077575057292503580e-01
6.577599345037226097e-01
1.117282809546184863e+00
9.928149674473091268e-01
6.999855095111285896e-01
8.507378993353850172e-01
9.236436549862255818e-01
9.605818013652279719e-01
1.717835397738182834e+00
6.421814202873727950e-01
1.305569021220322590e+00
1.046491350215406513e+00
7.036905044796512021e-01
1.634475111524998470e+00
1.034958423023367269e+00
6.329256482867758882e-01
8.051933554876201660e-01
5.843362713479429704e-01
7.922904026901599339e-01
5.869729886355734561e-01
2.156155972829032041e+00
9.305473489127713549e-01
1.090361086577523952e+00
2.368779632319221395e+00
6.021787021720583777e-01
9.483538629827586997e-01
8.874648670983017462e-01
6.890812017991180261e-01
1.817499391292932254e+00
6.778840974622020177e-01
4.973084338015746342e-01
4.344957803103724481e-01
5.263729810379436103e-01
1.438701097850914046e+00
9.958369169748053640e-01
1.283320780543041995e+00
5.522592919023258107e-01
7.028326115265466356e-01
8.536433002459745678e-01
2.044060283854342241e+00
7.729080196179544116e-01
8.932123890599850125e-01
7.845269797645131327e-01
5.915518371248880136e-01
9.986495898046645614e-01
9.245796970353785671e-01
1.164523707427540522e+00
8.095585123335975464e-01
9.528233291433844121e-01
4.632733675636532267e-01
1.004647595347222699e+00
5.914716408121852842e-01
1.473282458744395340e+00
2.380598890841267412e+00
6.460426018923590696e-01
1.130639888566560058e+00
5.740152361162338401e-01
1.633780623955981337e+00
5.231749757601916739e-01
1.588831236637124000e+00
6.592820171001699814e-01
1.528529984040293055e+00
5.533486681353839698e-01
1.291044158740645598e+00
1.854507832823737656e+00
1.554898527333372638e+00
9.846758288363376410e-01
6.101067616112642034e-01
4.190095094512405471e-01
4.319381680043098970e-01
1.078292641747068181e+00
1.748892962374943183e+00
6.616621758243829143e-01
6.711696847342109029e-01
1.105990871508066853e+00
4.690147604177498653e-01
6.044002993652547451e-01
7.269005602448727066e-01
9.513813934140366024e-01
6.281143303714670223e-01
5.192452278868382454e-01
7.230352911836726015e-01
2.312204271901094454e+00
1.900237305156520895e+00
5.491566446395985679e-01
2.110896789636405924e+00
6.104855434361837752e-01
2.149787662821887047e+00
5.412016197458884292e-01
1.869903286451624513e+00
4.962673252772097920e-01
4.172368955194130091e-01
4.506632113910979398e-01
6.290634805357486758e-01
1.572402594742026150e+00
8.038294589897858611e-01
4.004096117260184662e-01
2.166326184146730061e+00
8.185421134083503691e-01
4.262888262496882241e-01
5.136738695108047370e-01
9.439660921476851208e-01
4.332330784693796399e-01
7.065787664187699324e-01
5.487230153382945952e-01
5.761266873529646837e-01
5.826597091114115168e-01
9.621342853813460438e-01
4.605185089054530945e-01
1.038503999092282859e+00
5.517553166613350379e-01
7.639656980644111695e-01
6.689204470878904907e+00
5.862007255061940647e-01
2.541133815835838305e+00
4.739883940771092985e-01
1.469531560741862197e+00
4.526621552522545611e-01
6.785023585039891003e-01
6.571604089899641954e-01
6.453493454528137496e-01
1.887657171841179427e+00
7.530705241767934321e-01
6.060519230522547485e-01
5.795636362762891514e-01
8.815691236537372966e-01
2.238638997124846153e+00
7.036905044796512021e-01
4.917003440203698283e-01
6.207182726983697663e-01
9.292985793357265711e-01
4.760800764080749259e-01
1.047946691205093650e+00
4.676217699536452388e-01
8.356949673535477574e-01
1.131127895699273189e+00
1.322679159215890632e+00
6.312771125753620094e-01
4.971522471651110275e-01
5.383637425829486123e-01
1.120729395370559711e+00
5.862302535733975306e-01
7.600385351434661985e-01
1.412670111636480819e+00
3.339749817710331858e-01
7.221267257779379056e-01
1.424699025761022142e+00
1.641328162545170111e+00
4.369056725560824805e-01
5.497589923453939376e-01
8.047970858507835779e-01
8.627831123787483847e-01
8.363438531880644788e-01
7.615990801024392631e-01
6.419148954367007720e-01
4.041274715173368559e-01
1.123789366299427162e+00
4.611187395437628678e-01
2.305402155369661865e-01
4.721073254594086444e-01
9.835134650473029705e-01
4.419809032025885376e-01
5.645678621475737069e-01
9.542193340572689975e-01
5.386411852477889228e-01
5.301241786836861092e-01
3.424870490756132813e-01
3.757507796287722357e-01
9.843138708712427798e-01
3.986588139166103995e-01
4.744445738872172247e-01
7.532069419074919336e-01
4.817129490069739228e-01
4.576704207439942218e-01
4.359680680137878461e-01
4.808654583728321774e-01
1.174015105829683492e+00
2.542067841670634931e-01
3.774471145106251257e-01
5.890416871949404332e-01
4.490118534876469947e-01
9.776004948689430707e-01
8.455759706235117523e-01
1.018385890588983766e+00
5.577111950470670099e-01
1.447892926572265093e+00
5.675693147534591754e-01
7.559466388633698797e-01
1.817262176530795692e+00
1.088400177593182638e+00
1.617553996597789867e+00
7.335715924876811123e-01
1.055375382606751788e+00
4.949013637479017791e-01
1.186287956220338335e+00
7.885658310736149978e-01
1.189231594654564628e+00
6.136583921353603310e-01
5.291308541459237569e-01
1.831602743134848055e+00
1.016101912609683522e+00
1.054984213517041969e+00
1.617336122855493663e+00
7.718184511271533044e-01
1.928387010678777935e+00
6.218245956451560197e-01
5.012078529301978724e-01
7.313207090704718638e-01
8.323927529691741434e-01
1.267732908318582652e+00
2.094589893713965534e+00
1.317091030598193768e+00
9.804131676988022681e-01
8.334641453078731610e-01
7.721112477520584161e-01
6.073136654294273296e-01
5.064681541068757342e-01
1.109474476861985082e+00
6.625842856095877087e-01
6.888266426978496559e-01
1.270058219566411184e+00
1.400589135037996869e+00
5.170218510223222319e-01
8.727571919529636402e-01
2.514022940609022871e+00
8.895534347714606493e-01
6.572970189784057560e-01
5.380388375419933311e-01
1.476515919942745336e+00
5.237362637503133467e-01
8.586351100574359796e-01
1.504937782796423207e+00
8.896253432042892095e-01
6.030995522583680879e-01
1.597652912132347947e+00
5.531544362330264031e-01
7.909588068661184135e-01
6.639541189572660818e-01
8.294141839268603933e-01
4.754807431520594041e-01
1.382206545036447132e+00
7.929338101116292226e-01
1.831303852041058944e+00
6.474938912516354783e-01
9.314974852230940572e-01
8.810623262207096795e-01
9.517750126260001720e-01
1.312467775887345534e+00
5.577111950470670099e-01
1.091614014389005183e+00
5.289774897014971611e-01
7.373749599210085437e-01
1.114411132696602635e+00
7.047585899028007139e-01
6.492846813355648283e-01
1.989163398851823583e+00
8.540291341163956940e-01
8.755554310963465925e-01
7.660975551946673789e-01
7.751178433194898520e-01
1.465103222044043640e+00
7.594548889022834093e-01
9.928149674473091268e-01
6.362394741655887920e-01
5.197767096805222531e-01
9.986527044624712302e-01
1.757025066786493728e+00
6.852750121737535283e-01
7.499879382856008414e-01
9.608913524461182298e-01
5.144203568085486955e-01
5.932414325519757003e-01
2.563931268165273725e+00
1.054550584215737885e+00
5.272878942744094743e-01
9.880777167371159742e-01
1.101068147937397157e+00
8.871031462298263337e-01
7.976269866563685529e-01
6.675168595532732230e-01
6.571575867979272401e-01
5.147709676051128724e-01
2.223118966592775969e+00
2.279784217745209229e+00
1.058927013130847916e+00
7.027403681693287218e-01
1.266782772008260061e+00
8.879138503596704091e-01
1.459692910298025836e+00
1.829552588021251758e+00
2.841375391492816593e+00
1.270464883413210622e+00
2.064263579439042040e+00
5.183225981292088891e-01
1.815716906460727031e+00
8.092871987763440300e-01
6.687626146805378813e-01
5.878329098924172103e-01
6.749707313980294332e-01
4.984529942719977957e-01
1.031157376359548516e+00
2.526851278378479559e+00
6.050106122246330376e-01
4.492062776477475095e-01
6.367868298917623848e-01
1.299357726364731791e+00
1.244760657198644260e+00
5.914395323961352258e-01
8.142957630437904770e-01
7.055935992923333400e-01
5.898459886643432348e-01
1.375746883667467335e+00
5.308805845141792989e-01
1.130520749605669062e+00
5.653184313362499269e-01
7.745886637454182377e-01
1.175364071860305559e+00
6.247160642917976014e-01
1.375224247550862033e+00
1.051377591013323842e+00
1.141858686618983709e+00
1.901454540953495087e+00
5.796783178770608114e-01
5.178186228882180053e-01
9.964215899510270313e-01
2.695870698069379845e+00
6.168160313777095727e-01
9.470156722405330685e-01
1.311099235458333512e+00
1.135077508419709780e+00
1.393590183304453056e+00
6.303652137886762707e-01
1.684634162486010611e+00
8.348227065864191054e-01
1.895113364455444982e+00
1.253367377393697302e+00
1.007733821208732561e+00
5.763812464542330538e-01
8.196492937237270793e-01
5.983483692842268553e-01
1.067933368991722087e+00
4.893916464315014592e-01
1.128158460533098983e+00
1.043808399990034941e+00
1.106325626922037841e+00
5.920968720815527053e-01
9.559979150994617481e-01
7.486900133707511396e-01
4.798841375216734151e-01
1.553832404644637899e+00
5.139192037595949891e-01
7.177026024159350870e-01
6.282676948158936181e-01
1.106522873274175423e+00
8.226037195035734717e-01
1.102661691669188926e+00
9.900572865970718173e-01
7.208373580947123882e-01
7.038438689240779089e-01
1.405864354624663637e+00
1.200265123548534874e+00
5.452544033189382633e-01
1.837779725162088207e+00
1.203816754072631223e+00
6.082586587782039533e-01
6.978879905383458260e-01
6.004980580445944405e-01
1.119735377152526024e+00
5.352839788837933099e-01
1.431786324112978459e+00
4.695248647663273767e-01
9.316536718595576083e-01
7.681516936822674335e-01
6.243682756872704909e-01
6.144117835160735064e-01
7.612017970785019960e-01
1.373344956575340170e+00
9.165953859176554364e-01
1.152991847676653636e+00
1.992947312109452529e+00
1.570115016771197025e+00
1.213843592183514897e+00
8.416765514948886251e-01
1.311619358547687186e+00
1.997277303984996033e+00
8.695561722254318004e-01
7.308167338294810911e-01
1.009327364940524552e+00
7.047418354468155677e-01
6.589483768818567011e-01
7.092002217960513555e-01
7.185133065457791623e-01
5.446674095732078058e-01
9.774088929008798443e-01
6.003446936001678447e-01
6.391771454894500382e-01
8.295675483712872111e-01
5.669119750680418068e-01
5.262365633072451088e-01
4.930994635920613045e-01
1.000966545012885289e+00
1.159158904678471380e+00
7.863727618280644815e-01
9.286763625161391644e-01
1.292950075745364913e+00
8.820152847230692261e-01
5.717782849629726716e-01
9.916675847848488434e-01
8.365158824819107775e-01
1.250488941937611953e+00
4.755357351316814585e-01
6.397361127100629208e-01
8.320128559485968633e-01
1.510248631648515749e+00
7.568394624245616820e-01
1.952719549258723042e+00
1.187349790651791359e+00
1.192463463099251442e+00
1.056714367237275187e+00
1.175947344340606993e+00
1.587305351079467908e+00
6.174212012755418977e-01
6.336561561039173451e-01
8.354250542922144751e-01
7.810164089560910350e-01
1.277250435969186748e+00
5.335943834567055122e-01
2.313151045448135879e+00
1.932564005900038850e+00
5.383316341668985539e-01
5.851330432138390769e-01
1.414808188902408892e+00
1.297893403814899260e+00
5.847852546093119663e-01
2.067127854372223794e+00
5.624102082336231989e-01
7.243158204870844274e-01
1.481463847846495652e+00
6.065117506019855886e-01
7.640960879171804221e-01
6.868303183819086666e-01
1.043209066734019475e+00
6.992871101100371911e-01
5.581601783084357837e-01
4.826389961798735473e-01
2.054745036383297307e+00
1.433835612104802371e+00
1.096410194466514776e+00
5.860831795241616682e-01
2.115564172442317759e+00
9.334145122997243860e-01
2.662478950022606927e+00
5.801273011384296963e-01
6.571054170103423075e-01
1.009382356920146551e+00
2.522638370897665183e+00
4.808342738319960064e-01
8.538377244060750826e-01
8.770645346272818443e-01
4.992497661378937357e-01
6.849272235692264177e-01
6.258773792182058537e-01
5.216798044932043910e-01
6.825802884567211404e-01
7.480876656649557699e-01
6.475950859084771416e-01
1.011282629540791733e+00
5.859848070593569602e-01
8.080442658411162160e-01
1.123147575496143746e+00
9.679396215146883753e-01
1.367226762445557631e+00
5.467495745859255463e-01
6.045536638096813409e-01
5.289774897014971611e-01
1.493820674356156619e+00
1.282092602601650366e+00
6.844232483282355339e-01
6.852750121737535283e-01
1.725850439967724359e+00
1.288724189082644855e+00
6.459185236719455769e-01
1.014710181844474146e+00
1.059973201136466203e+00
7.488844375308517654e-01
1.167376938550545251e+00
6.976313143695919150e-01
1.636961553742554587e+00
4.611758485908705185e-01
7.937277597854881517e-01
6.695211490227971352e-01
2.225214436734457291e+00
6.702577859475251643e-01
1.086111056652336648e+00
1.499018018399629337e+00
1.454060175831825452e+00
2.026804337663818956e+00
9.009925664416168489e-01
1.030119078582940384e+00
6.055066223120409985e-01
5.965002664511666053e-01
5.540062000785443974e-01
1.284940883020852187e+00
1.130254918435268152e+00
1.083561732226147933e+00
4.781806098306375929e-01
1.888038923820668513e+00
1.247104770119112249e+00
7.987884938405194202e-01
9.797301222577760038e-01
1.735773826132549935e+00
7.056485912719554499e-01
7.649529947242443839e-01
9.241065705115426576e-01
1.128269866188459813e+00
1.260281858665863286e+00
1.068381291182477266e+00
1.832098099132295044e+00
5.147709676051128724e-01
5.886846737379350936e-01
8.590378906415850890e-01
1.758504680391392849e+00
9.680547484354782295e-01
1.070680262496339186e+00
6.841332738953674886e-01
1.142304847688315528e+00
6.967896327451424954e-01
7.056537342335013063e-01
9.015524539358180656e-01
1.793369624501581550e+00
8.531832069126946694e-01
1.421679582155161548e+00
1.252114594085453891e+00
4.553183426699431435e-01
6.138528162954607348e-01
1.557905880061367432e+00
7.469813427181695165e-01
7.379198026199303984e-01
6.976385743986233123e-01
8.055989582638065638e-01
5.694752317581784906e-01
5.324880605099192588e-01
5.003560890846801001e-01
7.301761486000488688e-01
1.816046588860657618e+00
6.083598534350457276e-01
9.928751023884768712e-01
6.409790456452906238e-01
7.172536191545662021e-01
7.662919793547677827e-01
6.408396134648121079e-01
2.026220969353671908e+00
5.304316012528104141e-01
8.888609722202129859e-01
1.732480574492080372e+00
5.413932217139519887e-01
9.134465359777084181e-01
5.065642058021715410e-01
2.266367107277662551e+00
9.194024143634405011e-01
1.257487361988105956e+00
1.050928607751955068e+00
1.148681682810298588e+00
1.965042301893701993e+00
4.934472521965883596e-01
1.792120918404829011e+00
9.909668646142487658e-01
1.404462656153268041e+00
4.988036050685619727e-01
2.009306241135921933e+00
1.174984174839728279e+00
1.981694383979945240e+00
5.488060338430343910e-01
6.618016080048614302e-01
1.526559408432891729e+00
1.480297335833497430e+00
7.140027504089581090e-01
6.096577783498954295e-01
6.295823741867284662e-01
6.124536967237694807e-01
8.928162807107525856e-01
5.584570568242732680e-01
6.603614287174961461e-01
2.067857379782880312e+00
9.596866570345272685e-01
5.506811021305988429e-01
6.199215008324737708e-01
8.548890553732394482e-01
1.281650746651132655e+00
6.228157916711524189e-01
1.168356862507409222e+00
1.175533391895352109e+00
5.425727127924621085e-01
1.730164734479517019e+00
5.434907406867346413e-01
6.813755930451302900e-01
6.022798968289001520e-01
1.643094233019531281e+00
5.268799707287143974e-01
5.822937443547823166e-01
1.179024093589982281e+00
2.227111765104764274e+00
6.035485355197367507e-01
2.207918698866636831e+00
7.487883858355558475e-01
1.169239475070081857e+00
6.975402019338188264e-01
1.621975171583133868e+00
5.286297010969699395e-01
5.201273204770864300e-01
1.646199451713327822e+00
1.365764493482918507e+00
8.888960950860432808e-01
6.033541113596363470e-01
7.886809579944047410e-01
8.436728758108296145e-01
1.587982651928393274e+00
6.022477884128500936e-01
1.223197736648916178e+00
1.917695507556287371e+00
5.268799707287143974e-01
6.414830208862815075e-01
1.089153568973896258e+00
8.071896798035612663e-01
8.811354943524335459e-01
1.523088334847001457e+00
1.431217145893846743e+00
1.086398710315696015e+00
7.567984027088879850e-01
7.531917802051698585e-01
6.553967463577605734e-01
5.520479210284972016e-01
8.226176517675216626e-01
1.630485044080101975e+00
1.623109956605114146e+00
8.740197015362136668e-01
1.267624184058233627e+00
7.307617418498592032e-01
2.481166339515011643e+00
7.810164089560910350e-01
1.064431587485701991e+00
5.289364299858232421e-01
5.954923159691850598e-01
5.278329292310741661e-01
8.751064478349775966e-01
1.557323068414596001e+00
7.298085910897565975e-01
1.206234035124822856e+00
6.081784624655013349e-01
4.635661641885584494e-01
9.624299041982882219e-01
1.780321291229518543e+00
1.006989219130421498e+00
1.541538857969013021e+00
6.852750121737535283e-01
1.324978030321725342e+00
1.718698049137347583e+00
1.042669174738900750e+00
1.325770726667228061e+00
1.625932298997259773e+00
8.852984238819490148e-01
5.162250791564262364e-01
1.227395434789297246e+00
6.642636700381563397e-01
7.286642228770764396e-01
1.461980077859705407e+00
5.566369805163308149e-01
7.943301074912834103e-01
1.868544284095051022e+00
7.647585705641438691e-01
6.166076749536609780e-01
2.315906781690604710e+00
8.467205310939348584e-01
6.908831019549583896e-01
6.423347847317993908e-01
7.299649699839632078e-01
1.104019751525206594e+00
4.519611363059475861e-01
1.021038730441522713e+00
5.304316012528104141e-01
1.188550111706680346e+00
5.890324623424622041e-01
9.843647566150103279e-01
1.358823548178776708e+00
1.164077546358208926e+00
2.079673373161868621e+00
5.267405385482359925e-01
1.033909914248239748e+00
8.176529694077860899e-01
1.317817456524402520e+00
1.931629359696458881e+00
1.717804456971312010e+00
1.027795027034007269e+00
5.468890067664040622e-01
9.861144869832660920e-01
1.334682785583691134e+00
8.350605112317021073e-01
1.164100096867012546e+00
5.559092948912265353e-01
5.570538553616495303e-01
7.008945861057772619e-01
1.738972321085421990e+00
5.926008473225434781e-01
5.325291202255931777e-01
5.202117606779429471e-01
8.243072471946092383e-01
2.072710570453899059e+00
6.625111174778637313e-01
5.464370090552552739e-01
1.473344217409365164e+00
1.314479325385900843e+00
5.458428187607856641e-01
5.294814649424878228e-01
1.176047117301331824e+00
1.114086227655647354e+00
8.058968978502575320e-01
9.129887634139374208e-01
6.861449521713733901e-01
4.514571610649567579e-01
9.060307093988461125e-01
4.582126335086217361e-01
4.942440240624842995e-01
1.139356824568910298e+00
2.893619061793860414e+00
9.862053298445635496e-01
7.233656841767619472e-01
5.033053719029805251e-01
8.044697517534483699e-01
9.072412414522539326e-01
7.454722391872341536e-01
6.663722990828502279e-01
5.083111139783901278e-01
1.046604510621651940e+00
5.334792565359157690e-01
9.535797349738776019e-01
7.432902800135948729e-01
5.807846408238470648e-01
9.431164453696528893e-01
6.183713375858646000e-01
7.085018223949601790e-01
9.561784069956140719e-01
6.677141059054106931e-01
6.827313321316390571e-01
8.668013135672318903e-01
1.211892177626127332e+00
6.526558199635085211e-01
5.693893910614017395e-01
6.073085224678813621e-01
5.951445273646579492e-01
2.199919625612533736e+00
5.851741029295128849e-01
2.316183669744318774e+00
9.144377320037049284e-01
8.210484132954185554e-01
5.951445273646579492e-01
5.757788987484376841e-01
8.873115026538750394e-01
2.840887139138284834e+00
1.115236432510144704e+00
8.157909343107777600e-01
6.738122386636582473e-01
5.739741764005600322e-01
4.614686452157756857e-01
1.915885355275078528e+00
2.288217178941012175e+00
5.667586106236151000e-01
1.427705614222837704e+00
1.882410179195684652e+00
9.157407998801004867e-01
2.541693512829922952e+00
2.575091001349989916e+00
8.848661950765651651e-01
6.347275484426164738e-01
1.481607361917906429e+00
5.298893884881827887e-01
5.809240730043254697e-01
8.188818080818442979e-01
1.407936167841837394e+00
5.711209452775553030e-01
9.780112406066751030e-01
5.711209452775553030e-01
1.295767415397695688e+00
8.856342467370724725e-01
7.370271713164815441e-01
4.267380017687999461e-01
8.443302154962472050e-01
8.828677536931386349e-01
1.057026740510202512e+00
1.647961086041792367e+00
1.529939357563433910e+00
9.834028165525056098e-01
5.928936439474485898e-01
4.769348547033727681e-01
1.122490235810726267e+00
9.838636035660566215e-01
1.263813720284194142e+00
2.425742344895287061e+00
5.985427934443272591e-01
6.639680512212141617e-01
5.057096197646165914e-01
6.770271906551383889e-01
2.286454489047324401e+00
7.377636159834666252e-01
2.407640607896157192e+00
8.123926682311082281e-01
7.141830803078891288e-01
5.662685676465725182e-01
1.458250070815845234e+00
7.300199619635852066e-01
9.659445568976425811e-01
1.275251289461208470e+00
7.235190486211885430e-01
8.916216675202300879e-01
8.517864081105122054e-01
7.928759959399701573e-01
6.519434882984691537e-01
9.859611225388393851e-01
5.484964827621440220e-01
7.794061107683140088e-01
6.333312510629621750e-01
5.508485608361950447e-01
7.111033166087337154e-01
9.966761490522955125e-01
1.571201570812218229e+00
5.873839266310484364e-01
4.782356018102595363e-01
7.723056719121589309e-01
5.746175838220293208e-01
5.981950048398001485e-01
9.227918911407075875e-01
1.074642638758167346e+00
6.643019075617931923e-01
7.390813098040814877e-01
8.203600326351033756e-01
4.913497332238056514e-01
1.334651744608793100e+00
1.908495188368842355e+00
6.215150445642657617e-01
5.301388046279053023e-01
8.766717727839088425e-01
7.654952074888718982e-01
1.144361306945424150e+00
9.106366853398862871e-01
5.337888076168060270e-01
4.740816235803680390e-01
1.005578488064291065e+00
8.900113693324531727e-01
7.394753010858283737e-01
4.789340012113508238e-01
6.203676619018055893e-01
6.103561777509867170e-01
6.239192924259017170e-01
1.249552206208188077e+00
5.518536891261396349e-01
7.048430301036572310e-01
9.112007955220449151e-01
1.198964376441648438e+00
5.819292012942701708e-01
5.757239067688155743e-01
5.070103668715033596e-01
2.290448825135506183e+00
8.821113364183650329e-01
1.962384441023617532e+00
8.853534158615709027e-01
2.711558379684179787e+00
7.577895987348843843e-01
2.045107780978999035e+00
7.151039303941986169e-01
7.774480239760097611e-01
1.023492827321235144e+00
7.190172817867699351e-01
5.471001853824896122e-01
5.722822602039634443e-01
6.050026470710502258e-01
6.527541924283132291e-01
6.053504356755773363e-01
6.492986135995130192e-01
7.137019886304701854e-01
1.821924001820048655e+00
6.794724982324481521e-01
1.650051740521915278e+00
1.036871728834568573e+00
6.389365186521299700e-01
7.692551944370166206e-01
4.771292788634733384e-01
5.704636055921378235e-01
8.031368962305114323e-01
8.636788973987393758e-01
1.815373987264891076e+00
1.804017115823107531e+00
6.979863630031505339e-01
5.670653395124684026e-01
1.751523742812729711e+00
6.601068696162278870e-01
8.906687090178707633e-01
1.739037664860587862e+00
1.889346767268267557e+00
7.665874361744885457e-01
1.422438308755163749e+00
9.147883428002692163e-01
8.396774049869105694e-01
1.277174153179656102e+00
9.653072785837601977e-01
1.263217611550520703e+00
5.557148707311259095e-01
6.891361937787399139e-01
7.358252980969275381e-01
7.513870578572924286e-01
3.000101362677162431e+00
1.010000058586006944e+00
1.111850698198503018e+00
1.186198033632629212e+00
8.297209128157136959e-01
5.491538224475616126e-01
1.116902642951132174e+00
1.382717277192843541e+00
7.284124859678451358e-01
5.497972298690307902e-01
1.214764280272602637e+00
8.353700623125923652e-01
1.443116295972709962e+00
7.003934330568235556e-01
9.713872351899057733e-01
8.423171367243208474e-01
4.798841375216734151e-01
8.796110368614332709e-01
1.854082630508235185e+00
9.565261956001409605e-01
1.215030111443003769e+00
5.197767096805222531e-01
1.072371986435193048e+00
1.133971185472923526e+00
5.170218510223222319e-01
9.279047949833238995e-01
1.120213646637908012e+00
1.086616291592222838e+00
9.798922457440834011e-01
6.534525918294046276e-01
9.355120312725068166e-01
1.461701853053975597e+00
5.097652255297033808e-01
5.220275930977316126e-01
1.677335292231228792e+00
1.237901669328628662e+00
8.780557306532784656e-01
1.289932692832313599e+00
5.445998858255578501e-01
9.759930188732031109e-01
1.361345113262163009e+00
6.019549917879448708e-01
4.930994635920611935e-01
6.559962718715190988e-01
1.380754592967038619e+00
6.197103222163882208e-01
1.608748467557457262e+00
7.849186502767512286e-01
1.003276694558391968e+00
7.072421350037472187e-01
5.155677394710088679e-01
1.278127404147785251e+00
9.046779847621173598e-01
7.569928268689884998e-01
5.326824846700197735e-01
6.716569055192165294e-01
7.568828429097445021e-01
5.221670252782101285e-01
6.971345991576325396e-01
5.982471746273851920e-01
8.976759183707668788e-01
6.957522340419264317e-01
9.521395556865125398e-01
1.131485319602467898e+00
8.756514827916423993e-01
1.637831685997917397e+00
5.305849656972371209e-01
7.483394025741871847e-01
1.093559284113018837e+00
1.804665463619903321e+00
5.457033865803071482e-01
1.561960424755840737e+00
1.863758573515095662e+00
6.021055340403345113e-01
6.288217227769836715e-01
5.290758621663017580e-01
1.546661774181866678e+00
2.804172633614742782e+00
6.221173922700612424e-01
5.788815460111648159e-01
5.287280735617746474e-01
1.392738419458935173e+00
5.828793376045926511e-01
8.041420245204560224e-01
1.676834788470661142e+00
7.687129816723889952e-01
2.475819844729527652e+00
5.651100749122012212e-01
1.150065448421924819e+00
8.270042916811503053e-01
9.161464026562865515e-01
6.554319694316174116e-01
6.537482106463466947e-01
1.354584497856952341e+00
6.526558199635085211e-01
5.197767096805222531e-01
1.138558793004118774e+00
5.300288206686614156e-01
1.314661177188975572e+00
1.974233805564697075e+00
8.940091609258810079e-01
6.553019543613599618e-01
6.451880158548041200e-01
8.225238156566404557e-01
6.673085031292245173e-01
1.433762687265411673e+00
6.329256482867759992e-01
1.260218901532658364e+00
6.045536638096813409e-01
6.363378466303934999e-01
2.608635053326503694e+00
1.278180703165717524e+00
9.604423691847495670e-01
5.249218839364102607e-01
9.092977007093627773e-01
5.743797791767462080e-01
6.088470742200513541e-01
1.055474256494084440e+00
2.031633252874853746e+00
1.748368260651570028e+00
7.970849661494836536e-01
5.007359861052572692e-01
5.695736042229831986e-01
6.183713375858646000e-01
1.058835837214782138e+00
6.407846214851901090e-01
5.748120079821298356e-01
7.187077307058795661e-01
1.027397389411403905e+00
8.219603120821040720e-01
6.371896104759114943e-01
1.051833963081174828e+00
7.171002547101394953e-01
7.476820628887695941e-01
1.077728339307166605e+00
5.346726798783740797e-01
8.014192742783060597e-01
4.708806038528360882e-01
1.395164925363605590e+00
8.673458471013681947e-01
8.071514422799244137e-01
1.244949938397198697e+00
2.148559152829964791e+00
9.060365460406631932e-01
1.178872321899218756e+00
1.140156418626843138e+00
7.264683314394890790e-01
6.531430407485142586e-01
9.583859099276406113e-01
5.005505132447803929e-01
1.814867267148595475e+00
6.812222286007036942e-01
8.934235676760708955e-01
2.339049788925213313e+00
1.061350966417956343e+00
1.767036154977546847e+00
9.944635031587227836e-01
5.830765839567301212e-01
4.877431107200877469e-01
9.102455162501766894e-01
1.629364428243864182e+00
1.026627583000012223e+00
1.817230825275309547e+00
8.202516414295224489e-01
7.450950023614726359e-01
8.992260816173760496e-01
1.157367215521149850e+00
1.179808525945593489e+00
6.067495552472685905e-01
7.152139143534426147e-01
5.095708013696029770e-01
2.181293943449726491e+00
1.867749330460332091e+00
8.455209786438899755e-01
8.716126314825406451e-01
4.890988498065963475e-01
7.482410301093823657e-01
5.930711213938210102e-01
6.630011604549064241e-01
7.099741100983755215e-01
5.831749564215348292e-01
1.532992757438639941e+00
1.044413762145610436e+00
1.191902175109129880e+00
6.617004133480197670e-01
9.326909085655521459e-01
2.918987486804051734e+00
1.092027297018511867e+00
9.680467832818955287e-01
1.063292169976824963e+00
6.472994670915348525e-01
7.060565148176504158e-01
9.764279078734023898e-01
6.629601007392326162e-01
5.183225981292088891e-01
1.133467210231932754e+00
5.217208642088783099e-01
7.112977407688341192e-01
5.828821597966298285e-01
5.199161418610008800e-01
6.048845057004804682e-01
1.380667461601227552e+00
1.171271022459879685e+00
3.018314361560533232e+00
5.150637642300179841e-01
9.429109111376412500e-01
7.296721733590580961e-01
1.293032325645260716e+00
8.823491410636482568e-01
7.497413443379155051e-01
6.172678368311154129e-01
1.166568894615516827e+00
1.255215981649286050e+00
7.178587890523985271e-01
5.345855794827020224e-01
6.338757845970984794e-01
9.943972391099683561e-01
4.997537413788845084e-01
1.050462870034601259e+00
8.988372332971751311e-01
5.001616649245794743e-01
1.540890574768313481e+00
1.057273334457887959e+00
7.957408385574141763e-01
1.466224170935049198e+00
8.283050387880371845e-01
6.506977331712044954e-01
7.768074387465775388e-01
1.540458636737602083e+00
1.146012664848875096e+00
2.047528694260707383e+00
2.024024475646904353e+00
7.040293417845545632e-01
7.337277791241448854e-01
4.858400159074053870e-01
9.246487832761699499e-01
6.343797598380893632e-01
8.139451522472261891e-01
1.468444013377360635e+00
5.374938025853287504e-01
5.572100419981131925e-01
8.801150121024240436e-01
7.028937326137554287e-01
5.238323154456091535e-01
1.146783730959162195e+00
1.138829499953749824e+00
1.109918317161808110e+00
1.042913447917077185e+00
7.158134398672008070e-01
2.022167971329878799e+00
1.321999867987897925e+00
4.720852992644270496e-01
5.821557338704206330e-01
6.783713182472077552e-01
1.710491945402746516e+00
1.596609210976716930e+00
7.924270126786012725e-01
1.466824218398697699e+00
5.746725758016514307e-01
8.103002922198714320e-01
7.133542000259430749e-01
4.853938548380736795e-01
2.417275183907524827e+00
8.089394101718168084e-01
1.386646123342504699e+00
5.825315490000655405e-01
6.962394548269320582e-01
2.045609653212653534e+00
6.112130845580504568e-01
8.523836128547617186e-01
7.998398248076836747e-01
4.505070247546341666e-01
1.351846522432187614e+00
5.839604562182982850e-01
5.722244460323044901e-01
7.270706791452845597e-01
6.865757592806402965e-01
5.221991336942601869e-01
5.093190644603715622e-01
5.123988281595269756e-01
5.208830326273086175e-01
7.960518113344214886e-01
4.281921133201133656e-01
4.887510612020692369e-01
2.198989557359118496e+00
6.595646568516000396e-01
2.497020586462279201e+00
5.946405521236671765e-01
6.922249087775189658e-01
4.771613872795233413e-01
1.582351678583616694e+00
5.675693147534592864e-01
1.542056238495803200e+00
1.351937236516034924e+00
1.221448006280660525e+00
1.293460018096720843e+00
7.089508056563290639e-01
1.194810398211756830e+00
2.782940961210469855e+00
6.812222286007036942e-01
1.121832896125309009e+00
1.085045291998695927e+00
5.399391101626385137e-01
7.132075078164329396e-01
1.581080719123270750e+00
8.637508360920894690e-01
9.401391360262344454e-01
5.155677394710087569e-01
8.885763330066338561e-01
1.581152034083855629e+00
7.785277208935984516e-01
5.005505132447805039e-01
6.096606005419324958e-01
6.878765063875269536e-01
1.168235606479032684e+00
1.808506315277567333e+00
6.901273898047362021e-01
6.205238485382692515e-01
7.628385290377335259e-01
1.368388077371966105e+00
1.474663402163984838e+00
6.439422607275393506e-01
7.279686456680222184e-01
2.343076745260513682e+00
1.044775483014085626e+00
1.577563051974136377e+00
9.915462652761798390e-01
5.070103668715032486e-01
2.932812963491011615e+00
1.819328831635930843e+00
8.625755889017331368e-01
7.026443164740329150e-01
2.418824745325380388e+00
9.461669228447950886e-01
6.131110364091868492e-01
2.160393365325230963e+00
5.461906073653127747e-01
5.965986389159713132e-01
8.956767718627889341e-01
1.016545752909506550e+00
2.223618041548795166e+00
5.823781845556389447e-01
9.326089511314260561e-01
5.542607591798126565e-01
8.341946531250146180e-01
1.021896461397405753e+00
1.688941077274403124e+00
1.539633901826880757e+00
1.177672769449173984e+00
1.115654567054358504e+00
7.402310132360504502e-01
9.482783740815259321e-01
7.732558082224814111e-01
5.152199508664816463e-01
5.927374573109850386e-01
8.173434183268958320e-01
5.853274673739394807e-01
1.557370064980113877e+00
1.473506502183276723e+00
5.727144890093471830e-01
1.148315718053669388e+00
8.856051527708020954e-01
6.316249011798892310e-01
6.619717269052732833e-01
1.863991298679125386e+00
1.395659675752118023e+00
5.160717147119996406e-01
9.460274906643166837e-01
9.647650658191324613e-01
5.451010388745117785e-01
1.441896974616900140e+00
1.298417964741247488e+00
5.044116948497668895e-01
4.982996298275711444e-01
8.672064149208895678e-01
1.097264279081541449e+00
1.819820338013892203e+00
7.885275935499781452e-01
8.539389190629168569e-01
7.226392582505528628e-01
6.224651808745882420e-01
5.216798044932045020e-01
4.877981026997096903e-01
5.611094611267364307e-01
5.825726087157394595e-01
4.832413438856690280e-01
8.918887583895264148e-01
5.974364704975411167e-01
8.477857943250474149e-01
8.022417518998109509e-01
8.045388379942398638e-01
8.682934703844390478e-01
6.295823741867285772e-01
5.765756706143335686e-01
1.339030494293412143e+00
5.605644261700717390e-01
1.191707750949029476e+00
1.050966845275591810e+00
6.728885663853115817e-01
5.211095652034590797e-01
5.019663872724570153e-01
5.325612286416432362e-01
1.251600407845943952e+00
1.413920574175215439e+00
9.834440685259224768e-01
5.901937772688704564e-01
2.529969393525664412e+00
6.922249087775190768e-01
5.627169371224765015e-01
8.201966494499005611e-01
7.822621640833558043e-01
1.422782790444141243e+00
5.499534165054944523e-01
8.911726842588614250e-01
6.203676619018055893e-01
4.453618504987462701e-01
5.166740624177950103e-01
1.727021027501115746e+00
1.084361326284081217e+00
1.007456378543892361e+00
7.358224759048905828e-01
9.646975420714827276e-01
1.502958204778156670e+00
5.036149229838708941e-01
1.248816262963730939e+00
9.368420646034067989e-01
9.518512954155305961e-01
5.061586030259854763e-01
5.097652255297033808e-01
7.853648113460830471e-01
1.331820603161062655e+00
9.556603374934538042e-01
2.041231830955696491e+00
6.346203866754095424e-01
8.128388293004401577e-01
1.001525704491241120e+00
6.551011275408183954e-01
5.112193370810167448e-01
5.312283731187064095e-01
6.297949744989308485e-01
7.206518852342355119e-01
5.011528609505758736e-01
2.068728394929110870e+00
2.399016613807640752e+00
1.007634947321399910e+00
9.923688063779771973e-01
2.063004217636696058e+00
2.450681366057676946e+00
6.466281951421694041e-01
5.278301070390369887e-01
7.572473859702567589e-01
5.110109806569681501e-01
2.473386775944975469e+00
5.841800847114795303e-01
8.024767343530571084e-01
4.807410443287372104e-01
5.615584443881052046e-01
7.168102802772714499e-01
9.646343926805348579e-01
8.578001006679032425e-01
8.156016531122229907e-01
1.106867647428922741e+00
5.394379571136848073e-01
9.103028289993074784e-01
7.593970747306243441e-01
1.788933224333623340e+00
5.489454660235129069e-01
6.890812017991180261e-01
4.976562224061018558e-01
2.096573431639646934e+00
1.506148577957093559e+00
1.306814776347587248e+00
6.215150445642656507e-01
8.451269873621429785e-01
1.205694937018002122e+00
5.331314679313886584e-01
7.369059152881050068e-01
9.645413554350189544e-01
4.501564139580701007e-01
9.565261956001409605e-01
1.441877315575669893e+00
1.340696478141082171e+00
6.010020332855852132e-01
1.176394905905858934e+00
5.688561295963978637e-01
5.372420656760975577e-01
7.092985942608560634e-01
6.416363853307081033e-01
1.648560452517578767e+00
6.625573201550833957e-01
1.382467233245302296e+00
5.843773310636168894e-01
5.913411599313306288e-01
8.963346129707344678e-01
1.593004977402241229e+00
7.853237516304091281e-01
2.414289673856308660e+00
7.358224759048904717e-01
5.210224648077870224e-01
6.843388081273790169e-01
4.995043252391621058e-01
1.171986368574698956e+00
8.106891405400724615e-01
5.139192037595949891e-01
8.807928487094522918e-01
1.051103263006290423e+00
6.076013190927865848e-01
5.126366328048101995e-01
5.424856123967900512e-01
5.228243649636274970e-01
6.601068696162277760e-01
9.464125306464398202e-01
5.501067809499211592e-01
5.491538224475616126e-01
5.972420463374404909e-01
5.693740371013367163e-01
7.467319265784471138e-01
5.426389768412167580e-01
6.928300786753515128e-01
6.394558478531856549e-01
7.060975745333242237e-01
1.570273524177169699e+00
5.862393661606253303e-01
5.246290873115051490e-01
5.338298673324799459e-01
4.903995969134830601e-01
9.336639284394467886e-01
6.999855095111285896e-01
8.494753897521349906e-01
2.475667696877023261e+00
1.134057026169700277e+00
2.504934439772855015e+00
8.268126897130868569e-01
7.222593612299755828e-01
1.814831774500263339e+00
5.411004250890467659e-01
6.069057418837323636e-01
7.966909748677367675e-01
1.535506989259519894e+00
2.012226383457330403e+00
1.542325611094132798e+00
1.946066467690502400e+00
6.258773792182058537e-01
6.090554306440999488e-01
1.412035655514635168e+00
9.706914657231086041e-01
6.455386266513682969e-01
1.399875240879815408e+00
8.408921191392777494e-01
5.349333680872291330e-01
1.696865681336883647e+00
2.567140373967887079e+00
6.340319712335622526e-01
7.443569649408241506e-01
1.158814422989493886e+00
7.427364557545280688e-01
2.003909963155491081e+00
8.345704682546594144e-01
7.053418623831021472e-01
8.487769903510435920e-01
9.489538899190452792e-01
6.344948867588791064e-01
1.273684079292844551e+00
1.395861409724896252e+00
6.004980580445945515e-01
1.791413462519020339e+00
2.504758233230834907e+00
8.308081605370059020e-01
6.493969860643176162e-01
8.682988056037278524e-01
6.051560115154767105e-01
4.704750010766501345e-01
5.138208312947902812e-01
8.172039861464172050e-01
7.866794907169180062e-01
8.028874800907889187e-01
7.532878319004656653e-01
9.859382389752672227e-01
8.162127901204208058e-01
8.124360487162910482e-01
4.837453191266598562e-01
7.249592279085537161e-01
7.190354579388718026e-01
1.295792858948056292e+00
1.029431758993238688e+00
8.994307917005682773e-01
5.028181511179750096e-01
7.175081782558345722e-01
6.684148260760108817e-01
6.179084220605477462e-01
2.160934245827588640e+00
6.342263953936627674e-01
8.514334765444392383e-01
6.113091362533462636e-01
2.852609171085791040e+00
5.460511751848343698e-01
8.210101757717815918e-01
1.370198928827430107e+00
7.390813098040814877e-01
1.687370775754220675e+00
9.686953336649105628e-01
8.451819793417649773e-01
8.467755230735568572e-01
7.381311734937587854e-01
5.503012051100215629e-01
6.383369931383715556e-01
4.977545948709065082e-01
1.647395254328520187e+00
1.781044906407970974e+00
2.383994932239332787e+00
7.569208881756384066e-01
7.679022775425450309e-01
7.882730344487097751e-01
7.515843042094298987e-01
6.187601859060656295e-01
6.546983469566692859e-01
9.668304763758651665e-01
4.884032725975420708e-01
6.256110163647553568e-01
5.822798120908343478e-01
1.884893506483267922e+00
1.323521598000903410e+00
5.780847741452689315e-01
1.100372570728342936e+00
7.705559415439033888e-01
6.433491378742222100e-01
5.735983612709151247e-01
9.307146456211461416e-01
6.789713451834944458e-01
8.082960027503475198e-01
7.188061031706841630e-01
9.487823493225167049e-01
6.729576526261034086e-01
7.204574610741351082e-01
1.266661808445653126e+00
6.417925719671717655e-01
1.100541289132834333e+00
2.632825369842913155e+00
6.710684900773692396e-01
9.120245328424453346e-01
5.801822931180515841e-01
7.589112756417354388e-01
6.237659279814750102e-01
9.774242468609446455e-01
1.234198995129614840e+00
5.312283731187064095e-01
9.738983220924575246e-01
5.474913544721994318e-01
5.951855870803317572e-01
1.035309033819931335e+00
8.016827846791980683e-01
9.576353407389643912e-01
6.359733035698812431e-01
6.103561777509867170e-01
1.287658733593789462e+00
1.181400647981268204e+00
5.310339489586060058e-01
6.582471552887282362e-01
1.373657329848267494e+00
6.148607667774423913e-01
1.433841523671192109e+00
1.003368664362755514e+00
1.120647275939211873e+00
5.178507313042681748e-01
5.646610916508324474e-01
1.450716102866413060e+00
6.730126446057252965e-01
1.451007377587174352e+00
1.870590584486327090e+00
8.618248577158351686e-01
8.138238962188498737e-01
2.646028097291036829e+00
7.633976885160892456e-01
7.969837714926419903e-01
1.337543020997692178e+00
1.385268294580722204e+00
5.589569501743317792e-01
6.299763654684753522e-01
9.236170289570281300e-01
1.586864525229424672e+00
2.943769145690681821e+00
8.908220734622971371e-01
1.666133162538103507e+00
5.820853879307338330e-01
1.917657065755332901e+00
1.433859537826072561e+00
4.934472521965883596e-01
9.296545253515796636e-01
1.124045542018881294e+00
9.685278749593142500e-01
8.800138174455824913e-01
8.302631255803414323e-01
9.695190709853106492e-01
1.738001687853488519e+00
1.004703840655201130e+00
5.452954630346120712e-01
1.786091375144286175e+00
5.415494083504155398e-01
2.696818088262123769e+00
2.176775542852379175e+00
8.189098346069617618e-01
1.535953050120825170e+00
9.245275272477936346e-01
7.726152229930491888e-01
6.081052943337774686e-01
5.845306955080435962e-01
6.666511634438071487e-01
6.274326854263608810e-01
1.047571401387959567e+00
8.615983251396848175e-01
8.981388338960838436e-01
1.172440494797613919e+00
6.042058752051542303e-01
6.168160313777095727e-01
8.760313798122195683e-01
6.686092502361113965e-01
9.205497970259006735e-01
5.667586106236151000e-01
1.452155256417427598e+00
5.775258069246561599e-01
2.732186091440276687e+00
6.277254820512659927e-01
1.770192726778743397e+00
8.607326290302187433e-01
9.304202562425778478e-01
9.754508061085753745e-01
5.404430854036292864e-01
1.123834363402795633e+00
2.383936782648973463e+00
1.088085291293003687e+00
8.689561452891452209e-01
4.954053389888926073e-01
1.091664154453919622e+00
1.668865329890474758e+00
4.997537413788845639e-01
1.228843871696014833e+00
6.553556866420867655e-01
7.674122345655023381e-01
1.473883646959322613e+00
1.050309313332431715e+00
5.527054529716575182e-01
8.154020859905766194e-01
9.267000995717330492e-01
6.088358021509187035e-01
5.153914914630103317e-01
5.324741282459711789e-01
2.700363474926034790e+00
6.226185453190149488e-01
1.036329516069940837e+00
9.474997783677320262e-01
9.025804657893347072e-01
1.460779464339046818e+00
1.585776717860047258e+00
6.859184195952228169e-01
8.913260487032879098e-01
8.839160587662426849e-01
1.362605786799416796e+00
5.115699478775810327e-01
6.324216730457852265e-01
6.193625336118609992e-01
6.535920240098829215e-01
1.307517257639610797e+00
5.420944433070802315e-01
1.300097349169816230e+00
7.561960550030923933e-01
6.896835495049133957e-01
6.694610140816292798e-01
6.486464168756413962e-01
4.548554271446262343e-01
6.552457026828426567e-01
6.754197146593983181e-01
6.277254820512659927e-01
4.813382490729868346e-01
1.137331214028955984e+00
4.946085671229966674e-01
1.086705439204549206e+00
7.835629111902425725e-01
1.087154422465918202e+00
9.398645155534312012e-01
2.474996905772427702e+00
7.081260072653152715e-01
6.538003804339317382e-01
5.986961578887539659e-01
1.082504434148618744e+00
5.255242316422056303e-01
5.401502887787241747e-01
1.849483814388199754e+00
1.687769110422530972e+00
1.125315440408613199e+00
8.259609258675690846e-01
5.444436991890942990e-01
1.172380359856445953e+00
5.908973196315076004e-01
5.824331765352608326e-01
1.054611513045203841e+00
7.309700982739077979e-01
1.051081972196381775e+00
6.334999694674535720e-01
1.387959310167703242e+00
9.578942741969347363e-01
8.893833158710487963e-01
2.265543524903276484e+00
7.577895987348842732e-01
1.623001269647794009e+00
6.744667561570387715e-01
7.217874944050348684e-01
9.854541328480685980e-01
9.083218586434312902e-01
5.690094940408244595e-01
9.654634652202237488e-01
6.357788794097807283e-01
8.564252863559003170e-01
1.259120543739455034e+00
1.404437644077930258e+00
1.710025591934797529e+00
1.405890495930348427e+00
5.211758292522137292e-01
2.313537096595092102e+00
8.402774319231973710e-01
1.115077423681643864e+00
5.253847994617271144e-01
5.661152032021458114e-01
8.481746426452483334e-01
8.083691708820716082e-01
5.575578306026403030e-01
7.536957554461607423e-01
1.201164349770167838e+00
9.880008273399629726e-01
1.894355263375980813e+00
1.315401435171105859e+00
1.189440113075834971e+00
7.812108331161915498e-01
7.371833579529452063e-01
7.019435963034327264e-01
1.073551477513703167e+00
7.917262925080011948e-01
7.958802707378928032e-01
5.888380381823618004e-01
1.115881099630509077e+00
4.768364822385681157e-01
8.381770907583776520e-01
5.959962912101758326e-01
6.295851963787656436e-01
6.390377133089717443e-01
1.084750174604282247e+00
7.216341299606082726e-01
9.151934441539270049e-01
9.166503778972774352e-01
7.944554454105924313e-01
