7.290273793454342677e-01
3.667017604079839121e-01
8.722224576301551568e-01
4.468309864550375488e-01
9.344693416516808293e-01
7.430420227647955844e-01
4.961445120523668151e-01
5.542944173638062466e-01
1.560944046550075237e+00
8.619868594289723518e-01
7.127479666989927631e-01
9.040966390647237061e-01
8.424262089355736283e-01
6.484592605685943756e-01
7.286582220389526965e-01
7.642217313943284740e-01
4.881994970250571053e-01
6.128233488977519183e-01
5.103653544211576021e-01
5.709429947626258883e-01
8.813641782792704937e-01
8.751752069711724591e-01
4.711693410541106242e-01
6.005790226863052528e-01
3.572885533255804602e-01
5.490313453549110490e-01
4.173573308533653492e-01
6.431229267850224751e-01
8.031105809960891184e-01
3.795296110580163584e-01
4.131190751442720965e-01
4.522393384457474297e-01
4.917529115616608992e-01
9.320541580659761349e-01
5.055913977719806995e-01
6.023949586424700575e-01
8.275150086708166208e-01
6.574224286476055834e-01
5.579083296037454787e-01
7.111526692185929921e-01
3.679361840869068145e-01
5.777700765170230568e-01
5.348387960818522524e-01
4.562108980395457869e-01
3.004002952904104018e-01
6.741988078906203663e-01
5.682208093718358333e-01
4.328244867046596167e-01
3.530479006967450761e-01
4.280140607662367702e-01
7.040857102712888560e-01
4.492030301771376966e-01
4.196878283407882160e-01
3.940102519690212302e-01
3.608068020625042061e-01
3.592085411630465130e-01
8.130433468071937009e-01
7.790549935276563920e-01
3.845031676624151018e-01
4.264691467107151746e-01
5.819211331604400295e-01
8.610697954943938859e-01
3.995309591470081467e-01
4.002064281872745322e-01
3.906246683318889690e-01
8.219354626697387145e-01
4.221769605635193878e-01
7.079620142287589291e-01
5.423528316937588079e-01
6.467125434576204146e-01
3.365758710234910134e-01
2.511009674985307250e-01
2.968689206545596093e-01
4.969676492607588147e-01
4.257688833545541507e-01
5.508409107193441567e-01
9.831098989519604370e-01
3.624832476415457139e-01
7.467648630340755211e-01
4.521501337566394274e-01
7.423275507476375656e-01
3.536916446819404203e-01
4.265132266537301486e-01
6.912404607620685759e-01
6.920594818880494437e-01
6.827639678458110595e-01
5.783974299822025600e-01
5.487369202933015666e-01
5.003977168963600342e-01
7.553354376692630323e-01
3.151965527794989286e-01
5.755945092288671239e-01
3.388640527999009500e-01
3.000085247828165880e-01
5.264526001381920617e-01
3.306074608403980486e-01
3.077919206615161163e-01
3.535245214624821997e-01
3.357892822773712038e-01
8.130062617651718782e-01
6.392488337476921467e-01
7.443989270126322166e-01
6.116462739696697515e-01
8.958606874854628810e-01
3.477616535289120292e-01
2.910994882722450217e-01
3.952087556127760193e-01
7.652609322197013730e-01
6.738189546007326003e-01
7.576736593102793016e-01
4.562055233753989913e-01
3.942835661167803929e-01
3.729099499500036496e-01
3.060204944725823939e-01
5.924040272307035115e-01
5.492534683684807684e-01
5.562443888356268795e-01
6.268621974440641287e-01
7.132028875181248839e-01
4.276573464052476070e-01
7.707682476620101308e-01
6.568277764683673192e-01
7.528658464128706873e-01
6.884969942714798119e-01
5.640602386700982462e-01
2.691730906973243131e-01
7.060868821750692081e-01
3.682515749877592892e-01
6.350665425158626975e-01
5.216445358120157527e-01
3.394868606842446068e-01
3.937987967883149198e-01
6.506613954880020589e-01
7.354485400233400361e-01
5.540645181362197080e-01
6.328670779013395586e-01
9.638884767343244286e-01
3.536880614495787611e-01
4.050116271639483401e-01
3.822649550266853935e-01
1.108793431534646379e+00
8.001409586685662712e-01
7.402936980270757861e-01
5.347482670319179121e-01
4.960494531467560808e-01
5.160847203975573727e-01
6.862140839204715625e-01
5.371365748460296130e-01
3.519916425466490528e-01
6.383905179279508735e-01
5.349769001566813120e-01
6.701733315301949823e-01
4.204175531818427070e-01
4.988583965932429920e-01
4.058210129670256627e-01
4.713739371029604386e-01
8.563887905570263248e-01
4.466512808075993601e-01
5.038657598378150082e-01
6.880932175700021913e-01
5.716793732203652167e-01
5.793161910025248496e-01
4.278432417037190127e-01
4.437448292058883137e-01
7.704828684294551255e-01
7.453913949890192958e-01
4.974752864528448892e-01
5.699949148897160978e-01
5.823828562800656972e-01
7.098192577972991524e-01
6.603189878775854726e-01
3.886792842668470027e-01
3.750096711709600683e-01
4.351279262128853187e-01
3.849030311819960914e-01
8.080394058350889308e-01
5.325972207141883574e-01
4.884057073303628704e-01
7.739833412288272818e-01
4.175126464047474451e-01
4.342673975550627175e-01
4.223086004071041066e-01
4.839769247500405047e-01
5.347684158947757505e-01
4.351767957428002709e-01
3.464144565730362113e-01
6.342802570546232088e-01
3.477633873723599001e-01
4.447028906624085898e-01
4.524704178957615897e-01
5.972346995460597885e-01
7.396646286156282057e-01
4.140476124753130205e-01
7.243538745255289069e-01
3.774612597748603360e-01
6.090572016448724257e-01
6.935553310079687339e-01
5.133153257875495701e-01
3.363694029179895573e-01
2.920548562458484265e-01
6.636550369997605836e-01
5.344107547845423634e-01
1.993851101817522009e-01
4.601806194912285153e-01
3.559439281663136501e-01
5.208018000062087927e-01
5.468427827784745343e-01
4.248215747329161518e-01
4.122718225169143547e-01
3.542099382626392456e-01
5.441091707251169973e-01
3.871572400620793553e-01
7.372131745161476513e-01
7.005661639326987711e-01
3.348086968165357447e-01
6.546387957160643145e-01
2.304324268019821154e-01
3.137302490877922900e-01
3.238376196399987417e-01
4.002393249194424185e-01
7.861679224580117031e-01
6.103139472144226696e-01
8.407914014242984235e-01
6.453736763439305024e-01
4.131314432650860513e-01
3.835869872539336423e-01
8.604267621656496168e-01
4.608762948367046697e-01
5.610690323059768225e-01
6.653888093219171296e-01
2.350432162315980733e-01
7.418887168233261331e-01
5.175467070589347962e-01
4.670055571522574445e-01
4.434081939165804842e-01
4.664741971368488449e-01
4.472788993246582523e-01
6.802805949521603113e-01
5.074028480320874612e-01
7.370966755605913301e-01
4.830413945917207408e-01
4.275491623686894505e-01
3.472519881410784381e-01
4.771170300242915108e-01
1.416638490741544798e+00
1.305646505408695424e+00
6.284528678792354883e-01
5.144333477782582209e-01
6.911229912331575687e-01
6.146092537889898955e-01
9.636513663315634526e-01
6.186054480576713699e-01
3.155453639133601329e-01
7.283204021596452193e-01
1.075267014016628053e+00
4.960129381698930584e-01
6.170855782507139731e-01
7.409397672399219426e-01
7.543709156447232500e-01
5.279481270605175247e-01
7.377531030622356267e-01
8.682561036986051750e-01
6.759406958693825462e-01
4.641427892940828692e-01
7.330656867249079056e-01
4.105102532658069237e-01
9.763753847061579227e-01
5.707566875506746573e-01
7.828230334235329879e-01
4.604986343079282562e-01
5.555030395104830765e-01
6.261303969983734730e-01
5.282333552303362101e-01
1.111919575384813896e+00
4.640534300655543287e-01
5.994521255335584220e-01
1.738955312168247724e+00
6.585317679205499042e-01
6.245531230733580852e-01
6.339627004989953907e-01
1.211529402024604130e+00
7.779880961613049317e-01
1.157858332038207427e+00
6.155715934860709337e-01
4.998681228047217595e-01
6.373416025106041216e-01
5.827866428139997224e-01
4.231754673847279991e-01
6.130262638581990275e-01
4.237881251393966209e-01
3.540110626792524195e-01
1.119013902542954852e+00
3.769970388996240485e-01
3.525846145219376226e-01
5.453166116226390026e-01
5.941913654021888647e-01
3.008407083103866175e-01
6.114761006713562708e-01
2.748655124703502928e-01
3.114455952444364906e-01
5.439306401384498280e-01
5.519363387164230028e-01
5.388871440241927990e-01
3.607950715212238646e-01
3.882463998460816135e-01
4.557122380396873562e-01
7.902464693533354234e-01
7.484855108077216324e-01
8.217855502974590332e-01
5.321533049256764736e-01
7.652000767315543239e-01
7.385217400715474723e-01
5.209905847727417383e-01
5.926073909392390870e-01
5.799902379896632043e-01
4.005553371516266115e-01
4.341154900135806849e-01
8.977301283180770808e-01
3.868018855130146427e-01
6.646152933336566537e-01
7.036282968439815377e-01
4.217256341225377736e-01
8.421410892249272528e-01
5.718156866291539409e-01
5.558113777044203507e-01
6.262003593461260564e-01
6.168963251035560758e-01
6.617979414957285700e-01
7.745755629434902811e-01
4.833807943880945035e-01
4.880834171675885180e-01
2.455059527670425124e-01
5.447163491054670681e-01
4.449409972735600127e-01
7.657392020262338006e-01
4.548827971662458558e-01
6.993600795417728166e-01
5.235702003127213899e-01
8.330073267075066568e-01
7.034936239601738972e-01
5.119162113306334749e-01
5.231785900104720666e-01
7.834824874510404324e-01
4.923648364633134711e-01
7.425816205281456917e-01
5.746593184526319620e-01
6.425753069017726693e-01
3.767167064424423173e-01
6.426345929164485327e-01
5.806707971738678253e-01
7.280507347879597857e-01
5.402429889551140230e-01
8.196414554041370204e-01
4.364411938040010930e-01
7.043887018343888418e-01
5.848441801619531644e-01
7.238108242872054454e-01
5.471936075544603373e-01
1.156065697882482590e+00
5.387109746271012689e-01
5.571308916933676025e-01
4.902808939117979659e-01
2.875361626444026264e-01
6.484154366082415244e-01
7.973871957360816332e-01
8.771278605654416749e-01
7.365031696188554244e-01
5.831421784903513261e-01
6.881295589204403651e-01
7.500332913427022463e-01
5.191364791670781687e-01
4.254704379091264754e-01
1.284783848271032758e+00
6.234781095494402736e-01
4.007521000244047560e-01
9.123443208895741785e-01
4.380080672565293542e-01
3.684571345979467671e-01
6.882985180762186683e-01
1.251123192052948641e+00
7.207756823033558691e-01
9.471419463178700759e-01
2.544343666767915901e-01
2.109631913569817441e-01
9.211102729019324808e-01
3.615108850419396780e-01
6.267365687086788872e-01
3.802565301023065891e-01
5.891825203196471294e-01
9.747804050125273845e-01
4.079935897381745669e-01
4.698825098785831544e-01
7.283412427494809771e-01
4.612752345909847396e-01
3.211277461216828222e-01
5.144871266768068496e-01
4.198311649648499011e-01
6.166534582730073266e-01
1.088274692575368352e+00
4.846765800822893655e-01
3.016421545955232930e-01
5.429208757896885063e-01
3.457299950917469000e-01
6.775939016718298680e-01
2.704924077015333772e-01
4.014816003878563522e-01
2.308689708134981644e-01
4.802919792447841729e-01
1.392981644355539839e+00
3.171404068672772913e-01
4.579921216989243926e-01
9.306605435216236399e-01
3.804026235393619948e-01
4.070243382837475110e-01
3.109498641525447193e-01
2.378158611414043222e-01
7.329877336015759859e-01
2.974792456594441692e-01
3.764518305184723634e-01
5.525188729702282808e-01
4.574206790061309258e-01
6.809724428707241151e-01
9.150764134232228786e-01
3.809232572792935478e-01
5.556114071489122175e-01
4.155085055557073970e-01
2.854388935859539234e-01
4.085404227879210204e-01
1.420203261288914831e+00
3.804383403336310532e-01
3.252676677481806666e-01
3.328700701561841391e-01
6.085458105614481861e-01
6.975248420201951571e-01
2.889790229553471090e-01
9.462683165498623206e-01
4.332564290717711986e-01
7.209311986993386379e-01
5.649553773415975089e-01
3.696520712443134293e-01
6.677813413102708928e-01
5.165158039274373447e-01
3.716159699070943900e-01
3.926869506931799925e-01
5.210947877015353891e-01
3.758093902891894156e-01
3.978204428844037133e-01
5.012157886081315405e-01
7.111568309352663819e-01
4.605960999126240130e-01
5.215003868632575035e-01
7.864948944142191589e-01
4.397899575466688860e-01
6.451283965444633006e-01
2.906932877043135743e-01
6.428399488463896194e-01
3.471116621846904171e-01
3.193935750427762676e-01
3.913410292040013783e-01
8.122233704244072872e-01
5.212523930963343100e-01
5.839899768577242467e-01
5.878712223673455695e-01
2.097749723890843521e-01
7.680601809168740024e-01
4.569353845148663162e-01
6.438171957586915628e-01
5.922806770934212484e-01
5.848171570844054035e-01
5.378159787286390658e-01
5.080990877235737058e-01
5.309965436646894021e-01
2.512864734191360139e-01
6.103643928087942871e-01
8.506287894029140872e-01
4.633207444022056642e-01
9.237215945100971659e-01
5.166833561388965990e-01
5.756708259984343323e-01
6.056407273642926414e-01
2.873691555007260034e-01
6.635843720683388680e-01
3.795228550556606906e-01
5.206974351770219389e-01
4.987725664332766096e-01
6.263877240706824390e-01
3.730934349404713690e-01
5.929035905299301357e-01
5.528480403973731194e-01
4.640013071016868551e-01
9.042991899058571148e-01
3.770239142493282403e-01
6.241443349576147881e-01
8.170979733308214588e-01
3.175887975450443768e-01
6.248836200795451212e-01
4.782263433779994632e-01
4.656338529416925720e-01
4.694312866042489318e-01
4.344412415347379541e-01
7.842217872833822101e-01
6.151726235806458387e-01
7.732705824952755824e-01
6.255695531179377156e-01
6.110932031586173707e-01
3.313070341026712606e-01
4.572875920356561652e-01
6.745423316284817616e-01
4.300642595810031943e-01
4.634974793424517236e-01
5.653275047218951910e-01
5.514120221071164840e-01
5.554533175597684558e-01
4.414683284393559060e-01
3.912757017480523181e-01
4.240185568608498268e-01
3.276285253781320295e-01
5.399014681380588376e-01
7.548264946803466824e-01
3.759567571758097859e-01
8.958813824055423813e-01
2.952341254114401736e-01
6.527427970423773651e-01
6.385885684268630680e-01
4.898805261390217769e-01
5.140150155339718863e-01
3.079400772994612678e-01
7.203239101861516058e-01
7.337392438336551859e-01
4.085206110639828525e-01
3.575245328438304560e-01
5.586281821207408349e-01
3.442887963935677420e-01
3.263393374838659544e-01
4.206199471356426578e-01
3.158920351691571482e-01
1.050671516819534634e+00
5.714871879977347913e-01
3.689709092618652098e-01
6.358249369248638594e-01
4.320552906744339339e-01
6.653435694604389328e-01
5.198353296943545310e-01
2.957330437974682869e-01
4.472114647827036826e-01
5.991476677491992531e-01
5.746277030293711618e-01
4.027280945561082515e-01
4.174138996611418961e-01
2.605808224704326825e-01
1.142654302127508181e+00
6.494947315053379855e-01
7.786358922965340712e-01
2.669301913864534082e-01
7.988670695058692761e-01
6.201156926431681260e-01
4.694999619076657971e-01
8.337551980987200073e-01
4.738735488616502844e-01
1.367063256457550446e+00
4.531472976182087109e-01
7.273811149295675849e-01
4.634066352696932789e-01
5.312834632873822960e-01
3.491293302491929595e-01
4.643769409606836596e-01
3.441388605345695462e-01
8.166354194761099583e-01
4.811378263644905950e-01
6.746644877304588395e-01
7.198252447681894317e-01
4.975753502251779592e-01
2.696569076566199819e-01
4.043067606717771212e-01
7.399642301651452314e-01
5.883501663233893231e-01
6.074400240283857055e-01
6.466183023912901451e-01
3.783605440945436160e-01
3.791319084170567399e-01
2.533956318249375728e-01
5.667327434666458164e-01
4.380030837991769066e-01
7.219408506894139377e-01
7.698168363498651967e-01
6.730437551352188574e-01
7.343328041388573757e-01
4.264252849926029598e-01
7.608936391902453300e-01
7.101658884504782332e-01
8.153156661723331977e-01
1.187436454825026244e+00
3.231339946493601567e-01
4.694484643885379893e-01
5.805255271500291414e-01
3.802614948292367125e-01
6.256552397686608868e-01
8.066782422598459679e-01
7.702142837606740233e-01
3.968969088990648708e-01
6.207773128539368912e-01
7.316876390027315935e-01
4.880471720418466663e-01
4.902104389549089558e-01
6.801592780721423814e-01
6.845005301252181651e-01
2.689369786597723411e-01
2.879378341313705847e-01
4.469777540342599331e-01
8.018763189320335938e-01
4.708233477141366974e-01
5.004194838272721935e-01
7.289975374063925040e-01
1.063070870864877504e+00
3.871105862111038909e-01
4.894162633117600247e-01
7.923804549770888661e-01
2.556147470988558434e-01
4.139772429056557401e-01
9.199238151261877050e-01
4.815138454972676674e-01
8.842298918323711066e-01
6.988757101538469740e-01
2.978102606255434437e-01
5.151040554473521604e-01
7.881685084665288610e-01
6.536816378587630982e-01
5.165364818546536174e-01
3.091702507282048651e-01
2.500832162347244036e-01
6.155605304165303604e-01
4.008789650863830989e-01
3.796526263326407968e-01
5.277023267384602923e-01
3.403881295109415506e-01
5.379610052820023025e-01
3.007552823775606066e-01
6.542747128397596867e-01
5.221198341105890428e-01
5.210117498597033325e-01
6.955703925291495393e-01
3.818764023410781694e-01
3.211084064486217082e-01
6.518797185261293592e-01
6.290302606630560067e-01
3.344141318432979348e-01
5.207935772278742270e-01
4.937393898980351192e-01
4.262570022199846931e-01
1.020646981051507751e+00
2.932592471088172337e-01
9.391414088134487637e-01
5.700239643891049646e-01
7.947266419358067768e-01
4.136355487533850961e-01
8.918386749700625282e-01
3.966995975320220524e-01
5.136605840558283731e-01
7.242162542635869338e-01
4.735885077513092289e-01
4.911929268690572448e-01
4.041520476474594892e-01
3.997469990219139069e-01
4.441764075019808411e-01
2.952186903501538007e-01
4.144077252053810501e-01
4.260602589332266321e-01
3.437058338703048443e-01
7.141966621116102587e-01
4.039866459169766943e-01
1.244065315484080170e+00
8.481166553857859558e-01
7.603542306901940329e-01
4.580177871760438557e-01
3.040091413388475994e-01
2.722987652977330586e-01
6.042142343943833760e-01
8.888837611732556265e-01
3.682692613126489212e-01
5.303480027195356383e-01
2.662878364676219967e-01
4.105368294706942534e-01
9.344743757098429304e-01
2.900225431904510653e-01
4.924776461381784043e-01
8.572321334126156156e-01
2.073682325883516586e-01
7.219129568184988743e-01
2.848392738376283040e-01
5.204533260742902900e-01
5.081377651847553967e-01
1.014778139633080611e+00
5.712301961312640231e-01
3.962083507730400078e-01
7.361735488798013538e-01
5.902770757758680764e-01
4.474592157293510453e-01
6.703185346310930326e-01
5.257214122867032158e-01
6.503488092541797050e-01
4.460365068967873659e-01
7.306971675717129910e-01
4.666600711634611987e-01
3.995727418215231919e-01
5.234169830002963764e-01
4.284689381720037660e-01
3.505104482266258592e-01
5.015808731582931390e-01
5.914993397680418097e-01
7.811049900213120623e-01
3.771999642034577493e-01
5.042450272540713874e-01
4.985719146776493860e-01
4.409512837458224865e-01
8.222622644947360504e-01
4.996360652121717982e-01
4.622250213238552341e-01
8.707207858112230303e-01
7.088051789911627987e-01
6.204048673033442096e-01
8.074699847474804404e-01
9.175963684049249780e-01
5.191885677516739905e-01
1.001817496796700180e+00
7.823149982646855349e-01
5.848166134446446396e-01
7.645244414358396412e-01
5.716844400799634407e-01
1.528057389973663582e+00
5.218827981825922002e-01
7.074494839229820142e-01
4.629888075078874010e-01
6.814134203094307507e-01
3.545847353767676569e-01
1.337539019958389419e+00
1.139630207253732319e+00
4.649642197052903936e-01
5.365593706322699941e-01
7.614108172404304709e-01
1.265133917384058115e+00
1.413997076000552910e+00
6.338607847930148864e-01
3.969244715780926303e-01
6.906725333840468828e-01
6.276233239966207966e-01
4.897219177913175181e-01
6.992360894795777160e-01
7.716813769592767436e-01
5.671001464109310941e-01
3.606237074073650462e-01
5.220719627656693618e-01
4.940858688008675226e-01
4.139933407962697043e-01
4.802332159341998197e-01
8.665863773143023252e-01
4.216921724246762149e-01
5.859963984496976419e-01
9.550347892724825316e-01
4.517659271493233986e-01
3.443190073004880891e-01
5.060215728076751240e-01
5.556063466508739390e-01
7.387268745147715920e-01
3.684239679422269265e-01
7.089977524368294981e-01
4.214356207525318809e-01
4.294643645980990021e-01
4.720823921287397584e-01
4.413001813698176901e-01
4.253392076585068571e-01
8.289566109823439666e-01
5.198274608127034790e-01
2.915195248471524891e-01
3.405084967667512674e-01
6.895892896407413986e-01
5.202904324144779213e-01
3.889114379313298731e-01
7.731250591313509890e-01
3.917346873020427500e-01
4.003936289518970071e-01
6.117949609515940246e-01
6.347223517001192583e-01
3.240238297322368677e-01
7.172169673919542854e-01
3.687356193367989921e-01
6.506854790946732248e-01
4.853716603550441988e-01
6.100490204583357556e-01
6.241451846268953885e-01
5.706549763851107571e-01
3.904210342136954504e-01
5.103190246265852936e-01
4.833789244051730494e-01
6.362557848069039235e-01
5.129109738028155840e-01
7.741331870731381626e-01
6.412193583355023652e-01
5.281643451319766314e-01
3.940272606738284833e-01
5.417276693969114154e-01
6.662247748719111184e-01
6.748092122552412642e-01
7.122627427264892619e-01
7.057322518243716036e-01
6.823885070624778892e-01
6.642711805620111765e-01
4.099628071033005750e-01
5.237535982940381141e-01
7.365494321391493626e-01
4.659563661206826413e-01
4.688806680982131603e-01
5.985382510552375024e-01
5.423157222189904925e-01
5.962670837251882183e-01
3.939970857262876658e-01
3.180059174823419155e-01
4.826973615955955643e-01
5.361776596735439160e-01
7.956111811385080390e-01
7.115431769409079621e-01
5.692763507896293484e-01
6.082394943456200798e-01
4.094525046762005904e-01
5.520386009696518492e-01
7.321586222076217343e-01
4.819156346594569706e-01
3.050563577793943826e-01
8.357212198241995571e-01
4.185326858338825895e-01
8.571061491327041093e-01
3.009377467063720224e-01
4.918345948794988765e-01
4.466631093556236443e-01
6.803227405460803290e-01
6.754378231328744819e-01
7.815548373816905148e-01
6.735508293440866101e-01
8.797718371929620362e-01
6.915207860634625670e-01
4.414901847436253912e-01
5.725167547574577798e-01
3.596188793447370191e-01
6.817869642512446315e-01
4.381523730919928417e-01
4.277071409406318914e-01
5.774642417252218163e-01
3.749477546981253573e-01
6.426969462423610668e-01
5.933260880390842651e-01
7.993569008684602295e-01
6.085495135027236824e-01
5.364789547319138707e-01
5.230196562352895651e-01
3.139927602138443685e-01
4.515351132457693928e-01
5.404105746641337804e-01
4.046672756838322060e-01
6.542161907152994615e-01
7.476286465800721093e-01
3.202732046123435428e-01
3.918875260157410612e-01
4.520887153552035076e-01
8.049881174062339939e-01
4.729930653953666742e-01
4.389544343222984701e-01
3.517725221027596660e-01
3.809026085990476762e-01
3.465749359417446551e-01
3.809803008363090715e-01
2.978348137875493906e-01
6.483073834877866037e-01
3.501499627963777783e-01
6.633317483850892371e-01
6.259746531757828247e-01
6.929171445287548581e-01
6.866046965007684966e-01
4.274990367456821816e-01
5.088730638182209498e-01
3.160981206559800860e-01
6.681506520528937010e-01
7.341602821598783857e-01
8.264829662803311328e-01
6.094468080418921074e-01
6.550115919691092969e-01
5.220076340071446719e-01
7.390998134801337605e-01
4.088629792820479558e-01
3.768380404390549443e-01
4.804085315625394870e-01
3.331617391498578051e-01
4.057078578571854943e-01
5.171523317596560254e-01
7.094359058874298851e-01
4.672987184284241313e-01
2.879091654938386036e-01
6.833007252625769024e-01
6.786599010644089880e-01
6.962122838131260538e-01
4.780098986188662802e-01
2.910835689837058537e-01
4.126333787840934519e-01
6.228326039087392907e-01
5.277319512636253762e-01
6.671541762016190980e-01
5.750172216690973004e-01
6.899168352076402444e-01
3.975573892655672736e-01
4.570942304183519544e-01
3.642737157195180542e-01
8.105735250463894648e-01
6.444983627234066592e-01
5.899541207711718194e-01
6.102504871051033231e-01
5.413223483562561444e-01
6.489457791334301007e-01
4.457393367623715963e-01
3.706517289258778325e-01
3.445596242479933013e-01
4.935985385669703351e-01
6.015385504922898807e-01
6.680550328481150713e-01
6.837719942902803494e-01
4.092239108275967929e-01
6.918568782731731037e-01
6.312290879570089386e-01
6.422057906677715033e-01
5.331539258819836258e-01
4.163349929865368115e-01
8.498324937366983356e-01
4.749722029356592823e-01
4.379995989261933342e-01
4.250847774598764395e-01
7.749399032085054762e-01
6.767589392285893179e-01
3.435869778041765188e-01
4.820518972282438752e-01
4.624618173438587165e-01
3.966720930816829971e-01
3.521212384087112901e-01
5.064830509948271553e-01
3.381615368733145721e-01
7.465465671825906036e-01
4.394899773434970403e-01
6.076495257342134915e-01
4.456344401786075937e-01
4.862566105177819065e-01
5.973643095521899982e-01
4.143040584338720800e-01
7.809183094199559916e-01
3.248991170727994482e-01
6.371062380460305041e-01
3.258897533151423609e-01
4.607589911704758068e-01
4.662287735838449021e-01
4.245894294816444647e-01
3.969615774303694722e-01
3.505679864277855828e-01
7.073797296147104063e-01
7.909093621671319241e-01
3.923781970157217969e-01
6.521821181151364888e-01
6.407969036213572167e-01
4.758286176486993813e-01
3.639446185627968067e-01
2.913342276674901754e-01
4.481797881448793541e-01
4.815961467053864187e-01
4.404451103345137231e-01
8.609489923547214429e-01
6.953800967356739138e-01
7.123139072125015403e-01
7.715394618457935838e-01
3.644094194287426092e-01
3.441781186576218232e-01
5.278083689012538215e-01
