1.807337687283902650e+00
1.035954353603251610e+00
1.103267295766981126e+00
1.000661025912216173e+00
7.067650558703560293e+00
2.290776884806735136e+00
6.406353408338849587e-01
1.312657109858006432e+00
3.819986640423225777e-01
2.129646791545990236e+00
8.053726868754971235e-01
2.504775074543019286e+00
7.995150107585640153e-01
1.038831360946745441e+00
3.076324496815452836e+00
3.392208131781933034e+00
9.189923437885898494e-01
2.127353285687609397e+00
4.101807260110816866e-01
9.424911152114674451e-01
1.071846073842954050e+00
7.561905271552089580e-01
1.846881390593047234e+00
7.768361581920903980e-01
6.831779227079177730e-01
5.804641621538314533e-01
1.912713640719089669e+00
2.753712079948846814e+00
1.109843937575029527e+00
1.297299135431657868e+00
1.163919220037614499e+00
1.236452424119839355e+00
1.461918631596225593e+00
7.379280070237048683e-01
3.959503169879672768e+00
2.697938226514154270e+00
1.444620432175585334e+00
3.161178770109757785e+00
2.388880724404779166e+00
4.264363939722040087e-01
2.128299895315629797e+00
1.400980651637724339e+00
7.816821213600129159e-01
1.783033086915954524e+00
1.027777777777777679e+00
1.547136400715943827e+00
1.008076239702794474e+00
6.734305402215710057e-01
1.254215850757228745e+00
3.041431654607329893e+00
1.184418377543286383e+00
3.834268809142670875e+00
3.022196006466552731e+00
1.377510040160642379e+00
1.351494490777378488e+00
1.244161385773973505e+00
1.708164695026180402e+00
1.654511727442046221e+00
1.004577519987459144e+00
3.095549001317512428e+00
1.631142802081325671e+00
3.534122723183667603e+00
1.396560136618687276e+00
3.554734164667989749e+00
1.566726149856569883e+00
5.703346950369301283e+00
1.784718696783728964e+00
4.831205642156752411e+00
2.115941557385051297e+00
2.261870295309786449e+00
1.740533957590109981e+00
6.350203704683521799e+00
5.283026914875222246e+00
6.100305993880123623e+00
3.609828533584444443e+00
1.727564102564103310e+00
1.631609014824759507e+00
9.494504554590944556e-01
9.889762335000609195e-01
2.329206978747271339e+00
1.549585622497439363e+00
7.624060150375936651e+00
4.486700598204266255e-01
1.502592241201466505e+00
2.343858511968146097e+00
9.473112692887200481e+00
1.187467467450087133e+00
6.711041690318454656e+00
2.952145381120645951e+00
4.927970380343317025e+00
6.551147873058742910e+00
4.020359333536347002e+00
6.494806253180160915e+00
1.046501254530247893e+00
3.091323012878886445e+00
5.155473493146399910e+00
9.473684210526318594e-01
4.977246871444824805e+00
3.721318425096707294e+00
1.546562971825769406e+00
8.209424083769636393e-01
1.693880282397028259e+00
7.636837121212119328e+00
1.081268906875970881e+00
2.056225854383358254e+01
4.043476921234815613e+00
9.165757906215923345e-01
3.944002143458622545e+00
1.230256276150627492e+00
2.248919204534537641e+00
2.801249256395003773e+00
7.837811954256094005e+00
2.775153852387512554e+00
1.184438985354042240e+00
2.082630411804937243e+00
4.702010109321733466e+00
4.944066579959204510e+00
2.765674205553963816e+00
9.723020642801154523e-01
1.741076533529363868e+00
9.945856873822978006e-01
6.208616914245129514e+00
3.457442164993452138e+00
3.750345413965351149e+00
1.587547478960303904e+00
6.705011786425389975e-01
7.217497788965238081e-01
3.371744614921386995e-01
5.015216740479214508e+00
3.305651531239590657e+00
8.301759057303911504e+00
1.211669861868947429e+00
1.065066456803077877e+01
1.223392101055164050e+00
2.898375736668104885e+00
1.322890957521377864e+00
1.255227643482129229e+00
1.147340006748397201e+00
1.083897052430223695e+01
1.958562641631595547e+00
1.581613591415306219e+00
1.407970072744245016e+00
1.100895392006988383e+00
6.696768567936256744e+00
2.028061942749881830e+00
1.015059076748058953e+00
9.035584374505772232e+00
3.767501078727677033e+00
1.810493343774470798e+00
2.008357146708362073e+00
1.980877322314454902e+00
1.355425444878825214e+00
8.256428075052117066e+00
2.032886324141775169e+00
7.097918906951739437e+00
1.664304840370751659e+00
9.818852196216738548e+00
1.352463221919132375e+00
2.478754137827264259e+01
2.867275800147883302e+00
1.445700156977767437e+00
8.324484990202053680e+00
8.481567585519760311e-01
1.294170725271728495e+00
1.295260770975057518e+01
6.402937673680033193e+00
6.286926994906622213e+00
1.263089218724515073e+00
1.535946073281575863e+01
1.039101123595505349e+01
2.086813236422734974e+00
2.137619047619044466e+01
1.031005971520440712e+00
6.875338483688053781e-01
2.250363427697015339e+01
2.113936248385387628e+00
3.228571428571427315e+00
7.752954874754839354e-01
1.907517730496454123e+00
3.562018951882987228e+00
2.399797405483122592e+00
2.010676606229072849e+00
1.312927191679048278e+01
9.259385834729023657e-01
2.445579277020889286e+00
3.438517974657687049e+00
1.968962906888719555e+00
1.352443535078460490e+00
6.956843668611033316e+00
5.968775472859449316e+00
2.127963326415999390e+00
2.510849608314940085e+00
2.478673438085824188e+00
8.192638960236426904e-01
7.699316628701592391e-01
6.088924804818507397e-01
1.136100162300023309e+00
1.740821329223809499e+00
2.853719514686058556e+00
3.322854930204325541e+00
4.078673076007805598e+00
2.500484339683566315e+00
2.189470639282614428e+00
4.443736247059717925e+00
1.225563909774436189e+00
8.768115942028990029e-01
4.783175007345020546e+00
1.351125635439361261e+00
4.089110763785174463e+00
1.581253503016715634e+00
1.697602114181337774e+00
5.909856236238829608e-01
8.734177215189875554e-01
2.475201999910718431e+00
1.305092179457013613e+00
4.040845132827384667e+00
2.419313939564696980e+00
1.381001021450459776e+00
4.149067104092570624e+00
3.027699364855328312e+00
1.922226718161646586e+00
6.339485941003966119e-01
6.867223769730732563e+00
1.466740734046343642e+00
1.018348623853210899e+00
2.443528841492970560e+00
7.028057193573948869e-01
3.348695156795365779e+00
8.795870367132245793e-01
1.080898496875527970e+00
1.249822110097677630e+00
4.721858745076530361e-01
8.291606745244312071e-01
1.767320418722175823e+00
7.445607909101225053e-01
5.656903765690373120e+00
1.016673014260928820e+00
2.346943379201443580e+00
1.239709443099274111e+00
7.177031067862752467e-01
8.389272739860013095e-01
1.372976338729763546e+00
2.158571553102318408e+00
3.979991710313123932e+00
2.406866740278637007e+00
1.424173962157582851e+00
1.208955223880597174e+00
2.060078023407021064e+00
2.435312024353120997e+00
3.989906649702800401e+00
4.582668951642945743e+00
1.405814056897036313e+00
1.412638584286481924e+00
1.743469602905001858e+00
5.791361499410669911e-01
2.960694125026133605e+00
7.527201046900852461e-07
8.276143958116771726e-01
6.418841829730774773e-01
1.045041606229482944e+00
1.362610534299237175e+00
6.342995073599531075e+00
6.915676777612645765e+00
5.507531106745251481e-01
5.665948642683550140e+00
1.176881010748632495e+00
1.531765997347115826e+00
2.802729818012133389e+00
3.810449574726611832e+00
1.320252449030591135e+00
2.164897238683646918e+00
3.597764034253090881e-01
5.755243497549181741e-01
3.722155137312626483e+00
5.500116162709390188e+00
2.447353546518761913e+00
1.223581460257133768e+00
1.146746490817269093e+00
5.188294991694538671e-01
2.103076101618002625e+00
2.895686083353643969e+00
1.229936918652182243e+00
2.657833662406043018e+00
1.337706903512312806e+00
1.587573193188636989e+00
6.493214702974747787e-01
7.568563241915674533e-01
1.918277029687376123e+00
2.219126792740195864e+00
1.231080534196681286e+00
4.850472193074499838e-01
9.236516221471702259e-01
8.242220353238016273e+00
1.371393530219038981e+00
2.973437455467837776e+00
2.018711010839882913e+00
2.959057568348521627e+00
1.573269636707032237e+00
1.779924083960530146e+00
2.716653848441060948e+00
1.379612509044134683e+00
3.203760501400186200e+00
2.732215759239857267e+00
3.487011315937407208e+00
2.305836998004610283e+00
2.937489986127122421e+00
1.210943124550036387e+00
1.090739053965234850e+00
8.242574257425742124e-01
7.832191824018366333e+00
2.034181018206893121e+00
3.754267666006568138e+00
4.207868714496107110e+00
3.122226365840013784e+00
2.177137269717104751e+00
2.377650961652383987e+00
2.590634414054343804e+00
2.368826432369706581e+00
2.426005719239677560e+00
1.739643581850558895e+00
1.757465041987872789e+00
1.158058771148708477e+00
3.675952323754359874e+00
4.949818113981904411e+00
1.652147932162787436e+00
2.792268764099750111e+00
4.160971477639304084e+00
2.910542517791661066e+00
1.171921268071764555e+00
3.851677073243967797e+00
3.221289419868689219e+00
1.839823975675673573e+00
2.640581737635160575e+00
2.786511573258136920e+00
2.947379281881964186e+00
1.563209825021611543e+00
2.217771475835992323e+00
3.611280551493627922e+00
1.738022395647319973e+00
2.262025397230553736e+00
2.790353024449229391e+00
3.962596342753514023e+00
2.554852968260787893e+00
3.311334539848514780e+00
4.640626599774751782e+00
3.353754202465445644e+00
5.742560328968726147e+00
4.062659498346886444e+00
2.544176299601161872e+00
5.585642441573809513e+00
2.956604085720611064e+00
2.221875494214963442e+00
1.332368784222944580e+00
3.824895954208689997e+00
1.619331867211225795e+00
5.715272480871040450e+00
9.062373043374361004e+00
2.139167173432484859e+00
5.091508004479872618e+00
5.048494133118225591e+00
6.619465036591270390e+00
2.788781131903656618e+00
1.521010769339057767e+00
4.779904306220096544e+00
8.188854125008820262e+00
4.186915887850465978e+00
6.936560372683758580e+00
3.066917591508548480e+00
3.268431952271675822e+00
1.004754735917702035e+01
5.887104948407630545e+00
4.099144773316590218e+00
1.252348784843543728e+00
3.109830926886694158e+00
3.244767991877985036e+00
3.160596935299257115e+00
1.045160674028504921e+01
6.250612786885962890e+00
6.059420587630984123e+00
5.768589947933270068e+00
1.056383887954564393e+01
1.812708215542052193e+00
2.784998919132838147e+00
4.377079814568583416e+00
5.717027109351203507e+00
1.427858787413660568e+00
1.256262299271313720e+00
2.107750782984539661e+00
1.194656874866795615e+00
2.539688759516346206e+00
5.567801202878342792e+00
1.998064159292035846e+00
9.257729894611816945e+00
9.609815375799377613e-01
5.492399616497853465e+00
2.577098514242454730e+00
4.774022761839106899e+00
3.233748520541706473e+00
2.561845366594707851e+00
1.881985775864970289e+00
8.466982325514150531e+00
1.062643678160918981e+00
2.398683849739511764e+00
3.120830049908065895e+00
1.822487346348517834e+00
3.111809626341602186e+00
5.613662239089181050e+00
2.939053099659953983e+00
1.319691503918398290e+00
3.722658617778349388e+00
2.919512470839713103e+00
3.087063101579427649e+00
3.168291837845864212e+00
1.396813025028145638e+00
1.744401665749980346e+00
3.223072498562034038e+00
3.457244806903711165e+00
3.464419475655430958e+00
2.245992113127918799e+00
1.167448245511103488e+00
4.338860377084184927e-01
2.181960328806289873e+00
1.600367931319486736e+00
2.413564262568803631e+00
1.324464153732446858e+00
3.496766667699354736e-01
3.293034561231813484e+00
6.764471383261616566e-01
3.061636268890047252e-01
8.816693739847558664e-01
1.103616484440706591e+00
1.139377174979923524e+00
1.097505668934240841e+00
1.063988134708568234e+00
6.184321421571743471e-01
9.552493394427907791e-01
7.657513741811519115e-01
3.201379999765444850e+00
1.347740843062116056e+00
2.314845538386977264e+00
2.392844737756166573e+00
1.777272698183556043e+00
4.715125947450416355e+00
1.166898148148148406e+00
1.909941089341402387e+00
4.818698907667055664e+00
8.197968968250968658e+00
6.033494302365460804e+00
5.522526453583503248e+00
3.348605577689243162e+00
9.010619511841119200e-01
4.737361012214492462e+00
4.308709677419354733e+00
1.127229172211871022e+00
2.718606107900807700e+00
1.536520438762008833e+00
1.339357499832888321e+00
1.842114798152117761e+00
3.854397664049243666e+00
1.273007453130235112e+00
3.004169976171563228e+00
1.905955799898208625e+00
1.049161928454180437e+00
2.166653222170032755e+00
1.316955312948232093e+00
7.492118109067486209e+00
1.188976913399748536e+00
9.936729396495781685e+00
8.962715238379204141e-01
2.001322422523665434e+00
2.379352675194074340e+00
2.917905371177143881e+00
3.012640116931374568e+00
2.086954760844032641e+00
2.366470092670598824e+00
2.174249622022653039e+00
5.827106891308183378e+00
1.056435879133952316e+00
6.394504004133298558e+00
6.129299566419143197e+00
1.312737740310476076e+00
1.108576642335766138e+01
1.221638741181811261e+00
7.582245430809398945e-01
7.602378699824303698e-01
7.662551440329221641e-01
9.916345501676570029e-01
2.577592491441766942e+00
5.836581500690005697e-01
2.209834011901033790e+00
7.184101071560001550e+00
1.168125061449218238e+00
9.202426421028983006e-01
8.167242750907567350e-01
1.607177660259921703e+00
1.088478055631473485e+00
9.848258174823681932e-01
1.169439374950139499e+00
9.982195845697325876e-01
9.111570247933883371e-01
8.294855480821667904e-01
5.158904541471788230e-01
1.142268567470011487e+00
1.905598576598799498e+00
1.785959472926586189e+00
1.545803664293142532e+00
2.493183017243772337e+00
1.104726662819082605e+00
1.864463176574977954e+00
8.778817853121755332e-01
2.115233678201925649e+00
2.377964277197420984e+00
8.748781913856945591e-01
9.616070387427987365e-01
6.168203776899430224e-01
6.164341033624175736e+00
1.450754304871234579e+00
1.399106497075142341e+00
4.968217585481697895e-01
1.129279697515390479e+00
1.242424242424242875e+00
1.022318378501480218e+00
5.039147093120104337e-01
2.293543251370953495e+00
8.431928957732912622e-01
5.910543130990415506e+00
7.602378699824300368e-01
8.661798420650422825e-01
6.388970372543268939e-01
5.873015873015873245e-01
4.479140093695063385e+00
2.928486303069339769e+00
9.360215198894618061e-01
1.506238859180035750e+00
8.586080952619200568e-01
1.078651685393258619e+00
8.835707918475457223e-01
6.839009287925692515e-01
1.279733399160701390e+00
2.910074488691139827e+00
1.615912246502053007e+00
3.398569165880656495e+00
1.414830001708525575e+00
7.741827964226914993e-01
1.977172532958171747e+00
2.897381215243225228e+00
1.284585004051900681e+00
9.989195029713666685e-01
5.216580428869629138e+00
3.181577970243595566e+00
2.839947136147791262e+00
2.317851154562137861e+00
1.034164367050464506e+01
2.621641087198835152e+00
5.805384250474383556e+00
1.022066860166179936e+01
1.498487020226149768e+00
7.827499540243977316e-01
1.939096045197740370e+00
2.437644461620121827e+00
1.832120216013148672e+00
1.834538900073551471e+00
7.514639583565231540e+00
2.094158953080114571e+00
1.349461344332582913e+00
4.409367947009010358e+00
2.113549778363482901e+00
1.224945119325072884e+00
6.398524646467664834e-01
9.745454076218372785e-01
1.444271137502130431e+00
9.483128883678170196e-01
1.712704932836633942e+00
1.791697379357934938e+00
1.173868278587797187e+00
2.388872089169527868e+00
2.231423431281688963e+00
2.225019428054272996e+00
2.163365581011389427e+00
9.554523530121343811e-01
3.396131625219794614e+00
4.121637419824824455e+00
1.087876242748598621e+00
2.110650268951179243e+00
2.024670880495763825e+00
3.063203214695751520e+00
2.339424244511655537e+00
5.305525870303293701e+00
3.203629393676139969e+00
2.056234379745896401e+00
2.779335951657162962e+00
2.043817400531303008e+00
3.055069611604533275e+00
3.053885398781170935e+00
4.776432298388076703e+00
1.850657159131663843e+00
3.011835053443788546e+00
1.900025713094206203e+00
4.796615033259064909e+00
1.755330218431487177e+00
1.597753294448045258e+00
2.805166519628313981e+00
4.485733244857332824e-01
2.654930865461993861e+00
4.597950782408581460e+00
2.292957058212692800e+00
2.594674178543819210e+00
2.123735935051986878e+00
2.283236070029579512e+00
2.781815832757692952e+00
2.127567830017456529e+00
1.297856794934242775e+00
4.278604793294627506e-01
1.890510032132128204e+00
1.945311300966900525e+00
3.538577267043119257e+00
1.874930386670740523e+00
2.152908657859433195e+00
2.569397298644573890e+00
5.773486278495716384e-01
4.727884153455494398e-01
4.117363752970485180e+00
2.322703614104537184e+00
1.341316199376947349e+00
1.187228033734351484e+00
2.191583296337189513e+00
1.082400497512437942e+00
1.939609188624119129e+00
1.602197802197802279e+00
2.160565189466923552e+00
3.281789111071462095e+00
3.276479038788036924e+00
1.953362553771369026e+00
5.530108272441199624e+00
3.343469723504751467e+00
2.343673442559387254e+00
6.781458004726638178e-01
9.775568891951174066e-01
1.371745669536354573e+00
1.361473745285755710e+00
3.243735076810501550e+00
5.689167653793770763e-01
1.299621597640856940e+00
9.717759406640864572e-01
9.486207017020782395e-01
6.573899545404144895e-01
2.953931107020772551e+00
2.996023788163803214e+00
1.760750692883076285e+00
1.860743272105938040e+00
7.438720220177174047e-01
1.538808531076032216e+00
2.169171091103878624e+00
2.927080338936265402e+00
2.078536126824683805e+00
1.180229074889867835e+00
2.197835453426343566e+00
7.349282296650717639e-01
7.791662767512000931e-01
7.420045178932348495e-01
1.269572235673930738e+00
5.558535800674428096e+00
1.970534140167605308e+00
2.391685395208386300e+00
3.885850671924453881e+00
2.714869227221820669e+00
3.459968147188164700e+00
6.945930934232608100e-01
1.117866926765018531e+00
1.777929003944225261e+00
4.678334846497864241e+00
1.051645648742478656e+01
1.005033467202141706e+00
4.819592333434743914e+00
4.459546138940089222e-01
1.682371737867574435e+00
3.418658155075617433e+00
3.311163133208086862e+00
1.648126061555773791e+00
4.064236762159118221e+00
1.251786851602858963e+00
5.109202531864682761e+00
3.053116156569578354e+00
8.144202598692377393e+00
8.844861326675216517e+00
8.161489147183589310e+00
9.023136246786633841e-01
2.079913031903092957e+00
4.446397632158333835e+00
4.318436057561770625e+00
8.248658522662407622e-01
5.645680148919940855e+00
1.904216048183407839e+00
5.644102148358331128e+00
2.365141779354879681e+00
3.047583630134261590e+00
4.833400807363620544e+00
5.610197790906752857e+00
1.100160685420876971e+00
1.101708902107760846e+00
3.091510132470530081e+00
1.881344242710949244e+00
2.104520795660036026e+00
1.956193075933751579e+00
4.964416867164748837e+00
1.544431081658810001e+01
1.502000640204865123e+00
3.525448752816847886e+00
5.188764134416307350e+00
4.442278923098553989e+00
3.593557785691162465e+00
3.905768759887374042e+00
4.394689836819957840e+00
1.033786475613421185e+00
3.428860198888741717e+00
3.625496406783655257e+00
3.170077133932555746e+00
9.318274043013663466e-01
2.879343731538718920e+00
1.169050417833251032e+01
2.218229026271145266e+00
7.901502284264755538e+00
1.398155526715309183e+00
1.033658656088238370e+00
5.210174355826572068e+00
1.299388981815170485e+00
1.069130803415367703e+00
1.596910277869792161e+01
2.881039373321534924e+00
1.234101302890957763e+00
1.398027474462839370e+00
1.639210816777042057e+00
3.151936444885798938e+00
3.961801253230432529e+00
1.323875668280732665e+00
1.725006140997298942e+01
3.772997157914993238e+00
3.369089042940313750e+00
6.999366286438528650e-01
3.648241206030151673e+00
7.460791716103982729e+00
1.361660197073752876e+01
1.887067804220924927e+01
1.259721015589156679e+01
1.492776017924746457e+00
4.175532306411243733e-01
2.115147561247788577e+00
8.299074924952519083e+00
7.471413446267866298e+00
4.996715693274310865e+00
1.354207009835808329e+00
1.555411881037499500e+00
6.145454545454546169e-01
5.905625196454843406e-01
1.661984497451929554e+00
7.881418211569974908e-01
3.286466561348078574e+00
2.614016800539578966e+00
4.593386198751479910e+00
1.269572235673930738e+00
1.832859463850527559e+00
1.574038087835211819e+00
3.926053612854487174e+00
1.476584159840239385e+00
4.751343246282644373e+00
8.195927928304767462e+00
6.617781851512372082e-01
2.626234959050460560e+00
1.327572803922741462e+00
1.250618884828480937e+00
2.986644716659139664e+00
1.330708661417322913e+00
4.069714698346206028e+00
4.425586056720481665e+00
6.674150575365771942e+00
1.361526477188385087e+01
1.310366456210741770e+00
9.698400209808548667e-01
3.706617647058824794e+00
1.466640057476353620e+00
5.093250790077493484e+00
2.048130829338540959e+00
1.763009581063309739e+00
8.482563619227146967e-01
9.954296160877513788e-01
1.115820029027576377e+00
3.593045781805400463e+00
3.034676848329522336e+00
4.781172689477675597e+00
4.088286126465841441e+00
9.919040268725350940e-01
5.524859170363513705e+00
3.627023763849508420e+00
2.049080466461100425e+00
1.370640713706407388e+00
1.221882951653944005e+00
2.918402777777776347e+00
4.440964792841859854e+00
2.009781155442966760e+00
1.980844309847848317e+00
6.171524464513247210e+00
1.108619655792125736e+00
8.161957201107174598e+00
7.024900537740711215e+00
1.497905504140282673e+00
2.654465592972181653e+00
4.148101042395146543e+00
1.668899707887049555e+00
2.206286964271247708e+00
2.275991560827394622e+00
1.316762210268879851e+00
3.403705184592830779e+00
1.815262928036491363e+00
3.153258310210245607e+00
2.166276346604215419e+00
9.448034898940596005e-01
2.300128068853483310e+00
1.075035700376477221e+00
6.657008054250193041e-01
4.527897681854516354e-01
6.757675168380273822e-01
7.606621389439398584e-01
9.808125074025824119e-01
1.046427129592248706e+00
2.088626183097703315e+00
3.295246298751241643e+00
7.785644162560741988e-01
9.626201495194016688e-01
1.370133119807826816e+00
4.432029919972117149e+00
6.421105066725537602e-01
4.962080824352139707e+00
3.213047600636575574e+00
7.449581135587967085e-01
1.806583520752401695e+00
4.617801047120417834e+00
8.466870617998034643e-01
1.075609756097561265e+00
2.823895919790558651e+00
8.708750644478328695e+00
7.192224622030238823e-01
2.083622712341623551e+00
1.860824742268041287e+00
6.351636485429168477e-01
8.671302686060093023e+00
1.375847962301278704e+00
9.717290455469118626e+00
7.460217718186504809e-01
2.670041892881968248e+00
3.664899958869377805e+00
1.332974909342463876e+00
2.023501868443564167e+00
3.022766304108503110e+00
1.979740385940854885e+00
1.200312038096267075e+00
6.073691732501617091e-01
1.535936002666555611e+00
1.598550067965563981e+00
5.213478889739289190e-01
1.086987717378085883e+01
9.508876524942115882e-01
1.577546553310281707e+00
3.361692566049338637e+00
2.088133442116987926e+00
2.981544217791940010e+00
2.624811864124628080e+00
7.434958413307742653e+00
2.148727260589282650e+00
7.320824064222843930e-01
1.628118579395362753e+00
3.717999019127023796e+00
6.841109774513063790e+00
1.000965584640191475e+00
4.521975573184617403e+00
5.048649000343908178e+00
5.496507704932981575e+00
2.332681361117380447e+00
8.690928843020099270e-01
2.523560579300601070e+00
5.658155047214206146e-01
9.217566246716179634e+00
4.759533791377023704e+00
6.036466634797179154e+00
8.192451399794227207e-01
9.492920645373723598e-01
8.975741239892182088e-01
2.887801913579740365e+00
1.205485604048000647e+00
3.486736842105264245e+00
2.704266081330764848e+00
2.196695343199460915e+00
4.975003368045210372e+00
3.843672792500085311e+00
2.591679506933744825e+00
3.451445233265720614e+00
3.735232000639598482e+00
3.338011511472049886e+00
2.311928390737497452e+00
8.025441256199671969e+00
8.545582314021435977e-01
7.928930366116293538e-01
3.912292403759958237e+00
9.368671778264690886e+00
1.615743737617450826e+00
2.382748139157707445e+00
3.542782633761514255e+00
1.696696470871341011e+00
8.475454586702992898e-01
3.428921726785828294e+00
1.074013012629905450e+00
2.278127515110870860e+00
1.115811901769377279e+00
3.745536630412476864e+00
2.965472981645488115e+00
1.210507819363908499e+00
3.591033651211224420e+00
1.681207452525976365e+00
1.405925758389641178e+00
3.762462445294145308e+00
2.860146107209120103e+00
4.520617449220750927e+00
5.916467873763248120e-01
1.436242554987572584e+00
3.611634634618145601e+00
2.335458429359176691e+00
1.101014841321052984e+00
1.114886469353151721e+00
2.570285198962912965e+00
1.307325403368272410e+00
3.932121998421896691e+00
9.652821166353706683e-01
6.720210937733950285e-01
4.705254734595890609e-01
2.113492039606343020e+00
1.780227052894161277e+00
2.822354870610336075e+00
4.460503827004532518e+00
2.505419510236853053e+00
2.697389472428973090e+00
5.604392649668236359e+00
1.492968475589391053e+00
2.645093481150356585e+00
1.161512027491408139e+00
3.458930497765449807e+00
8.192024777390630730e-01
1.957544088830829532e+00
1.598176618387268544e+00
3.025821119727172270e+00
1.790292141616969479e+00
4.889916425181638715e+00
3.555900227905798516e+00
9.055723043926915850e+00
2.385171430444995799e+00
6.505841657959804181e+00
1.247918952425006722e+00
2.455314470690629580e+00
1.674553931909983140e+00
3.111906840668149155e+00
1.654008438818565185e+00
9.077705156136526288e-01
7.288226287356573962e+00
2.468143133837515268e+00
5.466894853820028821e+00
3.008974117704893425e-01
1.454795348283170364e+00
2.184597758364247966e+00
1.155933003066760945e+00
1.829514145554734128e+00
3.514209119667144776e+00
2.933004692773369726e+00
1.124681764581380783e+01
2.690741304144732560e+00
2.742194093855084613e+00
4.356635857866371531e+00
5.592655145778811843e+00
4.909532164022736289e+00
1.275922671353251214e+00
3.803292053262937955e+00
4.256419928619100901e+00
6.464724168818166916e+00
6.607430913658601135e+00
4.939269325782670528e+00
7.470825629069857143e+00
5.520226899537243881e-01
3.786167187693178171e+00
4.633137101061258534e+00
1.439724315827657142e+00
5.745759582662135045e+00
1.284907661892513486e+00
4.933781686497671792e+00
8.071813795870441677e-01
8.621813677553945565e-01
8.739306002327015266e-01
3.567901234567900204e+00
9.143932267168387584e-01
2.941698688220484748e+00
7.314884136594798081e-01
6.335099740101935994e-01
5.713625471281272183e+00
2.456038641027987968e+00
9.262071476387808699e-01
2.069244288224956652e+00
3.148756046993779645e+00
6.573899545404147116e-01
3.957919586315436611e+00
3.662231943536202294e+00
6.373675663135104585e+00
6.104123297868487619e+00
6.660954891527689492e-01
1.328346105502169916e+00
1.018905324278294389e+00
3.022239715431731533e+00
8.806535089413306538e-01
2.523148292934019210e+00
2.146962710953937314e+00
1.685509901421966328e+00
2.473388606579298266e+00
3.569375183338220570e+00
1.010160232999948171e+00
3.390558366881328833e+00
6.823605288616573228e-01
6.569067421614638302e-01
3.542353563723693366e+00
3.571065521693685074e+00
2.482641188156276435e+00
2.243808381627480752e+00
1.017469560614081114e+00
8.765603285333470884e-01
7.845666488892190094e-01
5.025894026289596805e-01
5.931823278762056173e-01
6.548416233220171190e-01
1.587020847643100030e+00
1.358865636564389190e+00
1.186417260070145474e+00
5.423407666520916326e-01
6.758045292014301930e-01
1.219105199516324678e+00
1.763492238247275079e+00
6.392772350978265239e-01
1.110058245675041189e+00
1.610627177700348689e+00
1.160908490055878817e+00
7.468132774554637754e-01
1.722727664093217648e+00
2.670277100821373484e+00
1.216398352676900219e+00
2.218153011236363437e+00
3.045073689191676980e+00
7.458629435250985651e+00
6.807036401297127393e-01
1.487878346208035829e+00
6.660662824207490562e-01
3.042396831831958082e+00
2.580951698483007650e+00
1.181626743879967911e+00
6.193605125950121248e+00
6.246845027763755276e+00
2.205349257748434155e+00
1.006148686416993288e+00
4.485612441705417730e-01
8.714125087842589323e+00
2.308943089430894435e+00
1.147359740226270963e+00
2.288281970843329738e+00
7.509100364014558160e-01
3.874397484299784367e+00
2.015078188051161234e+00
1.251046740152098602e+00
6.670035087719297984e+00
1.269698572184029484e+00
1.123055651572761215e+00
9.744711368414596953e-01
9.473684210526318594e-01
1.119920053297801310e+00
6.628860139324809886e+00
3.003624344654660661e+00
5.777269056558671512e-01
6.324732508476070159e+00
4.579158090619448451e+00
1.240526177029708244e+00
5.920905360029844466e-01
2.775625682390356452e+00
1.446501299068007729e+00
2.145067083353085824e+00
1.631431099466541079e+00
7.591009853185651579e+00
2.820612922115947718e+00
1.113278507672250006e+00
9.891610665510514044e-01
8.422166862588402747e-01
6.371014188391545652e+00
1.473734297644812452e+00
6.425115530577299339e+00
2.463361427863163033e+00
7.165282595746170768e-01
1.397494065393731111e+00
2.119186046511628785e+00
1.093286880557433172e+00
9.675316374792279905e-01
1.797473275024295214e+00
3.070685544520607380e+00
1.013181881923993943e+00
2.770637132291537963e+00
3.180142361744843438e+00
1.180718188914909872e+00
2.144704732630137833e+00
9.816936032219257813e-01
3.944202149183938744e+00
5.268571511301751720e+00
1.180160674193976300e+00
7.801838598208739484e+00
5.053077466144664243e+00
1.038884028194213371e+01
2.494717783723082505e+00
1.258295799246254232e+00
1.194969644405898146e+00
5.679066930934594026e+00
2.810609420739820230e+00
8.870563643755176031e+00
2.747039009018798161e+00
2.618581907090465677e+00
1.845238186824846860e+00
3.906607660613458766e+00
1.044163748339652864e+00
4.080310880829014053e+00
1.829153937277884889e+00
1.998967475477543498e+00
2.217903791016247350e+00
2.338029986322934128e+00
2.802603344586578782e+00
2.263515885994041632e+00
1.511011235955056486e+00
1.057977845863775412e+00
1.856498982262285269e+00
6.045163868904874782e-01
5.510684213924062824e+00
3.820388264088124153e+00
7.018229816519788500e+00
1.420655009930293255e+00
5.318490139429719932e+00
1.678072051324230873e+00
1.152227559581197491e+00
3.453424344104575994e+00
8.893711090121703577e+00
3.513453962446026146e+00
5.195035704476792304e+00
1.689270124860420275e+00
2.234869304019940106e+00
1.269960049476161812e+00
5.065991640775996396e-01
5.266494086774588190e+00
2.121758245694575162e+00
1.958052506579370355e+00
2.444641991272021642e+00
3.272352264396761967e+00
1.488612660167724533e+00
1.870178151550055956e+00
1.397661726861300968e+00
3.655951787977571588e+00
8.160465116279044651e+01
4.499273019958639708e+00
1.499384729721494836e+00
2.202014492008840474e+00
3.075940776196174564e+00
9.573498702777953895e-01
1.421698532681191951e+00
1.103715863303984301e+00
1.201650628175016999e+00
4.981019593276998059e+00
3.210884490978905159e+00
2.992479969717998678e+00
1.198599231765323347e+00
3.459848773893619889e+00
5.644067796610168664e+00
5.250659909196496500e+00
6.084654091086700411e+00
1.807463689460898415e+00
4.572235340083289579e+00
5.624123947399392698e+00
3.680066259542994267e+00
3.858718342589309902e+00
2.183503342627541866e+00
5.274711475213776701e+00
9.346048448975116330e+00
1.947037740827652241e+00
4.195011337868480794e+00
1.319979091914578850e+00
3.347181468089690526e+00
7.712927289122059049e-01
1.477069812107218771e+00
2.069213155703579776e+00
3.782224777720331499e+00
2.637713627344300704e+00
2.580645161290323397e+00
1.254237288135593209e+00
4.383883346124329172e+00
2.166795565867492002e+00
1.674110090641695026e+00
9.104315847560697783e-01
1.578976953344576106e+00
1.157849069138615405e+01
4.212374579211747516e+00
5.943040249161477995e+00
5.489494978538127512e+00
3.652610511653907821e+00
4.774072630221610325e+00
2.946457027515137828e+00
2.098695264672793215e+00
1.623225475788449890e+00
3.501617420866010910e+00
5.250032812705079266e+00
1.322615097721052457e+01
5.067050232352292127e+00
2.125702163868571137e+00
2.744244154917006906e+00
8.156833376747423259e+00
1.067474960463890454e+00
1.915833695494711719e+00
3.343239227340267128e+00
2.027826307127484462e+00
1.197149643705463173e+00
1.572400848453404221e+00
1.427384835634338156e+00
1.227433329621446134e+00
2.408436263746892347e+00
4.348750864969337826e+00
3.492580842968452615e+00
7.039308658960531595e+00
8.929239429797940275e+00
2.496615526854787603e+00
7.025309936357278850e+00
3.978117814952827125e+00
5.662751320245338782e+00
6.601511774396742638e+00
2.247567182221451354e+00
3.698572362313437889e+00
3.961619471097588718e+00
1.281808789636811996e+00
2.327888459829820178e+00
2.182408308990587020e+00
1.577162933684672419e+00
9.404444444444445272e-01
5.983480477290878952e-01
1.327163667523565405e+00
1.084898572501877823e+00
1.084603424687796691e+00
5.902057676716982115e+00
6.255297404101657577e+00
5.967572452671461747e+00
8.184728234159091897e+00
3.065037390484973479e+00
1.729280583252922110e+00
8.464803086554560707e+00
3.964257077473237523e+00
2.598231827111983527e+00
3.256015359252071750e+00
1.240317360893621546e+00
3.168291837845864212e+00
3.689274726829095741e+00
2.580968733056208109e+00
2.074558907228230886e+00
1.487856977014162974e+00
6.709158397298623511e-01
8.564778658477352202e-01
7.619047619047623066e-01
1.803594536304816920e+00
4.168468575017433508e+00
3.525465138131929965e+00
5.945298769494324453e+00
6.126848622564095237e+00
7.029508254241157772e+00
8.585629675810473316e+00
5.902761099424481905e+00
6.326334281412077765e+00
4.327408340709665069e+00
1.221459271457563212e+01
2.801198180019602191e+00
2.590776637526921888e+00
1.538896577019171596e+00
9.602649006622514527e-01
2.321411653244907836e+00
1.484336762492836304e+00
1.568134251683855007e+00
1.232964415107449474e+00
2.069245420863050189e+00
5.207521508700707624e-01
1.067474960463890454e+00
2.282180444475024217e+00
2.183484914104229624e+00
2.352458408401772338e+00
1.007424328954882542e+00
1.910871914620948298e+00
1.647507331378298856e+00
2.231097272472120085e+00
7.781294964028777628e-01
1.745305013963260432e+00
9.286339982164424356e+00
1.933411263453439277e+00
5.037572498232111506e+00
3.273398391994564172e+00
2.947763267574325496e+00
2.992156665577313746e+00
2.845733041575492006e+00
6.438392233791814689e+00
1.049562682215744225e+00
1.110664853166751787e+00
8.720400058832180612e-01
2.240891622513526915e+00
9.167932178460579395e-01
7.615893869262113647e-01
1.515024031937744153e+00
1.731277213113331603e+00
5.529227945172408010e-01
4.676019859984844373e+00
8.057744596525184377e+00
3.851486652275102784e+00
3.602795133179874210e+00
1.298421908944710701e+01
1.458240432016691290e+00
2.106516290726816454e+00
1.260318294120035709e+00
2.757560736198669371e+00
2.421472255131118967e+00
6.447490275977034724e-01
7.379280070237050904e-01
9.464375820933465633e+00
4.039388976057027847e+00
3.855906269126518904e+00
2.572023765500579540e+00
1.367295833724606391e+00
2.801736613603473813e+00
3.025866173541064796e+00
2.070447761194029290e+00
6.926560878283027911e+00
7.511567451584507005e+00
2.538307397143466648e+00
4.789590550446229500e+00
5.316801923654944417e+00
4.842379811081347185e+00
6.789663207414124990e+00
8.794867038257832004e-01
9.944756005691807177e-01
1.885730306173229121e+00
6.212936662655929032e-01
9.100173557029059834e-01
7.679196483180524835e-01
6.957476905072398354e-01
2.533576516544115975e+00
1.268143646047773077e+00
1.126681227727325263e+00
5.706705258080078114e-01
3.299860457788723611e-01
8.331495419179310247e+00
4.033210189605128448e+00
3.176288126830950187e+00
8.311091367550904607e-01
2.166660484286737187e+00
1.018260002949514798e+00
1.529141568146689778e+00
1.444058028097032986e+00
1.150503055086894433e+00
3.662935300023917762e+00
1.607533414337788180e+00
2.006637613141133425e+00
1.609044927105028444e+00
2.381987629139512119e+00
8.462372881355931797e-01
1.139326173311755896e+00
7.619059412552242172e+00
3.836292752082224311e+00
7.319277578328046152e-01
9.197007855649583785e-01
8.379396648044695084e+00
2.383546868011891640e+00
1.114184545746108812e+00
2.389395114385420182e+00
4.079734630428994535e+00
1.579022346005130695e+00
1.610600595716486616e+00
3.522457277174260160e+00
1.234190126478987848e+00
1.552057478772044252e+00
7.932937436266567222e-01
3.610464655655692745e+00
4.112838116160923541e+00
1.109399075500770326e+00
3.115259857276724276e+00
1.174076854250006852e+00
3.718436543442431130e+00
1.787976322612117697e+00
2.582750328619420888e+00
1.083515333521218871e+00
4.083169673441424230e+00
1.211139184884104436e+00
6.722975136058055412e+00
7.349774227162211293e-01
3.185006670157726205e-01
5.177512277551819864e+00
1.515568513119532890e+00
7.792152315860133571e-01
1.074231464737794717e+01
1.695545163672164568e+00
3.135565501314560244e+00
5.059491978609623075e+00
2.771718352267662500e+00
5.483995845529221036e+00
1.202913820164689396e+00
2.498972433093799239e+00
3.338858195211785951e+00
3.391503848347689143e+00
2.241893219783819280e+00
9.656429765664042986e-01
4.539035346316805386e-01
4.102958986069950242e+00
3.743494058774385902e+00
2.429564290940908755e+00
1.564093357271095996e+00
2.454098459286805145e+00
5.881670533642691101e-01
5.724496224157037405e-01
1.187237200098936851e+00
5.670543452567350373e-01
9.162422756851611449e-01
1.218988753814746140e+00
3.742542103063199121e+00
1.021651879037486443e+00
1.940464269458352042e+00
1.150276482706278136e+00
2.677604332589996528e+00
2.004123248842758720e+00
3.522881977170384538e-01
6.711474352080867289e-01
2.638241968231219703e-01
9.298271102716838543e-01
2.138790325869733611e+00
4.628670765845766866e+00
4.212590444711495907e-01
4.789286905927600202e+00
1.063842263757331486e+00
7.958691910499140487e-01
8.044311080683456128e-01
9.269771286855885695e-01
1.353013149519980862e+00
1.140264038284546144e+00
4.494364921879515862e+00
6.443636095852295353e-01
3.028178745775441882e+00
1.434862025005601227e+00
4.794087292339448414e-01
1.941836769544279306e+00
7.081493376154156527e-01
2.531671708576580748e+00
4.908972439691515532e+00
2.164104024297645257e+00
2.967787187613655231e+00
5.789364926298388170e+00
1.483422067192949667e+00
2.058668178736648091e+00
9.480995356097922100e-01
3.044430642811074783e+00
1.589252108454728418e+00
6.192707504037486821e-01
1.285290362651392293e+00
4.026409701726326062e+00
1.487136929460581181e+00
2.152043804915319214e+00
2.119087484303056323e-01
1.478153643732434075e+00
7.005877303044310001e-01
1.049954586739327400e+00
6.777423060569752744e-01
4.117002182876546179e+00
1.338738071194557788e+00
2.617642209398186814e+00
1.429440120986798846e+00
5.839152250956173296e-01
1.308154829011650033e+00
5.087615954298227994e-01
8.328127489885854828e-01
1.064909666845959224e+00
1.119515130745671661e+00
1.471960514388394259e+00
8.685204311400947230e-02
1.924834026239016227e-01
7.666547898002737949e-01
6.758076060790467743e-01
1.130157207036501132e+00
1.445802956880287260e+00
1.012795728109933568e+00
9.393203367923284031e-01
3.989348169004528627e-02
4.175646172265650713e-01
6.773051298746027848e-01
2.260469927365332143e+00
1.805926421209342048e-01
1.009819587398670171e+00
4.294376926940485784e-01
4.555672504730608197e-02
4.943191631196747204e-02
1.450541827892973257e-01
5.106840557743110853e-01
1.126483109327887533e+00
2.784370282831900023e-01
3.109311596647387876e+00
5.469343250452697591e-02
1.206601813989710781e+00
3.470719298228762684e-01
1.875883080599224151e+00
9.119305683318000844e-01
1.612491878788366417e+00
6.923784800911997328e-02
1.535399692768390834e+00
1.343165247083970559e+00
1.080454613429041588e+00
1.220704985709748502e+00
4.182300220080166775e-01
4.561368991991557320e-02
4.015882004472381084e+00
5.791340014414210202e+00
7.391121224166805614e-01
1.291407778984619892e+00
2.575981330674677494e+00
1.597751880929693113e-02
1.196036790966618746e+00
1.020631067961165206e+00
2.947843438571542851e+00
2.431945606402823590e-01
1.190228607430364294e+00
7.548474560378813647e-02
3.585439991821746664e-01
3.531238692332072659e-02
8.345836796013264003e-01
6.092907749520480865e-01
3.415383011439258709e+00
7.127438567073797193e-01
1.502981040200909377e-02
5.724609623362956201e-01
8.748218984202195125e-01
7.192757570902097441e-01
3.866417159076285803e-01
2.503968332488498705e-01
2.332272961236420417e-01
6.186085477968990276e-02
4.122019811386022359e-01
2.442637759710930112e+00
2.255410022779043455e+00
4.570962408069974559e-01
4.552251325703697560e-02
2.622606754118010364e-01
1.031942488697843441e+00
1.186996238581407681e+00
4.602487806858839015e-02
5.623121842714010055e-02
9.114297980391431464e-01
8.198961464881113215e-02
8.070402658029455223e-01
5.097877033360902477e-01
1.298169385283852284e+00
6.375396213484108010e-02
1.205944222502018659e-01
9.449194575978072663e-01
1.005653694443241708e+00
3.551097178659715081e-01
6.221134624663954282e-01
6.614325068870527957e-01
2.643356314428161880e-01
8.423236514522824958e-01
3.259593679458238302e+00
5.738752714861931281e+00
4.144762702405885513e+00
1.115125049622866182e+00
2.307508939213351429e+00
1.499583489864920072e+00
1.879643468572515408e+00
2.117303953337654754e+00
1.771180432258391946e+00
3.112149532710279942e+00
1.152204343490161653e+00
4.454824673662657553e+00
2.302439815915117372e+00
2.735015772870664108e+00
1.179152850487624304e+00
6.393898973496490168e-01
3.399806422374869186e+00
9.016920473773264888e+00
4.031899550352083139e+00
2.257823901410734635e+00
2.915892763273172594e+00
2.795748613678371353e+00
3.353690431536025862e+00
1.093949616441846517e+00
2.108486213133514031e+00
1.374130459377877811e+00
3.048851978505128901e+00
5.842588121680348578e+00
1.491527300919260002e+00
3.269687657661789260e+00
1.100436681222707103e+00
1.044597689840904398e+00
5.096010851428889321e-01
3.884838784113517463e+00
7.134721085253187489e+00
3.460070316423908832e+00
1.809787172387233189e+00
4.806768023540954005e+00
3.945042364597579621e-01
9.631746132821908946e-01
1.925790873331339581e+00
1.873686426217997081e+00
2.986663585312920866e+00
6.816901408450712907e+00
4.850885183018902147e+00
2.509197828709287315e+00
2.710435600125353339e+00
3.567901234567897095e+00
3.156327005435133337e+00
3.815864595917458413e+00
2.051344982629886182e+00
3.033667334669337023e+00
6.883167983636656606e-01
3.902443950717025434e+00
2.457174638487205964e+00
2.500469976306304076e+00
1.753721244925575462e+00
8.466862989161780817e-01
2.132489143967689849e+00
4.755353187300022988e+00
1.414176333512586536e+00
1.168219870478597100e+00
1.087291501191424281e+01
8.471611253196935643e-01
7.766239638281833280e+00
2.452692876878450612e+00
1.427783583147834490e+00
1.267818175759485300e+00
1.343646891740652993e+00
2.366696997270245184e+00
4.486923182253870657e+00
1.125531914893616703e+00
3.675992879719910622e+00
3.182028917980710414e+00
1.208267113858966679e+00
6.684350132625992424e-01
1.358186572749394472e+00
1.251786851602858963e+00
3.393826059748072055e+00
1.059162697417898924e+00
9.987480147829986832e-01
1.232053696913619767e+00
2.263426328889702965e+00
3.854110644318775591e+00
1.077594374906497787e+00
2.473577478229750604e+00
2.158310626702988344e+01
1.795929589468916232e+00
2.902802706061024196e+00
7.585332505203423725e-01
2.549867273416761115e+00
8.496465470364334749e+00
1.496297489779536694e+00
2.177324576642388987e+00
1.756445993031362462e+01
5.145776417877827136e+00
1.967793897367065670e+00
1.607892810899059777e+00
3.276916058604211202e+00
2.111114034738287071e+00
3.153294894494801603e+00
2.389395375975493785e+00
2.907445861762088857e+00
1.459651761218857535e+00
2.722659364712370245e+00
1.716485684555403513e+00
4.988053175358792224e+00
1.931600123800680580e+00
2.335100034752346509e+00
1.348079753074893361e+00
1.100705467372135082e+01
2.861701616254952008e+00
2.160084100075128521e+00
4.043334523696148430e+00
7.807650817359552686e-01
1.681112883870977903e+00
7.250793956003905194e+00
2.089296432144048143e+00
1.978374818864008233e+00
1.537540512096142065e+00
2.508082310717092867e+00
1.648762250293121845e+00
1.046743189047158351e+00
1.700700946878010988e+00
2.468543246432122196e+00
2.606415792720544022e+00
5.122876465238377364e-01
1.632159481886257701e+00
1.198353212123338674e+00
4.066820656657315070e+00
6.296575066094459716e-01
2.956847744839672387e+00
1.074332118121369861e+00
1.588175510122772138e+00
8.549171706547461724e+00
2.596731772278541239e+00
1.575743186072457114e+00
3.025074073008693354e+00
2.001543980789987298e+00
1.422542720801897254e+00
1.296572898514646521e+00
7.200779285036905897e+00
2.102247042367892504e+00
9.236516221471704480e-01
4.471435793731041386e+00
8.196721311475412275e-01
3.210925644916538424e+00
1.347014925373133831e+00
3.220221236430134137e+00
1.219999999999999751e+00
1.456471823131929355e+00
6.285746456087415446e-01
2.404653615450530246e+00
1.629044208692048468e+00
9.432109308283517235e-01
2.510202883283198183e+00
6.244065084022405898e+00
1.746832076264407174e+00
4.294127301853354339e+00
1.974941766421531408e+00
4.065774945581880573e+00
2.828691008803579710e+00
3.443943452100847846e+00
8.410251830684053687e+00
2.720799500312305330e+00
5.826115993909115609e+00
7.019382361123991387e-01
2.168878456582632008e+00
1.062782521346056885e+00
1.443312201998466993e+00
4.290212765957446273e+00
1.136085810882809577e+00
2.130059645998801265e+00
1.249969083118664503e+00
1.696618485902614992e+00
6.509225092250923161e+00
3.543278908521582338e+00
2.844445459446659719e+00
1.119075144508672359e+01
1.675893175531761425e+00
1.872043662825954025e+00
6.433053709554420685e+00
5.896323341577238697e-01
1.681818181818182101e+00
5.107027724048994521e+00
1.969820046245098988e+00
6.693448702101358894e-01
4.226589964844998271e+00
4.105647886352665310e+00
1.567106460418562275e+00
1.039877646707493719e+00
8.110372614038057204e-01
1.340504345348340287e+00
2.968115942028985987e+00
8.203062077064239288e-01
3.450311697836446090e+00
2.307680038283422164e+00
3.244393510747364928e+00
6.641778253883234839e+00
1.212313245338668910e+00
2.103163530835331141e+00
4.255486691218298922e+00
3.623124599218992881e+00
4.704496788008568409e+00
5.312463393969654391e+00
3.216682286785379485e+00
2.425510976532930130e+00
1.008076239702794474e+00
2.714859437751004023e+00
1.028177264980955741e+00
1.744694699565620288e+00
9.578765901069185018e-01
5.988888888888884487e+00
1.286925606108892728e+00
2.339350180505415544e+00
1.635934040134648049e+00
3.771542148953583418e+00
1.282183078255847652e+00
2.873571822903872253e+00
8.028521126760562510e+00
4.921997411267799438e-01
4.429301464480328576e+00
2.796658797086400750e+00
6.940725600408788942e+00
8.639225925357092439e-01
2.389498683947981039e+00
2.680493895671475446e+00
5.491349480968858998e-01
2.266150960531626790e+00
4.713709800242498638e+00
1.595464135021097185e+00
8.506947208118554871e-01
4.815611504066714232e+00
1.169035812672176489e+00
2.517136033346282886e+00
1.114507826452358685e+00
1.378916449086162288e+00
1.676137391061258697e+00
6.714351320321469530e+00
7.364356215621389312e-01
1.503822143231416941e+00
7.970081169920173458e-01
9.090909090909095269e+00
1.561562848084997457e+00
2.169020501138952728e+00
1.194833097521353249e+00
9.926180407268766492e-01
2.437324514148327292e+00
2.531376759723216185e+00
2.531319844149948040e+00
2.495276653171389469e+00
1.472295755362848402e+00
3.339704604691572154e+00
4.420325006063550610e+00
3.172675171011276607e+00
1.017096555445671680e+00
1.156119497811116226e+00
7.665655848764436620e-01
9.740459960517375837e-01
1.700945783934993516e+00
1.561634582911178626e+00
1.727791951372748214e+00
4.146109926815430669e+00
6.825010150223301819e-01
1.934254839370955104e+00
7.082904689863840808e+00
1.898635274507762594e+00
5.763922518159803943e+00
2.630799714323455607e+00
4.308766354508267504e+00
2.104344798143394701e+00
3.554519899393402405e+00
3.766828949056126863e+00
1.687207713331163594e+00
1.751877128617828294e+00
3.375226531351937620e+00
1.621160475084788777e+00
2.549593495934961318e+00
1.143555305317935478e+00
2.182670022365986284e+00
2.659505472233481438e+00
6.418153407707560376e+00
1.852975635048353720e+00
7.392598092637163720e-01
1.714244710231545454e+00
8.874146592812056644e-01
6.269491838410280460e-01
2.920529801324501573e+00
9.999101927646381061e-01
1.062643678160918981e+00
1.068803883820205858e+00
5.464981949458484145e+00
1.927998216674097653e+00
6.374628571428568868e+00
8.160359685275384578e-01
6.934284965017479152e+00
4.677974619686797730e+00
1.179756250230126646e+00
2.022133371412251801e+00
3.492522179974651308e+00
1.641255891244304266e+00
4.926136363636364202e-01
1.136419120120095094e+01
8.840169731258846753e-01
1.605694496219327139e+00
4.007210205213535659e+00
4.102094133975589862e+00
3.321405049396267017e+00
1.267546370861741822e+00
9.365763546798030470e-01
7.257740249296339430e-01
1.492434371149311101e+00
7.480494981187425507e-01
9.827662117114286389e-01
1.107672044781033538e+00
4.286887064566226258e+00
7.841742211731810297e-01
8.258564437194123586e-01
1.224286379288877180e+00
9.835799265063065455e-01
1.613108414934329105e+00
8.018273174485605059e-01
2.368081045367786519e+00
6.886489043039573765e+00
4.561653754253856441e+00
1.232175502737244299e+00
1.329945494587368771e+00
1.834413524013961183e+00
2.297583081570995223e+00
2.941095116411927002e+00
1.865080059497768561e+00
2.946666666666665879e+00
3.920885580699901229e+00
2.527102803738317860e+00
3.004631952754081681e+00
1.747733370626077809e+00
1.847723548238644042e+00
2.791034715200539029e+00
1.509094247774535491e+00
2.696228338430173288e+00
5.103301822167420454e+00
4.183926202784222781e+00
7.142035508877222938e+00
1.449531227739168093e+00
2.020549224733794169e+00
1.595201323779935842e+00
1.723208910295003005e+00
3.247062038808415707e+00
4.617801047120414282e+00
5.808950320627139785e-01
2.170236753100337701e+00
2.440358260244328559e+00
1.530927192067961684e+00
4.176037499274594111e+00
3.081418253447143485e+00
2.818864661857286347e+00
1.452670449428082211e+00
8.639225925357086888e-01
4.169117647058822484e+00
1.953608045225533996e+00
1.504526561992433287e+00
1.770658834037811546e+00
1.158058771148708477e+00
2.896690070210632850e+00
3.690394929302777349e+00
1.143641993806812751e+00
1.259698597163411149e+00
2.596491228070175961e+00
1.654475118691752789e+00
5.300924262577031421e+00
2.903332381249211114e+00
2.037822878228781942e+00
3.341514795350718714e+00
3.184493769320677181e+00
1.913736799454797355e+00
2.828268704732047389e+00
1.714724145314395987e+00
2.440107671601615014e+00
6.568181818181815679e+00
2.511415236547807073e+00
5.763983628922237479e+00
4.463474669322755162e+00
8.714856568052016250e-01
1.787684350165101188e+00
8.188309240071475203e-01
2.211599956919990007e+00
1.318306827693412009e+00
1.817071896402806308e+00
1.019231355866414468e+01
1.156915178093913532e+00
4.785649348462910346e+00
2.934920634920636040e+00
1.982453725039969861e+00
1.651465798045602451e+00
5.182527946639527094e+00
1.317288230166999252e+00
3.286466561348076798e+00
1.891582223988343747e+00
5.178133134994419962e+00
1.197318007662834694e+00
2.905623150279514011e+00
3.658996484499841273e+00
5.647957350942978128e-01
9.251269035532991847e-01
4.473391787481554083e+00
2.384617557469645988e+00
3.262924667651400767e+00
1.721601489757913717e+00
1.542451954120178659e+00
8.160259328543724155e-01
1.320961840041819491e+00
1.363781559063824700e+00
2.522433511321191091e+00
1.391436073520501138e+00
2.198224601041598891e+00
4.013038183783185886e+00
1.352658779729100758e+00
1.567917612689608164e+00
7.527204087475701339e-07
1.091073038773669879e+01
2.918402777777776347e+00
1.420047591512420659e+00
1.240461089910038339e+00
2.746856701920021848e+00
2.653936730940817501e+00
1.390535446102920902e+00
7.527204048455189977e-07
2.364740643466841430e+00
1.176470588235294601e+00
3.863942403839744522e+00
2.628541742338045939e+00
2.530564430244941043e+00
2.021853565161907618e+00
1.695364238410596247e+00
3.734363803869384046e+00
2.106516290726817342e+00
2.254389954838590171e+00
1.581820056165494925e+00
4.548685145700069654e+00
2.253431501446227170e+00
3.113283131126851178e+00
2.887589759326751437e+00
1.251058914131690347e+00
1.088892696053507025e+00
1.345643245454080539e+00
1.001386962552011095e+00
2.233966447337876193e+00
4.056992084432716972e+00
1.486629134412385644e+00
7.313762277894272357e-01
7.061068702290076438e+00
8.086369931122323607e-01
2.731416273864126332e+00
1.830737982396750230e+00
2.182267915872095010e+00
1.054891830804003616e+00
1.890659113707440886e+00
3.312832898025286799e+00
1.086443690418484653e+00
5.763983628922242808e+00
8.561684180860915649e-01
3.091863355096605481e+00
1.471379863502738639e+00
9.382661318877013601e-01
4.312820512820511709e+00
4.265467625899252369e+01
3.752443528195114730e+00
2.319337592906506096e+00
1.843443335679682660e+00
3.403550443805475556e+00
3.968834850589630037e+00
2.819176029962546348e+00
9.873617693522903638e-01
2.779728651237031833e+00
1.947022287175740107e+00
3.086674592024209129e+00
2.087826086956522786e+01
7.489128848783886960e-01
1.913197805743787727e+00
2.409962672158577845e+00
4.858050056032872099e-01
2.420679287828251702e+00
1.708434619089115758e+00
2.325471413530471487e+00
5.235439900867407736e+00
2.505570664093341282e+00
8.237250194863344754e-01
3.148212470529931473e+00
1.993775933609958306e+00
2.391420550695279701e+00
3.227158844162351770e+00
7.010392090462872483e-01
4.921395321430673597e+00
1.184326463602275004e+00
5.588919925512106923e-01
4.822384179121680603e+00
2.919425486328374397e+00
9.506853656877449765e-01
9.836901645755922186e-01
1.474942092225452139e+00
2.931615366189115335e+00
1.543586109142453200e+00
2.267526110971610276e+00
1.838544411065260675e+00
1.283950617283950768e+00
2.383268482490273232e+00
3.690394929302775129e+00
2.541427487317295508e+00
3.629822732012513153e+00
2.120294426919032915e+00
1.305560458958517245e+00
1.177532288798646798e+00
1.775247089528930067e+00
3.574796923298109608e+00
5.733566334816069698e+00
2.106516290726816454e+00
2.497180451423681280e+00
7.414325636122960361e-01
6.329386437029059786e-01
6.530946750387346178e+00
1.141602067183462577e+00
6.829332090059281768e+00
6.130804953560367920e+00
1.889226831564905229e+00
2.643430940658202388e+00
8.989671169839789089e-01
1.987292988822890516e+00
2.461941072329530300e+00
5.506794564348522769e+00
1.953795379537953680e+00
3.229660144181256687e+00
1.279807929625679686e+00
2.947602394641692047e+00
3.067152842673054547e+00
2.664707187222715490e+00
4.624176835115895723e-01
1.123206751054852681e+00
2.150465398624039182e+00
1.078611572641677174e+00
2.186309688103781124e+00
4.205474582296481745e-01
1.079253298983456233e+00
1.344156578798506585e+00
5.995927887471561135e+00
1.800205950908430941e+00
1.469221033252789743e+00
2.659505472233481438e+00
3.118813102638108958e+00
2.592690835142073880e+00
2.744567876778482685e+00
2.534770514603615510e+01
3.243605051032688813e+00
1.297856794934242330e+00
1.578952520802740844e+00
4.013144590495450359e+00
2.883506343713953424e+00
3.710738020286814098e+00
5.829201101928372708e+00
1.380665610142631339e+00
2.009990485252140413e+00
1.685586515307877287e+00
2.708543015178874303e+00
4.113312250764223243e+00
4.645282921860991010e+00
3.526856673890095717e+00
4.441571512004474087e+00
3.436989193895635619e+00
1.460324391765441021e+01
2.188408942912958288e+00
1.814236957581667475e+00
3.224968044311886661e+00
1.429299796057104466e+01
8.185834598923097394e-01
8.855895196506546441e+00
3.297341452547155161e+00
1.688348229063223904e+00
1.513663754343792078e+00
4.046091678242203393e+00
2.416673634018125405e+00
4.521058965102286109e+00
1.737865929245733909e+00
1.814191773303961197e+00
2.574021298935052826e+00
1.723391971869317585e+00
3.200459696056677572e+00
1.740883183479722929e+00
9.820994728397900886e+00
1.330708661417323579e+00
1.419941567462208676e+00
2.881720884978214325e+00
3.191018766756034353e+00
2.009149440867502356e+00
1.880752532561503987e+00
1.034780023781212588e+00
2.326777184602417670e+00
1.498377623526512714e+00
7.527204111162144440e-07
2.735015772870659667e+00
2.733019335646999615e+00
3.325539568345324604e+00
8.710608300075765031e-01
2.304013377926422468e+00
4.014043826552762262e+00
2.289235764917398441e+00
1.363738168726530420e+00
1.422138982357381787e+00
2.001204847218455818e+00
1.178237949707089838e+00
5.534042553191488523e+00
2.691704035874439072e+00
1.132395948615644965e+00
1.901960784313725172e+00
1.209818370686492672e+00
1.089373054690973897e+00
5.560702875399361922e+00
3.392757416235460788e+00
1.557922285900318116e+00
3.101387993652686248e+00
3.810279667422524774e+00
5.369468128298821696e+00
1.593341952165482134e+01
1.526934389142533544e+00
5.155624047917082287e+00
1.692928156068280288e+00
7.468571674711543817e-01
2.040370523908327183e+00
5.316801923654946194e+00
5.674629324546957676e+00
4.027256540199970480e+00
2.068025637293196883e+00
1.692263026682055749e+00
1.784977955073050904e+00
2.890902979520300065e+00
1.835839241896011664e+00
1.370370370370370239e+00
2.891955938253506275e+00
3.546011750803563789e+00
1.167744710613072945e+00
7.108423891972994735e-01
5.670629024269445040e+00
8.590050497038285160e-01
1.156784627832580847e+00
1.140158006169457217e+01
2.389180979086341416e+00
9.779760154233243519e-01
2.929352335159343124e+00
3.224881131950011692e+00
1.819953336445155889e+00
7.035718523792571233e-01
2.524514708825294385e+00
8.511112941175063007e-01
1.214110756123534784e+01
1.976914285714286512e+00
1.372397325644045818e+00
3.625295101004299081e+00
4.550093751583639268e+00
2.392472129217410259e+00
2.838834606458872312e+00
1.707788813382122406e+00
3.040229885057470938e+00
2.230202035098069580e+00
3.289658993769561501e+00
1.564686475161750856e+00
3.927570093457942946e+00
6.219762831784302337e-01
2.825032951610579435e+00
1.602350136239782064e+00
1.220605305294075738e+00
1.207647775124699008e+00
1.476460435674200156e+00
1.537645729913994730e+00
1.211288923828584441e+00
1.092016132189983502e+00
2.984924805218338140e+00
1.741821725209966587e+00
1.753721244925575462e+00
7.163757313712116881e-01
2.208366667137676487e+00
1.941422726821730116e+00
3.582770940849542285e+00
1.974469275258770917e+00
2.499129418049810258e+00
4.869030037310781434e-01
1.054734868019579608e+00
8.752117863720074720e-01
1.183260593399460880e+00
1.047052740434332607e+00
1.482150779221607317e+00
1.845260757693030884e+00
1.069812393405343842e+00
1.686116529556440646e+00
1.500904201578405761e+00
1.411641686998954315e+00
1.887683350305463748e+00
5.289999999999999147e+00
2.104119850187267105e+00
1.600456240246489248e+00
1.347773032336790688e+00
1.857012254083229230e+00
1.969505107059090765e+00
2.501075837019424597e+00
6.821036636839441947e+00
1.431145252013392044e+00
1.846963532018182308e+00
1.922500265162378597e+00
4.652501344809039097e+00
2.391656205734329799e+00
2.893764104988888697e+00
9.657451417796846238e-01
1.868651581184576527e+00
8.642560758743331739e-01
3.329825736954431292e+00
1.728463034926188691e+00
6.050221565731169981e+00
2.136038064062983466e+00
1.560716401850767987e+00
2.568311084382266962e+00
2.049593400448081582e+00
1.359060402684563851e+00
3.286691125538494518e+00
1.795923440218742062e+00
2.234653621587501249e+00
3.248762084414054563e+00
1.384317677306869054e+00
3.496098104793759376e+00
1.806440677966095976e+01
3.442019099590722053e+00
8.466950959488274364e+00
5.768046022273004558e-01
4.868089973312998531e+00
5.369757107201557744e+00
1.511690912890134131e+00
1.150659762819442378e+00
1.132372085859316257e+00
4.349397590361447463e+00
3.810279667422522998e+00
4.237867975530981823e+00
8.708035787572847575e-01
5.755044733733835294e+00
2.690961558261390163e+00
9.380163865115901389e-01
4.371289800323797436e+00
1.135052179251074156e+00
6.741236459898806821e+00
6.402937673680030528e+00
1.534323382330655905e+00
2.840112201963533867e+00
7.032509752925878432e-01
3.268049869104947991e+00
1.563445378151263121e+01
6.356189451022603798e+00
9.503294475418149201e-01
2.185550329256819246e+00
1.934628571428571364e+00
2.359685631115715942e+00
2.761849121571416266e+00
1.454543535558566969e+00
1.334059737053959083e+00
7.974857116975423432e-01
1.698823529411765287e+00
4.652501344809039097e+00
3.810279667422524774e+00
1.528511204792545763e+00
1.680365271632567215e+00
1.020702975216845942e+00
2.865635417691167142e+00
2.879687076968772796e+00
6.916858722614590782e+00
1.578928087654487111e+00
2.104119850187265772e+00
3.169014084507043361e+00
1.021503049332462831e+00
9.284124257318923101e-01
6.652572235868736694e-01
5.187775061124697551e+00
3.009301433468820619e+00
4.275839436228856982e+00
5.447141614612163174e-01
1.790600363609177181e+00
6.841716968477532745e+00
1.929423063409149819e+00
5.721592279855246765e+00
3.540661492391211862e+00
1.268257067274495498e+00
1.161656267725468483e+00
1.445680628272250745e+00
6.050221565731169981e+00
5.086673947207202673e+00
8.489124044679601244e-01
4.335672347128741499e+00
1.296635086573015183e+00
1.609817034300914163e+00
6.477732793522267274e-01
3.785111140672607899e+00
9.737792139479614084e-01
2.049498932035017873e+00
2.990939715986837388e+00
1.726660761736049876e+00
1.121933337114665807e+00
1.769606921196162252e+00
4.060730186999105484e+00
1.427224272242722636e+00
1.218050065876152388e+00
8.646655231560890442e+00
3.990584628859206617e+00
1.890659113707440442e+00
2.706229887297246339e+00
3.433876705194508716e+00
8.143064351855900940e-01
2.101280558789289987e+00
4.271813512880885177e+00
4.164691705161677859e+00
1.188054607508531291e+01
2.393333789610568196e+00
3.468513753713560632e+00
1.993612491128460285e+00
8.980582524271843781e+00
4.872080053538992317e+00
1.247117713454604537e+00
2.805358286760922137e+00
1.966743839327374843e+00
1.878906996278622898e+00
1.468455402465554505e+00
2.286280729579699411e+00
1.498244024017219456e+00
2.538671490126577446e+00
1.165840750087256295e+00
2.438508175412317680e+00
1.535400628862625627e+00
2.241952146671969182e+00
1.079361092102869568e+00
1.360960046407076796e+00
1.781673115030903531e+00
7.885110816232177022e-01
3.356513651036820978e+00
1.248480756245779588e+00
1.142821585626578873e+00
1.375371843652714698e+00
1.995170682941784568e+00
8.874146592812061085e-01
1.974734667042359337e+00
1.500709219858156374e+01
1.923330156804990310e+00
2.920529801324502017e+00
6.131519274376420192e+00
1.208955223880596730e+00
1.670103092783505216e+00
1.487166951845513951e+00
2.711352164134865017e+00
5.656903765690376673e+00
1.481881264456437863e+00
1.750262000084519709e+00
1.578566732412886475e+00
1.829938271604936872e+01
9.891610665510514044e-01
5.563933626159101919e+00
9.588951002959548164e-01
2.604334268787027540e+01
1.324479346536733937e+00
5.208904109589042264e+00
1.676822421188363776e+00
1.338667959909473293e+00
1.936399035787132794e+00
1.644825018615041712e+00
2.643754130865829222e+00
5.745699572696395308e+00
1.971173214529395201e+00
1.211893722419208341e+00
1.705215519135287572e+00
2.216990810942648604e+00
1.233333333333333748e+01
2.251337583304448664e+00
3.626225165562913411e+00
1.136266002233868644e+00
1.051878354203935384e+00
2.046837729530065264e+00
2.077875603430750839e+00
2.230794708708564222e+00
3.524729918424341690e+00
3.750364739307377793e+00
6.840985101854673900e+00
4.242796452335382718e+00
1.079897776009336452e+00
1.428377205669655758e+01
2.210045662100458053e+00
1.700150246834084333e+00
1.026780952252535961e+00
2.737818398139634901e+00
2.776757848356893987e+00
4.077628532267733696e+00
2.595432749385607085e+00
2.477638431537402541e-01
1.059602092900447490e+00
2.292268359988465232e+00
1.033239237826394152e+01
2.873316087831124577e+00
2.974276527331189079e+00
7.734060627738533755e-01
1.919242938253672204e+00
2.275791607563220520e+00
3.464438954622285571e+00
1.283616665031418469e+00
1.215790322328985207e+00
1.771015972586910792e+00
5.884873926815944456e-01
1.339868918347821625e+00
2.178460792664369094e+00
2.935207823960880091e+00
1.057675016852004157e+00
1.927752293577981835e+00
1.727733032738372865e+00
1.766355140186915085e+00
1.729534580252283238e+00
4.371047364909937727e+00
3.003763820277580709e+00
2.349566289463255409e+00
2.467892629393444448e+00
1.477323584833243775e+00
1.623516153268216655e+01
5.702725906846962012e+00
4.417177914110418868e+01
2.272957983643565161e+00
1.531214953271028634e+00
1.390285367334546995e+00
7.035768645357683981e-01
3.309994905518625519e+00
3.880910536795464161e+00
2.404334362678238968e+00
1.054891830804004060e+00
2.890139945669701227e+00
1.430748391466306391e+00
9.657302933262332800e-01
1.325142778258030729e+00
2.686291257924566800e+00
1.276236429433051489e+00
1.158783842643543949e+00
2.407681870972023130e+00
3.928790669122159684e+00
3.162356385574235595e+00
2.074328391293117413e+00
6.617647058823529882e+00
9.993356217473150505e-01
1.197218821059996552e+00
1.603343844118104489e+00
2.797261363656374566e+00
3.992383445003886866e+00
1.594727755224929044e+00
1.966920529026968234e+00
1.928739956222429663e+00
2.341137123745819615e+00
5.785672293608803418e-01
4.868089973312998531e+00
3.610359935433829826e+00
1.817069879963170154e+00
6.476683937823835002e+00
4.155161494616844031e+00
5.402756508422666748e+00
2.208338637633771473e+00
3.825041300353612783e+00
2.083333333333333481e+00
8.402423066276575314e-01
8.925316283498844205e-01
1.162001652448424016e+00
3.509205146890634897e+00
5.614858063217229578e+00
1.825993224514936619e+00
1.856140350877191647e+00
4.990219540110292229e+00
8.268101761252443893e+00
1.347660057612964035e+00
1.148766905330150578e+00
2.409955655767997307e+00
1.325569176882661004e+01
7.453292699085733997e-01
1.419413352424907293e+00
1.263607737291948085e+00
3.089451134784620745e+00
1.862154261299753255e+00
1.676629749637256417e+00
4.778710760883607023e+00
1.821656640444238917e+00
3.048851978505127125e+00
5.113043478260867580e+00
4.476764199655757004e+00
1.515507271771508346e+00
2.341969645184104998e+00
2.984726344732800296e+00
9.475295870230903139e-01
1.072178215220771058e+00
1.245340268747290535e+00
3.745427157305788235e+00
2.315430638653123374e+00
6.381141260189955311e+00
1.702702528172761243e+00
4.054223149113661329e+00
8.037484887222964502e+00
1.993241835551353036e+00
9.661835748792267919e-01
5.572695511959150139e+00
4.721008403361349970e+00
1.428104380907091908e+00
2.103244495284666282e+00
8.004253509145043965e-01
3.012180490353216555e+00
1.647198393867494115e+00
1.333741579914268671e+00
7.090032154340828896e+00
2.321823204419890097e+00
2.085370048093376560e+00
2.194383708019207457e+00
2.462036623492630305e+00
7.014809041309432169e-01
1.497702407002187819e+00
1.293489558726258926e+00
1.663394683026585330e+00
3.613531703861141420e+00
1.117996489806940108e+00
1.851426273240897480e+00
1.168890579600748270e+00
1.417736289381564152e+00
5.073074761101736385e+00
3.792715299385348793e+00
1.231305611183644677e+00
3.901651306799335028e+00
1.995324458693270353e+00
1.927752293577981169e+00
1.035454484182132484e+00
4.491036565123262214e+00
1.826473493579189977e+00
9.305755889017682803e-01
2.016786570743405171e+00
7.792152315860133571e-01
1.867717055016728356e+00
3.334155363748458889e+00
1.409256695411025051e+00
1.594095940959409985e+00
5.250659909196497388e+00
4.662154208357850216e+00
1.877777777777777102e+00
3.149639010278470153e+00
7.823875501470873850e-01
2.153670912609483956e+00
5.020768674130316356e+00
3.119730348675933573e+00
3.340115055423039436e+00
1.492361434559852462e+01
1.961499493414388562e+00
1.031349918115885389e+00
8.408937789116258665e-01
6.782077393075356397e-01
9.118541033434651721e-01
1.303629389200354094e+00
1.888625421296553197e+00
1.334951456310679685e+00
2.021043771043771642e+00
1.669565217391307499e+01
1.596967325129871496e+00
4.132524183067094903e+00
1.323408018867924030e+00
3.100508854845489992e+00
2.642871445564511923e+00
3.717788917081088940e+00
3.028925534437851841e+00
4.175803402646503848e+00
7.693750732886562638e+00
5.162068777565699484e+00
1.268565857915604500e+00
1.561923136388504663e+00
4.617404425739520590e+00
1.397465034965035535e+01
1.619987143351629522e+00
1.047119623043015757e+00
4.546340188869395504e+00
2.236842105263162139e+01
1.325672732396022679e+00
3.775488069414317582e+00
1.987577639751551661e+00
8.470812583356349679e-01
3.559352776898050852e+00
8.948258826041195491e-01
2.050742156136232897e+00
2.234430238721553330e+00
3.601282051282053587e+00
1.970117918122661793e+00
5.888340022946675134e+00
3.047022900092597908e+00
1.025738285382387982e+00
2.452098632212725171e+00
1.504603107900890580e+00
2.678716743165852954e+00
4.617474916387959150e-01
2.005314507813119818e+00
1.283402340451829771e+00
1.291303375810417986e+00
2.319757663380062951e+00
6.709877780004004144e+00
2.073736181174197224e+00
1.163999161844947228e+00
2.439174786845311527e+00
1.024697336561743333e+00
3.269438433860532456e+00
4.927970380343317025e+00
2.113230085672219261e+00
3.365098171970210217e+00
2.226660156249999467e+00
1.753938956964195883e+00
1.898279288017692412e+00
1.810639391655444186e+00
8.828257193551091175e-01
2.742595373332462838e+00
1.287903929803760006e+00
7.893654956335088180e+00
1.809264162610290105e+00
4.908471275559881164e+00
1.866317333892265840e+00
8.689903962905795032e-01
1.309384822631342704e+00
2.055713349355472452e+00
4.499880124670342596e+00
2.422012752980315931e+00
3.191875923190545361e+00
1.410245655329472436e+00
1.607148235711107986e+00
1.572192513368983802e+00
2.081249999999999822e+00
3.215398308856253884e+00
9.218250067749396148e-01
4.305389574368517991e+00
3.629784198323523725e+00
3.485253300236940355e+00
5.698777683650005699e+00
7.838056680161942680e+00
4.112437616205107282e+00
9.396858439689750320e-01
2.934920634920634708e+00
1.030510858086077119e+00
4.317145688800791525e+00
2.457240487847470511e+00
3.575683564663131531e+00
6.712742294248491781e+00
1.563306782710960574e+00
1.451612903225805518e+01
1.049782456044676415e+01
6.440748898678414491e+00
4.747687400318979734e+00
5.173852248893034300e+00
8.026864035087717397e+00
4.001988811230413390e+00
1.932174441642466656e+00
5.168773488213187051e+00
2.984985736449625726e+00
2.910880829015545679e+00
1.982288205347071397e+00
2.842260926717055991e+00
1.984093794339481631e+00
2.051006823098685317e+00
1.164665127020785462e+01
1.343674444763847120e+00
1.071675648204915010e+00
7.679373621149614415e-01
7.472585779978777598e-01
1.496005680809515237e+00
3.542832012000702857e+00
2.510614147857238354e+00
2.083963227783453220e+00
1.727383811213679898e+00
5.302839116719242796e+00
1.124590011007421619e+00
1.621900963871498513e+00
6.091414554374484425e+00
1.134965871507986668e+00
4.296497378407618584e+00
5.903790087463558045e+00
2.840897359242099185e+00
3.047500129656226964e+00
1.727348801234618092e+00
2.373449746893756984e+00
3.902826855123675998e+00
7.314789588878236604e-01
2.124407315421087628e+00
4.662154208357853769e+00
1.627771894093686456e+01
1.746724890829694621e+00
1.473654390934842962e+00
1.175087384810930669e+00
8.376448976982650008e-01
1.949733661901061454e+00
6.197756324408602024e-01
2.776976052056214339e+00
6.449865604654722695e+00
1.448866636185885293e+00
1.724817769175113202e+00
9.615968866912334434e-01
1.211911357340719952e+01
4.862081051082283167e+00
2.187128712871285519e+00
2.839204501018790516e+00
1.384529653594325449e+00
6.184901316287734652e+00
2.959143968871594588e+00
2.408455338049020344e+00
1.456854345165238707e+00
2.154355224619977083e+00
1.319161193685908673e+00
1.433761188815400489e+00
2.038370311275457869e+00
8.145280235988200390e-01
1.674611550864853982e+01
1.152920048206758974e+00
2.010223030556539836e+00
1.453613831839106973e+00
1.855242221642401379e+00
1.385196975726223689e+00
1.990715456034954034e+00
6.468531468531468320e+00
1.176881010748632495e+00
2.185550329256819246e+00
8.138304086011557414e-01
1.419335944907245128e+00
5.352598135503940036e+00
1.189958264828632872e+00
2.616782006920413739e+00
1.386460554371001797e+00
1.257437834001014609e+00
9.413308318210580339e-01
2.467132867132867169e+00
4.091166477916194921e+00
7.250529661016949845e+00
1.068707359825360692e+00
8.627235213204954567e-01
7.206388622382754461e-01
2.994125818682202844e+00
3.953236633428757862e+00
1.857587901263468622e+00
2.495276653171390802e+00
7.566968409384815519e-01
1.159779846327526620e+00
8.595114184462413487e-01
1.413242197150621493e+00
2.407414032242449320e+00
7.314549099490227357e-01
4.341752416588711583e+00
2.176204819277108626e+00
1.158610928037751897e+00
1.613093075637578755e+00
2.712972581866507138e+00
1.519380736583009206e+00
2.201208699969581684e+00
1.506461192712095221e+00
1.898265339553000919e+00
5.103092783505157826e+00
3.483910232027386922e+00
2.471935398363649394e+00
1.761333686801796139e+00
7.109803921568627949e+00
1.007424328954882764e+00
5.808116760336577755e+00
1.811086113316646928e+00
1.216349901378659837e+00
3.849256900212314036e+00
5.590049751243778786e+00
1.593664961358441046e+00
2.175965665236050839e+00
7.213612565445042257e+00
2.309953389292573878e+00
2.527988614800757539e+00
1.472012146153292900e+00
1.038815009547666479e+00
2.525346136801136510e+00
8.031533683707592353e-01
5.136585365853656882e+00
1.026375598086124263e+01
5.073074761101739938e+00
1.479941291585127550e+00
2.667084749736254778e+01
4.206995088791780191e+00
3.377298161470824844e+00
2.672665397130142839e+00
1.487598890048417166e+00
3.319620550389779989e+00
1.236237025358034147e+00
6.762574031344142922e-01
2.913237062631038654e+00
1.400400114318377520e+00
2.159236294060244088e+00
4.405704307334107561e+00
2.505096906779193056e+00
2.201778219973875128e+00
2.256560709665495601e+00
5.133627701603531435e-01
6.544612614133312745e-01
4.381065585232836845e+00
6.543806646525680559e-01
8.053822516062949521e-01
5.817610062893082912e+00
9.723546361826183038e-01
7.244681083335374749e-01
1.000993338565041801e+00
1.707122448376429347e+00
3.008333333333332860e+00
1.770592239618788533e+00
1.299795950400250977e+00
1.029474897789479426e+00
1.261697574893010154e+00
1.487849855055661141e+00
1.833444541395062632e+00
9.590995561192137142e-01
7.286192633444949607e+00
6.389475753904515720e+00
7.880711880711881001e+00
1.923674824024723451e+00
3.551023672424825417e+00
4.297447280799112868e+00
2.025700934579437895e+00
2.796146953405017399e+00
1.145562130177515625e+00
8.010841354140675330e-01
1.548248294494485311e+00
7.555152614082802920e-01
2.339671599313417616e+00
3.220794697660183115e+00
2.806789292657393187e+00
1.126202914489964346e+00
7.527210703337568124e-07
6.618252014492643553e+00
1.457828129810399220e+00
1.520547945205479312e+00
1.803171775699095480e+00
3.379797080935054154e+00
2.779853630531301079e+00
1.776955602536997025e+00
3.693951702980338148e+00
3.240819282093721831e+00
1.018181818181818743e+00
3.818843089712500749e+00
6.759223300970865544e+00
1.016707150897564693e+00
9.391232360158929815e-01
1.003040525725536369e+00
1.855789018512318922e+00
1.655348702614063860e+00
6.254995796417253118e+00
3.048851978505127125e+00
1.925723618020437122e+00
8.855227882233371872e-01
1.294305999284569353e+00
1.303885045236828244e+00
1.233485193621867815e+00
2.104424651499897436e+00
2.424225618074452804e+00
1.759748756869928821e+00
1.627959413754227924e+00
2.667053813395278361e+00
1.710552459936935499e+00
1.513264269754214686e+00
1.345423728813559983e+00
1.456688520016739208e+00
2.539670723285477827e+00
2.164433534243323187e+00
1.997111831089722900e+00
1.767582039596115262e+00
7.090995712243927329e+00
2.568881304400110199e+00
2.170187793427228673e+00
1.540862955001636170e+00
1.508315348482924589e+00
3.801600024427853164e+00
1.776137761377613700e+00
3.965079781397942149e+00
2.389200121452268011e+00
1.016159338594513573e+00
6.028673835125448299e+00
2.824044415972668531e+00
4.134822753422099595e+00
1.821051523049785459e+00
3.363636363636362869e+00
1.916292899259184557e+00
4.064572898457213590e+00
1.030060962791675472e+00
4.193610842207164957e+00
1.333020148240943836e+00
1.211361948790012910e+00
7.672352132049518936e+00
2.138870652282219176e+00
9.356563245823390496e-01
1.483017539743063606e+00
1.020511929029177312e+00
5.064831804281346272e+00
1.963725826753632608e+00
1.110196394986912694e+00
1.099009900990098876e+00
3.471244107399057643e+00
1.371794871794871584e+00
2.013790436911973902e+00
1.184723726977248592e+00
1.161203693538607862e+00
1.370667222862490320e+00
1.487524377346249427e+00
1.088894169658901623e+00
1.973531237654496007e+00
1.066426909244764021e+00
1.320026036016489046e+00
2.003045398329339033e+00
2.473793350017877035e+00
9.365763546798030470e-01
7.206860600123276006e-01
2.950877192982456876e+01
1.751600000015982372e+00
1.230146631708724625e+00
4.064306784660770333e+00
1.312250270955206410e+00
6.489447939482798411e+00
3.728076267441126745e+00
1.278698109530305826e+00
3.550948997985367672e+00
1.202705853818274662e+00
4.397944582279735282e-01
1.497919818456883156e+00
8.174235403151062229e-01
1.470751904604173932e+00
1.740222340626441655e+00
2.485074626865671377e+00
6.674126089976081255e-01
2.628488321979044251e+00
1.956128242181450094e+00
1.607259806031151594e+00
4.401047823428632988e+00
3.111904302527493726e+00
1.594738903365198857e+00
5.700873413135690848e-01
2.275540837174382158e+00
2.100674333361313817e+00
1.223030039435272220e+00
1.426620716262231747e+00
9.326515837104075501e+00
3.835227272727273817e+00
3.093837535014004825e+00
1.163856691253951192e+00
2.297583081570994334e+00
3.304618117229129126e+00
1.465459694996819051e+00
1.782760766481497949e+00
6.473869641808573050e+00
9.728019388716843130e-01
5.426799007444170542e+00
1.802621995630008467e+00
1.777192359352718798e+00
2.769254372506903650e+00
1.275649986021805793e+00
1.428011753183153765e+00
4.356303388258900178e+00
1.206192599704392299e+00
1.818843117657813035e+00
2.369257349847913918e+00
7.644508670520231419e-01
1.504345452434471264e+00
1.849876971837661310e+00
1.066213693670544194e+00
2.748051948051948301e+00
3.489077479176490026e+00
1.571644422059934376e+00
1.404277965084552493e+00
1.123267637022076437e+00
5.103432429126835146e+00
1.753721244925575462e+00
1.184480361975872142e+00
3.228119068327275798e+00
7.502066091060371811e+00
2.431675251936391113e+00
6.840701497990504087e+00
9.649670869128640360e-01
1.681478995395986553e+00
2.376894284740374896e+00
1.926136180902317196e+00
3.913316119513098101e+00
1.188764044943820863e+01
1.004095791365403167e+00
9.649670869128638140e-01
2.604439909290391153e+00
1.975576845230063272e+00
1.006031762896410831e+00
3.615053763440861267e+00
1.922077922077922496e+00
3.218346064456896638e+00
1.096095301125082910e+00
1.174123989218329056e+00
1.109351363059850604e+00
2.259911894273128219e+00
1.536234245910617968e+00
1.890900428775606823e+00
1.721081146982719856e+00
1.455036734704033607e+00
3.173395919453781300e+00
9.470723862389325287e-01
1.293161495854903809e+00
1.171468976489305147e+00
9.389910050840831746e-01
1.430478389418359697e+00
7.354932301740811917e-01
5.362058526740665521e+00
2.107209074053876474e+00
8.077535847052574880e-01
5.885400569337129184e+00
6.230468530925326043e-01
2.354336453780033978e+00
1.870804763623240552e+00
1.091725945338824166e+00
7.349331287064241325e-01
1.630789302022177978e+00
6.382469815069541141e+00
7.670992102684383029e-01
3.385062611806797239e+00
4.017740265874864214e+00
6.400000000000005684e+00
1.138291908078353343e+00
8.181761142855351610e-01
2.409474093487549595e+00
3.114413120129534640e+00
2.133329741959812953e+00
4.119828815977175651e+00
2.100394274436560682e+00
1.277870216306156381e+00
8.764499595360129014e-01
2.056993741740571036e+00
2.519850187265916475e+00
3.874600523164069443e+00
1.042803970223325161e+00
4.840865690642901065e+00
9.135522838807095258e-01
2.180766644812636823e+00
3.699586961668989815e+00
2.466496434492369438e+00
9.406261510128912651e-01
2.918402777777777235e+00
2.298592399219934634e+00
2.282933454051607747e+00
5.981273125424753090e-01
6.994226987248618466e-01
2.283817064469353397e+00
1.514973710279661212e+00
2.615686425593540587e+00
2.329625884732051677e+00
1.212551805802250193e+00
2.364978061427999378e+00
5.577343414666358967e+00
1.542081758845757822e+00
3.663349917081258234e+00
1.650967734530740749e+00
3.156164383561642417e+00
1.011276319422509395e+00
2.643592850573840636e+00
4.650035299527663035e+00
4.465157832042883967e+00
7.619047619047616404e-01
2.937566512947852981e+00
1.434645383329259394e+00
3.271050245583250859e+00
3.858030528164260176e+00
7.694801725149569283e-01
1.927752293577981169e+00
1.238524689610547069e+00
2.369902711653902205e+00
2.744951822371178185e+00
5.732180663373321883e-01
1.594346438444723901e+00
1.265295034892788273e+00
1.349517131895753508e+00
2.415169283147343027e+00
2.380823564773068224e+00
2.003211186162392021e+00
1.006580061595525821e+00
3.870731707317103343e+01
2.763744926461751739e+00
2.856293780513692315e+00
7.445394888208820561e+00
6.154596357631776371e-01
1.609696146245058657e+01
8.802454437468786308e-01
1.656791676083188225e+00
1.379291091583814355e+00
2.079273851610533796e+00
2.044819985304922927e+00
1.053809119229680347e+00
1.405738603957355171e+00
5.178015271629323735e+00
2.315656223425830884e+00
2.188713452699568851e+00
8.726512272454932662e-01
3.329002714995053847e+00
1.891582223988343747e+00
2.479670970778989236e+00
1.051367869615832618e+00
1.084664055438385732e+00
4.084695077914580530e+00
1.848377143267796230e+00
1.166917514803534228e+00
1.251786851602859185e+00
3.725199543899658128e+00
1.309513560051656755e+00
2.404698675625863924e+00
2.869447212010855619e+00
2.086224311614207405e+00
6.341600901916571331e+00
1.801172766043803275e+00
1.144329896907216426e+00
1.253177879812466200e+00
3.903065573597971571e+00
2.158011294440295380e+00
2.086201550387597248e+00
4.425474088784814519e+00
2.328671328671328755e+00
5.478976234003656742e+00
7.442446679981851165e-01
1.055899359944149518e+00
2.491483053158819239e+00
8.303002886562403262e+00
1.760145238757209629e+00
6.109396914446000082e+00
2.618788908842468288e+00
1.959095077957810904e+00
9.946576007770765449e-01
2.824018641500374738e+00
2.436753261166336948e+00
2.385838934675414968e+00
1.312608838894902430e+00
1.048275862068964415e+01
1.703374821090750890e+00
7.718966603654694447e-01
2.104587778649755769e+00
3.451562500000000089e+00
1.560822147651007130e+00
5.975409836065572300e+00
1.436024844720496407e+00
6.617781851512374303e-01
1.133333333333334103e+01
9.233137756176164057e-01
9.358385138147355953e-01
2.135593220338982690e+00
6.499903884543156707e+00
1.873417721518987333e+00
1.469924188689223588e+00
9.129277566539926170e+00
1.798892742794104604e+00
2.865671641791044166e+00
1.125634696686288461e+00
4.973318886706849185e+00
3.565332344909587503e-01
1.589350265296547215e+00
1.620391532734914319e+00
2.146688732007846934e+00
2.277225681415199432e+00
2.871004031124027467e+00
2.318111291042207256e+00
1.470110175461913027e+00
2.745259934324409290e+00
3.184309732996887909e+00
5.023255813953486637e+00
5.860526840936555182e-01
3.978598339802550843e+00
3.268958901675163009e+00
1.032111209775157468e+00
1.135969686048345029e+00
1.910517594307437950e+00
3.480468749999999556e+00
3.268789297952768624e+00
2.369988668860950387e+00
3.109111236884780194e+00
3.115664666330368870e+00
2.938236821258704445e+00
3.203379137826727896e-01
8.359698729786022575e-01
1.710071210579857226e+00
1.752503576537911112e+00
1.354389224338132580e+00
1.783648503418365117e+00
2.180131156690387151e+00
1.877581844162288460e+00
3.512195121951218635e+00
1.036987544805265005e+00
1.929029254880108013e+00
2.043713293019804311e+00
2.040929264149908828e+00
1.100875868317729322e+00
4.008993094588084283e+00
3.433491633246364305e+00
8.741590819153145508e-01
1.925216346153844782e+01
1.189681335356600922e+00
9.865771812080533776e-01
5.167597765363127316e+00
2.672757022088901646e+00
5.496183206106868724e+00
5.356159691970926673e+00
1.194186008245897934e+00
1.206136893548897637e+00
5.941972920696325211e+00
8.999250374812597375e-01
1.457706279190451149e+00
1.571239731847795307e+00
4.112087952318838724e+00
2.296002571131135372e+00
3.362599049128368822e+00
1.443396226415094130e+00
1.384310063039924543e+00
1.039669153549413139e+00
8.674028233435282509e-01
3.383952005999252499e+00
2.023005805203181406e+00
4.260733541902417265e+00
9.398362892223751430e+00
2.783141124717630532e+00
3.039702233250622498e+00
6.287050713934021928e+00
1.156336725254393683e+00
