7.624381188118810826e+00
6.846955358109265699e-01
1.074944071588366468e+00
4.316731517509725613e+00
2.681363292463597947e+00
5.734761120263589085e+00
1.421800947867298381e+00
8.971852955815226016e-01
6.399837464445348179e-01
2.388140703517587227e+00
1.388323513658275443e+00
4.305065293614049438e+00
3.255546272801157937e+00
1.174019275145921304e+00
3.162162162162162282e+00
2.027510346247622053e+00
4.646840148698885287e+00
4.113861596699417866e+00
1.498891352549889699e+00
4.817993079584776517e+00
1.069620253164557688e+01
7.329082774049216198e+01
2.893711248892825605e+00
1.697274031563845043e+00
1.409705452893284638e+00
1.423529411764706865e+01
4.017583294649986314e+00
2.123670585311852488e+00
7.611510791366900897e+00
8.475439675316691179e+00
2.047687471935339065e+00
3.360000000000000853e+01
7.527213648663523967e-07
2.803333333333334565e+00
3.965287622576444182e+00
3.846153846153844036e+00
4.135649296939619468e+00
5.817604554412098672e+00
7.983641160949871640e+00
3.022477078217695734e+00
3.977396737821569328e+00
3.092651757188498163e+00
1.678025757429339127e+00
2.058823529411764497e+01
1.272034690373204313e+01
6.635582822085888566e+00
9.442498836698824505e+00
9.606313281715301855e+00
5.211387776423472395e+00
2.766949016256908145e+00
2.567961165048542771e+00
4.238410596026490396e+00
4.599200879863622582e+00
7.102432778489115250e+00
5.717404541638718030e+00
6.044656121646419855e+00
4.768269298915284615e+00
9.218888962395434206e+00
3.066439522998296141e+00
5.803838151548338153e+00
1.748179104477611379e+00
4.869495806149969575e+00
4.854600675590470260e+00
2.979183346677339639e+00
2.709380960638113844e+00
1.232501521606816697e+00
9.336410613714217988e+00
2.686415320167564680e+00
3.411498470948012951e+00
2.477177038146298305e+00
3.227174694464414184e+00
2.805825242718446688e+00
3.110122334091154794e+00
9.868823551323132603e-01
1.573666268690538939e+00
3.129224491067912339e+00
2.337977528089886903e+00
2.265777448183235343e+00
5.244122201886528778e+00
1.302922755741127325e+01
2.572356358133304877e+00
3.025000000000000355e+00
1.396295020476901350e+00
8.261393330813353586e+00
4.265000149329509327e+00
5.419354838709677935e+00
2.198603054004800939e+00
3.872332626439148218e+00
2.586503787662345122e+00
7.014492753623183141e+00
2.323427781617139143e+00
3.933182844243793053e+00
5.361930294906166239e+00
1.252700186219739109e+01
2.500440196201736409e+00
5.737201365187713620e+00
7.395031436896180921e+00
3.450746268656715632e+00
4.175235336712527889e+00
1.893803372016641173e+00
7.901078684644994965e+00
3.898602930438592296e+00
6.385859796285200396e+00
5.997385977723999062e+00
2.366197183098591506e+00
3.140827049984773467e+00
7.291549859831799374e+00
8.863078435959259593e+00
8.557909069195723362e+00
6.527842240819802910e+00
8.744444420174268373e+00
5.957230142566191766e+00
4.201227531784305746e+00
2.345485519549698417e+00
2.076263107721640022e+00
3.713590658449561488e+00
4.228360355000248205e+00
2.386471067644662103e+00
2.501057082452431413e+00
2.543816805301961192e+00
1.895568008150789296e+00
2.350627615062761411e+00
4.449394871408869356e+00
1.405186385737438481e+00
4.182250946384526991e+00
5.128246508934985570e+00
2.591637913537649940e+00
8.918566775244297418e+00
4.876932989690722309e+00
4.460176991150442305e+00
3.435769405356331685e+00
6.880940379210464641e+00
7.661681173634097952e+00
5.277641433643071700e+00
2.071616766467065052e+00
3.038959437800517360e+00
1.801173952869818073e+00
2.725353994122361900e+00
2.742328788801185802e+00
6.982423097591099470e+00
9.265824644044888814e+00
7.879377431906613438e+00
4.296776921287279727e+00
6.215628829408278655e+00
3.197532306685007875e+00
7.458382165441032718e+00
2.687347931873479645e+00
1.069811320754716810e+01
1.784140969162995916e+01
6.727229069953577500e+00
1.109027701136740163e+01
2.955346240536531610e+00
3.834774072155108904e+00
1.457677252733949480e+01
5.278072289156624741e+00
2.219059491654546523e+00
4.349388928828182621e+00
4.834237025561580303e+00
5.788798554652214712e+00
9.592105263157902684e+00
4.659973226238288468e+00
1.992941176470588438e+00
6.404341305250249583e+00
7.801687763713086810e+00
1.842609661750338690e+00
4.597178837997196732e-01
8.316546762589927866e+00
7.527214151486607185e-07
4.276955602536997247e+00
4.821392735300020327e+00
6.341873498799990294e+00
2.185340713876693819e+00
7.767245873153797220e+01
1.230298719772405391e+01
4.631710079275198844e+00
3.550790067720090093e+00
7.330595024921243485e+00
1.501508196721311350e+01
3.337202345339237208e+00
2.627018579614517346e+00
3.870557669597902262e+00
4.339339339339340462e+00
5.025625077745988101e+00
2.912970711297071080e+00
4.612756264236899995e+00
3.447447744227177147e+00
1.111764705882353077e+01
4.102428859803347372e+00
2.988444444444444681e+00
8.459653931814289152e+00
4.318344292653830685e+00
7.636593166133646804e+00
5.579091112603537184e+00
2.258666666666666600e+00
2.294591244838624533e+00
3.915423071877467187e+00
4.736082323071244993e+00
9.344444444444446773e+00
2.392589315418449214e+00
2.054545994955474963e+00
4.397382602001540519e+00
1.593625498007968488e+00
1.367044776119403116e+00
3.510377358490565758e+00
1.218513608359978573e+00
6.318592446012214481e+00
4.585847659060734216e+00
2.091243641086698801e+00
2.066297296161347052e+00
5.639525133016218383e+00
5.516024871692557952e+00
1.025351336456324036e+00
6.319747013352074561e+00
1.590359772190581999e+00
1.169072164948453540e+01
8.252819914430182813e-01
4.274048492697318125e+00
6.652443754848719415e+00
3.140258831759356273e+00
3.270296548371415035e+00
3.042222222222216743e+01
5.080453873518690600e+00
1.740752611631619828e+01
1.190997251704961002e+01
1.476699029126212359e+01
4.847983615282056569e+00
4.626812283176761298e+00
2.706416726748378299e+00
6.322368421052632748e+00
1.056521739130435300e+01
3.400298823440318419e+00
5.054528361015354854e+00
2.938837920489296707e+00
2.069578286623640739e+00
1.852083502558687922e+00
2.997243431354973175e+00
2.389333333333333531e+00
3.134326555264747238e+00
9.906416795160717825e+00
1.686989301998967239e+00
1.923231983873677109e+00
1.831045300440217849e+00
6.470041583800396623e+00
3.633461286396404866e+00
3.361312533704548855e+00
1.000472813238769909e+01
6.512014583369172271e+00
2.184187200850912891e+00
5.640131651124522527e+00
4.130014702793531001e+00
3.601016633519958710e+00
4.160642264667833601e+00
6.154381248378933300e+00
4.206978924132926068e+00
6.264431473119462801e+00
4.436132642296931827e+00
3.902019897497738476e+00
3.802114935938780249e+00
2.561836434285865938e+00
7.704276048671642840e+00
7.207895142006773170e+00
5.006138613861385700e+00
6.415927215545321971e+00
5.684090893971078806e+00
2.013138574054357477e+00
1.923650637880274461e+00
5.188911704312115347e+00
4.568463680080992795e+00
2.319740718915733524e+00
4.398835224420121648e+00
7.024324440066807007e+00
3.473537340963912534e+00
4.059475390824750285e+00
4.695246198776801272e+00
6.081839438815275223e+00
5.025968465483783731e+00
3.747193127872805896e+00
4.517248181645610039e+00
2.247202441505594450e+00
9.230050232084950679e+00
2.708955223880597174e+00
1.864450127877237851e+00
7.404354587869362625e+00
4.351848418748536673e+00
4.240036928758271983e+00
1.741387445925675515e+00
1.983069178152542467e+00
4.705289365723421824e+00
1.532443905397210537e+00
5.654737325074558285e+00
5.278515034436419562e+00
2.919441674975075340e+00
3.102722665979559480e+00
6.566514930026378316e+00
7.186563020544141978e+00
7.983641160949868087e+00
3.869282932570279332e+00
1.373671815319202016e+00
5.116107119109802426e+00
8.620336203362034766e+00
5.883976837567629126e+00
2.636196177757310188e+00
1.597345132743362761e+01
4.963888698667102695e+00
4.012668743509864910e+00
3.124532952550594711e+00
5.702663786897047338e+00
1.172093023255814082e+01
3.283679440674439398e+00
3.705882352941176183e+00
7.335640434076731609e+00
9.838354313348702362e+00
4.838700533102874068e+00
1.878772677869742891e+00
1.693597009526106589e+01
3.991487756630035744e+00
3.644180671445919728e+00
6.015397954606493514e+00
1.129330889092575774e+01
5.644067796610169552e+00
9.698507462686567493e+00
4.077353215284249544e+00
6.040117541634881349e+00
1.336045484221896729e+00
1.905161602679218857e+00
1.506007313250914192e+00
9.855291576673865350e+00
2.067062642447682119e+00
9.085359898427578074e+00
3.348562905082297814e+00
1.844091695866931557e+00
5.876269274163218981e+00
1.812746212815904912e+01
7.130584192439862079e+00
3.240263630916716764e+00
3.235889989516858911e+00
7.514335360556039234e+00
7.374731413837560368e+00
4.722903225806358591e+02
3.206560636182899060e+01
4.691695448587878126e+00
2.243977467939754167e+00
3.437148582109583295e+00
4.606464924346627043e+01
4.600752789353407479e+00
9.482715114815240653e+00
1.140562304178265407e+01
2.884370406663400388e+00
5.663615560640733904e+00
3.728831347254951023e+00
3.127501341561027104e+00
2.566199182233200204e+00
2.240549102428722517e+00
1.372788881480695888e+00
4.214164498246407931e+00
4.424083769633509355e+00
7.699394754539345520e+00
2.642798623627723220e+00
2.359999999999999432e+00
1.500398660500717796e+00
1.147279210376724867e+00
9.631849315068492956e+00
1.610328638497652509e+00
1.014994606256742138e+01
2.626011722020654027e+00
4.286635553413289834e+00
3.368794326241133952e+00
6.640243902439024737e+00
5.188406593853523319e+00
3.729798903107861996e+00
1.604349412592861901e+00
5.272097053726170657e+00
4.960144927536230597e+00
4.906542056074766123e+00
2.183196188826331596e+00
4.877637130801686816e+00
1.925741121221015595e+00
1.311050477489768218e+00
4.166771205149172985e+00
2.156596847529944405e+00
2.071942446043165464e+00
2.449301840010439602e+00
2.365403170227429630e+00
3.670721112076456460e+00
9.421579532814239322e-01
4.196007259528130362e+00
1.621929824561403333e+00
2.122646891043924455e+00
1.854575677535998723e+00
2.794412076175593729e+00
2.501402805611222746e+00
1.319100697912551912e+00
2.944156862745098913e+00
4.611397468788744902e+00
2.489321309605852406e+00
1.219240788983997703e+01
9.617353133464085602e+00
1.513590844062946639e+00
1.343253813062182367e+01
3.739238936579245998e+00
1.195061728395061085e+00
1.630532971996385916e+00
3.917546424124303428e+00
5.775999999999997137e+00
2.446906267205862129e+00
4.104259593183359200e+00
5.339461117050910977e-01
1.774130135639865991e+00
2.644409795019266873e+00
9.144286504592888942e-01
3.011707317073171186e+00
4.335932001515889311e+00
1.965169303888402164e+00
7.715421279439285129e+00
4.178201409034395297e+00
2.075964160498636080e+00
2.050764441946225869e+00
6.182904107954875883e+00
3.403550443805476000e+00
2.380927558620951956e+00
5.685360793153246384e+00
2.606538895152197277e+00
1.493728133584037110e+00
2.401157691633046820e+00
1.119013743962486096e+00
3.041756659467243828e+00
5.682055149096427726e+00
2.155417956656348277e+00
2.153271028037382795e+00
3.042974437985945357e+00
1.784524810765348946e+01
2.119432492150249647e+00
2.934270064301024217e+00
2.497426665863896389e+00
4.250161031112422272e+00
8.930232558139531207e+00
3.301439272557960436e+00
3.279087136455359985e+00
8.569454471443946897e-01
3.118768727867065937e+00
4.764157822261207542e+00
1.330125862768981371e+01
1.314578117450696304e+00
1.800000000000000266e+00
7.250331052681082689e+00
3.142247510668565003e+00
1.166440232866781379e+01
3.908314994556330912e+00
3.433598183881952703e+00
4.759999999999999787e+00
1.396458316837985603e+00
3.460576729179270394e+00
2.993613624268228079e+00
2.705118005833997863e+00
1.003018120207908837e+01
1.169396670990984655e+00
6.651694796101046414e+00
4.403141361256544428e+00
6.101376179840045211e+00
7.337579617834392387e+00
3.022388059701492491e+00
4.923076923076922462e+00
1.518082104555870782e+00
2.064858638842935079e+00
9.326352196710304909e+00
1.275302125295179323e+01
1.190369036903689270e+01
2.437709962162363020e+00
1.509584070637370878e+00
7.527212121746903633e-07
1.481722499595794496e+00
1.154994667614646087e+00
1.240310077519379384e+01
3.018121709317986401e+00
2.449275362318839910e+00
8.089893648624563838e+00
7.475975127190502612e+00
6.231165231375455527e+00
4.076136308328827340e+00
2.368421052631578760e+00
7.398084815321478658e+00
1.099842022116904161e+01
6.241428426086071291e+00
1.709417810643272473e+00
3.105707114826579129e+00
7.559001208215869738e+00
1.259584954316472549e+00
5.035928143712576244e+00
2.469247024802580626e+00
6.014057133692554125e+00
3.697619976589933799e+00
1.798723888343733091e+00
2.706416726748378299e+00
2.336713995943205280e+00
5.236280686916792604e+00
9.697514208622767029e+00
8.695210088592649766e-01
6.825277044117441516e-01
2.527646129541864628e+00
2.484777716681741300e+00
1.682034976152622763e+00
2.286014169509316130e+00
9.602131652449480415e-01
2.910408432147563396e+00
5.342494714587737725e+00
6.076099261785031791e-01
2.069456711061862464e+00
1.551167857044369602e-01
2.303555150410209418e+00
3.500781198575421138e-01
2.158331342796387664e-01
5.230786877724248995e+00
7.370904736266644663e-01
1.689877102525973118e+00
3.247642476424763114e+00
4.079136690647482411e+00
5.600666276664610699e+00
6.672639335603518518e+00
7.962247724704998308e-01
1.644417097885240597e+00
2.260102124133539225e-01
2.680851063829787329e+00
8.986509274873526465e+00
1.346257901891175224e-01
5.614004506137199035e-01
9.683125175262626005e-02
1.098347982454275368e-01
6.500691562932225942e-02
1.029988289801944956e-01
4.980814702922340964e-01
1.691326958563999505e-01
3.160278284830936535e+00
1.997417959140948551e-01
3.342417465794423226e+00
1.315175097276264804e+00
2.572700296735904057e+00
7.527213693293518434e-07
3.385123966942148677e+00
2.654053780765694093e+00
2.261068721022187145e+00
2.342812895959453190e+00
1.223673118697511164e+00
1.516025942287809070e+00
8.486531986531984373e+00
6.957060603103348839e+00
4.963081520751916109e+00
2.326923076923107203e+02
5.613911365154776512e+00
3.195017793594305822e+00
5.321437610731464929e+00
1.850424904231429579e+00
3.654962379075603174e+00
7.527212962525391369e-07
6.794192405453285843e+00
1.168176400476759014e+01
1.284844645573390842e+00
8.211895910780679486e+00
2.755197657393851252e+00
1.800000000000000044e+00
3.371172000921021095e+00
3.049452913958417444e+00
8.057985757884031486e+00
1.084229390681003480e+01
2.594482612865916416e+00
3.654216215534547896e+00
6.627240143369180103e+00
2.311233253177602087e+00
5.079561042524005643e+00
2.607080911691091352e+00
1.816816816816816837e+00
8.513868613138688701e+00
3.846153846153844924e+00
4.445899011488109842e+00
4.951787704932523404e+00
2.686608725911128204e+00
1.854285575517267581e+00
4.672385428907168681e+00
6.562551781275884899e+00
3.737732656514381357e+00
1.461312920010715111e+00
1.694773039889956223e+01
1.778947368421051678e+01
1.206382978723403987e+01
1.810192407696308514e+00
6.304347826086958761e+00
2.169498966636775883e+00
5.389900461277009391e+00
3.799227843624470857e+00
3.554035975506227185e+00
2.127289170246438932e+00
3.506826347305390001e+00
1.622535211267605693e+00
7.527212676632484730e-07
5.727272727272725739e+00
4.819121745363098341e+00
4.603820647647070885e+00
8.842794759825329365e+00
6.083690987124465011e+01
4.690114942528737174e+00
2.410454499849503218e+00
4.849831364571683068e+00
2.825575091007667794e+00
1.149635036496350438e+01
6.785046728971964036e+00
5.091591232134564216e+00
7.983641160949874305e+00
2.643166722565450932e+00
4.421964996143762150e+00
4.043200000000000571e+00
1.189289289289289009e+01
2.728010825439783016e+00
3.350769230769232276e+00
2.960526315789473895e+00
8.537712895377129740e+00
3.848996832101371446e+00
3.014234875444839812e+00
6.479495157737441779e+00
4.756933352693480721e+00
4.843049966981041621e+00
3.181109445277360059e+00
1.581934525314897977e+00
1.791536451662483209e+00
4.486444361906816169e+00
2.131812420785804907e+00
3.574257425742574767e+00
5.560259772698885605e+00
2.641857193709312934e+00
4.859424920127795922e+00
2.861685214626391804e+00
2.655172413793103647e+00
1.753309481216459176e+01
3.058857611404129706e+00
5.232417042681905883e+00
3.868284619430461202e+00
7.527213874138109403e-07
6.697194633696291755e-01
2.105701909688929785e+00
3.393480208233562667e+00
1.620659142095868921e+00
3.136418371434891661e+00
1.117912212895368640e+01
1.271542664985287896e+00
1.336082474226804884e+01
2.426033690658499609e+00
9.848863663681276748e+00
1.018080548414738828e+01
4.236669293406881920e+00
7.527211425261124325e-07
4.188929001203379521e+00
5.182163577026330792e+00
1.941198858230257507e+00
1.944000000000001194e+01
1.830671424936374025e+00
5.094584761868698131e+00
1.835168658456298063e+00
1.495735039317604986e+01
2.503649635036496512e+00
1.014760147601476037e+00
1.987665354319580358e+00
4.052386495925493826e+00
3.763904120319597091e+00
4.581652008967063594e+00
3.446153846153846345e+00
8.533258173618941456e+00
3.657952024798003521e+00
6.111931362541157320e+00
4.163705183471771321e+00
2.958049887531795097e+00
1.890831595798702303e+00
7.971594953089614854e+00
2.621501256476213459e+00
2.982608695652174013e+00
2.275280898876403413e+01
1.000893582453290520e+01
2.667706265948398325e+00
1.198677941702300354e+00
3.721100917431192556e+01
3.432633233319045907e+00
1.956319462393383501e+00
9.190812720848061446e+00
3.865647626709573625e+00
3.137931034482758452e+00
3.805534595360252403e+00
7.469135802469133445e+00
2.320338983050845982e+01
3.417715007185426312e+00
5.592606989768929893e+00
8.762135922330134008e+01
2.578451685816537609e+00
7.074418604651166120e+00
1.235059331175836306e+01
7.192602748389297140e+00
8.320539003661677313e+00
5.339219921229831023e+00
1.406927175843693689e+01
6.424442349984287759e+00
3.776101568334579106e+00
3.976560728467416261e+00
8.023872679045096490e+00
7.759668508287295374e+00
7.511882780004206950e+00
2.925445705024310339e+00
6.449825942948337776e+00
2.634914525568938792e+00
2.386496544391281116e+00
1.549281308467989948e+00
6.178245651164231411e+00
1.273384495606717737e+00
2.958980733374766192e+00
2.751778656126482758e+00
3.410032426709019404e+00
9.088772845953007717e+00
3.755693663218345968e+00
3.557082573556649585e+00
4.970941187926810834e+00
4.537477740179650887e+00
2.311905245300281297e+00
3.543060390494930267e+00
3.883202851505314968e+00
2.471499868662989652e+00
4.760339342523861816e+00
4.743894294045468918e+00
3.580521960534690962e+00
5.060113534508514199e+00
3.766625207074282500e+00
2.925671641791041111e+01
3.520043336944745693e+00
1.219352086125897072e+00
1.161993428258488237e+01
1.852631578947367430e+01
5.899262899262899040e+00
3.904707387918092021e+00
3.271903323262839169e+00
2.852647817369441618e+00
7.295273758653459062e+00
4.588777555110221229e+00
3.012332439678282903e+00
4.365269461077843971e+00
3.612903225806451513e+00
1.249066605227126203e+00
1.692720306513410655e+00
3.645495787427089240e+00
6.860000000000007958e+01
6.787878787878788955e+00
1.002898233778021009e+01
4.890566037735849747e+00
