8.006468670579972580e-01
7.223249620889892197e-01
8.636817576564580490e-01
8.720626852578646782e-01
6.212188540417993288e-01
5.882352941176470784e-01
7.323974082073434477e-01
6.583732057416268324e-01
8.474174695940609459e-01
8.587505953598414399e-01
9.593529245549590190e-01
5.486794407042984156e-01
7.165371024734982219e-01
6.915125136017409302e-01
7.355514316012725651e-01
9.280821917808219634e-01
6.512469092204399290e-01
8.070488206253429997e-01
3.473703567488045652e-01
5.936532507739938902e-01
4.697644649673468620e-01
7.473262032085561390e-01
6.198712791633145258e-01
8.555930476228580384e-01
8.267514200703272031e-01
5.931809376210770424e-01
7.789154888952984912e-01
7.955251709136108573e-01
6.460674157303371024e-01
5.767896663520252210e-01
9.311062931477148696e-01
8.026371160050498332e-01
5.782051282051280383e-01
7.282714843750001110e-01
7.120173222663298551e-01
6.798490566037737048e-01
7.067039106145250882e-01
6.025664697193501285e-01
5.598802395209581118e-01
8.457045445535394945e-01
7.841666666666666785e-01
6.869246591829591964e-01
8.174513019537453795e-01
6.051564962846205376e-01
2.828900071890726453e-01
7.974276527331189968e-01
5.493562231759656633e-01
6.780883678990081709e-01
6.794187971307705798e-01
8.431713554987211312e-01
6.680932203389832180e-01
8.576426853269187855e-01
8.532948209847517340e-01
6.205962059620594440e-01
7.106874478151962160e-01
5.682167563412761080e-01
7.532951289398279737e-01
8.797400480439258041e-01
7.222409435551812029e-01
9.052012721441201615e-01
8.093648396042121274e-01
8.300261096605744404e-01
6.455053852526925207e-01
7.938658746970062019e-01
6.544814340588989143e-01
4.867743453811315679e-01
7.333259717314487558e-01
7.264448331523944979e-01
8.439791586260131373e-01
6.963225435740280078e-01
7.662506499605052923e-01
7.316132143718351299e-01
6.497152156224572650e-01
7.879990925589837047e-01
8.306914457502049265e-01
7.558995327102804307e-01
7.820401444835626270e-01
5.916282135794331820e-01
7.339077546882919467e-01
6.289656951250968131e-01
5.207468879668050166e-01
7.536101083032490378e-01
6.254033703836501257e-01
4.468855852968770526e-01
5.522451284947756944e-01
6.087542839071133915e-01
8.641515914815662835e-01
6.543209876543210068e-01
7.386877828054299044e-01
6.207197529206391895e-01
6.861965168780908009e-01
5.855764005249372017e-01
6.489675516224189256e-01
3.775351014040561060e-01
8.679011551208211106e-01
5.268490808037623596e-01
6.694760357432980591e-01
7.079062957540264156e-01
8.758794599786384749e-01
8.314694422405056740e-01
7.068527918781726260e-01
8.684030837004405035e-01
5.178202406871510455e-01
7.335497196813219878e-01
6.993392070484582002e-01
8.079394898160965344e-01
8.036236119228522545e-01
3.576069301570114489e-01
7.855182926829268331e-01
9.429182501405953820e-01
7.879783986851374156e-01
7.717391304347827052e-01
9.016996909652790215e-01
5.152643335815337844e-01
7.289758534554536817e-01
4.786897575779722191e-01
9.104693408467413596e-01
6.718750000000001110e-01
5.706846673095467004e-01
5.955680902497985096e-01
4.866431451612904246e-01
7.447046171644194912e-01
7.888739946380697310e-01
7.791531905220706600e-01
5.228247227540654407e-01
8.631859056707653632e-01
8.943022567274162560e-01
8.730621533210068952e-01
8.767241992249990012e-01
5.270270270270270840e-01
8.513958898797984176e-01
9.287618124545675702e-01
8.229545890017245791e-01
8.919170978746083778e-01
5.095011134575851974e-01
7.021276595744680993e-01
4.788677782086079859e-01
6.524541715544646125e-01
5.579735997145914839e-01
4.491803278688525358e-01
7.756761578807901403e-01
8.763681507754478295e-01
7.908805031446541900e-01
7.463062749869632251e-01
8.287112561174551084e-01
6.672692471288812488e-01
3.717553893532776765e-01
2.859350850077279071e-01
8.481874177147287197e-01
4.433845063740441406e-01
6.735056084055089931e-01
7.880105606460631185e-01
8.732808567261778343e-01
8.294448644713730001e-01
7.131104824300178446e-01
6.117617533879872171e-01
6.116129032258064147e-01
5.650000000000000577e-01
7.572310243183494327e-01
7.489345689137089090e-01
3.452232476926913596e-01
6.103988720680283420e-01
5.211443148485077614e-01
4.983400692840646018e-01
9.006867623473290285e-01
7.521661189124589919e-01
4.428616772814312763e-01
5.073026724673709298e-01
9.071492736793672629e-01
4.783018867924527795e-01
4.882129798571380186e-01
6.675376575468798812e-01
7.162587320528891466e-01
6.127982646420824242e-01
1.326086956521739524e-01
7.803700724054706273e-01
5.734374999999999334e-01
6.172241010380012938e-01
5.577034045008655294e-01
7.075706066945606221e-01
6.413664097674645070e-01
7.621777862016679839e-01
9.043572021814993978e-01
5.120247228946214202e-01
4.594698424894352318e-01
7.446619217081851261e-01
6.585277157254922908e-01
2.782059186189888567e-01
8.838476953907815625e-01
3.201438848920862834e-01
5.851063829787234161e-01
3.609653725078697528e-01
8.837737413589206170e-01
4.426392230187582988e-01
1.154891304347825942e-01
8.109829406986189815e-01
5.084623694634496927e-01
6.784294741133306550e-01
5.615866388308977664e-01
4.453498173644281910e-01
6.525457167764062705e-01
5.120126033871603699e-01
8.317230504587156403e-01
6.343362073206508800e-01
4.978902953586499258e-01
7.562307954933424892e-01
5.845743498555234785e-01
8.463271972248246344e-01
8.954924963506677438e-01
9.345600891706287161e-01
7.882221464435369418e-01
8.649748896667175391e-01
8.528325639949643211e-01
5.290819901892082067e-01
7.834118923816243418e-01
6.083783783783783816e-01
5.905660377358490365e-01
3.128784350256170743e-01
8.761622227849933386e-01
7.950628355984253881e-01
6.131776497627640099e-01
4.473961370727438380e-01
8.417483044461190334e-01
4.386193974024440445e-01
2.859350850077279071e-01
8.554554185604140715e-01
9.157784601593862428e-01
5.293103448275863210e-01
6.044520547945204658e-01
5.561667631731325168e-01
2.701793721973091977e-01
5.717934857136505178e-01
5.134383688600555606e-01
5.515109014407751920e-01
8.098765432098765649e-01
4.232864275987289204e-01
3.179675222629649856e-01
4.400000000000001132e-01
6.163461538461538769e-01
7.646941470651895667e-01
5.608227519479802581e-01
6.703716273544882975e-01
7.012878346915016881e-01
8.159861971276300974e-01
8.209940035890925802e-01
5.434782608695651884e-01
6.803809897879026236e-01
7.821805011617679604e-01
7.108797850906648508e-01
7.844069797953292511e-01
5.987734095493171260e-01
7.279270633397313395e-01
5.202586206896551158e-01
6.107977437550362598e-01
3.239810986414646821e-01
9.843283582089551453e-01
9.368475010679196968e-01
8.571417490347105206e-01
7.815177478580170867e-01
8.909490775774262517e-01
7.190328021136458414e-01
7.687224669603522909e-01
7.147186225099444457e-01
2.525915687629576856e-01
5.394736842105263275e-01
6.244167962674960215e-01
6.870006146281499859e-01
8.286376911183646055e-01
8.634504457262714983e-01
8.077170606131522934e-01
7.888175146085865119e-01
9.477591947644380399e-01
8.001902949571835233e-01
9.585239735204501565e-01
8.188214818498260605e-01
8.402489626556016722e-01
8.884157928073755928e-01
6.856287425149700798e-01
6.680801850424054056e-01
8.479710421032576884e-01
2.003558718861211396e-01
9.742593992714275730e-01
7.239690721649485461e-01
8.051501251042535445e-01
4.242554355535310684e-01
8.470808093826525109e-01
8.778278164263059180e-01
7.486080178173719624e-01
6.823927765237020049e-01
4.175690607734807158e-01
7.284044647991915200e-01
6.991894613933103964e-01
9.149039900588668006e-01
8.901174593967516868e-01
6.281182630120110133e-01
5.424060542797494167e-01
9.534399194488847318e-01
5.158660589060308777e-01
6.254995798220128744e-01
6.238290891541883321e-01
5.276745550557402353e-01
7.271074602747104043e-01
6.706242058449809473e-01
7.315877644722963424e-01
7.778937298432125891e-01
8.421379487906768269e-01
8.556420383250857853e-01
8.277634086577729811e-01
8.838340350406631574e-01
8.467452995369024737e-01
8.425392382845132699e-01
7.385368738857887028e-01
7.579100454029512601e-01
8.608621470823812905e-01
8.871703483036984528e-01
9.434597400497662933e-01
7.012023812843911630e-01
6.575211051419800334e-01
6.746604414261460070e-01
8.371256869895732367e-01
6.965317919075144637e-01
7.723187295957438803e-01
9.330593744974594594e-01
5.223446893787575540e-01
8.098591549295774961e-01
8.485184261120977123e-01
8.552951333375967691e-01
8.407584698337923212e-01
8.622545263230130264e-01
8.247569335543707414e-01
6.753731343283583266e-01
7.301985683815424011e-01
7.396428899012443825e-01
5.470588235294118196e-01
8.366910229645093677e-01
7.122116689280868496e-01
7.783526490066225989e-01
6.390849078078763013e-01
8.418366483913837239e-01
7.415691236950332499e-01
7.775956952427540703e-01
7.555283239569988707e-01
6.941072610902671025e-01
7.732793031312373833e-01
8.911969785008715395e-01
7.161120626376314968e-01
6.027984812262691117e-01
7.160601338344487754e-01
8.805140407942168013e-01
5.553491827637445644e-01
4.050985183787317867e-01
9.432800345721694679e-01
7.977860762870099265e-01
2.531690140845070935e-01
3.194965184788430834e-01
8.710624666310731179e-01
9.815857086867135761e-01
7.055164894032536216e-01
6.622079241449373432e-01
7.880733944954128045e-01
7.944277108433736023e-01
6.469239587313717621e-01
7.084660901228948537e-01
8.764705882352941124e-01
8.458797558879452838e-01
7.274018337651982913e-01
8.501396214706795629e-01
8.208544839255500492e-01
7.082676165743697627e-01
8.261820599867008008e-01
5.334068704695872354e-01
6.295495746757774347e-01
6.034450950780061440e-01
3.989054642632035019e-01
7.845610278158867690e-01
8.086396217782522156e-01
7.158867491032613328e-01
5.335218093699515274e-01
4.067392784206942946e-01
9.249104162200239010e-01
8.519480519480518987e-01
7.773705943608402169e-01
8.633267746329650327e-01
7.858422448228977730e-01
8.483810558977251670e-01
7.096935376415722807e-01
3.816305061595847148e-01
7.974927675988428000e-01
7.488910318225650009e-01
7.186217253462373611e-01
6.608836595029415895e-01
9.220663674254568898e-01
8.276365464681392226e-01
9.110102752568813855e-01
9.032906304948504772e-01
6.624967979544200691e-01
6.528925619834710092e-01
6.412781350482316123e-01
7.720228722963454748e-01
1.665145985401459139e-01
7.688659115611453654e-01
6.282846715328467280e-01
5.628209831254585849e-01
5.352740234665083197e-01
2.825229960578187205e-01
7.610132158590308116e-01
6.802594423346229879e-01
7.189328133309697000e-01
6.979402051103772431e-01
9.038043700151789928e-01
8.873043806971099290e-01
8.614579451635446805e-01
9.451023622047244332e-01
7.009634074199273535e-01
8.961261266051829821e-01
8.682196930454214590e-01
4.539780449172529098e-01
5.883477711745039862e-01
6.830351044939214633e-01
9.235641481239972306e-01
8.794886910945544090e-01
3.414347314778518605e-01
8.377919938918830800e-01
8.626923076923077582e-01
8.120156203063982892e-01
5.590436590436589359e-01
6.405464824120603584e-01
3.421887390959555408e-01
6.217381059242588215e-01
9.117305112535400990e-01
9.481325740839112726e-01
8.524501631819940695e-01
5.600558659217876878e-01
5.800000000000000711e-01
7.089278434569914467e-01
4.861718134269542579e-01
9.344331030824496453e-01
4.944579147904401006e-01
6.892742367434386841e-01
5.559857057772482625e-01
6.912488284910965897e-01
5.536510113129927690e-01
6.220622485708237059e-01
8.981605351170568463e-01
8.635618847820293320e-01
7.016096979176378312e-01
1.252374491180462401e-01
6.398609501738122818e-01
6.510574018126888962e-01
8.606679588489637434e-01
7.482369534555710633e-01
6.280234546787197836e-01
4.392188122758071134e-01
6.687195282949680575e-01
3.907067270358166033e-01
5.588605323364236321e-01
5.982608695652174013e-01
5.782461722012329775e-01
5.753713575322729756e-01
7.295208655332303671e-01
5.367801451624817366e-01
8.113731825525040131e-01
7.409573422449382551e-01
3.951999999999998847e-01
5.774390243902438602e-01
4.923500611995103582e-01
6.593673965936738268e-01
4.573474470734744113e-01
7.843656840013250031e-01
6.442080378250590877e-01
6.500552835255094530e-01
4.129311645981001422e-01
3.467134972403413951e-01
8.440217391304347672e-01
8.047479705493676416e-01
5.576016499705361840e-01
6.248663392517541659e-01
7.835149005131898381e-01
5.448916408668730282e-01
8.646563115510234043e-01
7.662382373192563323e-01
5.434782608695650774e-01
5.952499378264113350e-01
8.663868958981995050e-01
5.908942305586026844e-01
6.421944692239072161e-01
4.623826225313075744e-01
8.753486152331806380e-01
8.900184842883549496e-01
7.017369278089379270e-01
7.687155826759934918e-01
9.126447308699354721e-01
7.923684911636719175e-01
7.373507674815237278e-01
6.597461201319707591e-01
7.823338095382836865e-01
5.851940913775335318e-01
3.201438848920862834e-01
7.599871822260201304e-01
8.134087237479805665e-01
7.095199349064279515e-01
6.439634540293182362e-10
4.664864864864864957e-01
7.924585677360499458e-01
7.643758765778402298e-01
8.409817873229322727e-01
7.267018565708044386e-01
6.646837820914215378e-01
9.497159211663526168e-01
7.273007292055194695e-01
6.534653465346533796e-01
6.845849802371541948e-01
6.173633440514468829e-01
6.936790923824960320e-01
8.454033470537528627e-01
5.822412569570234453e-01
5.632743362831857947e-01
7.256921967167445642e-01
6.168708161962733293e-10
2.332155477031800928e-01
6.725294650951949560e-01
7.248908296943231688e-01
8.359375000000001110e-01
8.547942526848029132e-01
5.987261146496816178e-01
7.075563090336642880e-01
6.293681609601128324e-01
7.362097214636810216e-01
5.571030640668711044e-03
7.116704805491991248e-01
7.681550539744848027e-01
6.492871690427698406e-01
8.787817418939627423e-01
3.667601683029452775e-01
6.598272138228942207e-01
7.516984583224457506e-01
8.695652173913052951e-02
6.999635214007782213e-01
7.717453510773079062e-01
4.665612371599358044e-01
8.451577402787967541e-01
2.639175257731958268e-01
5.634095634095633853e-01
6.870770432066631850e-01
3.629213483146067620e-01
7.565302416538622898e-01
8.448309241094476008e-01
7.234857553267896035e-01
6.559776925758104005e-01
8.895721518437236242e-01
6.827453987730059959e-01
7.156737814590633517e-01
7.296269202633504092e-01
5.945406125166444733e-01
8.214665249734324215e-01
6.022471681825596335e-01
5.732635251279908362e-01
3.516295025728987667e-01
7.986390349520569032e-01
7.407407407407406996e-01
5.310276679841897662e-01
6.477542119885268956e-01
6.311326468806783829e-01
7.463799814276212974e-01
8.537604456824512411e-01
7.165507311647525412e-01
5.807796885145705135e-01
5.688405797101450112e-01
6.746478873239436513e-01
8.166186532229023909e-01
7.207446808510638014e-01
3.051470588235294379e-01
8.706758059333833399e-01
7.458337212550042450e-01
9.148309426229507269e-01
6.652305040930632796e-01
4.337032665965266931e-01
8.714463581655945701e-01
7.519372519372519159e-01
8.946678446236712157e-01
4.514370769955304286e-01
4.951244115669131696e-01
7.470112194224756141e-01
4.527689127983274275e-01
8.854340195112303524e-01
5.809763657497094558e-01
8.236835034927457722e-01
7.353585033939942228e-01
7.360962566844918564e-01
7.729729729729729604e-01
7.750132813883477967e-01
5.232974910394265766e-01
3.155802861685212957e-01
8.110462333684311798e-01
2.066666666666668040e-01
9.183377346992077639e-01
4.216238381405030822e-01
7.540000000000000036e-01
6.664548919949174755e-01
7.192832764505118215e-01
8.569155020639578346e-01
6.747337850919652436e-01
8.227917981072555564e-01
8.915713089589728524e-01
5.951807228915663162e-01
5.243093922651933525e-01
7.343348487843447403e-01
7.911392405063291111e-01
8.523039611964430273e-01
8.302415234522712018e-01
6.299222168206125572e-01
8.223036120232382062e-01
5.823863636363635354e-01
9.968222992523702031e-01
9.594810609214942110e-01
7.655228758169934089e-01
8.033414919655209596e-01
7.968852459016394496e-01
9.203416364778785885e-01
8.660624370594158794e-01
9.311837527308033380e-01
5.384615384615384359e-01
4.845526893765885745e-01
2.454837414692894459e-01
6.468888328030506507e-01
3.587055606198723545e-01
5.152549177037335504e-01
6.129411764705882115e-01
3.412797992471767183e-01
6.115567195940415646e-01
4.954328832406671435e-01
6.944735189449445789e-01
6.179522850061822090e-10
5.605726872246695747e-01
5.078886310904872081e-01
6.964550105853419826e-01
7.228958630527817508e-01
7.085815904919010588e-01
3.696150320806598777e-01
5.965021562050790704e-01
5.845323741007194540e-01
5.928571428571429713e-01
5.700226244343891135e-01
6.656050955414013481e-01
5.738007380073801844e-01
7.080009617879883255e-01
4.288174672121927156e-01
1.798561151079130366e-02
6.468281631230393680e-01
5.179505064291493044e-01
5.298507462686568026e-01
4.179600783995455204e-01
3.640899689596984734e-01
5.282608695652174502e-01
3.260135135135133200e-01
7.615932268616510958e-01
6.040046656298601047e-01
3.960422163588390165e-01
6.224965044004698855e-01
3.382175832998796650e-01
3.916570104287368514e-01
6.568469505178364809e-01
8.147361800215092709e-01
8.243164323928930948e-01
5.846724351050680557e-01
5.700787401574803903e-01
5.985977253103295093e-01
4.776745579862152202e-01
4.078633836378078859e-01
3.900029489826010165e-01
5.095038659793814650e-01
6.252517341687179320e-01
6.151647612642905383e-01
6.133667129941144935e-01
6.825876662636034542e-01
5.438312889933494265e-01
5.402802101576181792e-01
5.203269069572507011e-01
5.790681585953557642e-01
5.885455915599095977e-01
7.478698683191324914e-01
3.202191235059759777e-01
5.184691810965198489e-01
4.107128534112098883e-01
4.995233555767397693e-01
2.296650717703351274e-01
5.709195880834309067e-01
5.909606656580937978e-01
7.005933739904401936e-01
5.933757961783440171e-01
5.135489510489510412e-01
4.207888393951339512e-01
1.798561151079119610e-02
6.485355648535565676e-01
6.394402540690751202e-01
6.650717703349281473e-01
7.016430337357147939e-01
5.126378676470588758e-01
5.959971268622719087e-01
6.180404044561941077e-10
6.601014040561622442e-01
7.301299064115098769e-01
7.172351885098744440e-01
5.105932203389831336e-01
6.045825771324863096e-01
7.904047356828193260e-01
5.479679569303170794e-01
5.897349492609101906e-01
4.420268574432545394e-01
6.628554502369667922e-01
6.783596837944665392e-01
6.759065028468684844e-01
5.779625779625778836e-01
7.509124087591240171e-01
3.709677419354838745e-01
5.097123645872245756e-01
7.775748721694667465e-01
4.197080291970790161e-02
2.124999999999998557e-01
1.468750000000000611e-01
5.736040609137056379e-01
6.598073555166377169e-01
5.684210550460789824e-01
6.178641656235683662e-10
7.065089913995308279e-01
4.652156265649319278e-01
6.966893865628042137e-01
2.760463045414069533e-02
3.918800931315483127e-01
5.817681164885647460e-01
6.997715929278403024e-01
5.654010873644021995e-01
4.749999999999999778e-01
7.181693048864418172e-01
1.345821325648413891e-01
5.743243243243243423e-01
6.227544910179640958e-01
6.420454545454545858e-01
7.176099158091673313e-01
1.347438752783965965e-01
7.141833810888252865e-01
7.671627596690102635e-01
6.332792265377510388e-01
7.543450337767816372e-01
5.630354957160341733e-01
5.906120670877804679e-01
7.783799201369080434e-01
4.807360552041403667e-01
7.102283248183314246e-01
4.630371096910297912e-01
6.482597890017335329e-01
6.178761818530329298e-10
2.888446215139442441e-01
3.823529411764705066e-01
7.529510372584262701e-01
6.660141913383901269e-01
7.730844793713163021e-01
6.508067171550874219e-01
6.678728248495691133e-01
8.031608296373887734e-01
3.314606741573035142e-01
5.412621359223299677e-01
6.065946537391427862e-01
8.408346378533002596e-01
6.409699628629997870e-01
5.700431034482758008e-01
6.815221436546334832e-01
6.882812500000000666e-01
7.930751804696278828e-01
5.711559014084466313e-01
2.614068441064639758e-01
3.020527859237536750e-01
5.795830575777630722e-01
5.806940236849352788e-01
4.407068367599022984e-01
6.417010309278350366e-01
4.182825484764543522e-01
2.708333333333332593e-01
5.867953342900216196e-01
4.838649155722327122e-01
8.387135929854834249e-01
3.498981670061098725e-01
5.217054876782727391e-01
6.430894884158803171e-01
5.608164666366497464e-01
6.912009795619974417e-01
7.399559713813977924e-01
4.270633397312866009e-02
6.779141104294478248e-01
8.876807955002009587e-01
8.342461457791144896e-01
8.544213855225388787e-01
7.347763539703072722e-01
3.756756756756757798e-01
6.285325518107598430e-01
8.573581539844177257e-01
7.098940347497340042e-01
6.718750000000000000e-01
6.277043269230769829e-01
2.667161961367014444e-01
6.070885305749924576e-01
6.712301847242237995e-01
6.053952984661900016e-01
6.345204359154511531e-01
6.451800822201626540e-01
5.794312085316382088e-01
5.766961651917402731e-01
6.978417266187050272e-01
3.660377358490566890e-01
7.768827831587269417e-01
4.878048780487805325e-01
5.423967706095025321e-01
8.531341688010446456e-01
7.227455868327798960e-01
8.687017663362592845e-01
6.753784860557768832e-01
4.615714730931341769e-01
3.784876140808346445e-01
2.189024390243902995e-01
6.532297231665856740e-01
1.428571428571427937e-01
6.495507060333761684e-01
4.076063783953486341e-01
4.382967777525251241e-01
4.791336011444340404e-01
6.180323935968659380e-10
6.277763926030378583e-01
3.823529411764706731e-01
4.783438534088286231e-01
1.690647482014388248e-01
7.511255296610168664e-01
4.911894273127754285e-01
5.605879107995034305e-01
7.690764544171186934e-01
5.425877763328998959e-01
7.465717912597585881e-01
5.498108448928120673e-01
6.756756756756732846e-03
6.714357133960541235e-01
3.981988235156450062e-01
3.140362225097024784e-01
6.408033785205392574e-01
3.032710280373832612e-01
6.079762409843020299e-01
5.832614322691974662e-01
6.179763177956034917e-10
5.456335285315293548e-01
5.018248175182481452e-01
4.727879213483145993e-01
2.479729729729730769e-01
2.717528373266078767e-01
7.566083683954917261e-01
8.059356673182868080e-01
6.653774752475247745e-01
3.732249173230546835e-01
7.187846324344293603e-01
4.700105596620908766e-01
5.873966694620822437e-01
6.580414900736113459e-01
5.796967962813190933e-01
5.796119494918385850e-01
3.709051724137930606e-01
8.003408377432954524e-01
6.272189349112425871e-01
7.341772151898734444e-01
5.203095994074065089e-01
6.304221169302280936e-01
7.630465444287729548e-01
3.741721854304635442e-01
6.012074643249176731e-01
7.201400891476392729e-01
4.324324324324323454e-01
7.322481479614978417e-01
5.311398354876616379e-01
7.492537313432835466e-01
6.861476689716706767e-01
4.131027471621497305e-01
8.082408583535377611e-01
8.389676147991055322e-01
7.111033417751243535e-01
5.374882849109653415e-01
7.916705662143191935e-01
7.801658844744526755e-01
7.117364447494851643e-01
7.236318879000188664e-01
5.600790513833993067e-01
6.506745105994522493e-01
4.047837213266750611e-01
3.652663934426229608e-01
6.652354956173625045e-01
1.774421897121283287e-01
6.013608613191250285e-01
6.471190287263557384e-01
6.193756941417039030e-01
5.369955156950672048e-01
6.996098829648894624e-01
