-1.250980296651366785e+02
-8.913857543448310139e+01
-1.271455196516814965e+02
-7.204771687819469150e+01
-8.859756142845462534e+01
-8.752034243091397059e+01
-8.190288857929290600e+01
-9.013165625841000406e+01
-8.835561492589793886e+01
-1.020769650671061584e+02
-1.421871870586459750e+02
-1.904730760748869898e+02
-7.379868583343879607e+01
-1.019992923576913739e+02
-6.494639088562890095e+01
-7.627193189670349227e+01
-7.492451034795466569e+01
-6.862255587414853153e+01
-9.065580445157107192e+01
-9.393345242414191887e+01
-7.446148678818576627e+01
-1.177500728724964745e+02
-6.495573475054078472e+01
-1.020984779085277694e+02
-9.859786325533725915e+01
-7.643517666610649997e+01
-1.102962661549480003e+02
-9.596078952985693888e+01
-6.342686767374492263e+01
-8.436044903779169601e+01
-9.135085810294066277e+01
-6.712952712051171034e+01
-5.434350577276785543e+01
-6.253159842613124653e+01
-6.769275710941892044e+01
-1.373906396824246201e+02
-1.554653946546851842e+02
-7.642059858790686633e+01
-1.000103456575268694e+02
-6.954169731597352211e+01
-1.449164552848200458e+02
-8.489374637327513540e+01
-1.099461590265374866e+02
-1.136689427042405924e+02
-1.139111315219817158e+02
-7.754746905811219904e+01
-7.524394934927232725e+01
-1.002299687853581531e+02
-6.437653174717193849e+01
-9.982062894081614957e+01
-6.881099131501113675e+01
-1.035369985623939328e+02
-9.475653022364478772e+01
-1.250646756493398470e+02
-9.548144551382823408e+01
-9.800915604455661878e+01
-7.702568076477427894e+01
-6.535778962954503868e+01
-1.069383587754012694e+02
-7.099446166360446853e+01
-8.553595152835524118e+01
-8.617071853406143589e+01
-7.016953442543717756e+01
-8.491905322252826238e+01
-1.036498425663331631e+02
-9.178717244603978997e+01
-8.423240491919113992e+01
-5.624668815816242073e+01
-9.305170015936467109e+01
-6.543657580212892810e+01
-9.037535123949474780e+01
-8.006407020518075512e+01
-1.903359642204605677e+02
-6.892863339636191711e+01
-6.317037977336897114e+01
-9.630301143283519139e+01
-1.045491069310515684e+02
-7.648277877170339423e+01
-8.193415803657495644e+01
-6.603192041779874444e+01
-1.953361661822518158e+02
-6.437545221815064167e+01
-9.934267410276240184e+01
-5.914782394638988450e+01
-8.330255003216366561e+01
-1.122235799860983860e+02
-7.093004868345100533e+01
-1.019283990763596108e+02
-8.278930876325264876e+01
-8.719029965965459894e+01
-6.109753866304142633e+01
-9.029513248632061106e+01
-6.931822381616110818e+01
-6.536053825461284816e+01
-9.887663197809800408e+01
-6.717069890751918138e+01
-6.439493323353485721e+01
-7.459007293805261440e+01
-6.983368806153924879e+01
-1.072489628690776442e+02
-9.639885745133109651e+01
-7.761699315992588311e+01
-5.249863756778610480e+01
-7.911189393954916227e+01
-1.783491426006463030e+02
-7.934978283331757609e+01
-7.697517851467991079e+01
-8.159540646788266827e+01
-6.537873480243908375e+01
-8.889870498207191929e+01
-8.891196555545724323e+01
-8.541599983854507627e+01
-7.723405070512443160e+01
-6.282039558515956656e+01
-6.547955358648184188e+01
-7.384721433965388826e+01
-1.241397452929864045e+02
-1.453672269276906945e+02
-9.751979296444591228e+01
-7.803593912573192881e+01
-6.117803022422607029e+01
-1.185433548644312083e+02
-1.129619855402552417e+02
-1.183264614647052753e+02
-9.831105878473533721e+01
-8.145472977255533920e+01
-8.006490788139207382e+01
-1.091875860053900738e+02
-7.743390359602516071e+01
-1.417149998146850578e+02
-8.900313880910937314e+01
-1.231250311081629150e+02
-7.046016368365334870e+01
-7.369738047712746720e+01
-8.508003478505942496e+01
-7.748853550426507297e+01
-2.439211738297125294e+02
-1.394854545790441307e+02
-7.375985998893746398e+01
-9.172557204476551362e+01
-1.223456308067063389e+02
-9.241242859477370075e+01
-7.015769687826124823e+01
-8.008440872524043641e+01
-7.768016143445183275e+01
-7.327502011778030067e+01
-8.486801498797527188e+01
-9.094323360697117664e+01
-1.191916679761821598e+02
-9.763425259056657524e+01
-8.250409471571657605e+01
-1.131631796159825001e+02
-1.039948620188748549e+02
-1.626407179545414863e+02
-7.257944555698206557e+01
-7.361713225696500729e+01
-9.594165955048158878e+01
-1.151797559284122485e+02
-6.162313328900632570e+01
-7.464498659874274722e+01
-1.468651496752540879e+02
-1.668072201351461672e+02
-5.503196943598030089e+01
-1.164750061942286123e+02
-1.740939060142017070e+02
-7.065464497789251652e+01
-6.587503545803994598e+01
-6.853998962268346418e+01
-5.521894189902341310e+01
-9.347540764684889325e+01
-9.508445542875421097e+01
-1.201281352073657587e+02
-1.060429055705528043e+02
-6.691220943737441473e+01
-1.376611753386945338e+02
-6.029862243223158202e+01
-7.870848971258587312e+01
-9.122862248769155258e+01
-7.509883741958370251e+01
-1.218593929736243666e+02
-1.077521912368805062e+02
-1.152061164362624055e+02
-9.788406632531774676e+01
-6.251132483980560295e+01
-7.356999932856606961e+01
-7.355603556351312022e+01
-1.313524913847821551e+02
-8.668226348101094914e+01
-8.380723507436169939e+01
-9.978436145599523854e+01
-6.467898686681978404e+01
-8.362596408798198411e+01
-8.654304180393069146e+01
-6.634788014601400619e+01
-8.064037972187925618e+01
-8.505006654236906627e+01
-2.228456736809508811e+02
-9.571311802993341189e+01
-8.341700803773969142e+01
-7.816255425824415681e+01
-7.715372009439587941e+01
-7.584339944196469219e+01
-6.868048601062254477e+01
-9.476919908938961612e+01
-1.612381542885111116e+02
-8.665294460379946884e+01
-9.218544193484724758e+01
-1.028266822159128253e+02
-6.438928490033600838e+01
-8.434051124507838892e+01
-1.031249809286747734e+02
-1.186234347408057914e+02
-6.898068948991668492e+01
-8.887225453161074995e+01
-6.347011942005607921e+01
-7.264448655636957142e+01
-7.792511970020377987e+01
-9.499198736452241576e+01
-8.139662629042129538e+01
-7.305851834658503208e+01
-8.262559233773613698e+01
-1.058308289804879223e+02
-7.184934407420422531e+01
-8.367755061306054643e+01
-7.283142128167484941e+01
-1.043785459564404619e+02
-1.475425122767688606e+02
-1.253854404345959068e+02
-7.384177797649357444e+01
-1.009746698652100747e+02
-7.638972559522912320e+01
-1.354207460049016163e+02
-8.121911624654644868e+01
-1.350795805978752924e+02
-7.445222939675502971e+01
-2.104543845774197166e+02
-1.049259107308934915e+02
-1.218564640679708475e+02
-8.701875309234576150e+01
-6.103168304755036644e+01
-6.291277378065521475e+01
-8.540885682670105439e+01
-8.121631325852187899e+01
-7.715622321738324274e+01
-7.883036059589134936e+01
-8.411150027464726975e+01
-5.254107561217456634e+01
-1.171348239037183987e+02
-8.277873661210060163e+01
-6.731574145091883565e+01
-9.778033703594634574e+01
-7.472083447635459663e+01
-8.407171878375037011e+01
-8.117190465453158765e+01
-7.053634812510604490e+01
-8.172798281427249378e+01
-8.637337692838946168e+01
-8.366883398913769554e+01
-1.050981792754765962e+02
-7.697093754570308022e+01
-9.046657779072090477e+01
-1.017546795381017688e+02
-1.144275195322751273e+02
-1.396518235879759402e+02
-7.795539335165025818e+01
-6.396516427258042370e+01
-6.725248890113169864e+01
-7.879952565100087725e+01
-9.760412072363250502e+01
-1.077602972408265458e+02
-9.790559485847077781e+01
-8.352401705328938419e+01
-9.655289650150328384e+01
-7.332169964073209201e+01
-7.330594699060274877e+01
-7.147516045833165776e+01
-8.621612014187681439e+01
-6.268212151636521412e+01
-6.874623144973904232e+01
-1.417777739755946129e+02
-9.129079568963342695e+01
-2.153309285067255701e+02
-7.848548629880173166e+01
-7.707637067779360507e+01
-7.736153843127867447e+01
-1.329367393379932025e+02
-1.701786113193945766e+02
-1.142247776935611512e+02
-6.157659279112676387e+01
-8.119544571288986390e+01
-8.813542594761412374e+01
-1.215306157921818198e+02
-8.962631352471885293e+01
-1.035409093439615873e+02
-7.779536405113663022e+01
-7.386694329927949809e+01
-8.870548026233119288e+01
-8.769176016801961282e+01
-6.835334465983395091e+01
-1.634887206165532803e+02
-1.229374122139229257e+02
-1.628540992299156756e+02
-7.503179681428110825e+01
-9.593776919634572664e+01
-9.112534712403069648e+01
-9.632405030300643034e+01
-1.087015193671506950e+02
-8.247345360985106311e+01
-8.660761647693284715e+01
-9.493365990719766501e+01
-6.236218431939120421e+01
-9.950707649983706915e+01
-1.009114296463546907e+02
-1.052243601579716596e+02
-1.117508316289041659e+02
-7.394342866443786022e+01
-8.144366784740648768e+01
-9.133869300072694841e+01
-5.155954085311692552e+02
-9.780106697891446288e+01
-1.643097032603247385e+02
-1.398142985368730535e+02
-1.085426717697461783e+02
-6.655767176631776749e+01
-9.877469324577225507e+01
-7.171086551396078335e+01
-9.023773951355876477e+01
-1.736913626138951372e+02
-1.017285515146541854e+02
-1.064267696901715681e+02
-7.769889577332634190e+01
-7.646668145089779500e+01
-1.712219438955091562e+02
-9.180245029533732293e+01
-8.572159378861435641e+01
-1.189402611396134688e+02
-6.328272982855937556e+01
-8.137586757980490404e+01
-2.142373379148850745e+02
-3.408776733394207099e+02
-7.420007321034341885e+01
-4.253358638594426679e+02
-1.051798342075577892e+02
-8.693523626226743772e+01
-7.960945289479606402e+01
-1.006368060499283530e+02
-7.245762398125494030e+01
-9.634965726875206826e+01
-1.064448219495121890e+02
-7.957533456638668667e+01
-1.504642788983321964e+02
-1.132460623762522118e+02
-1.943341128810805003e+02
-1.121176691050807506e+02
-8.949481241223318762e+01
-9.145983187989155283e+01
-1.606061819149275607e+02
-1.302347549880144300e+02
-3.861551106890868255e+02
-9.968147447498314762e+01
-9.677167789530312803e+01
-9.252950983799190965e+01
-1.071359893546100324e+02
-1.582105445571924065e+02
-1.153201409031529323e+02
-1.449452420648518114e+02
-1.129493027968775039e+02
-1.100221922093388827e+02
-1.578088200073003122e+02
-2.444453455033709020e+02
-1.799423819181225213e+02
-1.864454088795520761e+02
-2.473400561151973989e+02
-1.059564539392058151e+02
-8.082706706447885381e+01
-9.443863871514761854e+01
-1.552173790793248713e+02
-8.841108781376608761e+01
-1.918999120260535847e+02
-1.400000578580185504e+02
-7.193716780495530827e+01
-1.087647580717868010e+02
-1.062436046986157407e+02
-9.849521183610097808e+01
-1.620537688100507694e+02
-1.108572051448675353e+02
-1.065474570675412593e+02
-8.209126660821928567e+01
-1.256797191736789188e+02
-1.224375230901444382e+02
-8.966509441231639244e+01
-1.291569527268741240e+02
-7.742563052686452352e+01
-9.622199763246894122e+01
-7.162963453831910954e+01
-1.077648097765375610e+02
-1.689530423757404662e+02
-7.513376618624802461e+01
-7.491421985053183619e+01
-7.032645924431975004e+01
-8.860844444341620374e+01
-7.903987822489416715e+01
-1.311437098200988203e+02
-8.839121773153182460e+01
-8.969946643148254850e+01
-1.025703371673137525e+02
-3.014168570791140951e+02
-1.353565495107995389e+02
-1.437104153564498858e+02
-6.884432554860363496e+01
-8.142983484588090448e+01
-1.042246158665711704e+02
-4.236614536708573837e+02
-8.441041895016634555e+01
-1.017299203565778782e+02
-8.744883729332075006e+01
-1.005308472300981180e+02
-8.989537709958912615e+01
-6.332333181805309863e+01
-1.169137128815004019e+02
-1.060242120599094591e+02
-7.908598703959502529e+01
-1.008712649722774728e+02
-1.638810486730739058e+02
-1.139387354185838461e+02
-1.461752111237019847e+02
-9.419546553021999102e+01
-1.058844410216500904e+02
-1.104159211669288112e+02
-7.223053633144898811e+01
-7.515151195277995555e+01
-8.446571361266990152e+01
-7.167596101021760546e+01
-9.628943935139599830e+01
-1.077980047641527790e+02
-9.706784891447054520e+01
-5.946185973465803443e+01
-6.265508642996085342e+01
-8.275319672310089913e+01
-1.613253880121174006e+02
-6.916385155885878078e+01
-9.679803573177963472e+01
-7.966852437059594649e+01
-6.250716901380344126e+01
-6.813201324924783364e+01
-1.066068339138386278e+02
-7.564646560880633785e+01
-7.883854224038555003e+01
-1.229160432009937125e+02
-8.980532193451554690e+01
-1.354346111964754300e+02
-1.193044903956546818e+02
-6.965560284273225022e+01
-2.276535879818098067e+02
-1.211108999087647646e+02
-1.432700173293191312e+02
-2.226715158172566476e+02
-6.381111198233391235e+01
-6.962651644115277350e+01
-9.395137271784857091e+01
-9.761266112479236767e+01
-1.334649211304161724e+02
-7.764345504026529454e+01
-8.782906879804382072e+01
-7.429615943126029265e+01
-9.851581042899927354e+01
-7.415243585026179574e+01
-6.832411342756152806e+01
-9.353556956793001120e+01
-1.150883882842389170e+02
-9.112567456894545614e+01
-1.188289392163042351e+02
-1.154077682439843215e+02
-1.414537752975077183e+02
-9.852512290214141899e+01
-1.758974046761987609e+02
-1.032504488063832895e+02
-6.781771988759608405e+01
-1.006873367791999669e+02
-1.161221349623265979e+02
-6.446496918223277817e+01
-1.526713771593081503e+02
-1.139983019233218187e+02
-7.650667894306185701e+01
-8.021200474728827601e+01
-9.320688521957978878e+01
-9.627314735450549676e+01
-1.866280619311899329e+02
-8.020991212176220131e+01
-1.012256134687803808e+02
-1.657027742977011258e+02
-2.395811706903846812e+02
-6.550051149020420382e+01
-7.596048099633124195e+01
-8.683206251681357912e+01
-1.599617357384080663e+02
-3.375485026835665394e+02
-8.147762786874882579e+01
-8.069649762573185114e+01
-6.475043793079677812e+01
-6.866545702866091005e+01
-1.022759633651418767e+02
-7.491849812924704111e+01
-1.185141674944708257e+02
-7.679131927343577502e+01
-7.621457462088119428e+01
-8.352892756890497594e+01
-8.100516287084616351e+01
-7.049393568246992459e+01
-7.391008468799114439e+01
-8.253315177514215861e+01
-1.614606256303657119e+02
-1.075977690170822569e+02
-1.128532419614443114e+02
-8.384914694469685514e+01
-1.060665392571391834e+02
-6.483145031856037122e+01
-6.670855782586758664e+01
-6.696241522497456344e+01
-1.058535163691876591e+02
-7.475319164422073470e+01
-8.437692928240880974e+01
-7.164094363633411433e+01
-9.940572176243310309e+01
-8.397711372724673140e+01
-6.788128929774515541e+01
-9.344013527344381487e+01
-1.095712035978189220e+02
-9.741612047632446547e+01
-7.730405825967044109e+01
-8.370165967601950285e+01
-9.937386660303116059e+01
-1.085760683722405702e+02
-8.405183574207651986e+01
-5.934536814493046109e+01
-7.696447362965862737e+01
-1.174431417492451146e+02
-7.244760943056456881e+01
-1.097403978433227252e+02
-8.336350767319748911e+01
-9.525514431935947357e+01
-1.014974429756501735e+02
-9.798449450879179778e+01
-9.598574178921712985e+01
-6.623574222897867969e+01
-8.603168609963658753e+01
-6.470411747133692870e+01
-7.440635637989740303e+01
-7.133230016740340318e+01
-1.238006290456968088e+02
-8.507339930436587849e+01
-9.690342778841257143e+01
-8.523860525103529540e+01
-7.445356062938343200e+01
-9.575184896662854328e+01
-8.955516699424897809e+01
-8.099950021107699172e+01
-1.149872265840485568e+02
-7.761442984227700492e+01
-7.997764178511455668e+01
-7.099214581415924386e+01
-7.084804000658962764e+01
-7.870177367340853891e+01
-9.349110317636338152e+01
-7.722070487694023200e+01
-6.196175938772369562e+01
-7.356762856273535078e+01
-9.570075970169811796e+01
-7.670800009667028974e+01
-7.852063126344228294e+01
-1.783791524141788898e+02
-1.077665372625847766e+02
-8.008145899679603019e+01
-7.337638745081575564e+01
-8.539199275990107196e+01
-8.534995026384338246e+01
-9.955323488584888025e+01
-2.429445672324876284e+02
-8.447840365245733096e+01
-1.178017465895457150e+02
-1.147222962943034332e+02
-1.951495965682090343e+02
-8.553649136794520302e+01
-6.213969170737612302e+01
-1.376445425773747218e+02
-1.671424632907183820e+02
-7.781814205806874440e+01
-6.635614700253937315e+01
-1.112502783936829331e+02
-1.361506843105059943e+02
-1.773831270883186164e+02
-1.475495870356603518e+02
-1.276399531668479739e+02
-7.704774479332036208e+01
-1.508101382043845717e+02
-7.510798464453858969e+01
-1.091988574648649433e+02
-8.952181493353754149e+01
-7.704046136268050304e+01
-7.727016930148666063e+01
-9.355227454504554885e+01
-2.368182982664033318e+02
-6.025165850038566617e+01
-7.732741943121847328e+01
-9.081902728367104771e+01
-9.466652672754209163e+01
-7.935982778429057305e+01
-1.067477079429897344e+02
-1.532944300266407822e+02
-8.085377995583462507e+01
-8.080967592561235335e+01
-9.170565571615834699e+01
-7.659187030851423117e+01
-8.569648529262508418e+01
-6.522825138647228016e+01
-7.023755977585125265e+01
-1.098186953866458424e+02
-1.013560601090381255e+02
-9.432701164985941489e+01
-8.648095498920999091e+01
-7.143553988883175521e+01
-1.320192476760712452e+02
-1.010214723508624957e+02
-1.135343953603962888e+02
-5.256678800845979822e+02
-1.184462735348092366e+02
-7.304338977434521496e+01
-1.071198054663066159e+02
-7.269125791037961903e+01
-6.777149385284377558e+01
-8.470419103129037808e+01
-8.486142974616052470e+01
-1.193892623698743449e+02
-7.358450401476895308e+01
-6.418495557250020056e+01
-7.766877603525996676e+01
-8.830178829245028282e+01
-9.592966607208903440e+01
-7.014502433757051847e+01
-7.965170434208739891e+01
-9.887112223977321435e+01
-6.432920015018355286e+01
-7.107004527947326267e+01
-6.773010365707816050e+01
-1.076394122302274496e+02
-1.010413664014532600e+02
-6.894704131791489488e+01
-6.419445316448056360e+01
-6.599335745760077998e+01
-6.387373769682120184e+01
-8.689542855497948892e+01
-1.030930649261005527e+02
-1.044039048323847538e+02
-6.290640360017243182e+01
-6.959349893937404374e+01
-8.154525419923817253e+01
-6.620528251054301450e+01
-5.253546982566099643e+01
-9.948154530680744756e+01
-7.118276451524283743e+01
-7.806502761808572188e+01
-1.047388552708172966e+02
-1.360184241224536095e+02
-8.319325253799640052e+01
-8.245393416799477393e+01
-2.748964241802540869e+02
-2.456424763989504356e+02
-7.892878355574045202e+01
-9.035702563306860213e+01
-8.902792895013732277e+01
-1.117602265802739936e+02
-6.900169077511297644e+01
-9.498706165906754961e+01
-7.709366250327450132e+01
-1.096823408909749986e+02
-6.833187913360822563e+01
-8.871381369306698161e+01
-7.951176562529406056e+01
-9.694315387338771473e+01
-9.342389547697796104e+01
-8.846742154046869189e+01
-1.057456267686764448e+02
-6.223796685398495754e+01
-7.165711608738286031e+01
-6.025904472581179760e+01
-1.201340672612502800e+02
-1.119937077895483242e+02
-7.521589370688293741e+01
-1.007112155691800410e+02
-9.171695893887178386e+01
-8.542305052309025371e+01
-9.978153020669394380e+01
-1.272375034882374223e+02
-1.228803245645183608e+02
-6.064608218430095832e+01
-7.785154596105651592e+01
-8.690581580171613041e+01
-1.220141714584740669e+02
-7.048335650384478868e+01
-8.097518972593569231e+01
-6.759157687166292305e+01
-6.986252752099763086e+01
-7.367889452397312766e+01
-9.959095704998351550e+01
-7.830725432241341366e+01
-6.553109753345576394e+01
-7.044455826435601864e+01
-6.947549969878784282e+01
-9.640751592077357657e+01
-8.129053536044894201e+01
-8.622135291960159975e+01
-7.280424858934017607e+01
-1.922255165371959720e+02
-9.005311461496204117e+01
-1.090770799082636699e+02
-6.853253613177244574e+01
-6.106482024397486441e+01
-7.900110813313992253e+01
-8.512177752667851394e+01
-7.959160985058353788e+01
-6.016564222605866519e+01
-6.955176039222007489e+01
-8.907322882971573108e+01
-7.966464815114012765e+01
-1.035520089597899869e+02
-8.355817796367036010e+01
-8.156342027776429404e+01
-7.044666488062051712e+01
-1.366308225658649746e+02
-9.030637308519936823e+01
-6.863870010809230848e+01
-7.541515572813239032e+01
-6.546605046246187953e+01
-9.959018227454639316e+01
-8.201166822999665840e+01
-6.808827639240905683e+01
-1.311157977993091208e+02
-1.325137026211853879e+02
-7.502650646393641409e+01
-1.011736880112039216e+02
-1.039015212401418751e+02
-1.051764233987700692e+02
-1.029376056857256998e+02
-8.306978480724509950e+01
-8.818013036318991738e+01
-6.970634906201298975e+01
-8.107401570695411408e+01
-7.007206605134200572e+01
-9.208479436884455538e+01
-5.448881898957359482e+01
-1.293077561881921724e+02
-8.335346901693520749e+01
-8.380544108131127246e+01
-6.337835647535821693e+01
-7.242569062733100793e+01
-7.281857766828525769e+01
-7.528206396802883660e+01
-7.416918426063938341e+01
-7.940820199042303784e+01
-9.374797361321557787e+01
-9.445467527736845170e+01
-1.735219046611925648e+02
-1.147123142564613687e+02
-8.727212219100672996e+01
-6.467501282715551270e+01
-1.033681776496744931e+02
-9.190895347536626048e+01
-1.860507378334460782e+02
-1.120384752521211027e+02
-8.774765404298337046e+01
-6.516882355243058100e+01
-7.143042885775675188e+01
-6.886374696640845627e+01
-1.049137773488291998e+02
-9.028526559325196388e+01
-6.736193083338822873e+01
-7.024360482987606247e+01
-8.413689166646162221e+01
-6.268320613513243700e+01
-7.823660979715677399e+01
-7.475510542706248884e+01
-5.725396869695608615e+01
-9.177704149840786840e+01
-6.123945934577654526e+01
-1.256996463290645210e+02
-8.168541799545762672e+01
-9.090351069078069202e+01
-1.072955999565575098e+02
-6.414637917711328896e+01
-8.792813897027238568e+01
-6.797824078573553663e+01
-6.683843002089524532e+01
-7.258651405832424075e+01
-1.072199596570122537e+02
-7.007213116835268352e+01
-6.377740627594346279e+01
-8.978087863018588166e+01
-6.352145120710324022e+01
-6.577299321194628590e+01
-2.190369827810070831e+02
-9.283995052070639531e+01
-9.794377914486163661e+01
-1.585744765498832862e+02
-1.478924549963794561e+02
-7.018284349908246611e+01
-9.668974425745609835e+01
-8.922402048570297950e+01
-7.977169780644710784e+01
-1.158839808321401392e+02
-1.477259157466140493e+02
-7.622955419629592200e+01
-6.273781750165009186e+01
-8.771024327817016797e+01
-9.800239408514106287e+01
-1.415707332275298427e+02
-1.075868212925514484e+02
-2.876184692994707461e+02
-9.524263392955307950e+01
-1.996421164039991254e+02
-7.275326688749437665e+01
-7.864620645113461705e+01
-2.288133504569358365e+02
-1.582564429565551904e+02
-2.555340931105313302e+02
-2.939633367219730644e+03
-1.053549707298385414e+02
-8.651995802947685377e+01
-1.044169449723461014e+02
-7.548992588916016189e+01
-2.605652178435761016e+03
-1.239847949145010091e+02
-1.652341927203258933e+02
-9.905094811665823329e+01
-8.008759320151357031e+01
-1.037416249030082582e+02
-9.760187151568442232e+01
-6.199204329316712574e+02
-7.136703706746234843e+01
-6.493771012314633140e+01
-1.557919164438401083e+02
-2.794091490197314442e+02
-2.061039922203273704e+02
-1.808699126558476848e+02
-1.492882747649888984e+02
-6.725895996022349266e+01
-8.232689624161601216e+01
-8.394759360422486338e+01
-7.267498143250081455e+01
-6.181434354506319551e+01
-6.859254077478153988e+01
-7.108990022669031816e+01
-6.667113956418553755e+01
-6.538292873023158336e+01
-6.240002153405468022e+01
-6.099973778244071099e+01
-6.521349642022143200e+01
-5.948756091846317418e+01
-6.987722070027447785e+01
-5.945131635665754999e+01
-9.718536623216307646e+01
-7.586904839638275178e+01
-6.150206484182925948e+01
-6.337841042406658687e+01
-1.036463262559046115e+02
-5.884947235144304045e+01
-8.354764992752429009e+01
-7.499187289626495101e+01
-6.597657180319468750e+01
-6.430850688927320391e+01
-1.130201499659597033e+02
-9.483631485860978216e+01
-5.879198680576141101e+01
-7.351943985045274133e+01
-5.995214809743210083e+01
-9.618804157398015775e+01
-6.437817359041159193e+01
-7.170307766513886349e+01
-7.423642899604323020e+01
-9.125919182006519748e+01
-6.257719220501874702e+01
-8.060181773935795491e+01
-6.563956273474873626e+01
-1.008739322608794282e+02
-1.086815792767519753e+02
-7.049711406607936226e+01
-8.436022731618413673e+01
-5.752749068798814136e+01
-6.111361040814429657e+01
-7.178160904196401759e+01
-6.326716357262533563e+01
-6.540573753890379294e+01
-8.349986302040559849e+01
-8.882604409055988981e+01
-7.412532626130560232e+01
-7.506179108497774166e+01
-6.114950693678086679e+01
-6.753650594812370400e+01
-7.319183300696018080e+01
-5.586843030299313284e+01
-7.981001420850623163e+01
-9.816989089416539116e+01
-6.521213273478389283e+01
-7.924181402247113226e+01
-6.731410219582976140e+01
-9.441787810313448404e+01
-5.691141444106351344e+01
-7.310438896695363553e+01
-8.394581481234530429e+01
-9.003598133433209227e+01
-6.996717345550074185e+01
-1.047935644467066680e+02
-1.057637260057816775e+02
-5.971124430192153909e+01
-7.429124511361534644e+01
-9.582348630508207066e+01
-9.143122546484315194e+01
-6.048929102951545644e+01
-7.223013322846837525e+01
-6.674383133902425413e+01
-9.941426242322903306e+01
-5.965832317553745412e+01
-8.031200225912556334e+01
-7.930483070560069336e+01
-6.531505308269305488e+01
-6.621322821923781987e+01
-6.189474877476817483e+01
-5.858929849310116111e+01
-8.608172192535494105e+01
-1.040355593797606417e+02
-8.770824919077648474e+01
-7.628398426518810993e+01
-7.077876641706635041e+01
-8.334463465310841457e+01
-7.086948823104128792e+01
-7.575060567696597502e+01
-1.369822609239818689e+02
-7.262993537047441350e+01
-6.308730922087607240e+01
-8.142818726968168619e+01
-7.236777910561336569e+01
-7.288513316991571855e+01
-7.013858546440889086e+01
-5.818137824183047968e+01
-6.502247710201916675e+01
-7.114704069921337748e+01
-7.622074280939152402e+01
-5.902255147171097605e+01
-8.205811960364998470e+01
-8.126701952044896871e+01
-7.343445433297974034e+01
-1.104720399244243794e+02
-6.531763443056910035e+01
-8.039831559643134540e+01
-8.686011395048799955e+01
-6.799951011831721814e+01
-8.492388384722683270e+01
-6.898188742312771637e+01
-8.545947561114269320e+01
-7.922248040677678205e+01
-7.737497374484055968e+01
-6.604114473520371575e+01
-7.425498560316538033e+01
-6.266211841222036583e+01
-7.036212304986950983e+01
-5.744969733846053828e+01
-6.771164874878823525e+01
-8.381850422050762006e+01
-8.932147872686287826e+01
-7.627058260609013018e+01
-7.429456028661390121e+01
-6.090751325259432747e+01
-7.715597243326085675e+01
-1.057249461419194034e+02
-6.911874523521285596e+01
-6.492963793263923833e+01
-1.193117668436757697e+02
-5.098042786390990955e+01
-5.727972481851188036e+01
-5.669995869553424939e+01
-7.784228582590591827e+01
-8.444229005477461669e+01
-7.464954334336016473e+01
-8.276905435347286755e+01
-5.803733713585767617e+01
-8.305100505455197890e+01
-6.220082421062467404e+01
-8.862308118457924877e+01
-1.015967662203364767e+02
-6.486919208165757311e+01
-6.797361462447940994e+01
-6.196126031177745119e+01
-8.420391482329722521e+01
-8.974479802555237029e+01
-6.208424254060309977e+01
-7.280607133859420799e+01
-1.187673674370186490e+02
-6.848765060466492116e+01
-6.954312678563169925e+01
-6.515513991279985362e+01
-7.775749072922708649e+01
-6.091250287329795299e+01
-5.936902013045992277e+01
-6.406142691028173886e+01
-7.559190721311954064e+01
-9.204881338845400762e+01
-7.341839273083868989e+01
-8.378370535974613631e+01
-6.431406235271147409e+01
-9.996140220724826975e+01
-6.863043604019615884e+01
-6.698031081229508743e+01
-6.594132783742503534e+01
-6.310720884035493583e+01
-6.103815833087435294e+01
-5.891363055888908917e+01
-1.112746400899868036e+02
-8.188472333013919524e+01
-9.050003614531271978e+01
-6.083092243169722479e+01
-6.942199140301984528e+01
-7.740255894536052494e+01
-6.503705348411388343e+01
-8.741487144482755411e+01
-7.982154358140206796e+01
-8.949493578170030617e+01
-7.989146041288158528e+01
-9.287648245349990361e+01
-7.296542433933394989e+01
-6.329114464353667557e+01
-6.507312083483792264e+01
-7.131152230288680016e+01
-7.612152083174167672e+01
-1.126726511054689155e+02
-7.022507142835993932e+01
-6.274541879574942982e+01
-7.417323791719343262e+01
-7.205843606529228396e+01
-6.912097747612763499e+01
-8.862082377847225700e+01
-7.313928704063191333e+01
-8.452706452598246756e+01
-7.080019014868697980e+01
-8.083754413279844186e+01
-7.190849098160693131e+01
-5.485747639009192511e+01
-1.223244853040259557e+02
-9.031040700016509959e+01
-5.835525230387251838e+01
-9.558606700694438985e+01
-7.642511252334924166e+01
-7.881100275241620068e+01
-8.376904055499548463e+01
-1.015056681197110038e+02
-6.978512622518459807e+01
-6.821323619138347283e+01
-8.857747895677445626e+01
-7.286700363952631676e+01
-6.687540582828715685e+01
-1.110357282348634129e+02
-6.878858192627579626e+01
-7.305487138569301919e+01
-5.693931243346612092e+01
-8.753518211840203378e+01
-6.571123252151984673e+01
-8.379634591096234431e+01
-6.340702293874861795e+01
-7.788664621455687609e+01
-5.901457689247655480e+01
-7.061681493090719641e+01
-7.948589115255501270e+01
-8.043758161663328110e+01
-7.022360298444840510e+01
-7.443411226906280831e+01
-8.252026763459657843e+01
-7.698671538579574758e+01
-8.946919839618188064e+01
-8.610323552295693617e+01
-1.277541820423372911e+02
-7.215914197786456441e+01
-6.826625349135282761e+01
-7.119249044934761628e+01
-8.027906912782371762e+01
-1.072468926191754832e+02
-6.073273621940631983e+01
-8.971250575332652488e+01
-7.154611532873562396e+01
-6.811058417870526682e+01
-5.741411725359221663e+01
-9.346469682138952351e+01
-8.067403048651526376e+01
-6.425174765486380579e+01
-1.150702907909842025e+02
-8.755182244993758900e+01
-7.282916565283076693e+01
-8.413522337109166926e+01
-7.513770529557081090e+01
-7.399888045761751698e+01
-7.863026921960872073e+01
-7.243865755629157377e+01
-7.144960734389003676e+01
-6.436276218895788759e+01
-6.087222761066108490e+01
-9.167897448861040743e+01
-6.814601501141788731e+01
-6.812395466585928716e+01
-7.609212848618423664e+01
-5.999687480428059416e+01
-6.806501595857453424e+01
-6.964668835873416697e+01
-8.336207583178305924e+01
-5.960823026846406236e+01
-7.066155236556704722e+01
-5.894976110365900723e+01
-5.950349938999553245e+01
-5.852200203942282286e+01
-6.543771854099556151e+01
-7.210682818101545877e+01
-6.465254236966126200e+01
-6.542868125610807795e+01
-6.748630626819118561e+01
-9.636539831953574264e+01
-7.978977760192339019e+01
-8.423976573825278535e+01
-9.466009342910861335e+01
-5.646513172155098204e+01
-9.060162063981151448e+01
-6.707922529196689254e+01
-6.920087609872810219e+01
-6.283612048005595341e+01
-6.270578319472522111e+01
-5.800596617854843373e+01
-7.675432029294574932e+01
-1.330237361539361700e+02
-6.138989399440834660e+01
-6.243080708808432178e+01
-8.784976021150069414e+01
-7.511660580801768106e+01
-7.867759380618788612e+01
-8.079598008410431476e+01
-5.964318555189892379e+01
-7.535283262964782125e+01
-5.400280947547256005e+01
-1.002969721705644588e+02
-6.857344910882254396e+01
-7.146678017755283463e+01
-6.942562401809992423e+01
-7.352649405337811572e+01
-8.842905954109453148e+01
-5.667860455205252634e+01
-7.787527598484503244e+01
-6.684200949196878128e+01
-1.035916267787887222e+02
-8.038600881079160843e+01
-7.549592791267144776e+01
-7.340044816967892416e+01
-1.158607789306514775e+02
-5.520322615315361503e+01
-9.241778311853410344e+01
-1.071384984114782952e+02
-6.333115907027959679e+01
-9.361611342030316507e+01
-5.328301295690395278e+01
-7.365084138284349535e+01
-7.248114294227188736e+01
-6.726600062304390804e+01
-8.780830955031241558e+01
-8.514768572943799541e+01
-1.662259843277928724e+02
-1.001123644830566803e+02
-5.954641121949558169e+01
-8.388248105199181737e+01
-6.327733975216307982e+01
-6.077345244430487270e+01
-8.482725956617358065e+01
-6.752985660765921239e+01
-7.972448321668706228e+01
-7.480826270891357410e+01
-8.496049262959967052e+01
-8.636342627343832135e+01
-7.399207553238981916e+01
-6.896401163493773367e+01
-1.143323833954698330e+02
-5.104442404853523385e+01
-7.560725929544045698e+01
-6.095907751502680583e+01
-6.682287454636470159e+01
-8.131057637971748875e+01
-7.257847343693063635e+01
-6.944937673340673712e+01
-6.863943010598833894e+01
-6.069707496029647587e+01
-8.845935981466102760e+01
-6.484885330663352931e+01
-7.287926989876515904e+01
-9.107665917510570353e+01
-9.844847500698224962e+01
-6.851815580497171254e+01
-8.197090297302312933e+01
-7.765161611764136751e+01
-5.653195742817042202e+01
-7.997446968177780491e+01
-9.939586039480926161e+01
-7.801134231544921249e+01
-9.595056321603581750e+01
-7.450907855396518187e+01
-6.260851524253084222e+01
-8.764132119010852762e+01
-5.633794222837952503e+01
