2.621621621621621490e+00
1.905405405405405483e+00
2.175675675675675880e+00
2.351351351351351315e+00
3.136486486486486314e+01
4.675675675675675436e+00
1.189189189189189255e+00
1.878378378378378288e+00
5.932432432432432456e+00
1.797297297297297369e+00
3.878378378378378510e+00
5.635135135135135087e+00
2.067567567567567544e+00
1.432432432432432456e+00
6.554054054054054390e+00
3.770270270270270174e+00
1.648648648648648685e+00
9.567567567567568432e+00
1.202702702702702631e+00
2.635135135135135087e+00
3.067567567567567544e+00
1.337837837837837940e+00
2.297297297297297369e+00
1.486486486486486402e+00
2.635135135135135087e+00
9.986486486486485958e+00
1.243243243243243201e+00
4.608108108108107892e+00
1.162162162162162060e+00
1.310810810810810745e+00
2.229729729729729826e+00
2.391891891891892108e+00
2.189189189189189033e+00
1.108108108108108114e+00
4.094594594594594739e+00
1.098648648648648596e+01
1.527027027027026973e+00
1.959459459459459429e+00
5.554054054054054390e+00
2.094594594594594739e+00
1.405405405405405483e+00
2.283783783783783772e+00
2.094594594594594739e+00
3.689189189189189033e+00
4.000000000000000000e+00
1.621621621621621712e+00
1.067567567567567544e+00
1.797297297297297369e+00
1.351351351351351315e+00
5.905405405405405261e+00
1.716216216216216228e+00
5.878378378378378066e+00
1.066216216216216139e+01
1.986486486486486402e+00
2.013513513513513598e+00
4.229729729729729826e+00
1.594594594594594517e+00
2.918918918918918859e+00
2.418918918918918859e+00
2.783783783783783772e+00
2.486486486486486402e+00
1.783783783783783772e+00
2.891891891891892108e+00
1.986486486486486402e+00
1.581081081081081141e+00
4.527027027027027195e+00
7.121621621621621934e+00
1.887837837837837895e+01
3.445945945945946054e+00
6.756756756756757021e+00
1.337837837837837940e+00
1.552702702702702631e+01
9.148648648648649129e+00
9.635135135135135087e+00
1.382432432432432456e+01
2.081081081081081141e+00
6.459459459459459651e+00
2.013513513513513598e+00
1.675675675675675658e+00
4.608108108108107892e+00
1.743243243243243201e+00
4.216216216216215784e+00
2.513513513513513598e+00
1.351351351351351315e+00
3.040540540540540349e+00
5.770270270270270174e+00
1.216216216216216228e+00
1.859459459459459296e+01
4.621621621621621934e+00
3.270270270270270174e+00
5.324324324324324564e+00
8.216216216216215784e+00
3.386486486486486314e+01
1.851351351351351315e+00
7.216216216216215784e+00
7.756756756756757021e+00
1.783783783783783772e+00
4.729729729729729826e+00
7.162162162162162282e+00
3.148648648648648685e+00
1.513513513513513598e+00
3.040540540540540349e+00
3.432432432432432456e+00
1.554054054054053946e+00
1.005405405405405439e+01
7.310810810810810523e+00
1.108108108108108114e+00
8.675675675675675436e+00
2.621621621621621490e+00
4.135135135135135087e+00
5.864864864864864913e+00
5.040540540540540349e+00
1.031081081081081052e+01
3.932432432432432456e+00
4.283783783783784216e+00
5.405405405405405261e+00
2.520270270270270174e+01
3.756756756756756577e+00
1.648648648648648685e+00
3.945945945945946054e+00
1.756756756756756799e+00
7.581081081081080697e+00
2.405405405405405261e+00
6.716216216216215784e+00
3.945945945945946054e+00
1.148648648648648685e+00
1.391891891891891886e+00
1.175675675675675658e+00
9.418918918918919303e+00
2.297297297297297369e+00
4.450000000000000000e+01
2.121621621621621490e+00
9.432432432432431568e+00
6.486486486486486847e+00
3.837837837837837718e+00
3.405405405405405261e+00
2.486486486486486402e+00
1.364864864864864913e+00
2.079729729729729826e+01
2.972972972972972805e+00
1.581081081081081141e+00
1.162162162162162060e+00
1.918918918918918859e+00
6.378378378378378066e+00
3.972972972972972805e+00
1.391891891891891886e+00
1.118918918918918948e+01
2.283783783783783772e+00
1.837837837837837940e+00
2.608108108108107892e+00
2.324324324324324120e+00
1.851351351351351315e+00
1.472972972972973027e+00
6.729729729729729826e+00
1.501351351351351404e+01
2.716216216216216228e+00
7.094594594594594739e+00
4.067567567567567544e+00
3.878378378378378510e+00
6.297297297297297369e+00
1.513513513513513598e+00
9.608108108108108780e+00
1.527027027027026973e+00
1.783783783783783772e+00
6.459459459459459651e+00
3.432432432432432456e+00
8.702702702702703519e+00
2.378378378378378510e+00
3.095945945945945965e+01
5.513513513513513153e+00
2.905405405405405261e+00
1.810810810810810745e+00
1.810810810810810745e+00
1.189189189189189255e+00
9.270270270270270174e+00
2.972972972972972805e+00
3.054054054054053946e+00
1.094594594594594517e+00
2.216216216216216228e+00
2.270270270270270174e+00
3.662162162162162282e+00
4.175675675675675436e+00
1.016216216216216139e+01
1.418918918918918859e+00
5.094594594594594739e+00
2.337837837837837718e+00
2.756756756756756577e+00
2.540540540540540349e+00
2.172972972972972983e+01
1.618918918918918948e+01
2.175675675675675880e+00
1.878378378378378288e+00
8.148648648648649129e+00
1.689189189189189255e+00
2.108108108108107892e+00
2.013513513513513598e+00
1.891891891891891886e+00
3.972972972972972805e+00
7.986486486486486847e+00
5.797297297297297369e+00
1.631081081081081052e+01
2.378378378378378510e+00
2.351351351351351315e+00
6.540540540540540349e+00
2.202702702702702631e+00
1.189189189189189255e+00
8.959459459459459651e+00
1.648648648648648685e+00
2.824324324324324120e+00
2.959459459459459651e+00
2.824324324324324120e+00
1.581081081081081141e+00
9.324324324324324564e-01
8.418918918918919303e+00
3.418918918918918859e+00
1.079729729729729648e+01
4.337837837837837718e+00
1.405405405405405483e+00
4.121621621621621934e+00
3.540540540540540349e+00
3.756756756756756577e+00
1.418918918918918859e+00
6.972972972972972805e+00
1.162162162162162060e+00
1.500000000000000000e+00
9.594594594594594295e-01
1.378378378378378288e+00
3.120270270270270174e+01
3.581081081081081141e+00
2.162162162162162282e+00
1.878378378378378288e+00
1.418918918918918859e+00
2.351351351351351315e+00
3.662162162162162282e+00
1.472972972972973027e+00
1.405405405405405483e+00
2.094594594594594739e+00
2.756756756756756577e+00
1.729729729729729826e+00
1.608108108108108114e+00
1.108108108108108114e+00
2.837837837837837718e+00
1.783783783783783772e+00
4.391891891891892108e+00
2.459459459459459651e+00
1.662162162162162060e+00
1.459459459459459429e+00
2.405405405405405261e+00
1.081081081081081141e+00
2.175675675675675880e+00
6.702702702702702631e+00
2.040540540540540349e+00
1.445945945945946054e+00
3.297297297297297369e+00
1.567567567567567544e+00
1.608108108108108114e+00
1.027027027027026973e+00
1.716216216216216228e+00
1.283783783783783772e+00
1.581081081081081141e+00
1.297297297297297369e+00
1.531081081081081052e+01
1.882432432432432279e+01
1.175675675675675658e+00
1.925675675675675791e+01
3.202702702702702631e+00
2.472972972972972805e+00
4.189189189189189477e+00
1.513513513513513598e+00
3.351351351351351315e+00
3.959459459459459651e+00
1.486486486486486402e+00
6.067567567567567544e+00
2.204054054054054035e+01
2.977027027027027017e+01
2.027027027027027195e+00
2.743243243243243423e+00
4.067567567567567544e+00
2.040540540540540349e+00
3.270270270270270174e+00
1.472972972972973027e+00
1.216216216216216228e+00
7.486486486486486847e+00
3.810810810810810967e+00
3.743243243243243423e+00
1.148648648648648685e+00
1.162162162162162060e+00
4.716216216216215784e+00
5.054054054054054390e+00
2.108108108108107892e+00
1.162162162162162060e+00
1.283783783783783772e+00
3.783783783783783772e+00
5.364864864864864913e+00
8.729729729729729826e+00
1.022972972972972983e+01
6.972972972972972805e+00
3.216216216216216228e+00
9.202702702702703519e+00
2.310810810810810967e+00
1.770270270270270174e+00
6.283783783783784216e+00
3.716216216216216228e+00
1.771621621621621756e+01
4.662162162162162282e+00
1.171621621621621578e+01
1.567567567567567544e+00
1.094594594594594517e+00
3.000000000000000000e+00
2.129729729729729826e+01
9.513513513513514042e+00
1.045945945945945965e+01
5.405405405405405261e+00
4.945945945945945610e+00
4.229729729729729826e+00
9.378378378378378954e+00
8.905405405405405261e+00
5.824324324324324564e+00
5.851351351351351759e+00
4.797297297297297369e+00
7.094594594594594739e+00
1.378378378378378288e+00
1.005405405405405439e+01
5.391891891891892108e+00
3.243243243243243423e+00
5.783783783783784216e+00
3.618918918918918592e+01
5.256756756756757021e+00
3.135135135135135087e+00
3.283783783783783772e+00
4.675675675675675436e+00
2.594594594594594739e+00
4.067567567567567544e+00
4.162162162162162282e+00
5.594594594594594739e+00
3.094594594594594739e+00
3.702702702702702631e+00
1.589189189189189122e+01
3.810810810810810967e+00
5.689189189189189477e+00
1.175675675675675613e+01
6.189189189189189477e+00
5.513513513513513153e+00
6.716216216216215784e+00
1.750000000000000000e+01
3.621621621621621490e+00
1.078378378378378422e+01
3.797297297297297369e+00
5.243243243243242979e+00
6.432432432432432456e+00
6.391891891891892108e+00
4.405405405405405261e+00
2.337837837837837718e+00
8.378378378378378954e+00
4.445945945945945610e+00
1.560810810810810878e+01
6.445945945945945610e+00
6.270270270270270174e+00
7.513513513513513153e+00
1.166216216216216139e+01
3.191891891891891930e+01
9.459459459459459651e+00
1.986486486486486402e+00
4.500000000000000000e+00
1.594594594594594561e+01
6.054054054054054390e+00
2.177027027027027017e+01
7.608108108108107892e+00
2.462162162162162105e+01
3.824324324324324120e+00
3.256756756756756488e+01
1.847297297297297192e+01
3.432432432432432456e+00
7.972972972972972805e+00
5.067567567567567544e+00
2.635135135135135087e+00
7.067567567567567544e+00
6.540540540540540349e+00
1.037837837837837895e+01
7.040540540540540349e+00
8.364864864864864913e+00
1.351351351351351315e+00
2.148648648648648685e+00
4.716216216216215784e+00
1.851351351351351315e+00
1.648648648648648685e+00
1.081081081081081141e+00
4.810810810810810523e+00
6.378378378378378066e+00
5.756756756756757021e+00
3.824324324324324120e+00
2.297297297297297369e+00
8.662162162162161394e+00
1.567567567567567544e+00
5.337837837837837718e+00
4.986486486486486847e+00
7.702702702702702631e+00
5.256756756756757021e+00
2.418918918918918859e+00
3.148648648648648685e+00
1.308108108108108070e+01
1.162162162162162060e+00
4.378378378378378066e+00
1.472972972972973027e+00
1.918918918918918859e+00
1.005405405405405439e+01
4.648648648648648241e+00
5.729729729729729826e+00
1.391891891891891886e+00
1.268918918918918948e+01
1.440540540540540526e+01
9.851351351351350871e+00
3.418918918918918859e+00
1.716216216216216228e+00
2.013513513513513598e+00
4.851351351351351759e+00
5.148648648648648241e+00
5.000000000000000000e+00
6.554054054054054390e+00
2.486486486486486402e+00
1.810810810810810745e+00
5.972972972972972805e+00
3.310810810810810967e+00
5.581081081081080697e+00
3.027027027027027195e+00
1.175675675675675658e+00
2.189189189189189033e+00
1.351351351351351315e+00
3.662162162162162282e+00
2.270270270270270174e+00
2.189189189189189033e+00
3.054054054054053946e+00
1.189189189189189255e+00
1.797297297297297369e+00
1.135135135135135087e+00
2.283783783783783772e+00
3.851351351351351315e+00
3.243243243243243423e+00
2.878378378378378510e+00
1.959459459459459429e+00
1.121621621621621712e+00
1.797297297297297369e+00
7.013513513513513153e+00
1.918918918918918859e+00
3.189189189189189033e+00
2.540540540540540704e+01
1.259459459459459474e+01
5.963513513513513686e+01
3.040540540540540349e+00
5.540540540540540349e+00
2.608108108108107892e+00
2.513513513513513686e+01
1.900000000000000000e+01
5.202702702702702631e+00
2.013513513513513598e+00
5.986486486486486847e+00
5.540540540540540349e+00
3.337837837837837718e+00
1.194594594594594561e+01
1.081081081081081141e+00
3.324324324324324120e+00
1.797297297297297369e+00
1.094594594594594517e+00
5.513513513513513153e+00
3.662162162162162282e+00
5.527027027027027195e+00
2.527027027027027195e+00
4.729729729729729826e+00
1.878378378378378288e+00
1.277027027027027017e+01
2.148648648648648685e+00
6.067567567567567544e+00
7.310810810810810523e+00
3.067567567567567544e+00
3.581081081081081141e+00
6.932432432432432456e+00
1.833783783783783861e+01
2.013513513513513598e+00
1.202702702702702631e+01
2.227027027027027017e+01
1.527027027027026973e+00
3.648648648648648685e+00
6.891891891891892108e+00
1.783783783783783772e+00
1.013513513513513598e+00
3.594594594594594739e+00
1.067567567567567544e+00
5.608108108108107892e+00
9.324324324324324564e-01
4.540540540540540349e+00
5.972972972972972805e+00
1.472972972972973027e+00
1.729729729729729826e+00
1.108108108108108114e+00
3.418918918918918859e+00
2.310810810810810967e+00
2.594594594594594739e+00
2.202702702702702631e+00
1.567567567567567544e+00
1.702702702702702631e+00
1.581081081081081141e+00
1.081081081081081141e+00
2.391891891891892108e+00
4.148648648648648241e+00
3.432432432432432456e+00
1.878378378378378288e+00
7.013513513513513153e+00
1.108108108108108114e+00
5.540540540540540349e+00
1.486486486486486402e+00
2.081081081081081141e+00
5.067567567567567544e+00
2.716216216216216228e+00
2.891891891891892108e+00
1.432432432432432456e+00
8.117567567567567721e+01
2.283783783783783772e+00
1.243243243243243201e+00
1.959459459459459429e+00
1.162162162162162060e+00
1.108108108108108114e+00
1.810810810810810745e+00
1.486486486486486402e+00
5.959459459459459651e+00
1.364864864864864913e+00
2.000000000000000000e+01
3.040540540540540349e+00
2.729729729729729826e+00
1.783783783783783772e+00
2.000000000000000000e+00
2.033783783783783861e+01
8.527027027027026307e+00
1.351351351351351315e+00
3.513513513513513598e+00
1.770270270270270174e+00
1.297297297297297369e+00
1.567567567567567544e+00
1.270270270270270174e+00
2.175675675675675880e+00
7.135135135135135087e+00
1.662162162162162060e+00
5.905405405405405261e+00
4.918918918918919303e+00
1.364864864864864913e+00
2.121621621621621490e+00
4.202702702702702631e+00
8.824324324324324564e+00
1.162162162162162060e+00
3.360810810810810523e+01
8.202702702702703519e+00
6.878378378378378066e+00
5.662162162162162282e+00
7.716216216216215784e+00
5.283783783783784216e+00
6.300000000000000000e+01
1.553108108108108070e+02
2.621621621621621490e+00
3.054054054054053946e+00
3.540540540540540349e+00
6.566216216216216139e+01
4.135135135135135087e+00
2.770270270270270174e+00
8.743243243243243867e+00
8.756756756756756133e+00
3.013513513513513598e+00
1.066216216216216139e+01
8.027027027027026307e+00
3.662162162162162282e+00
2.797297297297297369e+00
2.418918918918918859e+00
8.527027027027026307e+00
4.405405405405405261e+00
1.575675675675675613e+01
9.135135135135135087e+00
5.081081081081080697e+00
5.432432432432432456e+00
1.813513513513513686e+01
9.256756756756756133e+00
2.562162162162162105e+01
4.689189189189189477e+00
7.027027027027027195e+00
5.067567567567567544e+00
6.378378378378378066e+00
1.427027027027027017e+01
1.079729729729729648e+01
1.248648648648648596e+01
1.691891891891891930e+01
1.012162162162162105e+01
1.302702702702702631e+01
1.960810810810810878e+01
1.656756756756756843e+01
1.991891891891891930e+01
2.285135135135135087e+01
1.963513513513513686e+01
1.459459459459459474e+01
6.932432432432432456e+00
1.658108108108108070e+01
8.472972972972973693e+00
4.151351351351351582e+01
8.932432432432431568e+00
4.648648648648648241e+00
4.216216216216215784e+00
1.405405405405405483e+00
1.029729729729729648e+01
1.636486486486486314e+01
7.405405405405405261e+00
1.817567567567567721e+01
1.143243243243243157e+01
9.135135135135135087e+00
5.608108108108107892e+00
5.797297297297297369e+00
1.972972972972973027e+00
1.337837837837837940e+00
1.148648648648648596e+01
5.270270270270270174e+00
1.531081081081081052e+01
1.312162162162162105e+01
6.635135135135135087e+00
4.445945945945945610e+00
1.905405405405405483e+00
1.121621621621621712e+00
2.490540540540540704e+01
4.810810810810810523e+00
2.243243243243243423e+00
1.675675675675675658e+00
3.770270270270270174e+00
1.594594594594594517e+00
3.635135135135135087e+00
1.824324324324324342e+00
3.135135135135135087e+00
6.608108108108107892e+00
6.054054054054054390e+00
2.648648648648648773e+01
8.702702702702703519e+00
6.783783783783784216e+00
9.716216216216215784e+00
2.216216216216216228e+00
1.000000000000000000e+00
3.108108108108107892e+00
3.337837837837837718e+00
2.936486486486486314e+01
3.594594594594594739e+00
6.743243243243242979e+00
4.081081081081080697e+00
3.283783783783783772e+00
1.040540540540540571e+00
3.202702702702702631e+00
3.000000000000000000e+00
3.081081081081081141e+00
7.135135135135135087e+00
1.256756756756756799e+00
6.737837837837837185e+01
4.013513513513513153e+00
9.013513513513514042e+00
6.324324324324324564e+00
2.472972972972972805e+00
5.594594594594594739e+00
1.297297297297297369e+00
4.445945945945945610e+00
1.067567567567567544e+00
1.932432432432432456e+00
9.229729729729729826e+00
3.972972972972972805e+00
7.094594594594594739e+00
1.281081081081081052e+01
2.743243243243243423e+00
9.094594594594594739e+00
1.770270270270270174e+00
1.283783783783783772e+00
6.837837837837837718e+00
5.040540540540540349e+00
4.125675675675675791e+01
1.851351351351351315e+00
9.621621621621621046e+00
3.472972972972972805e+00
1.229729729729729826e+00
1.536486486486486491e+01
2.324324324324324120e+00
8.810810810810810523e+00
2.500000000000000000e+00
1.797297297297297369e+00
1.271621621621621578e+01
3.635135135135135087e+00
2.681081081081081052e+01
1.383783783783783861e+01
8.851351351351350871e+00
1.581081081081081141e+00
5.067567567567567544e+00
3.513513513513513598e+00
7.621621621621621934e+00
1.148648648648648685e+00
5.243243243243242979e+00
2.675675675675675880e+00
3.189189189189189033e+00
7.351351351351351759e+00
2.959459459459459651e+00
1.521621621621621578e+01
5.648648648648648241e+00
1.810810810810810745e+00
2.418918918918918859e+00
3.189189189189189033e+00
1.310810810810810745e+00
3.418918918918918859e+00
3.689189189189189033e+00
5.351351351351351759e+00
7.904054054054054745e+01
3.702702702702702631e+00
5.756756756756757021e+00
9.756756756756756133e+00
3.648648648648648685e+00
4.027027027027027195e+00
9.459459459459459651e+00
5.148648648648648241e+00
1.743243243243243201e+00
7.851351351351351759e+00
2.310810810810810967e+00
9.040540540540540349e+00
2.243243243243243423e+00
5.270270270270270174e+00
1.731081081081081052e+01
3.027027027027027195e+00
3.271621621621621756e+01
1.310810810810810745e+00
1.054054054054053946e+00
5.878378378378378066e+00
1.004054054054054035e+01
1.175675675675675658e+00
6.308108108108108070e+01
1.390540540540540526e+01
2.581081081081081141e+00
1.702702702702702631e+00
2.945945945945946054e+00
3.729729729729729826e+00
2.071621621621621756e+01
6.405405405405405261e+00
3.581081081081081141e+00
1.729729729729729826e+00
2.297297297297297369e+00
1.270270270270270174e+00
1.783783783783783772e+00
3.554054054054053946e+00
1.632432432432432279e+01
1.108108108108108070e+01
3.070270270270270174e+01
1.878378378378378288e+00
1.270270270270270174e+00
4.743243243243242979e+00
1.112162162162162105e+01
7.864864864864864913e+00
8.756756756756756133e+00
1.364864864864864913e+00
1.932432432432432456e+00
1.229729729729729826e+00
1.351351351351351315e+00
2.662162162162162282e+00
1.891891891891891886e+00
5.337837837837837718e+00
7.891891891891892108e+00
2.229729729729729826e+00
1.932432432432432456e+00
2.567567567567567544e+00
2.432432432432432456e+00
9.270270270270270174e+00
8.391891891891891220e+00
2.635135135135135087e+00
3.383783783783783861e+01
1.027027027027026973e+00
5.932432432432432456e+00
2.013513513513513598e+00
1.391891891891891886e+00
1.008108108108108070e+01
1.932432432432432456e+00
1.420270270270270352e+01
1.340540540540540526e+01
4.282432432432432279e+01
5.068918918918918592e+01
4.432432432432432456e+00
2.324324324324324120e+00
1.918918918918918859e+00
1.905405405405405483e+00
9.270270270270270174e+00
1.155405405405405439e+01
3.702702702702702631e+00
1.621621621621621712e+00
1.783783783783783772e+00
1.675675675675675658e+00
2.120270270270270174e+01
8.932432432432431568e+00
7.891891891891892108e+00
7.229729729729729826e+00
1.256756756756756799e+00
2.397297297297297192e+01
2.094594594594594739e+00
2.054054054054053946e+00
7.027027027027027195e+00
1.324324324324324342e+00
1.108108108108108114e+00
1.814864864864864913e+01
2.283783783783783772e+00
3.148648648648648685e+00
1.181081081081081052e+01
5.567567567567567544e+00
4.475675675675675791e+01
1.193378378378378386e+02
3.351351351351351315e+00
7.000000000000000000e+00
7.824324324324324564e+00
2.797297297297297369e+00
4.986486486486486847e+00
2.891891891891892108e+00
2.500000000000000000e+00
6.108108108108107892e+00
4.527027027027027195e+00
3.125675675675675791e+01
2.500000000000000000e+00
1.108108108108108114e+00
2.421621621621621756e+01
1.229729729729729826e+00
1.837837837837837940e+00
1.608108108108108114e+00
2.162162162162162282e+00
1.500000000000000000e+00
1.229729729729729826e+00
1.945945945945946054e+00
6.337837837837837718e+00
4.824324324324324564e+00
9.729729729729730270e-01
1.405405405405405483e+00
1.581081081081081141e+00
7.770270270270270174e+00
3.635135135135135087e+00
8.418918918918919303e+00
1.032432432432432456e+01
1.324324324324324342e+00
2.540540540540540349e+00
1.135135135135135087e+00
1.283783783783783772e+00
2.837837837837837718e+00
6.716216216216215784e+00
1.204054054054054035e+01
1.500000000000000000e+00
2.013513513513513598e+00
2.567567567567567544e+00
1.905405405405405483e+00
1.337837837837837895e+01
2.202702702702702631e+00
8.513513513513514042e+00
1.256756756756756799e+00
5.094594594594594739e+00
1.133783783783783861e+01
1.662162162162162060e+00
5.729729729729729826e+00
7.081081081081080697e+00
2.716216216216216228e+00
2.783783783783783772e+00
1.162162162162162060e+00
5.189189189189189477e+00
2.270270270270270174e+00
9.864864864864865135e-01
2.137837837837837895e+01
2.716216216216216228e+00
3.013513513513513598e+00
5.094594594594594739e+00
3.932432432432432456e+00
1.743243243243243201e+00
3.472972972972972805e+00
4.370270270270270174e+01
3.662162162162162282e+00
1.175675675675675658e+00
3.486486486486486402e+00
5.391891891891892108e+00
6.986486486486486847e+00
1.851351351351351315e+00
3.337837837837837718e+00
9.959459459459459651e+00
7.418918918918919303e+00
4.121621621621621934e+00
1.081081081081081141e+00
2.554054054054053946e+00
1.337837837837837940e+00
7.432432432432432456e+00
1.136486486486486491e+01
1.114864864864864913e+01
1.662162162162162060e+00
1.256756756756756799e+00
1.500000000000000000e+00
2.391891891891892108e+00
2.027027027027027195e+00
1.229729729729729826e+00
2.702702702702702631e+00
6.770270270270270174e+00
9.040540540540540349e+00
4.554054054054054390e+00
1.567567567567567544e+00
4.459459459459459651e+00
3.635135135135135087e+00
1.362162162162162105e+01
4.418918918918919303e+00
1.479729729729729648e+01
1.716216216216216228e+00
1.270270270270270174e+00
2.297297297297297369e+00
8.324324324324324564e+00
3.878378378378378510e+00
6.364864864864864913e+00
1.441891891891891930e+01
6.418918918918919303e+00
2.418918918918918859e+00
8.810810810810810523e+00
2.581081081081081141e+00
2.054054054054053946e+00
2.810810810810810967e+00
6.324324324324324564e+00
8.216216216216215784e+00
2.243243243243243423e+00
4.891891891891892108e+00
3.702702702702702631e+00
3.013513513513513598e+00
3.297297297297297369e+00
4.770270270270270174e+00
1.413513513513513509e+01
1.662162162162162060e+00
2.364864864864864913e+00
6.243243243243242979e+00
7.000000000000000000e+00
1.851351351351351315e+00
1.270270270270270174e+00
2.040540540540540349e+00
4.027027027027027195e+00
8.027027027027026307e+00
2.189189189189189033e+00
1.959459459459459429e+00
1.135135135135135087e+00
3.581081081081081141e+00
2.527027027027027195e+00
2.067567567567567544e+00
6.621621621621621934e+00
4.270270270270270174e+00
7.040540540540540349e+00
4.513513513513513153e+00
4.351351351351351759e+00
2.986486486486486402e+00
2.108108108108107892e+00
9.054054054054054390e+00
1.243243243243243201e+00
4.500000000000000000e+00
1.608108108108108114e+00
3.689189189189189033e+00
4.162162162162162282e+00
1.031081081081081052e+01
6.405405405405405261e+00
9.040540540540540349e+00
2.824324324324324120e+00
6.695945945945945255e+01
1.567567567567567544e+00
5.418918918918919303e+00
1.864864864864864913e+00
2.756756756756756577e+00
2.270270270270270174e+00
1.351351351351351315e+00
5.486486486486486847e+00
1.114864864864864913e+01
4.244594594594594383e+01
1.310810810810810745e+00
1.094594594594594517e+00
4.905405405405405261e+00
1.891891891891891886e+00
4.459459459459459651e+00
1.260810810810810878e+01
1.036486486486486491e+01
6.167567567567567721e+01
1.743243243243243201e+00
5.824324324324324564e+00
3.229729729729729826e+00
2.662162162162162105e+01
2.756756756756756843e+01
1.783783783783783772e+00
4.229729729729729826e+00
5.175675675675675436e+00
2.318918918918918948e+01
2.178378378378378244e+01
2.795945945945945965e+01
2.605405405405405261e+01
4.648648648648648241e+00
6.256756756756757021e+00
3.083783783783783861e+01
2.554054054054053946e+00
6.000000000000000000e+00
2.959459459459459651e+00
1.516216216216216139e+01
1.445945945945946054e+00
1.554054054054053946e+00
1.527027027027026973e+00
3.675675675675675880e+00
1.459459459459459429e+00
6.040540540540540349e+00
1.851351351351351315e+00
1.851351351351351315e+00
1.798648648648648773e+01
1.656756756756756843e+01
8.918918918918918859e-01
2.743243243243243423e+00
3.648648648648648685e+00
1.040540540540540571e+00
4.391891891891892108e+00
5.445945945945945610e+00
1.097297297297297369e+01
1.575675675675675613e+01
6.297297297297297369e+00
2.445945945945946054e+00
1.054054054054053946e+00
2.418918918918918859e+00
2.040540540540540349e+00
2.378378378378378510e+00
2.959459459459459651e+00
1.878378378378378288e+00
3.675675675675675880e+00
4.216216216216215784e+00
1.081081081081081141e+00
9.662162162162161394e+00
1.243243243243243201e+00
1.675675675675675658e+00
3.986486486486486402e+00
9.770270270270270174e+00
4.378378378378378066e+00
1.864864864864864913e+00
1.675675675675675658e+00
1.594594594594594517e+00
1.702702702702702631e+00
1.067567567567567544e+00
1.554054054054053946e+00
1.959459459459459429e+00
1.310810810810810745e+00
2.297297297297297369e+00
2.472972972972972805e+00
1.648648648648648685e+00
1.702702702702702631e+00
2.878378378378378510e+00
3.824324324324324120e+00
1.256756756756756799e+00
1.527027027027026973e+00
2.324324324324324120e+00
1.878378378378378288e+00
1.945945945945946054e+00
3.310810810810810967e+00
4.648648648648648241e+00
1.540540540540540571e+00
4.716216216216215784e+00
4.864864864864864913e+00
1.472972972972972983e+01
1.689189189189189255e+00
2.364864864864864913e+00
1.162162162162162060e+00
1.648648648648648773e+01
7.214864864864864558e+01
1.810810810810810745e+00
8.486486486486485958e+00
1.114864864864864913e+01
3.094594594594594739e+00
1.621621621621621712e+00
1.527027027027026973e+00
3.364864864864864913e+00
3.837837837837837718e+00
2.851351351351351315e+00
3.364864864864864913e+00
1.027027027027026973e+00
7.810810810810810523e+00
4.432432432432432456e+00
1.635135135135135087e+00
5.891891891891892108e+00
1.324324324324324342e+00
1.540540540540540571e+00
1.270270270270270174e+00
1.459459459459459429e+00
2.216216216216216228e+00
1.778378378378378244e+01
9.810810810810810523e+00
1.148648648648648685e+00
5.121621621621621934e+00
5.445945945945945610e+00
4.040540540540540349e+00
1.864864864864864913e+00
6.121621621621621934e+00
1.297297297297297369e+00
1.716216216216216228e+00
2.094594594594594739e+00
7.391891891891892108e+00
4.594594594594594739e+00
4.027027027027027195e+00
1.581081081081081141e+00
1.162162162162162060e+00
1.912162162162162105e+01
2.945945945945946054e+00
5.351351351351351759e+00
3.689189189189189033e+00
1.932432432432432456e+00
1.378378378378378288e+00
3.648648648648648685e+00
1.959459459459459429e+00
1.175675675675675658e+00
3.675675675675675880e+00
1.702702702702702631e+00
1.148648648648648685e+00
7.297297297297297369e+00
3.567567567567567544e+00
1.486486486486486402e+00
1.405405405405405483e+00
1.851351351351351315e+00
6.932432432432432456e+00
2.972972972972972805e+00
1.729729729729729826e+00
6.851351351351351759e+00
1.313513513513513509e+01
2.778378378378378244e+01
1.905405405405405483e+00
1.581081081081081141e+00
2.243243243243243423e+00
2.608108108108107892e+00
4.810810810810810523e+00
8.256756756756756133e+00
4.297297297297297369e+00
4.824324324324324564e+00
4.945945945945945610e+00
4.324324324324324564e+00
1.513513513513513598e+00
5.675675675675675436e+00
5.175675675675675436e+00
2.378378378378378510e+00
3.189189189189189033e+00
4.067567567567567544e+00
4.067567567567567544e+00
6.418918918918919303e+00
2.216216216216216228e+00
1.810810810810810745e+00
3.054054054054053946e+00
1.486486486486486402e+00
1.044594594594594561e+01
1.379729729729729648e+01
9.878378378378378954e+00
2.581081081081081141e+00
7.864864864864864913e+00
1.364864864864864913e+00
1.824324324324324342e+00
5.002702702702702453e+01
4.060810810810810523e+01
6.581081081081080697e+00
1.051351351351351404e+01
1.743243243243243201e+00
2.527027027027027195e+00
1.324324324324324342e+00
1.351351351351351315e+00
7.364864864864864913e+00
5.405405405405405261e+00
6.675675675675675436e+00
3.716216216216216228e+00
3.121621621621621490e+00
2.527027027027027195e+00
1.554054054054053946e+00
6.783783783783784216e+00
1.163513513513513509e+01
4.310810810810810523e+00
3.027027027027027195e+00
3.121621621621621490e+00
2.797297297297297369e+00
5.608108108108107892e+00
1.662162162162162060e+00
2.959459459459459651e+00
2.324324324324324120e+00
2.405405405405405261e+00
1.212162162162162105e+01
9.337837837837838606e+00
6.581081081081080697e+00
3.635135135135135087e+00
7.864864864864864913e+00
1.500000000000000000e+00
3.013513513513513598e+00
6.081081081081080697e+00
2.527027027027027195e+00
3.540540540540540349e+00
9.797297297297296481e+00
1.425675675675675613e+01
8.459459459459459651e+00
6.418918918918919303e+00
8.027027027027026307e+00
1.578378378378378422e+01
8.810810810810810523e+00
1.000000000000000000e+01
3.175675675675675880e+00
1.010810810810810878e+01
1.310810810810810745e+00
3.648648648648648685e+00
3.810810810810810967e+00
5.986486486486486847e+00
2.743243243243243423e+00
3.783783783783783772e+00
2.000000000000000000e+00
2.283783783783783772e+00
2.770270270270270174e+00
2.256756756756756577e+00
2.094594594594594739e+00
1.432432432432432456e+00
4.520270270270270174e+01
8.351351351351350871e+00
8.513513513513514042e+00
6.986486486486486847e+00
5.229729729729729826e+00
5.391891891891892108e+00
8.716216216216215784e+00
5.121621621621621934e+00
1.432432432432432456e+00
3.202702702702702631e+00
5.405405405405405261e+00
9.986486486486485958e+00
5.783783783783784216e+00
1.689189189189189255e+00
3.351351351351351315e+00
1.656756756756756843e+01
1.216216216216216228e+00
1.554054054054053946e+00
4.054054054054054390e+00
3.824324324324324120e+00
2.270270270270270174e+00
4.337837837837837718e+00
1.324324324324324342e+00
2.662162162162162282e+00
6.743243243243242979e+00
5.622972972972972627e+01
1.282432432432432456e+01
1.022972972972972983e+01
6.540540540540540349e+00
4.837837837837837718e+00
5.905405405405405261e+00
6.054054054054054390e+00
6.608108108108107892e+00
3.527027027027027195e+00
1.608108108108108114e+00
3.743243243243243423e+00
4.972972972972972805e+00
1.716216216216216228e+00
3.527027027027027195e+00
2.216216216216216228e+00
3.621621621621621490e+00
3.729729729729729826e+00
1.783783783783783772e+00
2.378378378378378510e+00
1.027027027027026973e+00
1.108108108108108114e+00
1.585135135135135087e+01
8.189189189189189477e+00
1.697297297297297192e+01
1.090540540540540526e+01
5.283783783783784216e+00
3.432432432432432456e+00
9.216216216216215784e+00
1.112162162162162105e+01
3.108108108108107892e+00
5.337837837837837718e+00
1.472972972972973027e+00
3.418918918918918859e+00
4.364864864864864913e+00
4.567567567567567544e+00
3.648648648648648685e+00
2.418918918918918859e+00
1.662162162162162060e+00
1.689189189189189255e+00
1.189189189189189255e+00
3.027027027027027195e+00
1.366216216216216139e+01
1.950000000000000000e+01
1.152702702702702631e+01
1.424324324324324387e+01
1.710810810810810878e+01
2.456756756756756843e+01
1.470270270270270352e+01
7.432432432432432456e+00
4.000000000000000000e+00
1.806756756756756843e+01
2.391891891891892108e+00
3.864864864864864913e+00
5.810810810810810523e+00
1.959459459459459429e+00
2.675675675675675880e+00
4.067567567567567544e+00
2.743243243243243423e+00
3.689189189189189033e+00
4.135135135135135087e+00
1.972972972972973027e+00
1.216216216216216228e+00
6.513513513513513153e+00
3.716216216216216228e+00
2.378378378378378510e+00
1.135135135135135087e+00
1.581081081081081141e+00
1.432432432432432456e+00
7.324324324324324564e+00
1.405405405405405483e+00
3.527027027027027195e+00
1.225675675675675613e+01
3.351351351351351315e+00
5.175675675675675436e+00
4.040540540540540349e+00
1.391891891891891886e+00
4.662162162162162282e+00
4.135135135135135087e+00
5.770270270270270174e+00
1.621621621621621712e+00
2.716216216216216228e+00
1.040540540540540571e+00
3.351351351351351315e+00
1.648648648648648685e+00
1.878378378378378288e+00
2.905405405405405261e+00
1.743243243243243201e+00
1.243243243243243201e+00
8.689189189189189477e+00
1.263513513513513509e+01
5.202702702702702631e+00
8.945945945945945610e+00
1.587837837837837895e+01
3.608108108108107892e+00
2.216216216216216228e+00
1.972972972972973027e+00
2.027027027027027195e+00
3.716216216216216228e+00
1.594594594594594517e+00
1.108108108108108114e+00
3.668918918918918592e+01
1.904054054054054035e+01
5.675675675675675436e+00
4.364864864864864913e+00
2.824324324324324120e+00
7.135135135135135087e+00
4.256756756756757021e+00
2.756756756756756577e+00
2.114864864864864913e+01
1.997297297297297192e+01
6.594594594594594739e+00
8.716216216216215784e+00
3.594594594594594739e+00
4.337837837837837718e+00
4.554054054054054390e+00
2.851351351351351315e+00
1.472972972972973027e+00
2.540540540540540349e+00
1.081081081081081141e+00
1.932432432432432456e+00
1.391891891891891886e+00
1.729729729729729826e+00
8.027027027027026307e+00
2.662162162162162282e+00
1.337837837837837940e+00
1.229729729729729826e+00
1.635135135135135087e+00
6.297297297297297369e+00
5.797297297297297369e+00
5.189189189189189477e+00
2.229729729729729826e+00
1.972972972972973027e+00
1.432432432432432456e+00
3.500000000000000000e+00
1.081081081081081141e+00
1.581081081081081141e+00
5.351351351351351759e+00
1.702702702702702631e+00
2.337837837837837718e+00
2.810810810810810967e+00
5.121621621621621934e+00
1.067567567567567544e+00
2.378378378378378510e+00
5.972972972972972805e+00
4.445945945945945610e+00
2.216216216216216228e+00
9.459459459459459429e-01
5.851351351351351759e+00
4.067567567567567544e+00
2.716216216216216228e+00
4.243243243243242979e+00
1.409459459459459474e+01
1.121621621621621712e+00
4.000000000000000000e+00
8.418918918918919303e+00
1.486486486486486402e+00
2.945945945945946054e+00
1.554054054054053946e+00
8.972972972972973693e+00
5.229729729729729826e+00
1.621621621621621712e+00
7.945945945945945610e+00
1.067567567567567544e+00
3.797297297297297369e+00
1.662162162162162060e+00
3.918918918918918859e+00
2.040540540540540349e+00
8.081081081081080697e+00
1.418918918918918859e+00
3.391891891891892108e+00
1.243243243243243201e+00
1.337837837837837940e+00
3.770270270270270174e+00
3.081081081081081141e+00
1.527027027027026973e+00
2.945945945945946054e+00
1.121621621621621712e+00
2.608108108108107892e+00
2.351351351351351315e+00
7.148648648648648241e+00
3.256756756756756577e+00
1.121621621621621712e+00
2.527027027027027195e+00
3.500000000000000000e+00
2.783783783783783772e+00
3.162162162162162282e+00
2.270270270270270174e+00
1.851351351351351315e+00
1.306756756756756843e+01
3.675675675675675880e+00
2.472972972972972805e+00
1.783783783783783772e+00
5.310810810810810523e+00
1.054054054054053946e+00
1.486486486486486402e+00
3.243243243243243423e+00
1.243243243243243201e+00
1.405405405405405483e+00
1.837837837837837940e+00
4.294594594594594383e+01
1.364864864864864913e+00
3.945945945945946054e+00
1.391891891891891886e+00
5.540540540540540349e+00
9.472972972972973693e+00
1.567567567567567544e+00
1.067567567567567544e+00
1.270270270270270174e+00
2.162162162162162282e+00
3.094594594594594739e+00
4.891891891891892108e+00
1.189189189189189255e+00
4.527027027027027195e+00
7.364864864864864913e+00
1.837837837837837940e+00
3.175675675675675880e+00
1.567567567567567544e+00
1.270270270270270174e+00
1.162162162162162060e+00
6.527027027027027195e+00
2.364864864864864913e+00
6.067567567567567544e+00
2.621621621621621490e+00
3.243243243243243423e+00
5.581081081081080697e+00
1.135135135135135087e+00
1.225675675675675613e+01
2.852702702702702808e+01
4.081081081081080697e+00
3.229729729729729826e+00
5.540540540540540349e+00
2.716216216216216228e+00
2.567567567567567544e+00
2.054054054054053946e+00
4.824324324324324564e+00
2.040540540540540349e+00
2.229729729729729826e+00
5.216216216216215784e+00
3.662162162162162282e+00
3.027027027027027195e+00
3.513513513513513598e+00
1.216216216216216228e+00
1.486486486486486402e+00
1.391891891891891886e+00
2.756756756756756577e+00
1.216216216216216228e+00
1.113513513513513509e+01
1.351351351351351315e+00
3.405405405405405261e+00
2.878378378378378510e+00
1.743243243243243201e+00
3.189189189189189033e+00
1.229729729729729826e+00
5.648648648648648241e+00
2.148648648648648685e+00
4.567567567567567544e+00
3.108108108108107892e+00
3.283783783783783772e+00
1.054054054054053946e+00
1.162162162162162060e+00
4.135135135135135087e+00
3.067567567567567544e+00
1.472972972972973027e+00
2.445945945945946054e+00
2.810810810810810967e+00
2.270270270270270174e+00
1.040540540540540571e+00
1.527027027027026973e+00
4.472972972972972805e+00
1.986486486486486402e+00
1.932432432432432456e+00
1.054054054054053946e+00
1.689189189189189255e+00
2.364864864864864913e+00
3.189189189189189122e+01
2.054054054054053946e+00
1.405405405405405483e+00
9.594594594594594295e-01
6.594594594594594739e+00
1.432432432432432456e+00
4.621621621621621934e+00
1.067567567567567544e+00
5.918918918918919303e+00
2.040540540540540349e+00
1.351351351351351315e+00
9.594594594594594295e-01
3.797297297297297369e+00
2.567567567567567544e+00
1.148648648648648685e+00
1.675675675675675658e+00
1.513513513513513598e+00
1.364864864864864913e+00
8.655270270270269748e+02
2.190540540540540704e+01
1.405405405405405483e+00
1.310810810810810745e+00
1.679729729729729826e+01
8.175675675675675436e+00
2.108108108108107892e+00
1.567567567567567544e+00
6.851351351351351759e+00
9.594594594594594295e-01
1.283783783783783772e+00
1.878378378378378288e+00
9.864864864864865135e-01
2.189189189189189033e+00
2.716216216216216228e+00
1.297297297297297369e+00
1.336486486486486491e+01
1.864864864864864913e+00
7.567567567567567988e-01
1.013513513513513598e+00
9.729729729729730270e-01
1.810810810810810745e+00
1.189189189189189255e+00
1.905405405405405483e+00
1.486486486486486402e+00
2.608108108108107892e+00
2.540540540540540349e+00
2.810810810810810967e+00
2.405405405405405261e+00
1.162162162162162060e+00
2.135135135135135087e+00
1.702702702702702631e+00
3.189189189189189033e+00
1.270270270270270174e+00
2.729729729729729826e+00
2.067567567567567544e+00
2.027027027027027195e+00
1.621621621621621712e+00
1.810810810810810745e+00
1.162162162162162060e+00
1.824324324324324342e+00
1.648648648648648685e+00
1.054054054054053946e+00
1.743243243243243201e+00
2.013513513513513598e+00
1.202702702702702631e+00
1.283783783783783772e+00
1.324324324324324342e+00
3.594594594594594739e+00
2.743243243243243423e+00
2.054054054054053946e+00
3.675675675675675880e+00
3.500000000000000000e+00
2.148648648648648685e+00
1.189189189189189255e+00
4.094594594594594739e+00
3.554054054054053946e+00
2.675675675675675880e+00
2.500000000000000000e+00
3.000000000000000000e+00
1.810810810810810745e+00
3.986486486486486402e+00
1.148648648648648685e+00
2.067567567567567544e+00
1.837837837837837940e+00
1.418918918918918859e+00
4.229729729729729826e+00
1.972972972972973027e+00
5.891891891891892108e+00
3.189189189189189033e+00
1.743243243243243201e+00
1.486486486486486402e+00
3.283783783783783772e+00
1.135135135135135087e+00
3.229729729729729826e+00
1.459459459459459429e+00
1.067567567567567544e+00
2.972972972972972805e+00
2.716216216216216228e+00
3.608108108108107892e+00
1.135135135135135087e+00
2.148648648648648685e+00
1.243243243243243201e+00
3.702702702702702631e+00
3.337837837837837718e+00
1.121621621621621712e+00
1.432432432432432456e+00
1.337837837837837940e+00
1.581081081081081141e+00
1.337837837837837940e+00
1.554054054054053946e+00
2.986486486486486402e+00
2.283783783783783772e+00
2.378378378378378510e+00
4.013513513513513153e+00
3.486486486486486402e+00
1.256756756756756799e+00
1.378378378378378288e+00
6.364864864864864913e+00
2.175675675675675880e+00
2.662162162162162282e+00
1.175675675675675658e+00
1.108108108108108114e+00
3.756756756756756577e+00
1.270270270270270174e+00
1.972972972972973027e+00
1.945945945945946054e+00
2.256756756756756577e+00
3.581081081081081141e+00
1.878378378378378288e+00
3.175675675675675880e+00
2.324324324324324120e+00
1.581081081081081141e+00
1.229729729729729826e+00
3.067567567567567544e+00
1.351351351351351315e+00
1.459459459459459429e+00
1.283783783783783772e+00
2.229729729729729826e+00
1.378378378378378288e+00
6.918918918918919303e+00
1.243243243243243201e+00
2.337837837837837718e+00
1.635135135135135087e+00
1.229729729729729826e+00
1.135135135135135087e+00
3.189189189189189033e+00
1.797297297297297369e+00
1.878378378378378288e+00
1.756756756756756799e+00
1.189189189189189255e+00
1.310810810810810745e+00
5.202702702702702631e+00
2.648648648648648685e+00
3.972972972972972805e+00
3.891891891891892108e+00
1.202702702702702631e+00
3.878378378378378510e+00
1.959459459459459429e+00
1.310810810810810745e+00
4.432432432432432456e+00
1.689189189189189255e+00
1.770270270270270174e+00
2.189189189189189033e+00
9.594594594594594295e-01
2.932432432432432456e+00
1.783783783783783772e+00
2.283783783783783772e+00
2.202702702702702631e+00
1.256756756756756799e+00
1.824324324324324342e+00
2.445945945945946054e+00
1.337837837837837940e+00
1.513513513513513598e+00
2.405405405405405261e+00
1.310810810810810745e+00
1.136486486486486491e+01
1.067567567567567544e+00
3.148648648648648685e+00
1.364864864864864913e+00
1.067567567567567544e+00
2.432432432432432456e+00
1.445945945945946054e+00
2.418918918918918859e+00
1.310810810810810745e+00
1.689189189189189255e+00
1.255405405405405439e+01
4.783783783783784216e+00
1.418918918918918859e+00
1.513513513513513598e+00
1.702702702702702631e+00
3.689189189189189033e+00
1.175675675675675658e+00
3.810810810810810967e+00
4.162162162162162282e+00
1.756756756756756799e+00
1.378378378378378288e+00
6.864864864864864913e+00
2.837837837837837718e+00
4.243243243243242979e+00
1.175675675675675658e+00
2.162162162162162282e+00
1.054054054054053946e+00
1.702702702702702631e+00
6.891891891891892108e+00
1.986486486486486402e+00
1.554054054054053946e+00
1.432432432432432456e+00
1.621621621621621712e+00
3.121621621621621490e+00
1.689189189189189255e+00
1.597297297297297369e+01
1.567567567567567544e+00
1.283783783783783772e+00
3.594594594594594739e+00
1.621621621621621712e+00
2.486486486486486402e+00
1.027027027027026973e+00
5.418918918918919303e+00
1.648648648648648685e+00
2.013513513513513598e+00
1.445945945945946054e+00
2.581081081081081141e+00
1.418918918918918859e+00
1.270270270270270174e+00
1.635135135135135087e+00
4.135135135135135087e+00
1.418918918918918859e+00
3.675675675675675880e+00
2.675675675675675880e+00
4.851351351351351759e+00
3.783783783783783772e+00
2.554054054054053946e+00
2.932432432432432456e+00
1.783783783783783772e+00
1.262162162162162105e+01
1.175675675675675658e+00
1.459459459459459429e+00
1.243243243243243201e+00
2.310810810810810967e+00
9.594594594594594295e-01
1.148648648648648685e+00
2.324324324324324120e+00
1.108108108108108114e+00
3.094594594594594739e+00
1.135135135135135087e+00
4.810810810810810523e+00
2.459459459459459651e+00
1.189189189189189255e+00
5.635135135135135087e+00
1.986486486486486402e+00
3.283783783783783772e+00
1.405405405405405483e+00
1.000000000000000000e+00
1.202702702702702631e+00
4.229729729729729826e+00
1.540540540540540571e+00
3.108108108108107892e+00
6.594594594594594739e+00
2.243243243243243423e+00
1.067567567567567544e+00
1.445945945945946054e+00
1.310810810810810745e+00
1.729729729729729826e+00
1.243243243243243201e+00
1.310810810810810745e+00
3.175675675675675880e+00
2.175675675675675880e+00
3.364864864864864913e+00
1.337837837837837940e+00
2.094594594594594739e+00
5.094594594594594739e+00
2.716216216216216228e+00
2.283783783783783772e+00
4.297297297297297369e+00
1.770270270270270174e+00
4.837837837837837718e+00
1.067567567567567544e+00
2.810810810810810967e+00
1.027027027027026973e+00
1.675675675675675658e+00
1.121621621621621712e+00
2.081081081081081141e+00
2.162162162162162282e+00
1.945945945945946054e+00
1.675675675675675658e+00
6.864864864864864913e+00
2.013513513513513598e+00
2.932432432432432456e+00
4.081081081081080697e+00
1.148648648648648685e+00
2.810810810810810967e+00
1.905405405405405483e+00
1.079729729729729648e+01
1.013513513513513598e+00
2.418918918918918859e+00
3.756756756756756577e+00
1.864864864864864913e+00
2.283783783783783772e+00
4.378378378378378066e+00
1.486486486486486402e+00
2.554054054054053946e+00
2.067567567567567544e+00
1.391891891891891886e+00
1.486486486486486402e+00
1.391891891891891886e+00
1.756756756756756799e+00
1.405405405405405483e+00
2.310810810810810967e+00
1.378378378378378288e+00
1.513513513513513598e+00
1.472972972972973027e+00
1.081081081081081141e+00
1.824324324324324342e+00
1.864864864864864913e+00
2.040540540540540349e+00
1.432432432432432456e+00
1.364864864864864913e+00
2.783783783783783772e+00
2.540540540540540349e+00
1.162162162162162060e+00
1.716216216216216228e+00
1.675675675675675658e+00
1.824324324324324342e+00
3.540540540540540349e+00
1.364864864864864913e+00
1.418918918918918859e+00
1.472972972972973027e+00
1.878378378378378288e+00
1.527027027027026973e+00
1.837837837837837940e+00
2.297297297297297369e+00
2.148648648648648685e+00
1.108108108108108114e+00
3.472972972972972805e+00
4.135135135135135087e+00
1.824324324324324342e+00
1.864864864864864913e+00
3.324324324324324120e+00
4.824324324324324564e+00
1.783783783783783772e+00
2.094594594594594739e+00
2.108108108108107892e+00
1.121621621621621712e+00
4.932432432432432456e+00
5.216216216216215784e+00
1.527027027027026973e+00
1.513513513513513598e+00
1.162162162162162060e+00
1.540540540540540571e+00
1.094594594594594517e+00
5.689189189189189477e+00
4.648648648648648241e+00
1.675675675675675658e+00
5.337837837837837718e+00
2.243243243243243423e+00
1.243243243243243201e+00
2.837837837837837718e+00
1.081081081081081141e+00
1.162162162162162060e+00
1.527027027027026973e+00
2.351351351351351315e+00
2.513513513513513598e+00
2.256756756756756577e+00
1.783783783783783772e+00
9.932432432432431568e+00
6.783783783783784216e+00
2.418918918918918859e+00
1.608108108108108114e+00
4.486486486486486847e+00
1.540540540540540571e+00
1.378378378378378288e+00
1.590540540540540526e+01
1.013513513513513598e+00
3.581081081081081141e+00
1.148648648648648685e+00
8.567567567567568432e+00
1.662162162162162060e+00
1.054054054054053946e+00
1.054054054054053946e+00
1.283783783783783772e+00
1.229729729729729826e+00
1.135135135135135087e+00
1.689189189189189255e+00
1.567567567567567544e+00
1.878378378378378288e+00
1.027027027027026973e+00
1.216216216216216228e+00
1.054054054054053946e+00
1.567567567567567544e+00
1.797297297297297369e+00
1.540540540540540571e+00
1.716216216216216228e+00
2.824324324324324120e+00
3.391891891891892108e+00
1.689189189189189255e+00
1.945945945945946054e+00
1.486486486486486402e+00
1.054054054054053946e+00
1.824324324324324342e+00
3.945945945945946054e+00
2.986486486486486402e+00
2.500000000000000000e+00
1.405405405405405483e+00
3.770270270270270174e+00
2.851351351351351315e+00
1.027027027027026973e+00
1.229729729729729826e+00
4.135135135135135087e+00
3.108108108108107892e+00
2.608108108108107892e+00
3.581081081081081141e+00
2.283783783783783772e+00
1.067567567567567544e+00
2.810810810810810967e+00
1.135135135135135087e+00
2.891891891891892108e+00
1.472972972972973027e+00
1.135135135135135087e+00
1.108108108108108114e+00
5.202702702702702631e+00
1.878378378378378288e+00
2.581081081081081141e+00
4.351351351351351759e+00
3.337837837837837718e+00
4.364864864864864913e+00
1.716216216216216228e+00
1.013513513513513598e+00
1.702702702702702631e+00
1.959459459459459429e+00
1.513513513513513598e+00
1.581081081081081141e+00
1.378378378378378288e+00
2.054054054054053946e+00
1.175675675675675658e+00
1.445945945945946054e+00
1.256756756756756799e+00
2.000000000000000000e+00
5.243243243243242979e+00
3.432432432432432456e+00
2.027027027027027195e+00
1.270270270270270174e+00
8.027027027027026307e+00
2.189189189189189033e+00
1.040540540540540571e+00
2.527027027027027195e+00
2.094594594594594739e+00
3.500000000000000000e+00
9.189189189189189699e-01
2.135135135135135087e+00
1.756756756756756799e+00
5.837837837837837718e+00
1.324324324324324342e+00
1.324324324324324342e+00
2.540540540540540349e+00
1.243243243243243201e+00
1.418918918918918859e+00
2.716216216216216228e+00
6.918918918918919303e+00
2.810810810810810967e+00
5.094594594594594739e+00
1.162162162162162060e+00
1.472972972972973027e+00
1.054054054054053946e+00
3.445945945945946054e+00
1.324324324324324342e+00
1.067567567567567544e+00
2.283783783783783772e+00
3.189189189189189033e+00
1.351351351351351315e+00
2.540540540540540349e+00
2.891891891891892108e+00
1.189189189189189255e+00
1.459459459459459429e+00
3.067567567567567544e+00
3.081081081081081141e+00
1.270270270270270174e+00
1.162162162162162060e+00
1.162162162162162060e+00
1.581081081081081141e+00
1.797297297297297369e+00
2.013513513513513598e+00
1.391891891891891886e+00
1.121621621621621712e+00
3.445945945945946054e+00
2.162162162162162282e+00
3.175675675675675880e+00
1.756756756756756799e+00
1.175675675675675658e+00
2.972972972972972805e+00
1.108108108108108114e+00
1.418918918918918859e+00
2.391891891891892108e+00
6.648648648648648241e+00
1.189189189189189255e+00
2.878378378378378510e+00
1.121621621621621712e+00
3.972972972972972805e+00
1.891891891891891886e+00
5.635135135135135087e+00
1.608108108108108114e+00
2.945945945945946054e+00
2.635135135135135087e+00
2.594594594594594739e+00
5.162162162162162282e+00
1.108108108108108114e+00
4.067567567567567544e+00
9.729729729729730270e-01
2.162162162162162282e+00
2.797297297297297369e+00
1.662162162162162060e+00
3.472972972972972805e+00
1.540540540540540571e+00
2.297297297297297369e+00
3.797297297297297369e+00
1.027027027027026973e+00
1.067567567567567544e+00
3.351351351351351315e+00
1.756756756756756799e+00
1.905405405405405483e+00
2.500000000000000000e+00
1.243243243243243201e+00
1.567567567567567544e+00
1.405405405405405483e+00
3.797297297297297369e+00
1.337837837837837940e+00
2.418918918918918859e+00
2.054054054054053946e+00
2.216216216216216228e+00
1.756756756756756799e+00
1.162162162162162060e+00
3.202702702702702631e+00
1.527027027027026973e+00
2.459459459459459651e+00
1.175675675675675658e+00
1.040540540540540571e+00
2.594594594594594739e+00
3.121621621621621490e+00
2.851351351351351315e+00
2.229729729729729826e+00
3.594594594594594739e+00
5.243243243243242979e+00
1.351351351351351315e+00
5.229729729729729826e+00
1.972972972972973027e+00
4.567567567567567544e+00
1.324324324324324342e+00
1.270270270270270174e+00
1.040540540540540571e+00
3.202702702702702631e+00
1.378378378378378288e+00
3.067567567567567544e+00
2.608108108108107892e+00
2.337837837837837718e+00
2.635135135135135087e+00
2.283783783783783772e+00
1.337837837837837940e+00
4.351351351351351759e+00
1.675675675675675658e+00
3.770270270270270174e+00
3.756756756756756577e+00
1.689189189189189255e+00
3.905405405405405261e+00
1.351351351351351315e+00
1.324324324324324342e+00
3.770270270270270174e+00
1.405405405405405483e+00
1.594594594594594517e+00
1.878378378378378288e+00
1.486486486486486402e+00
1.662162162162162060e+00
1.783783783783783772e+00
1.513513513513513598e+00
2.229729729729729826e+00
1.405405405405405483e+00
1.891891891891891886e+00
1.175675675675675658e+00
6.878378378378378066e+00
1.594594594594594517e+00
3.837837837837837718e+00
2.324324324324324120e+00
9.864864864864865135e-01
1.418918918918918859e+00
3.013513513513513598e+00
1.089189189189189122e+01
2.216216216216216228e+00
2.027027027027027195e+00
9.594594594594594295e-01
1.135135135135135087e+00
3.824324324324324120e+00
1.270270270270270174e+00
6.648648648648648241e+00
2.405405405405405261e+00
2.108108108108107892e+00
1.364864864864864913e+00
1.594594594594594517e+00
1.013513513513513598e+00
1.135135135135135087e+00
2.243243243243243423e+00
4.000000000000000000e+00
3.027027027027027195e+00
2.621621621621621490e+00
3.013513513513513598e+00
8.500000000000000000e+00
4.189189189189189477e+00
1.567567567567567544e+00
1.635135135135135087e+00
2.202702702702702631e+00
1.081081081081081141e+00
2.405405405405405261e+00
1.229729729729729826e+00
1.054054054054053946e+00
1.472972972972973027e+00
5.729729729729729826e+00
9.864864864864865135e-01
1.527027027027026973e+00
1.094594594594594517e+00
2.432432432432432456e+00
2.635135135135135087e+00
1.797297297297297369e+00
1.824324324324324342e+00
4.540540540540540349e+00
1.972972972972973027e+00
1.716216216216216228e+00
1.702702702702702631e+00
1.351351351351351315e+00
1.391891891891891886e+00
1.243243243243243201e+00
1.783783783783783772e+00
5.270270270270270174e+00
1.891891891891891886e+00
1.810810810810810745e+00
1.972972972972973027e+00
3.567567567567567544e+00
2.135135135135135087e+00
4.297297297297297369e+00
3.256756756756756577e+00
4.135135135135135087e+00
3.837837837837837718e+00
4.945945945945945610e+00
1.175675675675675658e+00
1.959459459459459429e+00
1.040540540540540571e+00
2.108108108108107892e+00
4.027027027027027195e+00
2.729729729729729826e+00
1.716216216216216228e+00
2.418918918918918859e+00
2.121621621621621490e+00
2.986486486486486402e+00
1.824324324324324342e+00
1.081081081081081141e+00
3.540540540540540349e+00
1.540540540540540571e+00
2.243243243243243423e+00
4.283783783783784216e+00
2.797297297297297369e+00
1.756756756756756799e+00
4.972972972972972805e+00
3.527027027027027195e+00
1.864864864864864913e+00
1.040540540540540571e+00
3.081081081081081141e+00
1.594594594594594517e+00
1.229729729729729826e+00
2.581081081081081141e+00
1.189189189189189255e+00
1.378378378378378288e+00
2.837837837837837718e+00
1.162162162162162060e+00
1.324324324324324342e+00
2.243243243243243423e+00
2.864864864864864913e+00
1.054054054054053946e+00
1.905405405405405483e+00
6.067567567567567544e+00
1.594594594594594517e+00
1.202702702702702631e+00
1.378378378378378288e+00
1.324324324324324342e+00
1.027027027027026973e+00
2.621621621621621490e+00
1.256756756756756799e+00
1.891891891891891886e+00
3.189189189189189033e+00
2.094594594594594739e+00
1.067567567567567544e+00
2.121621621621621490e+00
9.594594594594594295e-01
3.108108108108107892e+00
2.121621621621621490e+00
1.540540540540540571e+00
3.094594594594594739e+00
1.283783783783783772e+00
1.810810810810810745e+00
1.513513513513513598e+00
1.797297297297297369e+00
2.243243243243243423e+00
4.013513513513513153e+00
1.418918918918918859e+00
1.581081081081081141e+00
1.878378378378378288e+00
4.689189189189189477e+00
2.175675675675675880e+00
1.000000000000000000e+00
4.932432432432432456e+00
3.135135135135135087e+00
1.175675675675675658e+00
1.283783783783783772e+00
1.445945945945946054e+00
1.027027027027026973e+00
1.851351351351351315e+00
1.367567567567567544e+01
1.932432432432432456e+00
2.337837837837837718e+00
1.324324324324324342e+00
4.162162162162162282e+00
1.121621621621621712e+00
1.040540540540540571e+00
5.878378378378378066e+00
2.283783783783783772e+00
4.081081081081080697e+00
2.513513513513513598e+00
9.864864864864865135e-01
7.202702702702702631e+00
7.013513513513513153e+00
3.445945945945946054e+00
1.148648648648648685e+00
1.337837837837837940e+00
1.243243243243243201e+00
2.878378378378378510e+00
3.810810810810810967e+00
1.581081081081081141e+00
2.216216216216216228e+00
1.513513513513513598e+00
2.013513513513513598e+00
2.621621621621621490e+00
1.256756756756756799e+00
1.229729729729729826e+00
1.500000000000000000e+00
1.567567567567567544e+00
1.081081081081081141e+00
2.256756756756756577e+00
3.878378378378378510e+00
7.405405405405405261e+00
1.945945945945946054e+00
1.689189189189189255e+00
2.162162162162162282e+00
1.567567567567567544e+00
1.283783783783783772e+00
2.256756756756756577e+00
1.824324324324324342e+00
3.351351351351351315e+00
4.243243243243242979e+00
1.472972972972973027e+00
2.445945945945946054e+00
1.216216216216216228e+00
2.851351351351351315e+00
4.013513513513513153e+00
1.310810810810810745e+00
5.716216216216215784e+00
2.891891891891892108e+00
2.432432432432432456e+00
1.486486486486486402e+00
1.243243243243243201e+00
1.432432432432432456e+00
1.081081081081081141e+00
1.270270270270270174e+00
4.391891891891892108e+00
1.675675675675675658e+00
1.945945945945946054e+00
2.716216216216216228e+00
1.743243243243243201e+00
2.635135135135135087e+00
1.067567567567567544e+00
1.256756756756756799e+00
1.324324324324324342e+00
2.040540540540540349e+00
9.864864864864865135e-01
1.689189189189189255e+00
1.459459459459459429e+00
2.837837837837837718e+00
2.824324324324324120e+00
1.729729729729729826e+00
1.229729729729729826e+00
1.581081081081081141e+00
2.378378378378378510e+00
1.445945945945946054e+00
1.216216216216216228e+00
2.851351351351351315e+00
1.148648648648648685e+00
3.216216216216216228e+00
4.486486486486486847e+00
1.621621621621621712e+00
1.513513513513513598e+00
9.864864864864865135e-01
2.351351351351351315e+00
2.824324324324324120e+00
1.162162162162162060e+00
1.527027027027026973e+00
4.013513513513513153e+00
1.148648648648648685e+00
1.121621621621621712e+00
1.567567567567567544e+00
2.310810810810810967e+00
1.918918918918918859e+00
2.527027027027027195e+00
1.391891891891891886e+00
4.216216216216215784e+00
2.148648648648648685e+00
1.391891891891891886e+00
2.432432432432432456e+00
1.162162162162162060e+00
8.432432432432431568e+00
1.716216216216216228e+00
3.040540540540540349e+00
1.216216216216216228e+00
1.405405405405405483e+00
7.567567567567567544e+00
1.648648648648648685e+00
6.567567567567567544e+00
1.013513513513513598e+00
3.256756756756756577e+00
2.486486486486486402e+00
4.283783783783784216e+00
1.972972972972973027e+00
2.148648648648648685e+00
2.162162162162162282e+00
1.689189189189189255e+00
1.027027027027026973e+00
1.256756756756756799e+00
9.594594594594594295e-01
1.121621621621621712e+00
1.689189189189189255e+00
1.702702702702702631e+00
4.189189189189189477e+00
2.918918918918918859e+00
4.135135135135135087e+00
1.567567567567567544e+00
2.148648648648648685e+00
2.229729729729729826e+00
1.486486486486486402e+00
1.229729729729729826e+00
1.202702702702702631e+00
2.783783783783783772e+00
3.445945945945946054e+00
3.891891891891892108e+00
1.121621621621621712e+00
1.513513513513513598e+00
1.364864864864864913e+00
3.878378378378378510e+00
4.162162162162162282e+00
3.202702702702702631e+00
1.202702702702702631e+00
1.729729729729729826e+00
1.270270270270270174e+00
1.729729729729729826e+00
5.905405405405405261e+00
1.027027027027026973e+00
4.702702702702702631e+00
1.702702702702702631e+00
1.108108108108108114e+00
1.081081081081081141e+00
1.044594594594594561e+01
1.013513513513513598e+00
1.513513513513513598e+00
2.594594594594594739e+00
2.310810810810810967e+00
1.256756756756756799e+00
2.621621621621621490e+00
2.040540540540540349e+00
1.594594594594594517e+00
1.162162162162162060e+00
9.594594594594594295e-01
1.824324324324324342e+00
2.418918918918918859e+00
2.418918918918918859e+00
2.067567567567567544e+00
1.891891891891891886e+00
1.283783783783783772e+00
7.527027027027027195e+00
7.783783783783784216e+00
3.189189189189189033e+00
2.527027027027027195e+00
2.608108108108107892e+00
1.432432432432432456e+00
2.500000000000000000e+00
5.283783783783784216e+00
1.270270270270270174e+00
1.851351351351351315e+00
5.148648648648648241e+00
2.540540540540540349e+00
2.432432432432432456e+00
1.256756756756756799e+00
1.554054054054053946e+00
1.364864864864864913e+00
1.189189189189189255e+00
3.675675675675675880e+00
1.608108108108108114e+00
1.756756756756756799e+00
4.770270270270270174e+00
1.851351351351351315e+00
1.135135135135135087e+00
1.729729729729729826e+00
5.797297297297297369e+00
1.162162162162162060e+00
2.716216216216216228e+00
1.905405405405405483e+00
1.310810810810810745e+00
1.121621621621621712e+00
1.959459459459459429e+00
1.243243243243243201e+00
2.013513513513513598e+00
1.135135135135135087e+00
1.405405405405405483e+00
1.702702702702702631e+00
9.729729729729730270e-01
2.108108108108107892e+00
2.743243243243243423e+00
1.405405405405405483e+00
1.675675675675675658e+00
1.756756756756756799e+00
1.324324324324324342e+00
4.162162162162162282e+00
1.581081081081081141e+00
4.081081081081080697e+00
1.459459459459459429e+00
3.905405405405405261e+00
4.013513513513513153e+00
1.054054054054053946e+00
1.486486486486486402e+00
2.459459459459459651e+00
2.391891891891892108e+00
1.270270270270270174e+00
5.405405405405405261e+00
9.283783783783784216e+00
1.256756756756756799e+00
1.500000000000000000e+00
2.662162162162162282e+00
1.324324324324324342e+00
2.500000000000000000e+00
9.743243243243243867e+00
1.581081081081081141e+00
1.554054054054053946e+00
1.135135135135135087e+00
1.243243243243243201e+00
3.013513513513513598e+00
1.594594594594594517e+00
2.959459459459459651e+00
2.986486486486486402e+00
4.054054054054054390e+00
3.472972972972972805e+00
1.121621621621621712e+00
9.959459459459459651e+00
1.189189189189189255e+00
1.202702702702702631e+00
1.648648648648648685e+00
3.040540540540540349e+00
3.716216216216216228e+00
2.891891891891892108e+00
1.310810810810810745e+00
1.391891891891891886e+00
1.635135135135135087e+00
1.445945945945946054e+00
3.270270270270270174e+00
2.121621621621621490e+00
2.500000000000000000e+00
1.256756756756756799e+00
1.824324324324324342e+00
2.216216216216216228e+00
4.932432432432432456e+00
9.729729729729730270e-01
2.000000000000000000e+00
1.729729729729729826e+00
1.297297297297297369e+00
1.094594594594594517e+00
4.567567567567567544e+00
1.324324324324324342e+00
2.054054054054053946e+00
1.108108108108108114e+00
1.121621621621621712e+00
1.702702702702702631e+00
1.905405405405405483e+00
2.445945945945946054e+00
1.527027027027026973e+00
6.243243243243242979e+00
3.486486486486486402e+00
1.108108108108108114e+00
1.986486486486486402e+00
2.202702702702702631e+00
3.243243243243243423e+00
1.202702702702702631e+00
1.729729729729729826e+00
1.445945945945946054e+00
1.162162162162162060e+00
2.256756756756756577e+00
5.932432432432432456e+00
3.148648648648648685e+00
1.337837837837837940e+00
2.337837837837837718e+00
1.756756756756756799e+00
1.121621621621621712e+00
1.310810810810810745e+00
2.581081081081081141e+00
1.243243243243243201e+00
2.513513513513513598e+00
2.121621621621621490e+00
2.162162162162162282e+00
3.608108108108107892e+00
1.648648648648648685e+00
2.432432432432432456e+00
1.283783783783783772e+00
3.162162162162162282e+00
1.243243243243243201e+00
2.797297297297297369e+00
3.162162162162162282e+00
4.540540540540540349e+00
1.270270270270270174e+00
1.202702702702702631e+00
1.891891891891891886e+00
1.121621621621621712e+00
1.527027027027026973e+00
5.608108108108107892e+00
1.121621621621621712e+00
1.351351351351351315e+00
1.094594594594594517e+00
2.270270270270270174e+00
1.337837837837837940e+00
7.297297297297297369e+00
1.081081081081081141e+00
1.527027027027026973e+00
1.094594594594594517e+00
1.391891891891891886e+00
6.851351351351351759e+00
2.256756756756756577e+00
1.040540540540540571e+00
1.243243243243243201e+00
2.959459459459459651e+00
6.148648648648648241e+00
2.094594594594594739e+00
1.027027027027026973e+00
7.216216216216215784e+00
1.175675675675675658e+00
1.013513513513513598e+00
2.959459459459459651e+00
2.148648648648648685e+00
6.243243243243242979e+00
1.229729729729729826e+00
1.662162162162162060e+00
7.351351351351351759e+00
3.283783783783783772e+00
1.067567567567567544e+00
1.135135135135135087e+00
1.378378378378378288e+00
1.256756756756756799e+00
2.675675675675675880e+00
1.364864864864864913e+00
1.445945945945946054e+00
1.594594594594594517e+00
2.986486486486486402e+00
3.986486486486486402e+00
1.743243243243243201e+00
4.702702702702702631e+00
1.905405405405405483e+00
2.918918918918918859e+00
1.056756756756756843e+01
1.229729729729729826e+00
1.081081081081081141e+00
3.891891891891892108e+00
1.432432432432432456e+00
2.094594594594594739e+00
1.810810810810810745e+00
1.310810810810810745e+00
4.297297297297297369e+00
1.283783783783783772e+00
1.783783783783783772e+00
2.837837837837837718e+00
2.216216216216216228e+00
2.094594594594594739e+00
1.378378378378378288e+00
2.837837837837837718e+00
1.621621621621621712e+00
3.162162162162162282e+00
1.581081081081081141e+00
7.851351351351351759e+00
1.364864864864864913e+00
1.229729729729729826e+00
1.824324324324324342e+00
2.081081081081081141e+00
1.824324324324324342e+00
1.283783783783783772e+00
3.310810810810810967e+00
1.216216216216216228e+00
4.108108108108107892e+00
1.972972972972973027e+00
1.108108108108108114e+00
1.716216216216216228e+00
3.013513513513513598e+00
1.743243243243243201e+00
1.743243243243243201e+00
3.135135135135135087e+00
1.527027027027026973e+00
2.027027027027027195e+00
1.405405405405405483e+00
1.486486486486486402e+00
3.891891891891892108e+00
6.027027027027027195e+00
1.202702702702702631e+00
1.054054054054053946e+00
1.783783783783783772e+00
1.837837837837837940e+00
1.837837837837837940e+00
5.878378378378378066e+00
4.202702702702702631e+00
4.662162162162162282e+00
2.418918918918918859e+00
1.189189189189189255e+00
1.554054054054053946e+00
1.013513513513513598e+00
1.500000000000000000e+00
1.621621621621621712e+00
2.540540540540540349e+00
1.243243243243243201e+00
1.486486486486486402e+00
1.324324324324324342e+00
1.297297297297297369e+00
1.621621621621621712e+00
2.756756756756756577e+00
1.810810810810810745e+00
2.067567567567567544e+00
3.256756756756756577e+00
2.256756756756756577e+00
3.608108108108107892e+00
1.270270270270270174e+00
6.324324324324324564e+00
6.121621621621621934e+00
2.000000000000000000e+00
1.135135135135135087e+00
4.202702702702702631e+00
5.918918918918919303e+00
2.445945945945946054e+00
1.121621621621621712e+00
4.716216216216215784e+00
1.148648648648648685e+00
1.135135135135135087e+00
1.594594594594594517e+00
1.081081081081081141e+00
2.229729729729729826e+00
8.229729729729729826e+00
2.000000000000000000e+00
2.054054054054053946e+00
2.337837837837837718e+00
1.432432432432432456e+00
1.567567567567567544e+00
9.297297297297296481e+00
2.202702702702702631e+00
1.864864864864864913e+00
1.378378378378378288e+00
1.229729729729729826e+00
1.648648648648648685e+00
1.270270270270270174e+00
2.148648648648648685e+00
2.013513513513513598e+00
2.054054054054053946e+00
1.716216216216216228e+00
2.472972972972972805e+00
3.756756756756756577e+00
2.662162162162162282e+00
4.837837837837837718e+00
1.243243243243243201e+00
2.459459459459459651e+00
1.635135135135135087e+00
1.459459459459459429e+00
3.810810810810810967e+00
4.081081081081080697e+00
2.094594594594594739e+00
1.743243243243243201e+00
1.837837837837837940e+00
2.378378378378378510e+00
4.797297297297297369e+00
1.608108108108108114e+00
1.290540540540540526e+01
3.297297297297297369e+00
1.918918918918918859e+00
2.851351351351351315e+00
1.472972972972973027e+00
1.459459459459459429e+00
2.621621621621621490e+00
1.851351351351351315e+00
2.824324324324324120e+00
3.972972972972972805e+00
1.878378378378378288e+00
1.310810810810810745e+00
2.270270270270270174e+00
3.000000000000000000e+00
1.148648648648648685e+00
2.189189189189189033e+00
2.905405405405405261e+00
4.310810810810810523e+00
5.310810810810810523e+00
2.932432432432432456e+00
2.378378378378378510e+00
2.770270270270270174e+00
2.554054054054053946e+00
1.162162162162162060e+00
1.432432432432432456e+00
1.783783783783783772e+00
5.472972972972972805e+00
3.310810810810810967e+00
4.391891891891892108e+00
2.621621621621621490e+00
1.621621621621621712e+00
1.504054054054054035e+01
9.243243243243243867e+00
3.297297297297297369e+00
2.013513513513513598e+00
6.540540540540540349e+00
2.513513513513513598e+00
1.216216216216216228e+00
1.662162162162162060e+00
5.716216216216215784e+00
1.432432432432432456e+00
3.445945945945946054e+00
1.256756756756756799e+00
2.202702702702702631e+00
4.243243243243242979e+00
1.662162162162162060e+00
1.283783783783783772e+00
2.121621621621621490e+00
1.081081081081081141e+00
1.756756756756756799e+00
2.148648648648648685e+00
2.148648648648648685e+00
3.135135135135135087e+00
2.729729729729729826e+00
1.216216216216216228e+00
2.216216216216216228e+00
3.891891891891892108e+00
1.797297297297297369e+00
2.608108108108107892e+00
1.716216216216216228e+00
2.500000000000000000e+00
1.216216216216216228e+00
2.783783783783783772e+00
5.243243243243242979e+00
1.256756756756756799e+00
2.094594594594594739e+00
2.540540540540540349e+00
1.648648648648648685e+00
2.621621621621621490e+00
1.202702702702702631e+00
6.040540540540540349e+00
1.081081081081081141e+00
1.378378378378378288e+00
2.324324324324324120e+00
1.891891891891891886e+00
1.513513513513513598e+00
1.729729729729729826e+00
2.364864864864864913e+00
5.891891891891892108e+00
1.000000000000000000e+00
1.256756756756756799e+00
1.662162162162162060e+00
2.364864864864864913e+00
3.270270270270270174e+00
1.270270270270270174e+00
1.256756756756756799e+00
1.405405405405405483e+00
8.635135135135135087e+00
1.054054054054053946e+00
3.270270270270270174e+00
1.864864864864864913e+00
1.162162162162162060e+00
1.445945945945946054e+00
1.081081081081081141e+00
1.256756756756756799e+00
1.270270270270270174e+00
3.229729729729729826e+00
1.162162162162162060e+00
1.324324324324324342e+00
1.756756756756756799e+00
1.094594594594594517e+00
1.594594594594594517e+00
1.824324324324324342e+00
2.500000000000000000e+00
1.067567567567567544e+00
3.256756756756756577e+00
1.594594594594594517e+00
1.405405405405405483e+00
4.851351351351351759e+00
1.310810810810810745e+00
1.486486486486486402e+00
2.756756756756756577e+00
1.243243243243243201e+00
1.878378378378378288e+00
1.135135135135135087e+00
4.594594594594594739e+00
3.162162162162162282e+00
1.337837837837837940e+00
1.513513513513513598e+00
1.527027027027026973e+00
3.000000000000000000e+00
2.391891891891892108e+00
5.364864864864864913e+00
1.162162162162162060e+00
1.729729729729729826e+00
1.162162162162162060e+00
1.418918918918918859e+00
1.770270270270270174e+00
2.445945945945946054e+00
1.202702702702702631e+00
3.189189189189189033e+00
2.297297297297297369e+00
1.229729729729729826e+00
2.013513513513513598e+00
1.891891891891891886e+00
3.472972972972972805e+00
1.621621621621621712e+00
1.851351351351351315e+00
5.013513513513513153e+00
2.229729729729729826e+00
5.783783783783784216e+00
1.594594594594594517e+00
1.445945945945946054e+00
3.500000000000000000e+00
1.135135135135135087e+00
3.472972972972972805e+00
1.851351351351351315e+00
1.810810810810810745e+00
3.500000000000000000e+00
2.864864864864864913e+00
1.635135135135135087e+00
1.054054054054053946e+00
1.121621621621621712e+00
1.972972972972973027e+00
3.945945945945946054e+00
1.391891891891891886e+00
1.851351351351351315e+00
2.418918918918918859e+00
1.108108108108108114e+00
3.162162162162162282e+00
3.540540540540540349e+00
1.283783783783783772e+00
1.486486486486486402e+00
6.445945945945945610e+00
9.824324324324324564e+00
1.756756756756756799e+00
1.770270270270270174e+00
1.351351351351351315e+00
5.081081081081080697e+00
1.310810810810810745e+00
1.270270270270270174e+00
6.837837837837837718e+00
1.891891891891891886e+00
1.297297297297297369e+00
2.351351351351351315e+00
1.243243243243243201e+00
1.364864864864864913e+00
5.972972972972972805e+00
1.270270270270270174e+00
1.175675675675675658e+00
2.391891891891892108e+00
1.540540540540540571e+00
1.256756756756756799e+00
2.500000000000000000e+00
9.594594594594594295e-01
1.175675675675675658e+00
1.364864864864864913e+00
3.148648648648648685e+00
1.027027027027026973e+00
2.756756756756756577e+00
2.459459459459459651e+00
2.256756756756756577e+00
3.594594594594594739e+00
1.175675675675675658e+00
2.554054054054053946e+00
1.486486486486486402e+00
7.351351351351351759e+00
4.554054054054054390e+00
3.459459459459459651e+00
1.729729729729729826e+00
4.027027027027027195e+00
2.378378378378378510e+00
1.378378378378378288e+00
2.135135135135135087e+00
1.189189189189189255e+00
1.486486486486486402e+00
4.797297297297297369e+00
1.351351351351351315e+00
2.310810810810810967e+00
2.527027027027027195e+00
1.851351351351351315e+00
1.729729729729729826e+00
2.000000000000000000e+00
4.648648648648648241e+00
3.013513513513513598e+00
1.500000000000000000e+00
1.729729729729729826e+00
3.175675675675675880e+00
3.581081081081081141e+00
1.108108108108108114e+00
9.675675675675675436e+00
2.391891891891892108e+00
1.513513513513513598e+00
1.418918918918918859e+00
1.594594594594594517e+00
1.770270270270270174e+00
1.013513513513513598e+00
1.986486486486486402e+00
1.148648648648648685e+00
1.770270270270270174e+00
4.202702702702702631e+00
1.067567567567567544e+00
1.432432432432432456e+00
1.675675675675675658e+00
1.310810810810810745e+00
1.891891891891891886e+00
1.540540540540540571e+00
1.256756756756756799e+00
1.229729729729729826e+00
2.216216216216216228e+00
1.027027027027026973e+00
2.243243243243243423e+00
2.689189189189189033e+00
2.608108108108107892e+00
1.702702702702702631e+00
2.391891891891892108e+00
1.729729729729729826e+00
1.918918918918918859e+00
1.216216216216216228e+00
1.337837837837837940e+00
3.297297297297297369e+00
2.067567567567567544e+00
1.162162162162162060e+00
4.445945945945945610e+00
2.945945945945946054e+00
6.743243243243242979e+00
1.027027027027026973e+00
3.135135135135135087e+00
1.513513513513513598e+00
1.405405405405405483e+00
1.567567567567567544e+00
1.554054054054053946e+00
6.364864864864864913e+00
3.554054054054053946e+00
1.000000000000000000e+00
2.635135135135135087e+00
5.162162162162162282e+00
1.891891891891891886e+00
3.081081081081081141e+00
1.527027027027026973e+00
1.216216216216216228e+00
2.256756756756756577e+00
1.594594594594594517e+00
1.337837837837837940e+00
2.148648648648648685e+00
2.202702702702702631e+00
1.229729729729729826e+00
3.540540540540540349e+00
5.256756756756757021e+00
1.500000000000000000e+00
3.932432432432432456e+00
2.891891891891892108e+00
3.378378378378378510e+00
2.189189189189189033e+00
1.189189189189189255e+00
1.310810810810810745e+00
1.351351351351351315e+00
1.405405405405405483e+00
2.527027027027027195e+00
1.918918918918918859e+00
2.108108108108107892e+00
3.459459459459459651e+00
5.027027027027027195e+00
1.054054054054053946e+00
2.297297297297297369e+00
1.567567567567567544e+00
1.405405405405405483e+00
1.189189189189189255e+00
1.121621621621621712e+00
1.040540540540540571e+00
4.445945945945945610e+00
3.283783783783783772e+00
1.094594594594594517e+00
2.472972972972972805e+00
1.513513513513513598e+00
1.391891891891891886e+00
2.405405405405405261e+00
1.135135135135135087e+00
2.013513513513513598e+00
1.729729729729729826e+00
3.000000000000000000e+00
1.256756756756756799e+00
1.378378378378378288e+00
1.824324324324324342e+00
1.702702702702702631e+00
4.770270270270270174e+00
1.716216216216216228e+00
1.175675675675675658e+00
1.121621621621621712e+00
1.351351351351351315e+00
7.405405405405405261e+00
1.229729729729729826e+00
1.202702702702702631e+00
6.135135135135135087e+00
1.216216216216216228e+00
1.270270270270270174e+00
1.270270270270270174e+00
1.054054054054053946e+00
4.945945945945945610e+00
1.527027027027026973e+00
1.324324324324324342e+00
1.418918918918918859e+00
1.148648648648648685e+00
2.189189189189189033e+00
2.229729729729729826e+00
1.918918918918918859e+00
1.283783783783783772e+00
1.581081081081081141e+00
2.918918918918918859e+00
4.364864864864864913e+00
4.175675675675675436e+00
1.945945945945946054e+00
1.891891891891891886e+00
1.243243243243243201e+00
1.675675675675675658e+00
1.527027027027026973e+00
1.391891891891891886e+00
1.243243243243243201e+00
2.013513513513513598e+00
1.067567567567567544e+00
1.418918918918918859e+00
1.716216216216216228e+00
7.027027027027027195e+00
1.945945945945946054e+00
1.540540540540540571e+00
1.513513513513513598e+00
4.837837837837837718e+00
2.756756756756756577e+00
3.202702702702702631e+00
1.256756756756756799e+00
1.783783783783783772e+00
1.202702702702702631e+00
1.148648648648648685e+00
1.391891891891891886e+00
1.243243243243243201e+00
2.094594594594594739e+00
1.256756756756756799e+00
1.797297297297297369e+00
6.540540540540540349e+00
1.648648648648648685e+00
2.216216216216216228e+00
2.000000000000000000e+00
2.581081081081081141e+00
2.459459459459459651e+00
1.783783783783783772e+00
2.148648648648648685e+00
2.310810810810810967e+00
1.459459459459459429e+00
1.702702702702702631e+00
3.067567567567567544e+00
1.013513513513513598e+00
1.702702702702702631e+00
1.081081081081081141e+00
2.554054054054053946e+00
1.905405405405405483e+00
1.324324324324324342e+00
2.013513513513513598e+00
1.054054054054053946e+00
2.202702702702702631e+00
3.756756756756756577e+00
1.054054054054053946e+00
3.635135135135135087e+00
1.243243243243243201e+00
1.540540540540540571e+00
1.945945945945946054e+00
1.459459459459459429e+00
1.270270270270270174e+00
2.702702702702702631e+00
7.810810810810810523e+00
1.054054054054053946e+00
2.351351351351351315e+00
6.270270270270270174e+00
1.729729729729729826e+00
1.445945945945946054e+00
1.121621621621621712e+00
7.648648648648648241e+00
2.337837837837837718e+00
2.689189189189189033e+00
2.054054054054053946e+00
1.148648648648648685e+00
1.297297297297297369e+00
1.540540540540540571e+00
1.054054054054053946e+00
3.135135135135135087e+00
1.382432432432432456e+01
1.108108108108108114e+00
2.635135135135135087e+00
2.972972972972972805e+00
2.175675675675675880e+00
5.067567567567567544e+00
5.135135135135135087e+00
1.527027027027026973e+00
2.216216216216216228e+00
1.081081081081081141e+00
1.662162162162162060e+00
1.202702702702702631e+00
1.418918918918918859e+00
4.256756756756757021e+00
1.905405405405405483e+00
1.608108108108108114e+00
1.297297297297297369e+00
1.729729729729729826e+00
1.040540540540540571e+00
5.554054054054054390e+00
1.810810810810810745e+00
1.270270270270270174e+00
1.162162162162162060e+00
1.297297297297297369e+00
1.472972972972973027e+00
3.459459459459459651e+00
8.459459459459459651e+00
4.824324324324324564e+00
1.081081081081081141e+00
1.229729729729729826e+00
2.256756756756756577e+00
4.500000000000000000e+00
2.283783783783783772e+00
1.432432432432432456e+00
1.108108108108108114e+00
2.364864864864864913e+00
1.445945945945946054e+00
2.445945945945946054e+00
1.540540540540540571e+00
1.229729729729729826e+00
1.310810810810810745e+00
1.364864864864864913e+00
3.054054054054053946e+00
1.202702702702702631e+00
2.013513513513513598e+00
2.554054054054053946e+00
9.324324324324324564e-01
2.364864864864864913e+00
6.270270270270270174e+00
1.337837837837837895e+01
1.297297297297297369e+00
9.756756756756756133e+00
1.162162162162162060e+00
1.959459459459459429e+00
2.310810810810810967e+00
2.756756756756756577e+00
3.418918918918918859e+00
1.648648648648648685e+00
4.837837837837837718e+00
3.986486486486486402e+00
2.054054054054053946e+00
4.486486486486486847e+00
1.027027027027026973e+00
3.378378378378378510e+00
2.283783783783783772e+00
2.513513513513513598e+00
2.297297297297297369e+00
1.621621621621621712e+00
3.770270270270270174e+00
1.108108108108108114e+00
9.459459459459459429e-01
1.797297297297297369e+00
1.337837837837837940e+00
2.108108108108107892e+00
1.540540540540540571e+00
3.905405405405405261e+00
1.148648648648648685e+00
2.027027027027027195e+00
1.189189189189189255e+00
1.500000000000000000e+00
1.256756756756756799e+00
8.229729729729729826e+00
2.837837837837837718e+00
3.135135135135135087e+00
2.689189189189189033e+00
3.000000000000000000e+00
4.500000000000000000e+00
1.702702702702702631e+00
1.459459459459459429e+00
2.148648648648648685e+00
5.932432432432432456e+00
1.189189189189189255e+00
1.783783783783783772e+00
2.486486486486486402e+00
2.418918918918918859e+00
1.729729729729729826e+00
4.094594594594594739e+00
1.432432432432432456e+00
2.405405405405405261e+00
2.256756756756756577e+00
2.054054054054053946e+00
1.175675675675675658e+00
1.418918918918918859e+00
4.256756756756757021e+00
1.270270270270270174e+00
1.648648648648648685e+00
2.189189189189189033e+00
9.189189189189189699e-01
1.027027027027026973e+00
9.189189189189189699e-01
2.013513513513513598e+00
1.081081081081081141e+00
1.135135135135135087e+00
8.959459459459459651e+00
2.000000000000000000e+00
1.310810810810810745e+00
1.324324324324324342e+00
1.702702702702702631e+00
1.297297297297297369e+00
1.135135135135135087e+00
3.662162162162162282e+00
1.243243243243243201e+00
1.324324324324324342e+00
1.662162162162162060e+00
4.891891891891892108e+00
3.175675675675675880e+00
2.364864864864864913e+00
1.567567567567567544e+00
1.445945945945946054e+00
5.513513513513513153e+00
1.864864864864864913e+00
9.729729729729730270e-01
1.189189189189189255e+00
2.824324324324324120e+00
1.756756756756756799e+00
1.608108108108108114e+00
2.081081081081081141e+00
3.783783783783783772e+00
2.675675675675675880e+00
4.027027027027027195e+00
4.905405405405405261e+00
1.500000000000000000e+00
1.472972972972973027e+00
3.986486486486486402e+00
1.405405405405405483e+00
1.108108108108108114e+00
1.662162162162162060e+00
2.837837837837837718e+00
1.459459459459459429e+00
1.243243243243243201e+00
1.689189189189189255e+00
1.175675675675675658e+00
1.297297297297297369e+00
1.459459459459459429e+00
1.067567567567567544e+00
1.554054054054053946e+00
2.608108108108107892e+00
1.824324324324324342e+00
4.270270270270270174e+00
2.391891891891892108e+00
1.270270270270270174e+00
7.648648648648648241e+00
1.513513513513513598e+00
1.418918918918918859e+00
2.500000000000000000e+00
1.337837837837837940e+00
1.621621621621621712e+00
3.918918918918918859e+00
1.189189189189189255e+00
1.878378378378378288e+00
1.037837837837837895e+01
1.324324324324324342e+00
1.432432432432432456e+00
1.743243243243243201e+00
2.432432432432432456e+00
1.027027027027026973e+00
1.391891891891891886e+00
1.378378378378378288e+00
1.040540540540540571e+00
1.027027027027026973e+00
1.162162162162162060e+00
1.283783783783783772e+00
1.310810810810810745e+00
3.418918918918918859e+00
2.243243243243243423e+00
2.067567567567567544e+00
1.418918918918918859e+00
3.054054054054053946e+00
1.351351351351351315e+00
