-1.563284899218247972e+02
-1.507466380457885862e+02
-5.798825718520167811e+02
-1.294366444141220143e+02
-1.131458876689819419e+02
-1.505391892232997577e+02
-2.842048876376805993e+02
-1.545617888295214470e+02
-1.723662657576942649e+02
-3.045503638193428628e+02
-1.352574824776730793e+02
-1.365676150698290883e+02
-1.218484227572042613e+02
-1.510010964616615468e+02
-1.786118881125007647e+02
-2.210432135185413927e+02
-1.626259330080619634e+02
-1.362575014813617997e+02
-1.894277507886333183e+02
-2.232861866186032387e+02
-1.894203022016836826e+02
-1.134667177367216055e+02
-1.697307326271238139e+02
-1.473790002495343288e+02
-1.318119610003146818e+02
-1.494616947574619132e+02
-1.537957372337126287e+02
-1.956649092289759437e+02
-1.854211327335405883e+02
-2.138065757334494208e+02
-1.195190173262577105e+02
-1.240861871348328975e+02
-1.556960604710426992e+02
-1.267986477921187571e+02
-1.201934386139460997e+02
-2.493500034967289025e+02
-1.490139247240556415e+02
-2.380664986411201198e+02
-1.845104533211809610e+02
-1.422274994640986279e+02
-1.311797185428829380e+02
-1.348216195119817087e+02
-1.640600527863115872e+02
-1.188885624499436489e+02
-1.896491612471173198e+02
-1.601498992353630797e+02
-3.729633435784438689e+02
-1.957917303187791731e+02
-1.733084411479579217e+02
-1.233082681125141846e+02
-3.814621726512477267e+02
-2.633278520140114551e+02
-3.152278001849211932e+02
-2.583448504322562371e+02
-1.619398828161341726e+02
-1.485517763390292032e+02
-1.136024982514555859e+02
-1.738809141494692199e+02
-1.688894320722475015e+02
-1.954398699676072511e+02
-1.271528832139430421e+02
-2.025180217634608937e+02
-1.160202742460167116e+02
-2.999168586628084086e+02
-2.344842079668848100e+02
-1.272867350100270585e+02
-2.204843450271483789e+02
-1.922772613334553000e+02
-6.459852191484093282e+02
-1.351841408963260847e+02
-1.342771401950297161e+02
-1.927316329654793776e+02
-2.913703078584908326e+02
-1.374999756229519221e+02
-1.452467963958929431e+02
-2.297269727714619023e+02
-2.612270526267914761e+02
-1.232318131008711646e+02
-1.677403949394911535e+02
-2.681327087171063681e+02
-2.302397918053627563e+02
-3.403991506041042499e+02
-1.722350749883580932e+02
-1.936855856750661644e+02
-1.396029478372761048e+02
-1.501663203425783024e+02
-1.914519749370338957e+02
-2.627320824875068865e+02
-1.614881091442219940e+02
-1.721204466020255666e+02
-2.057337475994330589e+02
-4.665883316661477238e+02
-1.921233766073086997e+02
-1.182124914362392190e+02
-1.463862149836627111e+02
-1.374304951000770529e+02
-1.928170440316645511e+02
-1.571843214312912380e+02
-2.918303441375754801e+02
-1.518220467425608149e+02
-1.162322307797597887e+02
-2.215146326796585754e+02
-1.581567010461975258e+02
-6.173645293671335139e+02
-1.237351027789543849e+02
-2.868151668284066886e+02
-1.758073072757212003e+02
-1.617828279552653328e+02
-1.616121965457721501e+02
-1.515168505669896604e+02
-1.214277298383906896e+02
-4.085625898405271528e+02
-1.545740882834966499e+02
-2.172108367453086828e+02
-1.639495521088080636e+02
-2.616549323716039908e+02
-1.601304030643783278e+02
-1.427921562987273774e+02
-1.265334660927192232e+02
-2.105863743957582415e+02
-1.226697895685834823e+02
-1.097646905661270438e+02
-3.765127374220505203e+02
-1.632328922997752159e+02
-1.796961221837852065e+02
-1.735933015754197868e+02
-1.705968125081058986e+02
-2.524888827320658606e+02
-1.148816819915292342e+02
-2.631799712883328652e+02
-1.302690937141029508e+02
-2.584519078646954426e+02
-2.004192399604322361e+02
-2.727826462168984563e+02
-1.309832164635460572e+02
-5.004636729429453794e+02
-2.073262927998307532e+02
-1.507641116075762113e+02
-1.191704961249100734e+02
-2.772836395645946936e+02
-1.341768312040991020e+02
-1.385479246368077781e+02
-1.212753490316226674e+02
-1.256788884791072434e+02
-1.440699004748958885e+02
-2.265514960002206237e+02
-2.620836399781222212e+02
-1.119384588054504803e+02
-1.761626717740442416e+02
-1.527861938942372149e+02
-1.726453957569970896e+02
-1.316701357224665685e+02
-5.175593342712641061e+02
-4.206921335401546571e+02
-2.239481067067840456e+02
-1.218002893377463067e+02
-1.423302490603655599e+02
-1.318736411299218787e+02
-2.102345858021348022e+02
-2.549672872148837826e+02
-1.879362540325225268e+02
-4.380950398036417823e+02
-1.333340940217761954e+02
-1.315601446750228831e+02
-2.155449581787896705e+02
-1.235461888237829555e+02
-2.589444134299749862e+02
-1.226605287082243905e+02
-1.598444301211112020e+02
-1.592120363729265762e+02
-2.307318829226265109e+02
-1.159629954685072306e+02
-1.654641739147985504e+02
-2.706499243438664166e+02
-1.435687616603425170e+02
-1.188519086604031969e+02
-1.392528386553736368e+02
-1.178693067581897651e+02
-1.304337438273972225e+02
-1.266512775592730549e+02
-2.351272916477900594e+02
-1.241047818208885758e+02
-1.178174037800465186e+02
-1.935273303900081885e+02
-5.337373465893467710e+02
-1.549814005931006591e+02
-1.649362978304994556e+02
-1.375197257796689598e+02
-1.185515936226871077e+02
-1.276871558740996164e+02
-1.589204465295217119e+02
-1.294578590796584194e+02
-1.149720896462941084e+02
-1.357877481170677356e+02
-1.228607432612794952e+02
-1.485045603902696598e+02
-1.098052588966627496e+02
-1.952233119141543227e+02
-1.270225772937141215e+02
-1.734508700743028555e+02
-1.349039165607390487e+02
-1.968609564329748309e+02
-1.400136996080298672e+02
-1.451410954622574536e+02
-1.893026688808435551e+02
-1.164331853028441941e+02
-1.123839897644007664e+02
-2.376728814905062279e+02
-3.079581209173116463e+02
-1.390175826343924257e+02
-2.545347746118916916e+02
-1.385985794130484408e+02
-1.194216965491506102e+02
-1.605274463989142362e+02
-1.282056018145256076e+02
-1.418122627900742145e+02
-1.337207822777102422e+02
-1.654409332894781812e+02
-2.549979837564429204e+02
-1.337530000356582605e+02
-1.240979276639819346e+02
-3.928255268947947911e+02
-1.383888020194845012e+02
-6.451059779625801411e+02
-7.269149650256669020e+02
-1.847868833678214173e+02
-1.581229037931491632e+02
-1.554921793284992475e+02
-1.491858422199200902e+02
-1.169502582553989498e+02
-1.366293056638839403e+02
-1.322793501653543728e+02
-1.977334269874522477e+02
-1.275978522616179021e+02
-1.302085493354653067e+02
-3.203492407503961772e+02
-2.237654746175371656e+02
-1.396403092732485902e+02
-2.455469340849432740e+02
-1.584082980956281688e+02
-1.724898639676608525e+02
-1.574364031518540799e+02
-1.716834247528736626e+02
-3.185313696750419012e+02
-3.575005401084551977e+02
-1.184274335175473425e+02
-2.308353298619676650e+02
-1.616833992905885680e+02
-1.225526929006128114e+02
-1.553277232098847094e+02
-1.342289366932310770e+02
-1.822029368220326830e+02
-1.188175633328115453e+02
-1.265545664236210541e+02
-3.506767789529793049e+02
-4.134878050369795801e+02
-5.723226956559549308e+02
-1.768958736961919271e+02
-3.534503555912972956e+02
-2.136411558954763166e+02
-5.092468203043510471e+02
-2.408184776141123962e+02
-1.854699246770513525e+02
-3.322674821223855588e+02
-1.904352088306834503e+02
-5.708170018528256833e+02
-2.870639681393006981e+02
-5.101304232235514178e+02
-1.525242955023632305e+02
-2.456444215062385297e+02
-4.696551360625088023e+02
-4.539705777679852758e+02
-4.066275685107329423e+02
-2.810192054644697350e+02
-3.175014186644509664e+02
-3.212092622924515126e+02
-5.090814435782837108e+02
-1.211048586969083516e+02
-3.830430857104621509e+02
-3.353245553547534428e+02
-3.503377907753815634e+02
-3.346571452534303717e+02
-4.012813107157235777e+02
-1.900968239888964604e+02
-4.579661917557037896e+02
-2.531389489699885189e+02
-2.838137667147422007e+02
-3.582873690300897920e+02
-7.796619997174536820e+02
-3.145337264334607994e+02
-2.122179535797040160e+02
-1.950947358143279473e+02
-2.772159976642969923e+02
-1.911346269808521470e+02
-3.060968166163322053e+02
-2.670286971031721919e+02
-3.280941157558085024e+02
-2.744914815225215534e+02
-2.887165432371245402e+02
-5.673458220252391584e+02
-2.395785880461228601e+02
-3.002827296180753365e+02
-4.528683370370275156e+02
-2.914805455830630763e+02
-3.579643364305537716e+02
-3.664206506614610248e+02
-5.422783306515548247e+02
-2.576434721543546971e+02
-3.700341069290899441e+02
-1.143689938482575172e+02
-2.245241592234263521e+02
-2.606357129069775169e+02
-2.966485737761386190e+02
-3.903468868044735700e+02
-1.310844446331076369e+02
-2.698222322889032512e+02
-1.743252872672630076e+02
-4.658762174680660451e+02
-3.352937937923788922e+02
-5.390284452680560889e+02
-3.155620537488694026e+02
-2.482130802533852432e+02
-3.410760105151610446e+02
-4.362059338980465100e+02
-6.331480931613446046e+02
-1.396695833135721898e+02
-3.564178440422260792e+02
-1.768922669826802121e+02
-2.460379386404044908e+02
-4.590351857208943898e+02
-3.641319326633785636e+02
-5.506729141269516958e+02
-3.014769358562791126e+02
-5.947259284853493000e+02
-1.950338901485731640e+02
-7.282360317987103144e+02
-6.184236456865961600e+02
-1.196680973473744700e+02
-2.393751710042902516e+02
-3.313528113889409497e+02
-2.999509421061511034e+02
-1.667790377923045071e+02
-1.514029490201702117e+02
-3.114766230095816582e+02
-4.134967719400160604e+02
-3.733780584675554906e+02
-3.130594663573509706e+02
-1.278314530507689426e+02
-2.848357936690338192e+02
-1.326937730548247885e+02
-1.240486273875830818e+02
-1.313522823773499795e+02
-2.081111246848850271e+02
-1.640593204078901124e+02
-1.184655447825924455e+02
-1.328698076619321853e+02
-2.500505967027031602e+02
-3.427796942416701427e+02
-2.376870557866913032e+02
-1.641310657152579040e+02
-2.077201213134756586e+02
-3.218956663460251661e+02
-1.445429371651419501e+02
-2.506844263947788534e+02
-3.265802176259599037e+02
-3.591252648099610951e+02
-2.276724798042591544e+02
-1.788004006282073988e+02
-1.838153469254307026e+02
-3.910921015498784641e+02
-1.145242504440991098e+02
-1.985697986403654056e+02
-1.400942565930675414e+02
-1.977575876516939672e+02
-4.115431587540458054e+02
-2.024899061632784196e+02
-2.202201239097623215e+02
-1.233463029036464604e+02
-3.794559756746169796e+02
-5.126068486714824530e+02
-4.255953630582035885e+02
-1.788631438414865045e+02
-1.538081089168242386e+02
-1.702501399265685222e+02
-2.347003051888752339e+02
-2.629179488804649054e+02
-2.151869582279579447e+02
-3.253629776895720056e+02
-1.795174633977701149e+02
-1.449227653963979492e+02
-1.380522859142400023e+02
-3.585161744383437963e+02
-2.231648122586752265e+02
-2.713205964660995164e+02
-2.318540740344273559e+02
-1.159457460396117909e+02
-1.363352832749213803e+02
-1.154078875747022153e+02
-1.488024428456863859e+02
-1.331658741494524349e+02
-1.393460001143857880e+02
-1.637487614113128984e+02
-1.217214746838793644e+02
-1.798220134654352762e+02
-1.503169242104704892e+02
-1.406715676056045652e+02
-3.197290761832302906e+02
-2.336261409717094750e+02
-4.021597831064518118e+02
-1.225551353530014040e+02
-1.515523887752736130e+02
-1.223927230797117431e+02
-3.175291507439844736e+02
-2.232581091629042760e+02
-1.593901932912315544e+02
-1.197457710928138539e+02
-1.401375204462060253e+02
-1.898979768022263102e+02
-2.403630892879133683e+02
-1.545865743029706607e+02
-1.498193270720198029e+02
-1.970486295985482172e+02
-1.680837314429882667e+02
-1.530262538032959583e+02
-1.417366852420465477e+02
-1.727110085232610004e+02
-1.229732508362149446e+02
-2.173291184873173165e+02
-1.163484448301475851e+02
-1.715726195047749059e+02
-2.253865143624077803e+02
-1.687809170715734410e+02
-1.682012353174658585e+02
-1.534708398274754870e+02
-3.191674666661679112e+02
-1.276795625668881513e+02
-3.174260780190039668e+02
-3.360468359595145103e+02
-1.248181272821403383e+02
-1.501854538908445704e+02
-2.459175596026526023e+02
-1.238788681581309845e+02
-1.413614721624147705e+02
-1.388093865459217682e+02
-1.509762665762328027e+02
-1.789613303110321851e+02
-1.193410721712480722e+02
-1.312938620538990619e+02
-1.167019095267324360e+02
-1.234710407560793328e+02
-1.440939082467687911e+02
-1.353079272283711987e+02
-4.844807907615469276e+02
-1.581335720735388009e+02
-1.233013022788880022e+02
-1.407649226855704683e+02
-1.444908470222858057e+02
-3.976463245120672809e+02
-3.214337778341197236e+02
-1.158042311074172659e+02
-1.260037934441915297e+02
-1.702368672959789535e+02
-1.776887502852871989e+02
-1.997563758753734362e+02
-1.434737167615247415e+02
-1.500170488084437750e+02
-1.304067953256514159e+02
-1.202949039929579129e+02
-1.459740111284399973e+02
-2.816180647290152024e+02
-6.838787518273715023e+02
-1.453167107807650495e+02
-2.271143290217719937e+02
-2.025057066450864625e+02
-1.335685391494266696e+02
-1.666259233827445314e+02
-1.687424180016172102e+02
-1.892766059998553771e+02
-1.618901783280245468e+02
-1.368694083642116084e+02
-1.294261315578149834e+02
-6.210711158822956577e+02
-4.019075558844226634e+02
-3.903900099700705937e+02
-3.506007020372912848e+02
-1.228150328389527033e+02
-2.866150508752426163e+02
-2.961972009942919613e+02
-8.968514832751312724e+02
-1.206420407172926843e+03
-1.884197297918934453e+02
-2.295561839985691108e+02
-2.493364631330846066e+02
-1.122531965777501682e+03
-1.470592313252097654e+02
-3.445728154597169350e+02
-2.478586414009367616e+02
-3.422217527692207568e+02
-1.270755173073614372e+02
-4.098378847320806244e+02
-1.194348963657976697e+02
-2.355852853804640858e+02
-4.020879287071326758e+02
-4.341533799664060211e+02
-3.253811971781711350e+02
-3.049875417227985963e+02
-1.538923646744409268e+02
-4.618754671982453033e+02
-3.852902404622230392e+02
-5.519716037990809809e+02
-4.231862187936063151e+02
-3.642234834624742916e+02
-3.381604278229926877e+02
-6.455384432395773047e+02
-5.597291088641466104e+02
-6.353847860450442795e+02
-3.218409446819484288e+02
-2.680081606867345272e+02
-3.336015141619902238e+02
-3.466526702829642090e+02
-6.316697174600058133e+02
-5.372499377554667035e+02
-5.347779429587121740e+02
-5.740384312120360164e+02
-3.029302177950136752e+02
-5.072618140343462869e+02
-6.512251836378501366e+02
-6.198526047749552390e+02
-6.484031035886025620e+02
-6.921539299206282294e+02
-5.875276718816586481e+02
-4.584572165935670114e+02
-3.807932777712042594e+02
-6.402210096762385092e+02
-4.469705470077396399e+02
-6.789233059776898926e+02
-4.072666301500773329e+02
-2.209308547979657931e+02
-2.061393194110268894e+02
-1.637747779604470395e+02
-4.503755964083363779e+02
-5.136435469296114888e+02
-4.051882774877732913e+02
-5.764650157235918186e+02
-5.448932099537785234e+02
-4.045911737687152367e+02
-2.172728678072980983e+02
-2.308817399950090419e+02
-1.576656853401480021e+02
-1.271274811117870627e+02
-4.599005861380629199e+02
-3.234731634556237054e+02
-3.955364951542011340e+02
-4.143429404663779678e+02
-2.805630410380097715e+02
-2.138570288371765002e+02
-2.097446059591508174e+02
-3.038626690656759592e+02
-1.473233596112933128e+02
-1.180817431946517502e+02
-1.767938437570715564e+02
-1.152083493024079530e+02
-1.460904893695377496e+02
-1.346176540787976137e+02
-1.398805758117120206e+02
-1.780055834871728280e+02
-2.002325943631507243e+02
-2.027460209833043621e+02
-1.369806606091573542e+02
-2.222754440991394347e+02
-1.309049772982401691e+02
-1.173117115205201344e+02
-5.587608151258965563e+02
-1.783099063382985889e+02
-1.769564443528389859e+02
-2.121859672384335340e+02
-1.429823238729152308e+02
-1.430787984103118902e+02
-1.256229173594792456e+02
-1.377366597328538944e+02
-1.907420785256990143e+02
-1.262976187007307374e+02
-7.576620370589459981e+02
-2.061800216565706023e+02
-2.523543093618981743e+02
-1.654787299811719663e+02
-1.188429910460647534e+02
-1.725997359862859071e+02
-1.314398947087163094e+02
-1.380476634751319693e+02
-2.735420836305734156e+02
-1.347120307598213174e+02
-1.786703604078917351e+02
-2.924943904881258163e+02
-2.996358620683512299e+02
-2.259865250658023967e+02
-4.935757475963064280e+02
-1.651567695348681752e+02
-2.521721747677478902e+02
-1.236633226895983455e+02
-3.047996895462857196e+02
-3.054254215624006861e+02
-3.850778245230188759e+02
-1.359011958995430405e+02
-1.227579057096163382e+02
-3.616115871550176166e+02
-4.729028605476780740e+02
-4.217426175668687165e+02
-2.685845096900479234e+02
-1.141760165645705456e+02
-1.740251330000830308e+02
-1.599939935124181147e+02
-2.670662923208369079e+02
-2.293482823618587929e+02
-1.286507918365608418e+02
-1.295181670572378891e+02
-2.319110586806418439e+02
-1.458613563498927874e+02
-3.991622161616199378e+02
-2.502705905491519047e+02
-1.457511849548955354e+02
-1.436347509587520221e+02
-1.522539756169257714e+02
-1.142280389139265253e+02
-2.313150650419565295e+02
-1.728396677001804278e+02
-2.487964967122667872e+02
-8.095401716739204403e+02
-1.367307301181015191e+02
-2.492436006108925994e+02
-2.785545667394485463e+02
-1.683909657111502725e+02
-1.448815401813257324e+02
-3.278293367997229666e+02
-3.288938278555349370e+02
-1.336974475026453320e+02
-2.016476583428613480e+02
-1.461309521926515060e+02
-2.856659492201626449e+02
-2.154425634027771537e+02
-3.463644752292553335e+02
-2.030981023878625251e+02
-5.624977057976968808e+02
-1.081596684015567149e+02
-2.761224888751249864e+02
-3.181423267887172415e+02
-8.083366099431165139e+02
-6.316056268836632626e+02
-1.280799931430939296e+02
-1.417011171810538883e+02
-1.889469899027794213e+02
-5.189854514772392804e+02
-1.379850525366609872e+02
-1.853493029813877229e+02
-1.611316292633493390e+02
-1.281786102668620231e+02
-1.371788552574338382e+02
-1.534856814329185113e+02
-3.386254500579127011e+02
-3.256683977065839599e+02
-4.863324434155900349e+02
-1.176471950345674315e+02
-1.260092776160581565e+02
-1.140357456691870226e+02
-2.005307260718999771e+02
-3.073542005086676454e+02
-3.567591234052640061e+02
-2.089032918528190237e+02
-1.259674064446773230e+02
-1.232016656579260001e+02
-2.086197074517973249e+02
-1.308086147886924380e+02
-1.661314612767824030e+02
-2.277828839522282180e+02
-1.193055491586916048e+02
-1.671342794339721536e+02
-2.084402920107191051e+02
-1.724596360039626006e+02
-1.465381386682506388e+02
-3.317246926753121556e+02
-4.830280695652126042e+02
-1.661249354315698383e+02
-5.828052394406530539e+02
-1.924912909254032343e+02
-1.399562548258516301e+02
-1.332232908174631518e+02
-3.224366840665717291e+02
-1.319352119649319093e+02
-3.715904144839922765e+02
-3.048819156758764279e+02
-6.456713319770651651e+02
-6.567346478522592861e+02
-1.990383463758091125e+02
-1.512631055911410840e+02
-1.312596280060975005e+02
-1.661022956848564434e+02
-3.112738650324295691e+02
-3.766486299269338360e+02
-1.781252676289435328e+02
-1.158152306357959276e+02
-1.154775846136605395e+02
-1.335933587717449882e+02
-7.023294081481557214e+02
-1.817775235486308816e+02
-2.345621201008693788e+02
-2.358734262999599025e+02
-1.270868931833534248e+02
-4.262210076989489949e+02
-1.428055614567837210e+02
-1.487552264277438780e+02
-5.075350472069799252e+02
-1.157065192055005269e+02
-4.149862725827670715e+02
-1.228448928464286780e+02
-2.021767374667310264e+02
-3.592830213055052582e+02
-4.205670832086931341e+02
-6.610294749931146043e+02
-1.093960822066755554e+03
-1.579689029130474580e+02
-4.055703967412811153e+02
-3.158951253485949451e+02
-1.192760683133469257e+02
-1.313638026275241089e+02
-1.426622753678960578e+02
-1.291119985935349348e+02
-2.597139120104435506e+02
-1.947969267866557459e+02
-6.307523546621667947e+02
-1.161415613315579805e+02
-1.390111022092992812e+02
-8.224732058354413766e+02
-1.273160828942373684e+02
-1.223759204241650878e+02
-1.248126795265887381e+02
-1.850802983661683641e+02
-1.809731705799812858e+02
-1.269716653056541134e+02
-1.651216059032567216e+02
-1.510140669722114808e+02
-2.606469296204335819e+02
-1.344428627585320726e+02
-1.238582199388803673e+02
-1.899680128511968746e+02
-1.148488893465921308e+02
-2.636303464732653197e+02
-1.264672077565901560e+02
-1.423389369890518310e+02
-1.999544265434965666e+02
-1.305748334119114986e+02
-1.995785213472149735e+02
-1.392895338303184189e+02
-2.531566615737511654e+02
-1.922146585399318610e+02
-2.370035837015412312e+02
-1.407521841210697744e+02
-1.421984702441171748e+02
-1.715854535079129164e+02
-3.536922803037228391e+02
-1.175135005214829818e+02
-1.269168828689861073e+02
-1.907763628184719096e+02
-1.261523265198622283e+02
-1.275202978873913082e+02
-1.372713280804524629e+02
-4.092730182423928227e+02
-1.226657851363778775e+02
-1.403969575735952162e+02
-1.479620142370372662e+02
-2.112207323248350122e+02
-2.343641658350055934e+02
-1.438049103913857323e+02
-2.471042631436845340e+02
-1.866207060802153990e+02
-1.814393735384627178e+02
-1.473340747990361592e+02
-2.070679919120310615e+02
-2.410295080712497224e+02
-2.826004470320809219e+02
-1.332478836278281449e+02
-1.519827458123808697e+02
-1.208705884028670852e+02
-2.027673166908556652e+02
-2.237111164409460855e+02
-1.632762050092245261e+02
-1.222015905612718711e+02
-1.281159298685095393e+02
-1.339542123927171247e+02
-3.038797255195299272e+02
-1.283752601965722704e+02
-2.837150251040181388e+02
-1.542777489368743318e+02
-1.339967909807749891e+02
-1.833106053723036837e+02
-1.579245915218361631e+02
-1.713335844296626647e+02
-2.162871468489870779e+02
-1.353345856730298351e+02
-2.123140488781546651e+02
-1.244757970158738942e+02
-1.165181032121942479e+02
-1.799458457309877986e+02
-2.167801042937306022e+02
-1.317974106603408018e+02
-1.597223028316503530e+02
-1.250709442768784925e+02
-1.624108797675777964e+02
-1.723972813343476105e+02
-2.656967145577324914e+02
-1.627057260014651092e+02
-1.700205638370347856e+02
-1.204357216226681544e+02
-1.307393143080755920e+02
-1.254280201101972239e+02
-2.224339416506199427e+02
-1.310316271567066053e+02
-1.192901601831880640e+02
-1.592006457286061050e+02
-1.391407624092306605e+02
-1.962884332992586565e+02
-1.641160140919555488e+02
-2.314573594781974748e+02
-1.812998509158218212e+02
-1.480177309524708278e+02
-1.472305387554871174e+02
-1.988745176988368542e+02
-1.552971340057625014e+02
-1.532829933363001089e+02
-1.478723556318263661e+02
-2.217884441021136013e+02
-2.121797861595994732e+02
-2.410929174353982773e+02
-1.400502742573989963e+02
-5.168801113768465711e+02
-1.525032891852762020e+02
-1.163089940130589781e+02
-1.436034468870139733e+02
-1.225910280473080149e+02
-1.323391740586375818e+02
-1.827545077948102517e+02
-2.218752677403984137e+02
-4.514953990568271252e+02
-1.419190336975644868e+02
-1.390202184239211931e+02
-2.472649342218397521e+02
-2.770124717274560453e+02
-6.072240558271170130e+02
-1.586397537775854971e+02
-1.562054390434547315e+02
-3.826981321119220070e+02
-4.411544160398659074e+02
-1.346261848832786256e+02
-1.657351461280504736e+02
-3.010552210566635267e+02
-4.144980945067399603e+02
-4.690152166285716362e+02
-3.418470015018218646e+02
-1.683548901211072462e+02
-1.691613597921939061e+02
-4.613004027130139661e+02
-1.656462043068393655e+02
-1.174134436895581786e+02
-2.359687529514968105e+02
-1.208410996958546946e+02
-1.265456030115351496e+02
-1.469803473697427876e+02
-1.563880081976994063e+02
-3.583646165939723574e+02
-2.469728698333038324e+02
-1.162326094621294885e+02
-1.211258157402079263e+02
-1.532763099376345508e+02
-1.691721517304255542e+02
-2.321832831827179859e+02
-3.502653005405254021e+02
-1.211566533025512484e+02
-1.156195586314519801e+02
-1.242915493651683363e+02
-1.260591058278867536e+02
-1.581359137820828664e+02
-1.503174980970286185e+02
-2.291511345044223162e+02
-1.504403782687179216e+02
-2.303261631069881332e+02
-1.527385770009365160e+02
-1.267461247314537047e+02
-1.241873747437416995e+02
-1.288637990521432357e+02
-1.158424091861517411e+02
-1.265492893623239894e+02
-1.340142034577017967e+02
-1.521530891196543109e+02
-1.661208976568053970e+02
-2.673976991879251841e+02
-1.250493045812566635e+02
-2.370250027380107269e+02
-5.055394102676613102e+02
-2.937402988084184017e+02
-1.939509903808467186e+02
-1.639721705224485220e+02
-1.186562793314780890e+02
-1.546196789744216176e+02
-1.304154080697001064e+02
-1.345304754434143888e+02
-2.039070537484097088e+02
-1.327645644429867389e+02
-2.077409708591326876e+02
-1.235951315350318822e+02
-1.266895472239256151e+02
-1.370755060664189102e+02
-2.701200109872453936e+02
-1.812485704909569222e+02
-1.419998723839642594e+02
-1.831509730906815605e+02
-1.344466197438624988e+02
-1.332264661344788408e+02
-1.311054187019476842e+02
-1.275963842338941703e+02
-1.625130669603328215e+02
-1.716162961423928266e+02
-1.176955305866412687e+02
-3.743079497624172518e+02
-1.285177509989123621e+02
-1.502032698575482925e+02
-1.336955504350183332e+02
-1.320156831207177959e+02
-1.215229485690246634e+02
-1.329654656371516523e+02
-1.373419666660784060e+02
-1.206276664252818307e+02
-1.524556741733671856e+02
-1.249787740377045537e+02
-1.210995926343236988e+02
-1.424461629031093537e+02
-1.205218613570827557e+02
-1.672639031563946048e+02
-2.514469765397274443e+02
-4.463542973715867674e+02
-1.168254420805848497e+02
-1.328175726284584073e+02
-2.441941252738340609e+02
-1.629388984910613090e+02
-1.399438410015935688e+02
-1.345988805595280553e+02
-1.595829360007189166e+02
-1.352162642580635463e+02
-1.193903792829083415e+02
-1.348863358525258320e+02
-1.302805338691324266e+02
-1.415845819120270903e+02
-1.211397543879324274e+02
-1.678811137712643244e+02
-1.972270673564953825e+02
-2.520112358515671360e+02
-1.837875862791022996e+02
-2.220950218347941814e+02
-1.162136003492725536e+02
-3.907960765010185469e+02
-3.986243933630817082e+02
-1.722883876156177223e+02
-1.801222360613772082e+02
-1.500926599624463051e+02
-1.245328451845918920e+02
-1.667784242790828273e+02
-1.345083214505898184e+02
-1.354713696202869926e+02
-1.863447680635146355e+02
-1.310887118439413541e+02
-1.178814262822955641e+02
-1.535105345352061761e+02
-2.150317712922525288e+02
-1.499471088532192766e+02
-1.110713952893593870e+02
-1.353657241060582237e+02
-1.191917120965681960e+02
-1.989431993196799056e+02
-1.134609013107045143e+02
-1.517821463179513160e+02
-1.466255869296227559e+02
-2.233714192481431269e+02
-2.771964155207875820e+02
-1.801133628145235264e+02
-1.245389256929350381e+02
-2.081481518792843417e+02
-1.216965919527801390e+02
-1.236403071922194670e+02
-1.424616319737575623e+02
-1.961649711402106675e+02
-1.580890093713349813e+02
-2.196785938445211173e+02
-1.392251887083500321e+02
-2.916176681875064673e+02
-2.623497160342309940e+02
-1.529775923494443646e+02
-1.383080291932486148e+02
-2.471231040381426567e+02
-2.919880038750625886e+02
-1.727511320865533833e+02
-1.941245074773247836e+02
-2.534679029213544084e+02
-1.195790633432303451e+02
-1.256132743492792372e+02
-1.418506210601576072e+02
-1.462386981963984454e+02
-1.274035238391399503e+02
-1.438366871446588959e+02
-1.256003143909483697e+02
-5.075263546271425525e+02
-1.441443151122914514e+02
-1.543107195624038752e+02
-1.727884593436644138e+02
-1.568279486922813533e+02
-1.554708476204764906e+02
-2.399949962140830451e+02
-1.437518432561946327e+02
-1.213447163886688855e+02
-1.698292774598786821e+02
-2.450660055870307872e+02
-1.744082776985973737e+02
-1.311349568135933907e+02
-3.162930404819766750e+02
-1.233255736040599970e+02
-1.491985149648534446e+02
-1.170850209464215368e+02
-1.265836739659837207e+02
-1.313790930445113929e+02
-1.544206476605235139e+02
-4.215573691887613563e+02
-1.898777763789077824e+02
-2.541025223811843432e+02
-1.629379412510178895e+02
-1.293206677418784807e+02
-1.744075224060844960e+02
-1.602761030520304359e+02
-1.578517948993296045e+02
-1.433400075716677975e+02
-1.261027194991323341e+02
-1.669707528952858979e+02
-1.227247277731204207e+02
-1.436042386137726794e+02
-1.525680448131964795e+02
-1.912921938405692686e+02
-1.952307245431459819e+02
-1.242866219040621587e+02
-1.192948067859080368e+02
-2.772437089485728166e+02
-1.757952560959280675e+02
-3.041920548909016588e+02
-2.154033550831848345e+02
-1.791469104592974304e+02
-1.164117171721802748e+02
-1.233851325661625964e+02
-2.142061446925860082e+02
-2.006868646075270419e+02
-1.284591813602484081e+02
-1.789463769890951994e+02
-1.162612395840532855e+02
-1.302861714619356235e+02
-1.442824733390530696e+02
-1.467358947007815289e+02
-1.433869837541900552e+02
-1.203234172962392705e+02
-1.437270081647154427e+02
-2.056937387618230275e+02
-2.102550854838598866e+02
-3.258686412354050503e+02
-1.981584672819888624e+02
-2.523008778834951045e+02
-3.523836754147251895e+02
-2.532198038102926319e+02
-1.908807657472771382e+02
-1.459909925354765221e+02
-3.434899667694881487e+02
-1.221280533449501746e+02
-1.470881646077311586e+02
-1.405908974887150009e+02
-1.320630640213213667e+02
-1.316866299190040763e+02
-1.350076338226953396e+02
-1.269023366667988029e+02
-1.509861090664956578e+02
-1.451777712452067135e+02
-1.388499013059416995e+02
-1.302812807139304425e+02
-1.257447200921709651e+02
-1.595353567866316666e+02
-1.801631295411668816e+02
-1.457103170691944456e+02
-1.345217006586540549e+02
-1.265595706927687729e+02
-1.826510708481842187e+02
-1.614499837887338742e+02
-1.344759862145837417e+02
-1.182628527304403008e+02
-1.267421793987151659e+02
-1.159743736792555779e+02
-1.637128115815880278e+02
-2.559395995238992327e+02
-1.404464954037049154e+02
-2.041146494124224944e+02
-3.044223192191282692e+02
-1.487309805967392151e+02
-1.246119593936241898e+02
-1.292712743785619978e+02
-5.416609367870937604e+02
-3.299285736895207037e+02
-1.567188010580119339e+02
-1.434382877973323787e+02
-1.222524411938030653e+02
-1.276924612127523488e+02
-1.278437446387358989e+02
-1.291972260644275821e+02
-3.376119453082579298e+02
-3.531182657283809476e+02
-2.115826643830983187e+02
-2.019804629009651649e+02
-1.424115449940845508e+02
-1.945099129273768881e+02
-1.459373693706037329e+02
-1.607160489639470313e+02
-1.126870296171741046e+02
-2.132211100432142814e+02
-1.285478263144994173e+02
-1.291725471950558131e+02
-1.740618938951003827e+02
-1.494425729817741342e+02
-1.212173509033055439e+02
-1.701605528329947958e+02
-1.207603002855230301e+02
-1.333575197499272065e+02
-1.230218356822161780e+02
-1.592096619355776284e+02
-1.352859409185341519e+02
-1.577339965619509030e+02
-1.476963208258990221e+02
-1.881025156904641449e+02
-1.546756973570117566e+02
-1.314837766021660457e+02
-1.802375473754248958e+02
-2.260006504299749679e+02
-1.705776092166686624e+02
-1.695450956180370099e+02
-1.461113959887944418e+02
-2.013090051637799434e+02
-1.568305900421113677e+02
-1.269136165124217399e+02
-1.283503197771472628e+02
-1.373527090388620024e+02
-1.617906575174992270e+02
-1.263091822265776472e+02
-1.269182142046424673e+02
-1.686378894355811155e+02
-1.571609389859465011e+02
-1.288967125332458750e+02
-1.358647265167647049e+02
-1.464616307050885666e+02
-1.460780894090704294e+02
-2.337422920105265405e+02
-1.313905617364844431e+02
-1.758259196144466614e+02
-1.599733890790330122e+02
-1.306202289327970618e+02
-2.193850224347268920e+02
-1.579898793965340360e+02
-1.222709871681794311e+02
-1.323637737126441323e+02
-1.244507936289771948e+02
-1.402209196299242535e+02
-1.257178678962930150e+02
-3.246052673517341418e+02
-1.463345815069928619e+02
-1.614041346147519675e+02
-3.522507512538695096e+02
-1.275354689331658022e+02
-1.545498921376389774e+02
-1.410436441434932533e+02
-1.277858464013617095e+02
-2.543062856276660284e+02
-1.344740717161814985e+02
-1.187557857999704680e+02
-1.160708143734316877e+02
-1.250388699323258237e+02
-1.958160970572564850e+02
-1.555801291494440761e+02
-1.882140767167867921e+02
-1.193355879993814455e+02
-1.395943362475903200e+02
-1.433905747983158108e+02
-2.849796388992113521e+02
-1.417747056728224777e+02
-1.392443815132573093e+02
-1.394510652150630108e+02
-1.244283128967375092e+02
-1.567892389236370150e+02
-1.497787475206108070e+02
-1.705767833820630415e+02
-1.424002580492754930e+02
-1.675348989927324794e+02
-1.166981006919790502e+02
-1.625456351772440655e+02
-1.268000297608357272e+02
-2.118299102679042676e+02
-3.481732024693770882e+02
-1.280481060148019594e+02
-1.702908408843465224e+02
-1.251700022570523743e+02
-2.265085990497012745e+02
-1.208298774203522186e+02
-2.299931529656537634e+02
-1.405271094875702715e+02
-2.294349940644902404e+02
-1.326207238582839523e+02
-1.920840183218744812e+02
-2.660843846217589999e+02
-2.255283938857758130e+02
-1.948180806848194493e+02
-1.228824870109101397e+02
-1.196279864565813682e+02
-1.162351634172209174e+02
-1.659662928977915328e+02
-2.413602648438140363e+02
-1.285354153553197420e+02
-1.264727748886798508e+02
-1.693630166578183776e+02
-1.380467540478320814e+02
-1.254531896512453244e+02
-1.331207944024410779e+02
-1.736438206021104236e+02
-1.224517251737494377e+02
-1.460353278293672759e+02
-1.714750493085150254e+02
-4.540420314481785908e+02
-2.731403672623604280e+02
-1.210644691995864974e+02
-2.951395105968721850e+02
-1.596344248874737843e+02
-3.021971194221342216e+02
-1.226294693974488581e+02
-2.684152895288705736e+02
-1.430185789938478251e+02
-1.235105475872773724e+02
-1.174851425914545899e+02
-1.434716297305427020e+02
-2.169095752241999833e+02
-1.408663062320005679e+02
-1.338794600276383733e+02
-3.078583235536733582e+02
-1.593743852625771353e+02
-1.352304262098669483e+02
-1.364329264840549456e+02
-1.613159331908052536e+02
-1.193543426826657168e+02
-1.410235816453455868e+02
-1.329630779726131493e+02
-1.170285560204891624e+02
-1.266221174851792881e+02
-1.438701548394635665e+02
-1.114858970823786137e+02
-1.733335338200100182e+02
-1.158747992323296785e+02
-1.963618203161443319e+02
-1.917904785906330517e+03
-1.525334546775001172e+02
-3.953773276755892425e+02
-1.169029652701660495e+02
-2.401551099797198958e+02
-1.517174782779062809e+02
-1.831225295025195692e+02
-1.340683581094912427e+02
-1.344449914947120419e+02
-2.639523095357765783e+02
-1.354022791575294491e+02
-1.627113840774458993e+02
-1.533157381831537975e+02
-1.488680789221867542e+02
-3.159724090882717178e+02
-1.278889907566369999e+02
-1.180755866528165114e+02
-1.200236537085355337e+02
-1.571039868456713009e+02
-1.232295851297586324e+02
-1.783709358523372259e+02
-1.188011306559407672e+02
-1.596794432302817484e+02
-2.396205860069443361e+02
-1.936671067152501564e+02
-1.328123082325183759e+02
-1.170311700378356505e+02
-1.318436371085435042e+02
-1.633705526953176559e+02
-1.567587101531015605e+02
-1.506088103812843144e+02
-2.247243622639158502e+02
-1.226892939787031338e+02
-1.758035285175765523e+02
-2.229349532559298552e+02
-2.324741496491848238e+02
-1.137505319726853514e+02
-1.207629987589804159e+02
-1.565918400352721847e+02
-2.136296710447409453e+02
-2.113555708192060649e+02
-1.599273874831290527e+02
-1.426305897774315667e+02
-1.211309970309747683e+02
-1.738357558479294767e+02
-1.351490704710344630e+02
-1.283601258059084387e+02
-1.353550582030591158e+02
-1.929491809125798341e+02
-1.417074664257536369e+02
-1.280579709246873961e+02
-1.685224382497777640e+02
-1.208357631725565398e+02
-1.269856717408595017e+02
-1.250109637563419511e+02
-1.223217867355934629e+02
-2.110866513215689793e+02
-1.209348314996631046e+02
-1.392863391578420078e+02
-1.547996405145127881e+02
-1.307491779228058135e+02
-1.162462986171066319e+02
-1.383472478682341773e+02
-1.504804182701258526e+02
-2.070942947935504037e+02
-1.219726798399072720e+02
-1.259578103982707660e+02
-1.400443923893561191e+02
-1.132618739756566129e+02
-1.439185704866820856e+02
-1.389720898632996580e+02
-1.488831337471402776e+02
-1.194231647756943033e+02
-1.983701643966860217e+02
-1.201432939331391765e+02
-1.361882098779189221e+02
-2.489711808983028902e+02
-1.566500065107919113e+02
-2.188996035313206505e+02
-1.284692728587668853e+02
-1.572416585369927589e+02
-1.118431497965948580e+02
-1.696282024530927117e+02
-1.365789957628574314e+02
-1.740503532690126463e+02
-1.247092865674461990e+02
-1.162406612231233680e+02
-2.481687071594785721e+02
-1.532609160432437534e+02
-1.595469388195506326e+02
-2.115989349105239228e+02
-1.349993296550222510e+02
-2.624373244515514330e+02
-1.214605659967259754e+02
-1.130152735270968662e+02
-1.350903614852994963e+02
-1.417059582033399181e+02
-1.756581606528237103e+02
-2.874129011120335804e+02
-1.792285521684367779e+02
-1.483881732407751315e+02
-1.355994245882518499e+02
-1.366444999391654846e+02
-1.272016986687357871e+02
-1.203207859978328145e+02
-1.608690606765250095e+02
-1.297033495990052927e+02
-1.215986760787291558e+02
-1.752542005717384370e+02
-1.914864061458538913e+02
-1.129678977804608593e+02
-1.387606444169209396e+02
-3.657440008252390840e+02
-1.451740359839186283e+02
-1.277967471916711872e+02
-1.146330250412065652e+02
-1.999018754849637673e+02
-1.207660855268946989e+02
-1.344377948723123950e+02
-2.081005233037612356e+02
-1.493175664922627561e+02
-1.177966112880024951e+02
-2.126647273829389349e+02
-1.166308614991011154e+02
-1.364417299609233964e+02
-1.295487814940845226e+02
-1.361484887509610076e+02
-1.129631988678909096e+02
-1.875625994930455533e+02
-1.400512612478775623e+02
-2.441758337629334505e+02
-1.274906996733522817e+02
-1.447594996747981213e+02
-1.395504633110550117e+02
-1.504486432596035286e+02
-1.835662170073301240e+02
-1.135363681973427106e+02
-1.648824436064696215e+02
-1.203370527233224152e+02
-1.296815271582322282e+02
-1.665080497282336012e+02
-1.333382019676456878e+02
-1.182259893155625434e+02
-2.837434818903184919e+02
-1.453084992926739289e+02
-1.388079889789115100e+02
-1.333046502256583778e+02
-1.299159116280770263e+02
-1.991042301606396450e+02
-1.327014590889033059e+02
-1.514286256489779419e+02
-1.265776394306846697e+02
-1.115692975813288257e+02
-1.518632007887428870e+02
-2.348773747062571715e+02
-1.253577089613269493e+02
-1.335150597710593274e+02
-1.418044187580505024e+02
-1.173185838237857723e+02
-1.218248794818528751e+02
-3.749052414905772252e+02
-1.556069046599764931e+02
-1.200809700674053744e+02
-1.554613376278244914e+02
-1.558405314798054064e+02
-1.401013718480256216e+02
-1.432872643891436724e+02
-1.273443364072558950e+02
-1.272757258472172595e+02
-1.140992010214213650e+02
-3.061914318026900332e+02
-3.207652771953827937e+02
-1.527891637301866012e+02
-1.239902992863692361e+02
-1.729246887988721255e+02
-1.424881241406387460e+02
-1.939129115112677368e+02
-2.427839523278838385e+02
-4.312247723712569609e+02
-1.783694503082783172e+02
-2.818384446603444644e+02
-1.132963205235974868e+02
-2.405590050764442935e+02
-1.322247007339349807e+02
-1.247191503222515649e+02
-1.193153922989890674e+02
-1.296881732917282761e+02
-1.207995920869058608e+02
-1.574179972135959815e+02
-3.652171170722217539e+02
-1.307784986867989403e+02
-1.087085723540923823e+02
-1.268835383956638339e+02
-1.906972912720389388e+02
-1.723843788481796935e+02
-1.200946005158176462e+02
-1.394450971408727753e+02
-1.337021662327234424e+02
-1.247967046964781872e+02
-1.880575177503263546e+02
-1.175511258706098658e+02
-1.609143899342021200e+02
-1.236822584587449683e+02
-1.390979106924506823e+02
-1.664886186341334735e+02
-1.164028365248043286e+02
-1.866418569532758056e+02
-1.574441365993019986e+02
-1.634393625439353173e+02
-2.533037007024163074e+02
-1.225865192791724354e+02
-1.129910901587372507e+02
-1.505734746423969455e+02
-4.025597047011079326e+02
-1.151843280377495091e+02
-1.480672045830390857e+02
-1.896617394285921137e+02
-1.704612633351591455e+02
-1.898047141721064577e+02
-1.234895661159477669e+02
-2.278613666574994738e+02
-1.352330810000314898e+02
-2.566098628972238771e+02
-1.734659942489462878e+02
-1.501870342906733526e+02
-1.227352733292035225e+02
-1.407464900926723885e+02
-1.191051655864066845e+02
-1.625656305775477790e+02
-1.215777292185065477e+02
-1.704817983010502189e+02
-1.594072756903430843e+02
-1.679172178153135917e+02
-1.221903275447485129e+02
-1.503024733287489880e+02
-1.342368290200890613e+02
-1.162413904197696723e+02
-2.104143007458765169e+02
-1.145452074873986987e+02
-1.292551839812584547e+02
-1.236521188774674869e+02
-1.629006199718665187e+02
-1.425168520658791351e+02
-1.572520305140840549e+02
-1.475305702154948904e+02
-1.322481961340327814e+02
-1.229694669955713238e+02
-1.917381841610591096e+02
-1.742124592155978462e+02
-1.197364301373100943e+02
-2.520803850964487935e+02
-1.672178509905650117e+02
-1.247601906938384957e+02
-1.253895390096413252e+02
-1.174208127982298322e+02
-1.634458701606239401e+02
-1.184152503020807501e+02
-1.957757740329292346e+02
-1.141413178576238749e+02
-1.410894823373983797e+02
-1.360282539680733578e+02
-1.203282717656822314e+02
-1.224875413941432356e+02
-1.298998112053567127e+02
-1.880618990799697201e+02
-1.458513732238746456e+02
-1.623761969731077102e+02
-2.704821416583107521e+02
-2.106261937464442724e+02
-1.691347233456010883e+02
-1.373844465160670438e+02
-1.798797524834212425e+02
-2.707046148843547826e+02
-1.413155495827270443e+02
-1.293769867139501741e+02
-1.508316370994789395e+02
-1.299828890275180413e+02
-1.303512417809455997e+02
-1.298473482293499046e+02
-1.256897127955038798e+02
-1.205101994715394653e+02
-1.549719151143322620e+02
-1.208989775175408994e+02
-1.217992983476630968e+02
-1.398743087776589107e+02
-1.121901480139944596e+02
-1.100165499251203016e+02
-1.140299292431699456e+02
-1.567068154157052788e+02
-1.647049707034470032e+02
-1.311404465590082111e+02
-1.481133762879731819e+02
-1.767992274615960469e+02
-1.426218654548862332e+02
-1.200028965143917503e+02
-1.492184725086325443e+02
-1.448058954370294202e+02
-1.762490817573031450e+02
-1.084405365648434554e+02
-1.270352675969403577e+02
-1.370024914844591422e+02
-2.042834216694993472e+02
-1.331406900329423308e+02
-2.637443679814788879e+02
-1.684273017715800620e+02
-1.658554117800767358e+02
-1.569879734199404879e+02
-1.686485527445306332e+02
-2.125292669435170865e+02
-1.236225244642132282e+02
-1.267995498581168334e+02
-1.369151464514640963e+02
-1.324139447921205317e+02
-1.763932520806479829e+02
-1.222956408048268315e+02
-3.295013602610191015e+02
-2.574716696723011751e+02
-1.133900810267862909e+02
-1.170006647296428071e+02
-1.972071685696521399e+02
-1.864417382403936188e+02
-1.231685390641306981e+02
-2.838328408331553305e+02
-1.277088016001597452e+02
-1.313180171449029956e+02
-1.988736104771377882e+02
-1.283998872225085677e+02
-1.317976187258837513e+02
-1.249638755845422651e+02
-1.559354716704774546e+02
-1.247403662939097018e+02
-1.221543324911408632e+02
-1.115576647292946859e+02
-2.846085360253408680e+02
-1.944710845392316401e+02
-1.603806154985264527e+02
-1.256978759599239623e+02
-2.861720892764500945e+02
-1.454925441094343057e+02
-3.931270164093636481e+02
-1.203433586864895517e+02
-1.314139794041848575e+02
-1.511758798103387846e+02
-3.670525723084478500e+02
-1.171360033951950754e+02
-1.413659915322542702e+02
-1.412727499780974654e+02
-1.112628676944649442e+02
-1.266593293202669344e+02
-1.198648893474455690e+02
-1.174455536821730277e+02
-1.251985867349893198e+02
-1.295087635269812552e+02
-1.284297307947778393e+02
-1.500499620031756649e+02
-1.203202367689266765e+02
-1.365035238796299666e+02
-1.586241134905145032e+02
-1.488855712147329768e+02
-1.858977559719907049e+02
-1.197096566679934284e+02
-1.225289122471171765e+02
-1.134077091380514162e+02
-2.055002468243475562e+02
-1.818705876262609706e+02
-1.273150049832430994e+02
-1.227642445521366596e+02
-2.376718638590828903e+02
-1.826325612699981491e+02
-1.302383666753962927e+02
-1.523575101453441505e+02
-1.581181049535037459e+02
-1.359347212085976651e+02
-1.700476734566335892e+02
-1.350789599836809600e+02
-2.169646404078382034e+02
-1.168748646945526701e+02
-1.469490607940118707e+02
-1.241388426090244508e+02
-3.083735834719484501e+02
-1.235064650305665737e+02
-1.599969607102997031e+02
-2.087559740811825861e+02
-1.958277965037978561e+02
-2.746550141633626936e+02
-1.427938731179582419e+02
-1.522128540578792126e+02
-1.230067583958400093e+02
-1.210229899741122352e+02
-1.225810067238312513e+02
-1.779267215726928271e+02
-1.652782302668272223e+02
-1.584878026766234882e+02
-1.133561143815643533e+02
-2.516937502953031185e+02
-1.717959746592547674e+02
-1.392915892079363402e+02
-1.532376299167480624e+02
-2.356845812932137392e+02
-1.215996670688123942e+02
-1.331001988902615096e+02
-1.515900732038864192e+02
-1.625630524741998499e+02
-1.739087510237502272e+02
-1.644611452996601599e+02
-2.459831209364956521e+02
-1.138997950040037779e+02
-1.229497262037880887e+02
-1.380253931234835818e+02
-2.349577562346129582e+02
-1.546651151431164521e+02
-1.542793170470494033e+02
-1.292454530142460953e+02
-1.604821698339645195e+02
-1.371003355496476104e+02
-1.349462460846245051e+02
-1.436395507596153323e+02
-2.409339050601478220e+02
-1.413856162547062922e+02
-1.956990766940270134e+02
-1.754190024508339718e+02
-1.136724976957398354e+02
-1.212183575096004091e+02
-2.085785185576681329e+02
-1.272007012819376399e+02
-1.357754977438689536e+02
-1.249520638992942452e+02
-1.336745169178058745e+02
-1.285138874861326599e+02
-1.162734299516709910e+02
-1.139417330069924219e+02
-1.351998667859966190e+02
-2.448993050935592350e+02
-1.253416504809331968e+02
-1.562122152749096244e+02
-1.211833534460759836e+02
-1.248564538209335808e+02
-1.311717299743466185e+02
-1.271811531871590688e+02
-2.771052833814562746e+02
-1.143744315919048944e+02
-1.491904015789582729e+02
-2.370493520046626656e+02
-1.167151189778106186e+02
-1.454974700562007968e+02
-1.214859937099791836e+02
-3.158200607049352584e+02
-1.448412139796730855e+02
-1.785004172241835363e+02
-1.567377854010850342e+02
-1.669527980373252092e+02
-2.678629099482938614e+02
-1.089441819570380545e+02
-2.412205513805337773e+02
-1.467979107276575519e+02
-1.942926902022619515e+02
-1.181868354803696946e+02
-2.767680878176687429e+02
-1.768366254104036557e+02
-2.715149520388206952e+02
-1.189136324967690967e+02
-1.278961246545196389e+02
-2.013479905272891983e+02
-2.050547829345825050e+02
-1.333594999859951997e+02
-1.209955802806925362e+02
-1.243101480508286869e+02
-1.166186711314833815e+02
-1.470992960388359165e+02
-1.223538550216588874e+02
-1.232590976575521609e+02
-2.898505471905627360e+02
-1.476740414518973807e+02
-1.232063142129623401e+02
-1.245275398459391454e+02
-1.418137285289088254e+02
-1.861038643487362947e+02
-1.262909675067378572e+02
-1.711492252094594448e+02
-1.700601396683991595e+02
-1.230489474188826051e+02
-2.320924940148853750e+02
-1.110180242834924229e+02
-1.251976269295515038e+02
-1.261083590442519125e+02
-2.206227730338749780e+02
-1.191422966124075771e+02
-1.173986114100366649e+02
-1.730676032903112116e+02
-3.110598385646596853e+02
-1.255223884865032176e+02
-3.095167049253754499e+02
-1.323203319375001854e+02
-1.694340443324587113e+02
-1.295319559052576608e+02
-2.196807319253400976e+02
-1.187441529479362856e+02
-1.155707386907665608e+02
-2.201709645395173141e+02
-1.888429912268666442e+02
-1.466327709779325801e+02
-1.226321786398636817e+02
-1.360773011661839007e+02
-1.378047426582322714e+02
-2.185031720676115015e+02
-1.194029297992338314e+02
-1.774624997466088985e+02
-2.578346966597115397e+02
-1.140170000444747842e+02
-1.294487639382278417e+02
-1.586663630682843973e+02
-1.386778543668015686e+02
-1.436146597448236832e+02
-2.026720467426497692e+02
-2.007144549338518402e+02
-1.581488543479153179e+02
-1.340315078385851848e+02
-1.279754315605566291e+02
-1.242229778514428062e+02
-1.264820575333103108e+02
-1.400035572466957490e+02
-2.205135359585014214e+02
-2.257333105309886889e+02
-1.551605597096811948e+02
-1.766038661262878691e+02
-1.322496622094401459e+02
-3.570728774308434481e+02
-1.317340857607847511e+02
-1.521650948577043323e+02
-1.211112254863578528e+02
-1.158156118004456232e+02
-1.218148867214035960e+02
-1.426442923913740799e+02
-2.107974405904318189e+02
-1.342507679018706597e+02
-1.733791373189325498e+02
-1.253809032919197222e+02
-1.098156922266932725e+02
-1.493831050074097107e+02
-2.382322020390456032e+02
-1.513447006232387935e+02
-2.087259728067490698e+02
-1.270801149995821646e+02
-1.812036627101288957e+02
-2.384061239041371039e+02
-1.583926190071206861e+02
-1.838127677503630082e+02
-2.182052022343829663e+02
-1.383074066947747838e+02
-1.197924080083724334e+02
-1.751553012786198167e+02
-1.279503078172559754e+02
-1.364670471505399405e+02
-1.981825189673653256e+02
-1.215477422093111670e+02
-1.311106677389918787e+02
-2.518838483545035558e+02
-1.347253570944031935e+02
-1.218336436752547343e+02
-3.259084911513001543e+02
-1.398539910397953179e+02
-1.257622573270345612e+02
-1.189213592718684964e+02
-1.276084236628553015e+02
-1.594973548965623991e+02
-1.105658115440837150e+02
-1.648739577258938596e+02
-1.172489429975958046e+02
-1.695100966292377507e+02
-1.157275943974819796e+02
-1.435819650982214171e+02
-1.873124559861016394e+02
-1.663480644132453961e+02
-2.800939692944779722e+02
-1.146562907452748590e+02
-1.481190180246672128e+02
-1.428116930643670344e+02
-1.764438545356463806e+02
-2.632948368883170929e+02
-2.356114313028029983e+02
-1.545175599878428443e+02
-1.150716665755000037e+02
-1.480817946028320762e+02
-1.895412238169994907e+02
-1.413968084800896179e+02
-1.668297271954611176e+02
-1.166840536717542136e+02
-1.106605927360623127e+02
-1.272502532843477354e+02
-2.341769154486356683e+02
-1.289547634961711537e+02
-1.183620581294276519e+02
-1.171031357297583213e+02
-1.379337299720693295e+02
-2.810279416240468890e+02
-1.205321978624559023e+02
-1.228233381275357914e+02
-2.095094586431488324e+02
-1.765277473797554535e+02
-1.219250350518468906e+02
-1.185092629642753650e+02
-1.677949320421593029e+02
-1.604447976290346105e+02
-1.376331782880695016e+02
-1.471933830801364422e+02
-1.339462651472146035e+02
-1.143770456092513825e+02
-1.486290210047572202e+02
-1.200277763804125897e+02
-1.131024787731911800e+02
-1.705463850246064226e+02
-4.467641021522836695e+02
-1.556068060012501064e+02
-1.308909351368517946e+02
-1.126870296171741188e+02
-1.399856332198931455e+02
-1.436661422829663195e+02
-1.297292605712960096e+02
-1.260292083928110856e+02
-1.098760791805809873e+02
-1.528393652067361757e+02
-1.153793321244928762e+02
-1.497786899572297443e+02
-1.289973537783269251e+02
-1.210257589082831231e+02
-1.454791548255283828e+02
-1.240029695567058639e+02
-1.254436698625276989e+02
-1.414202626518029717e+02
-1.210843888245836268e+02
-1.311821645082724217e+02
-1.396513105743906635e+02
-1.766591077872445226e+02
-1.247057932226049388e+02
-1.246940580112697319e+02
-1.171757608553368755e+02
-1.219135556207493067e+02
-3.028938053214054094e+02
-1.217726049734910703e+02
-3.254101113140562802e+02
-1.423322731297019459e+02
-1.354138582816696044e+02
-1.214530197495482184e+02
-1.242922081011011102e+02
-1.398017301654693654e+02
-4.321164908739621069e+02
-1.690150240952604861e+02
-1.357886265052909494e+02
-1.294790919871502979e+02
-1.188685457815850697e+02
-1.113858891609530417e+02
-2.571337021106547240e+02
-3.228972901007444989e+02
-1.234955613751787382e+02
-1.943473178932182464e+02
-2.522472858498368851e+02
-1.417882559660393440e+02
-3.694876732625726845e+02
-3.740413584637171311e+02
-1.395914233577423147e+02
-1.237880623904996042e+02
-2.000772945841917760e+02
-1.171833535307338678e+02
-1.179025621588090331e+02
-1.371828076513817223e+02
-1.897719080228360440e+02
-1.207817724770698788e+02
-1.514198340717154281e+02
-1.134911096370016423e+02
-1.799851268506930353e+02
-1.450419350444381905e+02
-1.264340645973764765e+02
-1.198867205416382689e+02
-1.336708106900269399e+02
-1.485371956904487547e+02
-1.583973239795267887e+02
-2.238095817283583813e+02
-2.119272531450282600e+02
-1.556183149810255202e+02
-1.201004169418347232e+02
-1.160767391719491144e+02
-1.602536562741842090e+02
-1.502406283802369273e+02
-1.779161095577072444e+02
-3.503390286530886897e+02
-1.211522344435443870e+02
-1.322734310330862399e+02
-1.158300375030401597e+02
-1.315818670223581819e+02
-3.185726793045512295e+02
-1.393008610713099813e+02
-3.436058330346440357e+02
-1.426232632807671337e+02
-1.368425668782790297e+02
-1.234708913347474493e+02
-1.994237959450852031e+02
-1.311241264839974576e+02
-1.513661797713746751e+02
-1.788150963935979121e+02
-1.365753043055587739e+02
-1.392616829439201922e+02
-1.413397506769404970e+02
-1.335688402189316832e+02
-1.261270426543927243e+02
-1.482813500415815611e+02
-1.104203662291032089e+02
-1.332153447627111404e+02
-1.212075891242855903e+02
-1.172587470915801333e+02
-1.262637973069669926e+02
-1.550387505743201189e+02
-2.124796208997572933e+02
-1.228686355881374936e+02
-1.158430679220845292e+02
-1.300323356963241110e+02
-1.176913444561434261e+02
-1.256591401568000066e+02
-1.454586746849568613e+02
-1.590112642898409945e+02
-1.188352802219859115e+02
-1.282666928261392059e+02
-1.412376183886854335e+02
-1.114857182491647336e+02
-1.839960837584853550e+02
-2.625237443414618497e+02
-1.186054870450573304e+02
-1.134040832241212229e+02
-1.463079492008436659e+02
-1.330703496517430153e+02
-1.614901926800783940e+02
-1.432534582603354352e+02
-1.158403526843888187e+02
-1.113278715523661049e+02
-1.501324934615092843e+02
-1.381911926443870016e+02
-1.303579583206443999e+02
-1.081596684015567291e+02
-1.185165519778023508e+02
-1.234710407560793328e+02
-1.173509835043948470e+02
-1.743022721578924177e+02
-1.214626617745570201e+02
-1.284927661077283858e+02
-1.500883593715487336e+02
-1.691686718505312967e+02
-1.223058828592035212e+02
-1.246265352270671940e+02
-1.124408078509840578e+02
-3.264936664418494843e+02
-1.433056105324060638e+02
-2.675689535767247094e+02
-1.414124954302648405e+02
-4.045882764975249870e+02
-1.276693426106077993e+02
-2.761271553760203119e+02
-1.298894567788750010e+02
-1.252134543761440284e+02
-1.537458955329269941e+02
-1.297825260697410386e+02
-1.161393879408622780e+02
-1.147398700774389653e+02
-1.250076311938249063e+02
-1.274679461489632217e+02
-1.220716516114753603e+02
-1.173823616539890651e+02
-1.301864128344374478e+02
-2.475802079294598741e+02
-1.230576632317488617e+02
-2.232590592523825705e+02
-1.563534234558298692e+02
-1.249594569243553366e+02
-1.362971316128981982e+02
-1.118605257488541582e+02
-1.190767423910739922e+02
-1.330582397620683253e+02
-1.446887942680127708e+02
-2.403494655341299620e+02
-2.360507048033071840e+02
-1.292485896778508163e+02
-1.147606931104146071e+02
-2.431924968329911678e+02
-1.215056544066177793e+02
-1.411861018647883554e+02
-2.365389207773864371e+02
-2.529257807752894394e+02
-1.377749014387596844e+02
-1.896797012589125018e+02
-1.401135157874240917e+02
-1.340238655195967112e+02
-1.833087789203828208e+02
-1.498350480855350781e+02
-1.845694873321284888e+02
-1.180618797484098081e+02
-1.269376610790718303e+02
-1.332342120234606000e+02
-1.354952626321822322e+02
-4.694407558116141672e+02
-1.562094682454441852e+02
-1.632993778903986026e+02
-1.713230184260329168e+02
-1.372736082650455387e+02
-1.162605007529758296e+02
-1.597247368305042130e+02
-1.897349606012384697e+02
-1.267144318420023552e+02
-1.172779518018892730e+02
-1.730266334381094566e+02
-1.377832489164711092e+02
-1.967004498735151969e+02
-1.286413590739751385e+02
-1.395736181079710718e+02
-1.334184402436693517e+02
-1.073798014487953481e+02
-1.413445368368062418e+02
-2.516408245370645602e+02
-1.564290978794393538e+02
-1.708704003751589369e+02
-1.204597886507408617e+02
-1.635091359211353961e+02
-1.672067410614444611e+02
-1.141282098257148476e+02
-1.430887376863276472e+02
-1.589031629085554016e+02
-1.661707238122494061e+02
-1.526360267376631441e+02
-1.280776357706458839e+02
-1.448366162874523297e+02
-1.976475636444240536e+02
-1.181813905845711616e+02
-1.128506927399898245e+02
-2.271470041491088807e+02
-1.722231162354259766e+02
-1.413257604524583257e+02
-1.827779090269857818e+02
-1.184378570713963512e+02
-1.493128224215669206e+02
-1.913161575066232558e+02
-1.219694678170740900e+02
-1.164321943127609558e+02
-1.200702383142441505e+02
-1.956109962944937308e+02
-1.187333339474792524e+02
-2.187980976281733092e+02
-1.312779949484400390e+02
-1.553666106789364392e+02
-1.246104108879574000e+02
-1.136419403857795629e+02
-1.804013936051418625e+02
-1.427895730414118702e+02
-1.344098026691993368e+02
-1.131614873718613694e+02
-1.248129108254403974e+02
-1.316805613339811885e+02
-1.168083194831358895e+02
-1.265605304982065888e+02
-1.171107569974357432e+02
-1.450122121333734526e+02
-1.264296701536623004e+02
-1.448077891814511418e+02
-1.682169964625337855e+02
-1.377278077438703292e+02
-2.218193045502798100e+02
-1.137707782782847374e+02
-1.310154363430009141e+02
-1.613984869575596690e+02
-2.467048597224904540e+02
-1.185773368258524414e+02
-2.139519459258311542e+02
-2.534199524155612551e+02
-1.175844759210455379e+02
-1.312873582216913633e+02
-1.139531137000207792e+02
-2.101115888383716026e+02
-4.269798110917109284e+02
-1.209791219927245578e+02
-1.232495917679944739e+02
-1.162156400867971513e+02
-1.909557754896397341e+02
-1.180682817833876896e+02
-1.332622434717066255e+02
-2.203914392992812452e+02
-1.380043430392991013e+02
-3.545893633589208775e+02
-1.235014471273830310e+02
-1.610630119339579664e+02
-1.407864195618214183e+02
-1.478588345411056366e+02
-1.310408773302393399e+02
-1.331965642009801343e+02
-1.846561599787564489e+02
-1.260573961933763059e+02
-1.197510275209673694e+02
-1.646082357574203456e+02
-1.180471457080543018e+02
-1.853623570755462708e+02
-2.644846188095330035e+02
-1.435218120885313908e+02
-1.335214726128957921e+02
-1.277084442496378642e+02
-1.447187754911244610e+02
-1.276776929588267251e+02
-2.000099332891258257e+02
-1.207679042900589224e+02
-1.748137266784085853e+02
-1.171225686826837773e+02
-1.277965887741452917e+02
-3.849291366838984914e+02
-1.757149819626621081e+02
-1.425447828919558617e+02
-1.100513018296389447e+02
-1.416001561200536685e+02
-1.277854383100950457e+02
-1.260503366182702081e+02
-1.554916724460996988e+02
-2.747145116087033898e+02
-2.361575245887676147e+02
-1.348698018419388802e+02
-1.203880888999899383e+02
-1.233388561821101632e+02
-1.225616105149512549e+02
-1.605286335147874013e+02
-1.233844033695163063e+02
-1.200194603097817208e+02
-1.236203172226136502e+02
-1.537856935111670680e+02
-1.370902890053774286e+02
-1.261267455844923973e+02
-1.600449057808266389e+02
-1.317746178461782165e+02
-1.354954414653961123e+02
-1.614414676871258223e+02
-1.232717979735823803e+02
-1.384113976659511422e+02
-1.096660313012124561e+02
-1.943049210855006663e+02
-1.421639460833116289e+02
-1.378636417498758249e+02
-1.722954331609963674e+02
-2.923473786002984980e+02
-1.460446026677994382e+02
-1.683018674686931604e+02
-1.645174379028404417e+02
-1.311992218404170956e+02
-1.239869180444847814e+02
-1.455035454105764359e+02
-1.142746025036932025e+02
-2.432680485097261567e+02
-1.296770203424130159e+02
-1.449703801267239953e+02
-3.304354724589509260e+02
-1.600253530201899537e+02
-2.412345713053964573e+02
-1.528290948750037899e+02
-1.168240724081319257e+02
-1.161128535967695399e+02
-1.437241910761987356e+02
-2.129850505955599260e+02
-1.595670133878630281e+02
-2.477667112279041248e+02
-1.358231928072429469e+02
-1.328362922406394375e+02
-1.379535073278857169e+02
-1.689129969306469832e+02
-1.681576115253752448e+02
-1.189804943939025748e+02
-1.258135254029193675e+02
-1.173900724780679070e+02
-3.021903604375329451e+02
-2.519161028166301435e+02
-1.339533041640370357e+02
-1.370828284268925188e+02
-1.126986624692082586e+02
-1.324251574331918846e+02
-1.259476802850143144e+02
-1.281299464602423939e+02
-1.351258055632683011e+02
-1.203955598690594258e+02
-2.104584987551549773e+02
-1.621044841209580341e+02
-1.702296192296273887e+02
-1.295239297553609958e+02
-1.560328413687521163e+02
-4.515877787966650772e+02
-1.622798200377648641e+02
-1.471316105320912584e+02
-1.673128568880315470e+02
-1.245858585240311101e+02
-1.319036640476867603e+02
-1.519496561470040774e+02
-1.210255800750692572e+02
-1.217072542304190534e+02
-1.620648970978995180e+02
-1.189022489386623391e+02
-1.218178273937068212e+02
-1.234377381302410299e+02
-1.130616582836496633e+02
-1.262945436328581792e+02
-1.910548972525533316e+02
-1.669715271984116782e+02
-4.760629221432350846e+02
-1.128562570070011191e+02
-1.423825662466495885e+02
-1.298939146841949537e+02
-1.869593865869067315e+02
-1.397136815778602568e+02
-1.308426511615356560e+02
-1.254897339337591262e+02
-1.622624194649875733e+02
-1.688322254220960872e+02
-1.301005346946398618e+02
-1.189311482359291716e+02
-1.209489433651339567e+02
-1.537142313313117654e+02
-1.203778438009819496e+02
-1.510881430611921701e+02
-1.440114766060787588e+02
-1.178651889686879457e+02
-2.058232781956629367e+02
-1.563086254759690235e+02
-1.323642848000084769e+02
-1.992651326855642253e+02
-1.379273331325006779e+02
-1.219924813621366013e+02
-1.366027685546854116e+02
-2.122072229981984606e+02
-1.719109715271730465e+02
-2.798922650035776769e+02
-2.781169170842111953e+02
-1.312858124440414826e+02
-1.269683997045259787e+02
-1.147342983234676268e+02
-1.505400628461047745e+02
-1.274338541332511170e+02
-1.378563544310565590e+02
-2.005594459179284001e+02
-1.168360839425357653e+02
-1.207184183451847588e+02
-1.403261731982464653e+02
-1.247918809552521111e+02
-1.182806693093504293e+02
-1.644677163213264350e+02
-1.636347306219584823e+02
-1.585235523405781350e+02
-1.546571464274877883e+02
-1.269294472491023953e+02
-2.736840351174889179e+02
-1.918220111396580023e+02
-1.161344300999338230e+02
-1.280887185395961581e+02
-1.273225200457754340e+02
-2.287297967968763999e+02
-2.131097787678668283e+02
-1.352499068186133968e+02
-2.087043059765432531e+02
-1.143394275283804546e+02
-1.349907668066640554e+02
-1.316057982317120150e+02
-1.094896388288573945e+02
-3.419120967937690807e+02
-1.354481331485477256e+02
-1.917951647081754913e+02
-1.166248662398701441e+02
-1.248875711287574291e+02
-2.812896759744512565e+02
-1.221048297820283608e+02
-1.386832688759081975e+02
-1.362595100645560251e+02
-1.085461087532803077e+02
-1.895083326793033791e+02
-1.260626645448500938e+02
-1.202076783311756429e+02
-1.302394955000639243e+02
-1.264476317148824052e+02
-1.207687128256964399e+02
-1.119278989520560543e+02
-1.224696563068359438e+02
-1.177034083003972285e+02
-1.361864916435058035e+02
-1.155331519081912148e+02
-1.138487113348810311e+02
-3.042774981447088862e+02
-1.320523545584099736e+02
-3.598047664128887959e+02
-1.219372983624581366e+02
-1.281591046858677885e+02
-1.190581184726892729e+02
-2.128568017957728955e+02
-1.131336780895715322e+02
-2.150751449529921899e+02
-1.957330520653157748e+02
-1.707869868445042414e+02
-1.817541155414239711e+02
-1.328068506713628665e+02
-1.698774441103507797e+02
-4.205588378834314085e+02
-1.331881064063851738e+02
-1.596261772586321968e+02
-1.613065355497808184e+02
-1.106605927360623127e+02
-1.374044596026060105e+02
-2.111535253020246898e+02
-1.434456013742264702e+02
-1.481415218459294749e+02
-1.131614873718613552e+02
-1.461730511077454651e+02
-2.166013365673069586e+02
-1.253992757689059516e+02
-1.111108374236833924e+02
-1.212026312833571069e+02
-1.220974960349899021e+02
-1.754932651592004618e+02
-2.458958769039869026e+02
-1.259257982135591192e+02
-1.244871992591165366e+02
-1.421614453200497792e+02
-1.889747179961100585e+02
-2.066094627169575517e+02
-1.203269754190212382e+02
-1.340327492332582437e+02
-3.304111811009982489e+02
-1.605832650687146668e+02
-2.136168843297508602e+02
-1.608078485555436146e+02
-1.100281094513625391e+02
-4.533604130138796222e+02
-2.410928339098477409e+02
-1.326260818537852515e+02
-1.272988477647801204e+02
-3.436980399474035721e+02
-1.469450521008994883e+02
-1.175622012070604683e+02
-2.962855474265466569e+02
-1.166364257661123958e+02
-1.194553831408094879e+02
-1.455219750210901566e+02
-1.497549264632601478e+02
-3.091061171400561420e+02
-1.226231526530248885e+02
-1.499250306983018959e+02
-1.243340684912250964e+02
-1.423774832459212689e+02
-1.482586171503360504e+02
-2.257409465969703035e+02
-2.082488671572522207e+02
-1.678263141418257760e+02
-1.599756675687050631e+02
-1.378343477514655717e+02
-1.464594453965016783e+02
-1.338015516633584809e+02
-1.185795721608292581e+02
-1.208397900856568299e+02
-1.388174392921068545e+02
-1.125185707571310871e+02
-2.130544221884154581e+02
-1.991577808303061090e+02
-1.133485217061673609e+02
-1.651040844978473672e+02
-1.412015691626731098e+02
-1.252294907584414574e+02
-1.264308888874586358e+02
-2.526820115573884493e+02
-1.958133658929321257e+02
-1.125058117088851901e+02
-1.421144745588446199e+02
-1.506304749944456205e+02
-1.173757243883380426e+02
-1.950886313349707279e+02
-1.805077361535576301e+02
-1.180292898530760652e+02
-1.156787460633360354e+02
-1.416429247388577437e+02
-1.559149272812157108e+02
-2.422716526610882966e+02
-1.326460394429410883e+02
-1.432309246179918034e+02
-1.318771741696947117e+02
-1.181066670887965842e+02
-1.220011528127501634e+02
-1.182570363044232238e+02
-1.132450667040254757e+02
-1.158389830119359090e+02
-1.198753704772731510e+02
-1.405688874468615666e+02
-1.131162288115203012e+02
-1.371455913762686407e+02
-1.371479976827916403e+02
-1.369740016291977156e+02
-1.440369838989598748e+02
-1.238646991004349047e+02
-1.172408912366019109e+02
-1.889328753826850118e+02
-1.168999179771398076e+02
-1.638468214586251861e+02
-1.524178817451750376e+02
-1.312678518428487564e+02
-1.239833068618836762e+02
-1.189792950906030029e+02
-1.223224514719882166e+02
-1.722769390039977679e+02
-1.937594264224235872e+02
-1.540727156100813318e+02
-1.245625615576152967e+02
-3.732488562469617364e+02
-1.294010577102047819e+02
-1.195390806216554296e+02
-1.358818691517626860e+02
-1.332814968936951061e+02
-1.945974130677975609e+02
-1.250378568814492013e+02
-1.487567725205938416e+02
-1.169935519569647369e+02
-1.144720492615292358e+02
-1.168012587122252199e+02
-2.346177116817567594e+02
-1.516319039627547340e+02
-1.546106934991105959e+02
-1.293013019477850207e+02
-1.480899780357283362e+02
-2.031261506312885103e+02
-1.150616555549245561e+02
-1.790205663168427179e+02
-1.464331861273011270e+02
-1.496240456134567580e+02
-1.144098143377990056e+02
-1.127750470201377766e+02
-1.343654948487331069e+02
-1.838824599879986295e+02
-1.470875941459816829e+02
-2.813347301532094207e+02
-1.263035230835601368e+02
-1.347151524052723630e+02
-1.486214134984200257e+02
-1.201815004053341767e+02
-1.123004104322366459e+02
-1.151591239806001141e+02
-1.268802799422612679e+02
-1.271690500668371442e+02
-1.136838783887681927e+02
-2.827484920776852846e+02
-3.441294137150450183e+02
-1.507352984370253353e+02
-1.506735518900097190e+02
-2.837412405936436812e+02
-3.558048844973334894e+02
-1.249184830138772497e+02
-1.171541915043237339e+02
-1.321925554957917655e+02
-1.174780165552396483e+02
-3.540625516847504741e+02
-1.215604696065341415e+02
-1.325176787868963686e+02
-1.150681796273736666e+02
-1.212984482883088617e+02
-1.317064256130022670e+02
-1.551270727931606643e+02
-1.382785443432451871e+02
-1.419908490633839051e+02
-1.657854073993997588e+02
-1.157878993428131622e+02
-1.525262132543932125e+02
-1.323121581390350627e+02
-2.463718197163853461e+02
-1.192352478238054232e+02
-1.252739313853363399e+02
-1.137820299656691958e+02
-2.921556609636783151e+02
-2.025195543530400073e+02
-1.762690823774253488e+02
-1.237644984820046687e+02
-1.443313932965998561e+02
-1.734706247314252607e+02
-1.175801346749033627e+02
-1.331810531630135017e+02
-1.452050502283395303e+02
-1.128066698417777616e+02
-1.501310946960652473e+02
-2.053347281666195556e+02
-1.871104508223636742e+02
-1.301634169375266481e+02
-1.666129789431485335e+02
-1.119034634246906421e+02
-1.160511917046847543e+02
-1.270515860980076042e+02
-1.249600766139750050e+02
-2.176992848888609728e+02
-1.258522919866281029e+02
-1.871320598584653396e+02
-1.157007027794834499e+02
-1.139727324742169543e+02
-1.461849740727835751e+02
-2.146173231534834542e+02
-1.353029495699346114e+02
-3.443961690586891677e+02
-1.221789581808590412e+02
-1.140181175579219115e+02
-1.327521826093183108e+02
-1.154185760149903359e+02
-1.676712833609566360e+02
-1.460899915834036733e+02
-1.142641604908980923e+02
-1.506992086153048547e+02
-1.598172410110663009e+02
-1.135201184412951250e+02
-1.214847946543530242e+02
-1.156406945079654349e+02
-1.087387806803895103e+02
-1.205447483787813638e+02
-1.508511899755872037e+02
-1.204840082642427319e+02
-1.140576417008024066e+02
-1.181604167770332339e+02
-1.169415296076087287e+02
-1.273253201645917727e+02
-1.157985412047640779e+02
-1.255392589249463953e+02
-1.287479821609896362e+02
-1.270409442360566743e+02
-2.117264584899897102e+02
-1.215335904309755932e+02
-1.132264912297625017e+02
-1.152538754738721423e+02
-1.127460382158442940e+02
-1.415592135930409086e+02
-1.266122125019894469e+02
-1.371823508720509608e+02
-3.571105356435397766e+02
-1.612101366736610260e+02
-3.602441930278891391e+02
-1.394648344651848220e+02
-1.222553427317885593e+02
-2.408334340602539498e+02
-1.190485361092187446e+02
-1.240122400514960930e+02
-1.333068238855023253e+02
-2.112173494498997854e+02
-2.732888310030829189e+02
-2.054221113039210707e+02
-2.642853234249464549e+02
-1.195838423509449626e+02
-1.190941916691252374e+02
-1.898302170308405437e+02
-1.540981892640278943e+02
-1.262198756291041093e+02
-1.911047852875461217e+02
-1.492581021770667178e+02
-1.180684606166015556e+02
-2.276789323879565927e+02
-3.721720921558799091e+02
-1.219937000959329794e+02
-1.346793899127725922e+02
-1.648558024291096444e+02
-1.302265460696592072e+02
-2.776211761934264359e+02
-1.398025015032621639e+02
-1.288452501817534426e+02
-1.393040098015471528e+02
-1.553258576634758583e+02
-1.236351972168298516e+02
-1.806667600031634038e+02
-1.956954114358243544e+02
-1.177018597947304244e+02
-2.409798999846081813e+02
-3.627407541040907972e+02
-1.400836557799481739e+02
-1.269345208444373441e+02
-1.370641292303995158e+02
-1.189341096373497777e+02
-1.146651277655654297e+02
-1.165932673346196395e+02
-1.378626018492932985e+02
-1.325803279386079225e+02
-1.345146593259607926e+02
-1.311710916541018150e+02
-1.513243868553315963e+02
-1.351700983983649280e+02
-1.306970229257319431e+02
-1.145280103683532644e+02
-1.289874988703804206e+02
-1.333095899860136342e+02
-1.770541661022087965e+02
-1.575636401340607620e+02
-1.490651951533502597e+02
-1.152378691940657660e+02
-1.280313389709054661e+02
-1.243544058449050311e+02
-1.246260553243482718e+02
-2.983523298969208781e+02
-1.263667892586329202e+02
-1.377407297904143491e+02
-1.217325165456742724e+02
-4.362237873919975755e+02
-1.193408933380341921e+02
-1.440232103138984883e+02
-1.889384951911059716e+02
-1.225269473883418812e+02
-2.277340118753669458e+02
-1.487338323790253298e+02
-1.417271822776179704e+02
-1.385597675067012062e+02
-1.340902153677503463e+02
-1.158689828063126015e+02
-1.242459424860061006e+02
-1.183623495645015282e+02
-2.241033108537214105e+02
-2.380325790911554407e+02
-3.395329643170147733e+02
-1.403462768746144889e+02
-1.344653932631320288e+02
-1.354196747076866814e+02
-1.312366633715342061e+02
-1.236775914403370109e+02
-1.243545846781188970e+02
-1.466213854675094694e+02
-1.153497377112385891e+02
-1.281755036777713030e+02
-1.134272756023976143e+02
-2.607863147649775328e+02
-1.768447983085526687e+02
-1.178200558252846832e+02
-1.606181433971157446e+02
-1.308548911727448854e+02
-1.301960753007359699e+02
-1.252704259089771313e+02
-1.388968585702488951e+02
-1.290392806295597552e+02
-1.349508545458026560e+02
-1.270740396452065539e+02
-1.420299845504459881e+02
-1.233572036939559240e+02
-1.313999863785317928e+02
-1.788183511793445746e+02
-1.234526872489526568e+02
-1.608790848011726382e+02
-3.869507754118814091e+02
-1.318933674418160251e+02
-1.465191979802168305e+02
-1.252187795703032975e+02
-1.337649487366336416e+02
-1.147804384079746853e+02
-1.529246218346856665e+02
-1.762275995203419257e+02
-1.093016135044681647e+02
-1.542388189680259813e+02
-1.212328844325441537e+02
-1.243446682120295179e+02
-1.561854978798566833e+02
-1.338139233464700624e+02
-1.556809367418582042e+02
-1.237645473925038999e+02
-1.133739045965306360e+02
-1.841413319537843734e+02
-1.642146574898619917e+02
-1.165486605221545204e+02
-1.242856420627497442e+02
-1.943778954335426192e+02
-1.292038147513562194e+02
-1.920364016279561667e+02
-1.508820301385069058e+02
-1.577872277809171067e+02
-1.207869009348251268e+02
-1.162962436475776968e+02
-2.041606714254961048e+02
-1.209661927940293822e+02
-1.943420173680353855e+02
-2.544146573600598913e+02
-1.447241929263834663e+02
-1.453557589714266101e+02
-3.900309464311384886e+02
-1.264809604412935897e+02
-1.360987949079450345e+02
-1.876907863435251897e+02
-1.879000102789685513e+02
-1.176971608821604747e+02
-1.201707261383886305e+02
-1.484269491339555600e+02
-2.132277878931984674e+02
-4.587177696767046768e+02
-1.404167574027651426e+02
-2.258590276279750526e+02
-1.183898225888275562e+02
-2.631834085805659242e+02
-1.966822038615202075e+02
-1.089441819570380545e+02
-1.401928902468849003e+02
-1.634065898900718139e+02
-1.513263434948803479e+02
-1.406694953797365883e+02
-1.329615118621779857e+02
-1.506165647643124998e+02
-2.363985377880353838e+02
-1.544551720647895081e+02
-1.116516773914893008e+02
-2.460932329600080095e+02
-1.172176988583255195e+02
-3.996426046145955411e+02
-3.016129769586984821e+02
-1.380509078274996000e+02
-2.137207826257185275e+02
-1.520490478982780473e+02
-1.328395801238423530e+02
-1.250541987831962700e+02
-1.158689828063126157e+02
-1.217046269495356796e+02
-1.251105204215264024e+02
-1.514229215950658727e+02
-1.376162402962024771e+02
-1.392617250850666721e+02
-1.713612371702925259e+02
-1.241051737667951329e+02
-1.212330378534807380e+02
-1.448303251126838802e+02
-1.266825216985433258e+02
-1.415669779495006537e+02
-1.196040111537646595e+02
-2.013949414003448624e+02
-1.181834303220957594e+02
-4.113487420760397981e+02
-1.213020293793491362e+02
-2.329573618896060907e+02
-1.395740229901902865e+02
-1.490517410949803434e+02
-1.519309193418047528e+02
-1.151009275387992687e+02
-1.621808724065789988e+02
-3.395516076463599688e+02
-1.588657957288098999e+02
-1.444753398617869493e+02
-1.189960827676430739e+02
-1.618131950700807522e+02
-2.237825290246738064e+02
-1.096358526736218693e+02
-1.773526441593996310e+02
-1.248176617397777761e+02
-1.361164923453973756e+02
-2.045763371646568203e+02
-1.590382913860235021e+02
-1.126822338799468071e+02
-1.339590716795548531e+02
-1.469382220736927422e+02
-1.273319763108918039e+02
-1.240218928756801660e+02
-1.151136045784886477e+02
-4.006499871088099098e+02
-1.219484513117733968e+02
-1.580816944940286248e+02
-1.508762968522658241e+02
-1.346771838101248306e+02
-1.983909631130788398e+02
-2.153563996123333197e+02
-1.260260749275293506e+02
-1.392189048895048984e+02
-1.450179347065738966e+02
-1.856543670788778400e+02
-1.100350957006767345e+02
-1.219657568033191808e+02
-1.264022038986890379e+02
-1.255927777782017785e+02
-1.817058865037435851e+02
-1.228984837343410703e+02
-1.814189961046405699e+02
-1.291377511970743228e+02
-1.352622501182504209e+02
-1.255346517971144493e+02
-1.241626937232336303e+02
-1.079658266511504223e+02
-1.283550965920336751e+02
-1.284409227904061765e+02
-1.211026233619315491e+02
-1.159182337392176976e+02
-1.683277201708618520e+02
-1.135665468249332832e+02
-1.595359968468697502e+02
-1.311459307308748521e+02
-1.578209115074976125e+02
-1.494724167145574825e+02
-3.574939610762841085e+02
-1.351356907429765783e+02
-1.188817383043306393e+02
-1.200064042796401083e+02
-1.589017014334460782e+02
-1.153180881908458844e+02
-1.153829655253831277e+02
-2.508335428087431467e+02
-2.274488898324348156e+02
-1.605547798475378443e+02
-1.421772246617571511e+02
-1.197056093392051395e+02
-1.708697428234219444e+02
-1.213326879096586168e+02
-1.218366911671008950e+02
-1.571781348257205480e+02
-1.305436655486537063e+02
-1.587263764147097618e+02
-1.243134340855632161e+02
-1.969284592099182305e+02
-1.468805863177265962e+02
-1.428175710219470318e+02
-3.164401459978705020e+02
-1.302266829605465261e+02
-2.213071184518592247e+02
-1.219329152478828462e+02
-1.298275641220992043e+02
-1.501646702799895081e+02
-1.527844250006177731e+02
-1.218773992845373755e+02
-1.468717787510953201e+02
-1.321554627462450924e+02
-1.398605853432029562e+02
-1.791997512167495472e+02
-1.987663996014842098e+02
-2.404414588918313314e+02
-1.898026474728196433e+02
-1.176825001675968849e+02
-3.215580213060278538e+02
-1.381013708986661754e+02
-1.620575452105693444e+02
-1.152775198603101643e+02
-1.160210130770941674e+02
-1.355782602355627944e+02
-1.388051321058466954e+02
-1.217428182918070547e+02
-1.279996149289162730e+02
-1.723490166565393622e+02
-1.499673594458914181e+02
-2.565442424418964151e+02
-1.814511118629971236e+02
-1.669838122817461112e+02
-1.324774777572195319e+02
-1.337982363962948682e+02
-1.234866538941746228e+02
-1.643992782696595896e+02
-1.319163651198704201e+02
-1.308818531097065829e+02
-1.233069789180043188e+02
-1.614863827786117838e+02
-1.082885062940618894e+02
-1.379736327973195102e+02
-1.166012951792240671e+02
-1.262682033195102633e+02
-1.268723161201613436e+02
-1.560249113923167954e+02
-1.321536234739745908e+02
-1.441501032609528181e+02
-1.457065522861038573e+02
-1.356520088877877868e+02
