2.623049002317580647e-01
9.676585186720565446e-01
4.745216770284830798e-01
7.248324453700565329e-01
5.510966057345511038e-01
8.087663314216070320e-01
5.852228247173667519e-01
4.164893418370451683e-01
8.367323500430989824e-01
1.015815898829133923e+00
3.429890257179641910e-01
6.634017809422307899e-01
5.910803887781154176e-01
6.732918286607116887e-01
5.217210966201781819e-01
3.149942062869162118e-01
6.104286280250285079e-01
4.070709372118208047e-01
4.596991429573628052e-01
5.227288695536386198e-01
6.910725416455067993e-01
7.823785885846052945e-01
4.481914917755551730e-01
6.122604979563111005e-01
4.356714566178629955e-01
7.224722599781292498e-01
4.759467805845037369e-01
4.139398127059225052e-01
6.024792105213109261e-01
2.433838136468274849e-01
7.344389470007768317e-01
2.656198969620692241e-01
6.191226478481628437e-01
6.660124259585271655e-01
6.249115693021761730e-01
3.365106583514616001e-01
4.263185595980794607e-01
3.373410922030377623e-01
5.051618656583046763e-01
7.067628688539990822e-01
6.133039978406085169e-01
5.834844326552602878e-01
6.898682717497364170e-01
3.900573322711987090e-01
3.512585990156549820e-01
5.992641512752137078e-01
5.814235990858608316e-01
4.774417535935153722e-01
4.251226126072331635e-01
4.540267820495690332e-01
6.333799289143966504e-01
6.689224542499455639e-01
7.711993314009417677e-01
2.702791979643604514e-01
5.436426867330363955e-01
3.357333294266683366e-01
4.940226048911708912e-01
2.853360796152006329e-01
5.058558563136541508e-01
6.423571636591830503e-01
5.359164626237441498e-01
5.815181173998489328e-01
7.880215181153992221e-01
4.838609232725112341e-01
3.328086786934312258e-01
3.441326467153859592e-01
3.313821780149847629e-01
4.760456755280358943e-01
5.707206492013614518e-01
4.543147062195916908e-01
5.006302297564025894e-01
6.130970727452057512e-01
2.417480417478766463e-01
4.503220799969278043e-01
4.314911509275934920e-01
6.452373323874210920e-01
7.632926658307136458e-01
3.979478460523558359e-01
4.798702890325059478e-01
4.729428691934289275e-01
7.636287957622676092e-01
5.419975247738136881e-01
4.248583519903636474e-01
5.676959423715663977e-01
1.148002692460089458e+00
3.634306960659364205e-01
5.597334722815464625e-01
7.911386696962658949e-01
5.287013671662610381e-01
6.216827706214017590e-01
9.226555168541856755e-01
6.753165157402004626e-01
4.923849268519789879e-01
8.450930233124259727e-01
5.872698119731446509e-01
5.932380417758872371e-01
8.242187355472491150e-01
3.754214061168395511e-01
3.518393040235946456e-01
5.766259634830264158e-01
7.345194183088463724e-01
1.098396307165999453e+00
6.156768654768044469e-01
7.970296303374549973e-01
8.004791128223434082e-01
4.801260667580761754e-01
6.293950538654657922e-01
4.071602097589148705e-01
3.516476346804955355e-01
8.576054593675374038e-01
7.606811170704327330e-01
3.504377902528253985e-01
7.439258913137615226e-01
4.531990152636063973e-01
4.277432327749939867e-01
5.518196582008429996e-01
4.457055156441382393e-01
4.968682541824543386e-01
6.551476143440594369e-01
4.246387066322754866e-01
4.428244374671543859e-01
3.532550536441437794e-01
3.599265914248172549e-01
3.579033962380906431e-01
9.813612529340430823e-01
3.856284589642939298e-01
4.585465021630662497e-01
4.382825807718978006e-01
3.113110801442224296e-01
5.370857003012263764e-01
4.896432269513972257e-01
4.369973202034841964e-01
3.615398973423981643e-01
5.366197292565305643e-01
4.676218134009884619e-01
4.928271647166080349e-01
5.925759432083991252e-01
7.262967281640398953e-01
5.108486730214991667e-01
3.628462222423338157e-01
4.911191802689962027e-01
4.630397345965422962e-01
4.006775256631632254e-01
4.865402975612473924e-01
5.764675838453393597e-01
4.502427891112932290e-01
5.685424978552856556e-01
6.787637366303544972e-01
6.353677470388184867e-01
7.344224681646959185e-01
5.713642197763256769e-01
5.949323590584791877e-01
6.254553905193243057e-01
3.965959282120219975e-01
6.160743654041955786e-01
5.201219031207253707e-01
4.447301926001242522e-01
5.806709484278573807e-01
4.464286277817451909e-01
4.959581545666346680e-01
3.760941782478727791e-01
4.092007579972978815e-01
6.321615801606476071e-01
3.278086195933255786e-01
6.079257602929963866e-01
6.899026532149075130e-01
6.540206977072912098e-01
6.870910484731242995e-01
6.907174302824096168e-01
7.144629652109018014e-01
3.677038492861027241e-01
4.649548896425322320e-01
5.455304721849981719e-01
3.727528474301349259e-01
4.975918541648099436e-01
2.498688764902294579e-01
7.320186306864517878e-01
6.514535248271826617e-01
3.712099107112261098e-01
5.086876324488404100e-01
5.634330182521957164e-01
6.188021239840117982e-01
4.936902455978273707e-01
3.821526755111258611e-01
3.604533863982896102e-01
3.928499300851036602e-01
8.428723145237538850e-01
4.277036786149366887e-01
3.872288856150594150e-01
5.047086369715210186e-01
3.995384047567565045e-01
4.955525665063026386e-01
6.230781763051929101e-01
4.124838415043082795e-01
5.237184745503138394e-01
5.557981013492248046e-01
8.657932670475084747e-01
1.220510616322775022e+00
5.014231356718401589e-01
4.842707957580479894e-01
4.597695349794793662e-01
4.189006256510291459e-01
3.819483424759453905e-01
4.174960484095417979e-01
4.168434468384790703e-01
7.196567020884634402e-01
3.027390484624780109e-01
5.914027160334912603e-01
3.972630871281108145e-01
6.777166014176430053e-01
6.625018580185988437e-01
4.927620352282337524e-01
2.839314810968998071e-01
4.496563371234776341e-01
5.816093758238385369e-01
7.252016700764476465e-01
5.627695421447851398e-01
4.038991858248596190e-01
6.402788281868679876e-01
5.765183507319930900e-01
5.178955314587296854e-01
5.639609005448016354e-01
6.568057961797408861e-01
4.915259477051999726e-01
1.199452726767478161e+00
6.512210683488486307e-01
6.386456286912253200e-01
4.559844744962285312e-01
7.147590066358995298e-01
6.454906008562248942e-01
4.979092412388729794e-01
7.852379559019573296e-01
4.473697515951416959e-01
6.085578928153393408e-01
6.776885449138477790e-01
1.058165163456947555e+00
6.813308763388564726e-01
5.552315918557474417e-01
5.086587629327676829e-01
9.689412290028907027e-01
7.007024264995387330e-01
6.553327359513761996e-01
5.152876397415919740e-01
6.234539409003365673e-01
4.075132888075551629e-01
4.844826791968293023e-01
5.232782009568076598e-01
4.073250806216511810e-01
4.505434974234908130e-01
4.078980011127093519e-01
3.952436362815732740e-01
1.809266737914871914e-01
8.977515276200089822e-01
5.849024546639229882e-01
3.563163481381617093e-01
6.066265892191795572e-01
5.491869348016207297e-01
3.671192886089206797e-01
4.020198466205789356e-01
6.709749484954857790e-01
7.371105967674198567e-01
4.522126912194644466e-01
7.115465645717109489e-01
7.307855950344244178e-01
6.190707650833300324e-01
8.116868132411634296e-01
6.066913124410336922e-01
5.894415150341238974e-01
6.530426251199734633e-01
4.760575904957355942e-01
4.310477832187591951e-01
4.469027236005167492e-01
8.399502408578660706e-01
5.871276041411471747e-01
4.829978978080189944e-01
6.108774499705544869e-01
5.472046881201526602e-01
4.959268367958643564e-01
3.885839258058130796e-01
5.448972404091265709e-01
3.880478396495914972e-01
3.864774509090744270e-01
4.171068874224461154e-01
4.205709788461198251e-01
4.153439337584621249e-01
3.084732731333456046e-01
3.480882616261890550e-01
4.205884672285321590e-01
4.635170237574924301e-01
4.342733051132819377e-01
5.031915638283221970e-01
4.001708318801789344e-01
5.522683018451444159e-01
3.689909255521672260e-01
3.879669728568688747e-01
4.427618943758762637e-01
4.016590132769890520e-01
2.716915369051001727e-01
6.773052679360562767e-01
5.601735975904560405e-01
4.527588444979712134e-01
6.471881949983616655e-01
5.797669749200150546e-01
8.194582552177711587e-01
6.125621466813733207e-01
7.458435298893583143e-01
8.924240232194805555e-01
4.622652473278249796e-01
5.852105615036928832e-01
6.486173434056096143e-01
9.398170304625355076e-01
7.714075284324514170e-01
7.431408399021363076e-01
8.045726045755243749e-01
9.132209136746425315e-01
7.125752409516685759e-01
6.540279902426733294e-01
8.388829894108065233e-01
7.952442310477404463e-01
9.984391945524290213e-01
9.201453782602007081e-01
6.260445125624988227e-01
5.019976604192649683e-01
6.313494082848284394e-01
5.983164112041655658e-01
5.331170405128894396e-01
5.778254049660035419e-01
5.569120637413459418e-01
7.116981309486304363e-01
2.679643517395384200e-01
5.108354547910675114e-01
5.350091994550323360e-01
7.269909603401377707e-01
6.500499431547981377e-01
6.671058659993407414e-01
2.823221597933288640e-01
3.938766564717374741e-01
3.413601050554790906e-01
2.790352239457493111e-01
7.288192993349239535e-01
5.790210241816021730e-01
5.082477801490447034e-01
7.396512310281889713e-01
4.425520335806046868e-01
4.084104301200926490e-01
7.282722350023030922e-01
6.929591128130502264e-01
6.442908736042651796e-01
6.547181441124720891e-01
3.386500062171345915e-01
2.678840654263514032e-01
6.851464311850543609e-01
4.781882456698522410e-01
4.539743884672227670e-01
4.082872992816141133e-01
5.164178056388990523e-01
5.208973643906903428e-01
4.747631975634437618e-01
4.624727039002151652e-01
4.900619721675548157e-01
3.215550854405181402e-01
2.855859166232274093e-01
9.331409197618844020e-01
2.471578103064018261e-01
3.607428217029036710e-01
6.388525091932182320e-01
7.068776986010801844e-01
3.753574595391424018e-01
5.625877755665176227e-01
5.295254088396641468e-01
3.186821967608277628e-01
2.735890350122011094e-01
4.116660225760655489e-01
4.460046312193985396e-01
5.864343829901522698e-01
8.719901329008482582e-01
5.665901655733430742e-01
3.053044442459886265e-01
1.072342690754171990e+00
6.594193120931233221e-01
2.745802710365570221e-01
4.514755149867235584e-01
4.205833689796339980e-01
3.311390636557898781e-01
3.855976362020352988e-01
7.381246775573681029e-01
7.354323997030371984e-01
4.655845360635190722e-01
1.022893165931455961e+00
8.151490756929740122e-01
4.022884948482651768e-01
5.399219740876800566e-01
5.275323689359063817e-01
7.415743818533774290e-01
5.654957790152036479e-01
6.013887241744587664e-01
3.563282641316856125e-01
3.512211489342674242e-01
3.307090888178090826e-01
3.035655425370629157e-01
7.248526492725853032e-01
4.704387478215797946e-01
4.894466899203863131e-01
2.937840570216770919e-01
6.365097469591637358e-01
6.324729436042775266e-01
4.718374456930505834e-01
7.327466602205214841e-01
6.796797593707738505e-01
3.600843413164088180e-01
6.302683644202738966e-01
6.671260959997920015e-01
6.051125560053660646e-01
4.748326951033730037e-01
4.116490216475348074e-01
4.788395876357637859e-01
5.171478114344809640e-01
7.199750191068223781e-01
8.571103090449697648e-01
6.507508444115295276e-01
4.766354317814071595e-01
4.422790459828607190e-01
4.845281751588421115e-01
4.514016017806083414e-01
6.374692606952058194e-01
5.187373227079986604e-01
7.750611272718618272e-01
6.461094021751367933e-01
6.650238201315498143e-01
5.246749014188187843e-01
5.908847683147989693e-01
6.018770985123341744e-01
6.417339938664728960e-01
6.383545729815048864e-01
6.703633138090471233e-01
6.516078195702711406e-01
5.051011552696680340e-01
5.692319468899714741e-01
5.068462719172794895e-01
6.106514218806849970e-01
6.713232780981700509e-01
3.398026864976606554e-01
7.645457755934698119e-01
4.819156235915616482e-01
4.912852942021883607e-01
9.038666256526176612e-01
4.814254963170476187e-01
5.785997203659628552e-01
6.942077118985197082e-01
5.988721311899910527e-01
5.571604512177157353e-01
3.992718967170255651e-01
4.206308391543106540e-01
7.029013497738357819e-01
5.943775263333913594e-01
7.635928519634748168e-01
3.788583533681108562e-01
5.490829265171156548e-01
5.497316943418867341e-01
3.771597890323677427e-01
6.583632280906092094e-01
4.377554894976771749e-01
3.014454069915543655e-01
7.736309729586753337e-01
4.337344596429971166e-01
3.510546304550382080e-01
4.611509023929296069e-01
3.862990050811827558e-01
4.742132093338611298e-01
5.316759241363745447e-01
6.223327032216331434e-01
5.078831727530997986e-01
4.867032211290989729e-01
4.217931293696354222e-01
4.704204310460816107e-01
6.700518844733804880e-01
5.232428999617546594e-01
6.086375958234406802e-01
6.636475091014782945e-01
6.179422990725131903e-01
8.653710609847748980e-01
5.236390605972043311e-01
7.300472224903227225e-01
5.475041405710701081e-01
6.824792685264866599e-01
5.639517844771494426e-01
3.111291052641805832e-01
8.179568479578076534e-01
7.266248367818873843e-01
4.321918100739167712e-01
4.056380741499684972e-01
2.576704991742033712e-01
3.478559677258785676e-01
4.847408571953015222e-01
5.612030314202636205e-01
6.155698243529799107e-01
6.610535979350748992e-01
6.107512863042692253e-01
4.871964398754267678e-01
5.924972180272399802e-01
4.957062547170416056e-01
7.294680087617977371e-01
4.412350993479323136e-01
4.343369027806935345e-01
6.413866777877396119e-01
5.628756791068471044e-01
5.307707649621609125e-01
5.477411108377698845e-01
4.401779660013925843e-01
8.693335004899213070e-01
5.641558148560348318e-01
3.582197212682036169e-01
4.149179150326446908e-01
4.413859786369370708e-01
6.853080653781544740e-01
7.301147968176117109e-01
6.025453209395973397e-01
4.694193542756923132e-01
6.984853560309671749e-01
6.749720043579903184e-01
4.529382076848760819e-01
8.222428995520961736e-01
3.988426966379940430e-01
3.942709346660344116e-01
6.805578178578997051e-01
8.227931026093694422e-01
6.738324356701906881e-01
4.246615999807856756e-01
4.721498169788025390e-01
7.924004827449609989e-01
4.704163329311270569e-01
6.243117603090772016e-01
6.474979597524618269e-01
7.227742292201889684e-01
4.969998556322000050e-01
7.704579478329024456e-01
5.479481648102446645e-01
5.183399144030303995e-01
5.656796339546115160e-01
5.910715036936059485e-01
5.464075685531295523e-01
7.449532936033828046e-01
7.279496192298010593e-01
6.819130815925940059e-01
5.216022561937120328e-01
5.450272366325352724e-01
3.161489382508526069e-01
4.748506483732580774e-01
4.918316273438871344e-01
6.490210095874106022e-01
4.413467925826551341e-01
4.811041457382773667e-01
3.808402519710398781e-01
4.276678184392467275e-01
5.446134142464031935e-01
5.323727401681127569e-01
5.664633262265339475e-01
5.807627905821663994e-01
6.285113050127695278e-01
6.020176440337716706e-01
6.009322186835609481e-01
7.420239745553309785e-01
6.965324727991218934e-01
8.074540655777733278e-01
5.822981951068603168e-01
6.994759125121462473e-01
7.875039006560968780e-01
8.276241603448301065e-01
5.421483064169695387e-01
5.294623658666883781e-01
4.505154167751266314e-01
8.351560518663105892e-01
6.627248377253606160e-01
6.084677366669186682e-01
9.025813869643907195e-01
5.119994183218993244e-01
9.571101578654180875e-01
7.104510319568810850e-01
8.196643828963026124e-01
7.533776292106303396e-01
6.381711352707520879e-01
4.843173134761163401e-01
7.708493487291934176e-01
4.628487547948313408e-01
7.704276953850126564e-01
5.889371771397797772e-01
8.224324357486029191e-01
8.481210540930073094e-01
5.079893351097183318e-01
7.613075967227900254e-01
1.140109588841702548e+00
7.197086295257587585e-01
5.370674724705774006e-01
5.760419524649899037e-01
5.799709967389191645e-01
6.311927322593144929e-01
5.505981083194636527e-01
4.798371710040389981e-01
6.095181692123728956e-01
4.581415379879580918e-01
4.271728195030279895e-01
5.475161194430341327e-01
6.204845102048457406e-01
5.417604331059362455e-01
4.636343260766199736e-01
4.883729683687125789e-01
4.920841821847920516e-01
4.942358352790156562e-01
6.072990846603820714e-01
5.370023034420148278e-01
3.976714579339429845e-01
5.310466999336233007e-01
4.806192951605215979e-01
5.176763967102214758e-01
6.223911427454124068e-01
5.434620200444187921e-01
6.051074714181661207e-01
6.229801299676576143e-01
4.812348824904889022e-01
6.824740426843199925e-01
7.718783112645593025e-01
5.594110523237926236e-01
3.981833504438150317e-01
6.101580301378894955e-01
5.922175397417588361e-01
5.756696238900184115e-01
6.929203618074801785e-01
5.189502098368651284e-01
4.397886725141140207e-01
6.576044690971787343e-01
3.800034775204804705e-01
5.128337672058176366e-01
4.234973964670265545e-01
3.017658665959859765e-01
6.490660938439188898e-01
5.421321694953656900e-01
6.789627925282287757e-01
4.433910547697769711e-01
4.673423084018208384e-01
5.051351968453640096e-01
6.570968875187586100e-01
6.109406748676171617e-01
3.599389488534879833e-01
4.256162044067088313e-01
4.867843942524374690e-01
6.603290171362313776e-01
6.709169875086073986e-01
5.281800998369178268e-01
5.554885639674516096e-01
3.212315497832319289e-01
4.552607082454687148e-01
6.448372483119325649e-01
4.453356656656243806e-01
6.448782208729738619e-01
6.685932042052553648e-01
4.275579526322254575e-01
4.619670207955861585e-01
3.907117393759503288e-01
4.385024603201473359e-01
5.198916787738390166e-01
5.141240553854738993e-01
5.051100347993341400e-01
5.639139618361704853e-01
6.367820593928217310e-01
4.262074304532260105e-01
5.706211439798435370e-01
7.535706328778258856e-01
4.080939834777135289e-01
5.499337725784686493e-01
7.737723170594403843e-01
6.034786909147473732e-01
5.627826011763504832e-01
5.584600494906516444e-01
3.631987316182693215e-01
4.022398272686469878e-01
6.150119030870346837e-01
4.223040001808875399e-01
5.944251534560752726e-01
6.636325509490001995e-01
5.084999987316770609e-01
4.746170874839999443e-01
5.111666033841473222e-01
4.474494760918467651e-01
7.141101551626122257e-01
3.102134368679703713e-01
5.786682449854453347e-01
5.035955579564871387e-01
6.966234863692093437e-01
4.731096739326604572e-01
4.827085251677780686e-01
6.853415680300281032e-01
6.961996674065300539e-01
5.232300853462390489e-01
6.504963185681419402e-01
7.508883940506250187e-01
4.325354675752531852e-01
4.527161668093893643e-01
3.832858166949603129e-01
4.212235582027880620e-01
4.623641083731924173e-01
4.871086234701372253e-01
4.641358819106431444e-01
5.493231607900400659e-01
4.446709822128057099e-01
6.095770687577583002e-01
6.526956129960833630e-01
5.094322289699627637e-01
5.045395156016019289e-01
6.910870074533436158e-01
7.466423514551553398e-01
4.413493360938210985e-01
4.243013318634396014e-01
6.907879667877455665e-01
4.902783580264497010e-01
5.662111873034910703e-01
4.323380336766894372e-01
5.356085172671896100e-01
5.094979237970145292e-01
3.523540446906768264e-01
5.901977918176862792e-01
3.769218897185570016e-01
4.601217351495602292e-01
5.765509928690485397e-01
6.488533782981888987e-01
2.845086201040907814e-01
7.230005441399878219e-01
3.068578848934875314e-01
4.816933761156568239e-01
5.587334772879248845e-01
5.489716188408882980e-01
5.771617072479310329e-01
4.818921086664555986e-01
5.479621610702263279e-01
5.220208138333521930e-01
3.975683687773551300e-01
6.418203047723964882e-01
3.781564087817141373e-01
5.141084831471357530e-01
6.827933525802701853e-01
5.551862618931144855e-01
3.121259759690132585e-01
5.421796955279165608e-01
3.087337363331313367e-01
4.550385094788320650e-01
4.662472615355151562e-01
4.790415856962557672e-01
5.696742318381796677e-01
3.505070660205464317e-01
4.611593969281150840e-01
5.712804789435828035e-01
4.801794326081459952e-01
4.885208915297605259e-01
4.862353527522881858e-01
5.635776375577589148e-01
7.070890527134405801e-01
3.995851598977201991e-01
5.478163255730421621e-01
4.867098305530505598e-01
4.818187983103357497e-01
6.058683043002373037e-01
5.740521875473080238e-01
6.102201242709157647e-01
4.582909219979426352e-01
6.139486993118916658e-01
5.562490024239957753e-01
5.220826392759089218e-01
5.723633335278631717e-01
6.264796174885384206e-01
5.015830769859812577e-01
5.037167890889499011e-01
5.972417408186948551e-01
3.572036684549420027e-01
3.900424196670985721e-01
6.382467500427193574e-01
6.924173524219372489e-01
5.754296665521758669e-01
6.748331294794714941e-01
3.797001729304985695e-01
5.679468942488667960e-01
4.093652993720048872e-01
5.783934310577546478e-01
4.369162241734611540e-01
4.384385451402010858e-01
7.460535655439174407e-01
6.160516672156657325e-01
6.684984501662609713e-01
4.624648345568950214e-01
4.133089690719816689e-01
6.297111325214133082e-01
4.907709941013785326e-01
5.997120791527286165e-01
4.180918070375843065e-01
3.075271876277963501e-01
4.537692003166657329e-01
3.359169945764683418e-01
7.017222097203971165e-01
4.719924422365824879e-01
5.698132172897178993e-01
6.694017806743302046e-01
3.932785575103958653e-01
4.698127672889728101e-01
4.316456067139954889e-01
7.072741560406564654e-01
4.003636593470545346e-01
8.211351888531955856e-01
5.482903082508748804e-01
4.573989606958017151e-01
4.914296109742906093e-01
3.400953746201492156e-01
4.276671358549066215e-01
4.971305270798974663e-01
5.718232635010330744e-01
3.701833416228069717e-01
2.534411803458355150e-01
5.931135195323898879e-01
4.445735811385347902e-01
