-7.342163048141239301e+01
-5.866129771208183286e+01
-6.874273913038092587e+01
-5.569208132632499542e+01
-5.533752403548369614e+01
-6.471238413619562380e+01
-6.056104051542220645e+01
-6.923152725172109001e+01
-6.162773038189165220e+01
-7.869020809420850071e+01
-5.546445061601592386e+01
-6.355331355998512777e+01
-5.839965354320581525e+01
-5.500808290112321686e+01
-5.452767180673470193e+01
-7.712242317314954221e+01
-5.732787711172032630e+01
-7.127335857189150659e+01
-7.019949655607895522e+01
-6.609491947591757821e+01
-6.507995532643791137e+01
-6.816184671491201641e+01
-5.759092706405434114e+01
-5.829364130960875912e+01
-6.716484197284825086e+01
-6.386772138037298419e+01
-6.202122163042825775e+01
-5.996618750019936783e+01
-5.523094811579022689e+01
-8.495254373893985189e+01
-6.577352631010050743e+01
-6.581759768214986650e+01
-5.933984791416391147e+01
-6.619909841053976152e+01
-6.255944074886572537e+01
-6.698570670176621888e+01
-5.942877895379739073e+01
-6.673169088014364547e+01
-6.364681845621571199e+01
-5.962961870657788666e+01
-5.851371337946885376e+01
-7.147544920234318511e+01
-6.391353024600019239e+01
-9.019502746682441341e+01
-3.704131627691325320e+03
-7.836022251147997508e+01
-5.698644541815663445e+01
-5.993478239778855254e+01
-5.622848278609052386e+01
-8.420326925451823286e+01
-6.806680281039093927e+01
-5.729030880617474963e+01
-6.950751380072152585e+01
-7.406766188068606027e+01
-6.210232776660012632e+01
-6.289405163713669822e+01
-4.853017348664114650e+01
-6.497429868820587728e+01
-8.453671668465551647e+01
-6.013012585802046317e+01
-5.332287202432084428e+01
-6.964154110773486650e+01
-6.879499948208142257e+01
-5.690530592912438124e+01
-3.576135059585571526e+03
-6.388442098540392067e+01
-8.195208824667122371e+01
-6.087293932133864871e+01
-6.705597220700208538e+01
-5.154335597241218636e+01
-5.753674842949114066e+01
-5.839022757569972555e+01
-8.191437169360956716e+01
-8.408394990748537623e+01
-5.421990350132205094e+01
-7.202508708222418932e+01
-6.397011650322642140e+01
-8.104340404326359248e+01
-5.990091137643292996e+01
-6.725722877844339109e+01
-6.716780216382053936e+01
-5.096849790655991796e+01
-5.755550902068965513e+01
-6.529236116157441927e+01
-9.500128773449276309e+01
-5.569953345541918566e+01
-5.853352507823736062e+01
-6.119636390571467643e+01
-5.551927642616388425e+01
-7.487820927289939732e+01
-7.047892199342038566e+01
-5.464272140288275637e+01
-7.699618784717713993e+01
-6.607572759076076352e+01
-6.952844074359954618e+01
-5.325054151252734869e+01
-9.360627833687561861e+01
-9.194245200238599125e+01
-8.910280843871395007e+01
-5.601954163025473576e+01
-5.797256057400578300e+01
-7.182374215424798081e+01
-5.671990939012403032e+01
-9.309784684347528128e+01
-5.818467781118522453e+01
-6.178566129475736091e+01
-5.998066133073899664e+01
-6.462673829649945390e+01
-4.002919795768276799e+03
-5.756594598899891935e+01
-6.098925568693316279e+01
-5.412968496458942980e+01
-6.833474526613960620e+01
-6.934196279782793226e+01
-8.098788955286420332e+01
-7.136280696850975858e+01
-5.283432458316281100e+01
-7.574825482728026316e+01
-6.461554949556673932e+01
-6.551266361098772961e+01
-5.948955849344903868e+01
-8.512477064664192028e+01
-5.801490183313894988e+01
-7.808472188034737371e+01
-5.971746421758464862e+01
-6.819382196445691591e+01
-7.158346946670820898e+01
-6.716192268237134044e+01
-5.026649671053420207e+03
-6.494881033734203868e+01
-6.182120457615270936e+01
-7.367468685421775376e+01
-6.692714124311966373e+01
-6.796232088784040570e+01
-6.336938267642354106e+01
-6.894506939951115498e+01
-7.035490947748412793e+01
-5.778164425058980669e+01
-8.003201186702379744e+01
-5.826976828341101111e+01
-5.368604039862221100e+01
-7.204056980067154825e+01
-1.052156040577497862e+02
-6.395305485434448656e+01
-6.276919268278935249e+01
-5.468913657240939585e+01
-6.693348192005066721e+01
-5.889473705354535582e+01
-6.344725368281294209e+01
-6.395500587920314217e+01
-6.089409832478621354e+01
-6.149758639063048804e+01
-6.784073303337945049e+01
-7.942786141588676685e+01
-6.076950043472123753e+01
-6.296869997872205715e+01
-7.762503550651926787e+01
-6.187914866494705279e+01
-6.482290084377814310e+01
-7.217937311330763350e+01
-7.647647816966654943e+01
-6.287123911139515542e+01
-8.715171085746018775e+01
-3.234402778507436778e+03
-5.919049896549438472e+01
-5.834725188635847815e+01
-6.785750902384189942e+01
-5.886248637957982055e+01
-8.592696818821987392e+01
-7.115830718371961439e+01
-7.712261732933185954e+01
-6.978387594547956496e+01
-5.630571633570565382e+01
-6.619677400979445281e+01
-8.175658996334121298e+01
-7.711006138332244575e+01
-7.926621918060315863e+01
-5.903792550141764650e+01
-8.452063466175994222e+01
-7.358222834875715535e+01
-7.869812703226403983e+01
-7.101164832743181421e+01
-9.572217254666909980e+01
-4.979052124522830525e+01
-9.499388400281232236e+01
-8.204851840382936246e+01
-6.308997340939406229e+01
-6.060378080631853948e+01
-5.790050725841879853e+01
-6.509247502169417032e+01
-7.551888659346970201e+01
-7.669072508212434514e+01
-6.596281974281147598e+01
-6.559150822803918857e+01
-5.709648885161740850e+01
-5.446785180928762315e+01
-7.970865152774668161e+01
-9.254477018595187587e+01
-6.697387982239533244e+01
-5.423391860319856050e+01
-6.783009794690421757e+01
-5.680280807944869537e+01
-6.272638703265505455e+01
-6.692180440256703378e+01
-3.147967051843329955e+03
-6.185291123189446694e+01
-7.104786252847846129e+01
-5.407233370854399368e+01
-7.017765034042777472e+01
-5.967789398787992639e+01
-5.766072674658224173e+01
-6.728046733790887401e+01
-6.609856319631863641e+01
-7.297446934797052620e+01
-5.618062591738168976e+01
-5.566091196066437874e+01
-6.046684654414156057e+01
-5.432353036926754442e+01
-6.115115246244354807e+01
-6.216906625514461382e+01
-5.606542999040306086e+01
-6.487190844589999017e+01
-5.585664592422578778e+01
-6.108597895011752144e+01
-4.465112277641907212e+01
-5.932181600533017729e+01
-5.764537215090918210e+01
-6.725252270412117639e+01
-5.666058129685936251e+01
-6.517329370853238402e+01
-6.435781293103373457e+01
-5.796565582275449913e+01
-8.183037914141860369e+01
-8.480807003917125542e+01
-8.752411946497750250e+01
-6.520207256166884235e+01
-9.314915753078616945e+01
-8.853855571514573342e+01
-5.575636093431462825e+01
-7.162284080448183943e+01
-5.506022595439364409e+01
-7.172186156981226191e+01
-1.015488379187623025e+02
-7.033450355722695235e+01
-7.503509465324002292e+01
-6.634135973416157128e+01
-6.616693901802563005e+01
-6.653373055190706964e+01
-6.893794063263686667e+01
-5.918534488559853912e+01
-9.971559450025368676e+01
-1.063690737343271024e+02
-5.855785242931865753e+01
-5.573469142386848318e+01
-1.092242997662480661e+02
-6.543100268014394771e+01
-5.395115391807178185e+01
-6.367284516783091419e+01
-7.131026655887795584e+01
-6.151195040261055169e+01
-7.296505707907672900e+01
-6.621039506426417631e+01
-6.288072896294519865e+01
-5.623297272522340506e+01
-7.279461577755603230e+01
-6.862602944537663063e+01
-8.159037066858414278e+01
-7.133967886091838295e+01
-6.339458069595605139e+01
-6.192256142726039059e+01
-8.251616461472850972e+01
-8.536750659550888543e+01
-9.341473083333789873e+01
-7.328289582606062424e+01
-6.477064466472035065e+01
-6.414500212271786950e+01
-8.724198138400578273e+01
-7.905405422293016215e+01
-7.378841444823967777e+01
-7.730413101786554364e+01
-5.542855582434229689e+01
-7.190557955471618357e+01
-8.267348004920538074e+01
-8.303219818345151282e+01
-8.219526132501219706e+01
-8.343326083957890660e+01
-7.347313364508403311e+01
-7.302784146132887599e+01
-6.813575209226004858e+01
-8.061184174508416334e+01
-7.397049933497882535e+01
-8.508089248415966210e+01
-6.983376082479875890e+01
-6.737816441726525341e+01
-7.553804131794768750e+01
-6.395563164078298257e+01
-7.872068901087550330e+01
-6.646479776689139385e+01
-6.584587280156851818e+01
-6.753209200277356672e+01
-7.274763386853429381e+01
-6.439679038652325005e+01
-7.177914977706605271e+01
-7.290739064548628789e+01
-6.630969790574241074e+01
-5.753407771755269096e+01
-5.990217133760835111e+01
-6.969610162015220567e+01
-5.609398054221321672e+01
-6.008453821411829665e+01
-6.548493789820764732e+01
-6.095206422176977412e+01
-9.864974580343546506e+01
-1.214258948132612232e+02
-6.168895122837487577e+01
-5.804740142383350587e+01
-6.125409285475406307e+01
-7.418938013392438791e+01
-6.562685909498516423e+01
-5.820816889818777895e+01
-7.186084700362528110e+01
-7.856228324970604149e+01
-6.306247588313975427e+01
-5.842430436522916182e+01
-6.349876099677921104e+01
-6.032017477074612088e+01
-7.090360866079346636e+01
-8.759377789132955172e+01
-7.200808307249158702e+01
-8.587374260756024569e+01
-6.494591050168860136e+01
-7.966202781313153025e+01
-6.686494949131726173e+01
-8.000954945347213254e+01
-5.841705970181617147e+01
-7.004089509963208116e+01
-8.243139299370892559e+01
-7.578436887034979463e+01
-6.312100884216384600e+01
-5.924848858428826759e+01
-6.490136268695589195e+01
-6.969144719757937878e+01
-5.793301616447827485e+01
-7.774520038699026259e+01
-7.029694945048696297e+01
-5.828349351564946801e+01
-7.551341576318938564e+01
-6.893469275338146929e+01
-7.060709137294165316e+01
-5.805893917500004875e+01
-1.013869328259450668e+02
-7.294437597860965639e+01
-6.306101027646440116e+01
-5.275624389310983986e+01
-7.552823445620897758e+01
-7.294407108778952420e+01
-5.192882035535161833e+01
-6.695852334557373808e+01
-6.708004028449170164e+01
-5.998966777015372998e+01
-8.209203446468259813e+01
-7.325027160495866951e+01
-9.321522300435390207e+01
-9.700424182712922061e+01
-8.467672811006593747e+01
-5.355230253944939989e+01
-6.084711241945093718e+01
-5.796606367063219523e+01
-5.254795147045847159e+01
-6.033958287848258806e+01
-5.774323036867853887e+01
-7.810383040599204207e+01
-6.552775252068512657e+01
-7.617439815330068598e+01
-6.127119957955618190e+01
-6.023155922161409137e+01
-5.473652703528969710e+01
-6.902038177691966325e+01
-6.859304232980886695e+01
-5.427356800960582461e+01
-8.915569922039357209e+01
-6.387697065280265463e+01
-6.538417687303736159e+01
-8.681398919875397269e+01
-9.257034521163342333e+01
-6.057294123417494802e+01
-6.083170758500610020e+01
-6.065337201653036914e+01
-7.805787948495284923e+01
-6.379330723309955431e+01
-8.841229781994327652e+01
-5.072997273699459697e+01
-5.217269987405029497e+01
-6.623142403937340816e+01
-7.452288585033825541e+01
-8.025877682592300744e+01
-6.832336023024306826e+01
-6.191177611295951522e+01
-7.804200313026254321e+01
-1.113284436260218229e+02
-7.299238391751372035e+01
-5.881401124359929611e+01
-5.915089662216880129e+01
-8.387949440526443823e+01
-1.016237163252544917e+02
-5.595700604275913292e+01
-7.087431305973417750e+01
-5.807009245569622635e+01
-6.989911528387922601e+01
-7.366068900288026100e+01
-5.896455709908437370e+01
-6.719378451191883528e+01
-6.685269515139503937e+01
-5.855126702817912587e+01
-7.675145157351889225e+01
-5.716437727459519635e+01
-5.160696612152140972e+01
-6.698539968350624463e+01
-6.501699328592269467e+01
-6.279394408794860283e+01
-6.011916332359540149e+01
-5.979334883719624827e+01
-6.207161779658605383e+01
-6.711571176237079328e+01
-5.844696781447368039e+01
-7.147602619515512856e+01
-6.006616859450993218e+01
-5.869359822890058354e+01
-6.214011044015181540e+01
-6.679732566362923762e+01
-5.988467479757852630e+01
-5.896631082193690077e+01
-5.992522990606208566e+01
-7.296162953573814036e+01
-5.544286206418321683e+01
-6.055852565384932973e+01
-4.922486682910884781e+01
-7.095657810988258518e+01
-6.033043423653562343e+01
-6.037230035331283773e+01
-7.447463281469732976e+01
-6.331313214308700310e+01
-5.890523082242810915e+01
-6.205054854338055748e+01
-5.843973960540580492e+01
-7.485563002172357017e+01
-5.993697158778218181e+01
-6.398518571322175319e+01
-5.998789206146805952e+01
-6.198834607457737889e+01
-7.083146529945494763e+01
-7.124310816916026567e+01
-9.792604088327293255e+01
-5.869911787627719946e+01
-5.832514237059356788e+01
-6.426246996570309022e+01
-9.011886416125834387e+01
-6.549268732478540755e+01
-6.792780329582924992e+01
-9.355265579834227196e+01
-5.540635443699073903e+01
-9.819127596868727892e+01
-7.129912967701200444e+01
-5.733308157993192822e+01
-7.018810296909133228e+01
-9.150931978723423299e+01
-8.595846631076733502e+01
-7.161187822054839103e+01
-9.111175162217205070e+01
-7.051898311951185860e+01
-5.760808839293247274e+01
-7.706264901162003866e+01
-6.922447693214876097e+01
-5.908466452396173452e+01
-7.790272841889087374e+01
-6.957491193505070726e+01
-5.614536565509885691e+01
-6.361976314074858863e+01
-6.078632445905655857e+01
-6.388735111889673135e+01
-7.281870020691950174e+01
-5.222678250664448285e+01
-5.736325227605584587e+01
-6.852675896412783629e+01
-5.432016297538292804e+01
-5.174249530460890867e+01
-7.360638538280096554e+01
-6.150875622075186300e+01
-5.577374419072623368e+01
-2.226689210383850423e+03
-6.546788935904329776e+01
-6.756131702177728471e+01
-6.177212349268582159e+01
-6.152938760810611996e+01
-6.326706207190076725e+01
-6.297662068915236944e+01
-6.145762631367267659e+01
-7.760127405206601736e+01
-7.705755653030139740e+01
-5.893629024095091040e+01
-5.619867021634387072e+01
-5.670015290316042922e+01
-2.355341620472975592e+03
-5.991559605604213345e+01
-5.800999077224730627e+01
-6.588879835966807264e+01
-7.053778138045296942e+01
-7.773358400605425800e+01
-5.126570108491976896e+01
-6.215056722055206251e+01
-6.103718833973235292e+01
-6.469014718679468956e+01
-6.710526092738518855e+01
-6.646527320217712997e+01
-6.894336436987678951e+01
-5.800127840621682651e+01
-5.820531875973344427e+01
-8.692954381234487471e+01
-6.264776218323656565e+01
-5.873577354470037903e+01
-4.965550613260985813e+01
-7.058881585434147610e+01
-5.716168915982056831e+01
-5.728982789283610089e+01
-6.600773595852444942e+01
-6.165752611040437614e+01
-9.398350009962473450e+01
-5.114605784103933672e+01
-6.831222500977489176e+01
-5.837544089366353717e+01
-5.733632788706033523e+01
-5.395597995536080305e+01
-5.811987873679302652e+01
-7.006139322218737675e+01
-6.477520286885710732e+01
-6.200297265181697526e+01
-7.071647539575246810e+01
-5.969244190376500114e+01
-5.618728507597327848e+01
-5.403009468904173218e+01
-5.998454770958356619e+01
-6.390693983103872711e+01
-6.697083857209166524e+01
-8.263502258771983122e+01
-6.540667128696198063e+01
-7.001507493612010080e+01
-3.448156829195604587e+03
-6.834433834009669795e+01
-5.977211956313210806e+01
-6.482722486187546451e+01
-7.014503540283723737e+01
-8.783554765204219450e+01
-6.505259980706679812e+01
-8.665119707865292753e+01
-7.370073394082515961e+01
-7.593465954160897979e+01
-5.524607109998825649e+01
-5.517826083454083630e+01
-5.716847954981349744e+01
-5.314370128922260506e+01
-5.313133444025527297e+01
-6.418531755476769263e+01
-5.902893899644338660e+01
-5.762880813439026895e+01
-5.792301857248416752e+01
-6.696651691475176449e+01
-6.034926479810799549e+01
-5.796670849534010017e+01
-6.657889644377662819e+01
-5.093842369777087242e+01
-6.222979157291170793e+01
-5.734432728287480074e+01
-5.763642420022422641e+01
-5.535362036784631812e+01
-6.312880026294519098e+01
-4.940466894195327541e+01
-6.909892964788613767e+01
-6.523895964198710828e+01
-6.971239845076443942e+01
-6.905743362668044938e+01
-6.570252745009261730e+01
-6.579277226062761486e+01
-6.365874510544738030e+01
-6.329361647911026978e+01
-7.399938224273260801e+01
-7.102441091733345502e+01
-1.491756096496120563e+02
-6.534055648528264726e+01
-5.374153794483162017e+01
-6.010220788052548357e+01
-6.732941226823584202e+01
-5.582786714924829141e+01
-5.946495543213697488e+01
-6.227968156464142169e+01
-5.396420388953958991e+01
-6.314621502368785855e+01
-5.424939516343775381e+01
-5.169688258853520324e+01
-5.401132806029593780e+01
-6.001836339030806755e+01
-5.374458231273928277e+01
-5.734281724040390316e+01
-5.420098378604276945e+01
-6.273952653876415297e+01
-6.395383198662058533e+01
-6.129189984355627985e+01
-5.644970650519364597e+01
-8.148504218232005769e+01
-5.900244672009567637e+01
-5.518075563425325925e+01
-7.121742425846092317e+01
-5.818578276861012455e+01
-5.354918466821278855e+01
-7.435785569432222530e+01
-5.706249159495975221e+01
-6.023298594175005860e+01
-5.458504969224561876e+01
-5.541926259691013001e+01
-5.524060970816640292e+01
-5.487998694055380611e+01
-5.979170758253545159e+01
-6.401071247224410854e+01
-2.463166896575325609e+03
-6.500092023330459767e+01
-5.856453956254893001e+01
-5.411794422980588593e+01
-5.852687296628461411e+01
-5.784186040625574776e+01
-5.891891042938893008e+01
-6.498431252835591465e+01
-5.831555766727822743e+01
-6.505845252130028200e+01
-5.872917339491193900e+01
-6.551690485563567279e+01
-6.550439203881597905e+01
-5.273804139855730000e+01
-5.833441896565101104e+01
-5.637260484239216396e+01
-5.324656144497303956e+01
-4.933000381121779299e+01
-6.150309174806236001e+01
-5.918128723941102010e+01
-5.407353735255149729e+01
-5.851618586934476696e+01
-5.913552911728237405e+01
-5.707002016295938063e+01
-6.102077162737020899e+01
-5.044875734276568835e+01
-5.606344898229700391e+01
-4.067139240280155263e+03
-5.692823840842233096e+01
-5.720985203774856132e+01
-6.427880087930390118e+01
-6.156475417085820823e+01
-5.902583276774778653e+01
-2.784155707460522535e+03
-5.186938489842822264e+01
-5.988246055648558297e+01
-5.853231897999732780e+01
-5.386942182469636009e+01
-5.183808399382755283e+01
-2.744640502970871239e+03
-5.398829301598307495e+01
-5.604174957922019473e+01
-6.494763820854936398e+01
-6.240469292807986790e+01
-5.434670237203360443e+01
-5.297275994236291297e+01
-5.129789536819478712e+01
-6.302190896629146266e+01
-5.437769668605106688e+01
-5.690591867361297318e+01
-6.237656539453061555e+01
-5.736974839414773442e+01
-2.527467188047326545e+03
-5.760438107213971648e+01
-5.632588859389267100e+01
-5.616803405286606221e+01
-5.937896884691954824e+01
-4.899057054700902825e+01
-6.774862947735347518e+01
-5.209423632563597550e+01
-6.013330570309780398e+01
-6.302225860781226174e+01
-6.943835253710597044e+01
-5.321984571530025221e+01
-6.501482252431368636e+01
-6.110934424062044457e+01
-6.510893953993212335e+01
-6.793009533608642414e+01
-5.824124035998752902e+01
-6.077886509589451691e+01
-6.058467808808265431e+01
-6.774429451704996552e+01
-6.746366744004863847e+01
-5.182280678932868057e+01
-5.576285258847846649e+01
-6.055150871262249268e+01
-5.614482830636778488e+01
-6.623636327924123179e+01
-5.741865161811834639e+01
-5.664346427748920121e+01
-5.733157504273030725e+01
-5.319728655351644875e+01
-6.692675063626782617e+01
-5.894864011893817235e+01
-6.217469335037991129e+01
-7.740502199924685556e+01
-5.506106906640550847e+01
-6.469199999601757156e+01
-5.923817841705219678e+01
-6.576044450681180820e+01
-5.746519302104785254e+01
-6.132965468924214747e+01
-7.081090832387180001e+01
-5.258117151698360203e+01
-6.961157334641406180e+01
-5.845985024838654454e+01
-5.968941818818741751e+01
-5.366034265688519156e+01
-6.176571775773487616e+01
-5.511234516038537379e+01
-5.877308990757474305e+01
-5.603109115328823009e+01
-4.110033967112569371e+03
-5.665156529217046000e+01
-8.479389456338446962e+01
-7.224501428524385460e+01
-6.008256716097159256e+01
-5.666168724008527136e+01
-5.824103885910601264e+01
-5.589046834252287965e+01
-5.699159636291801689e+01
-6.177890528478789633e+01
-7.096433578498977113e+01
-7.014575257871261726e+01
-5.902168694354678280e+01
-6.044439182611932893e+01
-6.270059664187202486e+01
-5.667607611646606358e+01
-6.557597796185444849e+01
-6.024597092167141454e+01
-4.579079935543012652e+03
-5.225446911754410451e+01
-7.338121866517093395e+01
-5.983668891632675013e+01
-6.337493362764311655e+01
-5.733604474082015656e+01
-6.304858857476072842e+01
-5.313051835165353509e+01
-2.274290229448570244e+03
-5.638144484324151051e+01
-5.501091570131734443e+01
-5.381609358900382745e+01
-5.965054011218690277e+01
-5.891441707463319233e+01
-5.555273610705064868e+01
-5.593988841340436124e+01
-6.248203648716926750e+01
-6.200662665996773626e+01
-6.003952059071755798e+01
-5.967609328091467091e+01
-6.050539705432370852e+01
-5.669337970798775928e+01
-6.556325329131674096e+01
-5.290804687106850679e+01
-5.501820454274506744e+01
-5.437876413559406785e+01
-5.416564418509190659e+01
-6.239177686311739990e+01
-6.401713287631216076e+01
-6.326610693387530659e+01
-5.171822325102773732e+01
-5.803259951064275413e+01
-6.266778042565867679e+01
-5.668009397202349930e+01
-7.013091190411773823e+01
-5.217636939703299959e+01
-6.997371609507219148e+01
-6.050823160644593202e+01
-6.978335203651103313e+01
-5.531495391549762530e+01
-5.488185081364505891e+01
-5.718983719897651952e+01
-5.812379559323936462e+01
-6.792183292931811422e+01
-6.246194475050172912e+01
-5.964742859090173965e+01
-5.669591826752424879e+01
-5.771945092531785804e+01
-5.970750528002818669e+01
-5.258012744997120080e+01
-4.941425279328170291e+03
-5.216286255246042458e+01
-6.457283821312829275e+01
-6.504481646914028659e+01
-5.836097641856130736e+01
-6.390285759961233225e+01
-5.581480880397182887e+01
-7.133932737348436603e+01
-6.579952113622880461e+01
-5.059780624996322729e+01
-6.023710202153503701e+01
-8.304448133001289989e+01
-6.651168796388408566e+01
-5.387120309235073989e+01
-7.217603910896352204e+01
-5.413978026426302392e+01
-5.231292376598365479e+01
-6.744126003632388233e+01
-6.028576702412890143e+01
-6.354843980189265551e+01
-2.420615002443916183e+03
-5.133570953720895886e+03
-5.594733937655482237e+01
-5.752426012107311237e+01
