3.690655209452199936e-01
8.693069306930693019e-01
4.315950042902087502e-01
5.208131655372700841e-01
5.066018340905049655e-01
7.208955223880597618e-01
5.618311533888229459e-01
5.152079453755431526e-01
7.989928690205339024e-01
8.962902234064357154e-01
5.388601036269412975e-02
6.077539787004905270e-01
5.676168550241370570e-01
6.186358425164396602e-01
4.029464978030500300e-01
5.742861284244092923e-01
5.175438596491227505e-01
6.437360147941276756e-01
4.632733462649443745e-01
5.493237867939537722e-01
6.463620981387477871e-01
7.938285714285714390e-01
2.209275759652729043e-01
6.633870838128357317e-01
4.589642202719645403e-01
6.136611360058134013e-01
2.848239851776991904e-01
4.147646781048323072e-01
3.513058129738838020e-01
6.501424115014241556e-01
7.150596800135444742e-01
2.455536995185223503e-01
4.568351442558621911e-01
7.485388669508720172e-01
7.801445090220877621e-01
4.196175637393768643e-01
1.378680203045685171e-01
3.952451708766716032e-01
4.620400625114909898e-01
6.646341463414634498e-01
5.690320065872604971e-01
6.921532738973843468e-01
6.035307098197866260e-01
7.710856789359727959e-01
6.178128232014193497e-10
8.186441265998904981e-01
3.983591613491340166e-01
4.338235294117646634e-01
5.014089750120236388e-01
8.175521575601084612e-01
5.732935471838865871e-01
6.232876712328766500e-01
7.915247018739351992e-01
4.399610610854223225e-01
4.804874153299422135e-01
2.693077230892357843e-01
2.222222222222220225e-02
3.037831151427687892e-01
7.856272838002437142e-01
4.374617229941671348e-01
4.546413502109704075e-01
6.839619547392588039e-01
5.854359629511338703e-01
2.391464311994114800e-01
6.178357634349123076e-10
2.841291609524996820e-01
6.763268074754987813e-01
2.778993435448578464e-01
6.429049531459170019e-01
3.440094899169621884e-02
4.440124416796267792e-01
5.743766765511444383e-01
5.067264573991031584e-01
8.114463545740485673e-01
1.851851851851852859e-01
7.510686447070655802e-01
6.673656329323475189e-01
6.850715746421267571e-01
4.635834513135126400e-01
6.324916869078192061e-01
7.426616640918120016e-01
2.390205985231245167e-01
1.966641772467014534e-02
7.102164489119106028e-01
9.593522118973600854e-01
2.949956101843720924e-01
5.985237914430880934e-01
7.732376092493180586e-01
4.870342122466767565e-01
7.758078569534416769e-01
7.915840493500769792e-01
5.164835164835165360e-01
7.696736994811858024e-01
8.079665601180231471e-01
7.004326800712650236e-01
4.732311003497445268e-01
9.362244356191730121e-01
8.144349263600841882e-01
8.068791346966822653e-01
4.099616858237546957e-01
4.960352422907488013e-01
8.255271505877962435e-01
4.708845127714829104e-01
9.130545441691115816e-01
6.176683562635771896e-01
3.817171093267449633e-01
4.843094831759530705e-01
5.246566879642542425e-01
6.177592960072805871e-10
8.162022736977748716e-01
6.449122807017544368e-01
7.709750566893411317e-02
7.537685191175518273e-01
6.104858632994785150e-01
7.824114109500446279e-01
6.654302670623146732e-01
2.075231112527893551e-01
7.040518638573742827e-01
6.622807017543859143e-01
5.307402760351317417e-01
3.156267054757140866e-01
7.609925430701980353e-01
1.286201022146505613e-01
6.939858950816347738e-01
8.314302884615384359e-01
6.282509420735860051e-01
6.423886385672732402e-01
5.520191649555099556e-01
6.175757741320919598e-10
5.224089635854342051e-01
4.500794682849300066e-01
6.825749167591564914e-01
4.378194207836455520e-01
6.691567082518065090e-01
5.986337836835123882e-01
6.427119615053807911e-01
7.099163104341020825e-01
6.380255941499085592e-01
8.174078286344877986e-01
2.451811873554353982e-01
3.586358635863586830e-01
6.805038076822561566e-01
8.939233817701452978e-01
5.502222222222221681e-01
6.399189316064315403e-01
2.820376757760678088e-01
6.511397423191278566e-01
4.245678748924760493e-01
6.667361713558052072e-01
7.015503875968992498e-01
2.666666666666666075e-01
5.440747227086982774e-01
7.063719862227325619e-01
7.408761261360374828e-01
6.014980173624500104e-01
5.531081742535486345e-01
6.446153846153845901e-01
4.295237749622962120e-01
5.549492374783699944e-01
6.278195488721803885e-01
6.129693909750708603e-01
3.961005643919958685e-01
8.321717837634206028e-01
6.178969373378413348e-10
6.060670749075079966e-01
5.132743362831858613e-01
6.917154296273483327e-01
5.426695842450766083e-01
8.998334339542896076e-01
6.341165700335672506e-01
7.069800408861818264e-01
6.295039164490860983e-01
5.538503989156485785e-01
4.476987447698744793e-01
7.828232971372162119e-01
4.628554414172995068e-01
8.215527230590962127e-01
4.287509356786755044e-01
7.688116724297884286e-01
6.625322735786969286e-01
7.394121418688623937e-01
6.032786885245901010e-01
8.457775468606369973e-01
1.465048137295958328e-02
8.684663817300279920e-01
7.636944021305491770e-01
7.827072538860102568e-01
4.992412746585735972e-01
2.069550466497030172e-01
5.151847385155136072e-01
6.926172189419231850e-01
7.490517309058699613e-01
6.380255941499085592e-01
4.301988178398710727e-01
5.527215780472847229e-01
4.881363741073486140e-01
9.227611840264976495e-01
9.922773475803445820e-01
5.037593984962406291e-01
2.341565010413567682e-01
4.963072378138847496e-01
2.240130810558280949e-01
3.009461940403898583e-01
4.873394495412844418e-01
6.179122306844282607e-10
7.291020781532349115e-01
3.639379781975758954e-01
4.258032077987803921e-01
5.908519728575019059e-01
6.288690039606864568e-01
6.066024759284732726e-01
4.611767401464909044e-01
1.656220121109105159e-01
6.736217457886676252e-01
4.688410130177790291e-01
6.477084483710655594e-01
5.455650060753342023e-01
1.851851851851851471e-01
6.396185422951740085e-01
4.667302536927766532e-01
5.096913629468171614e-01
6.370341614906832595e-01
4.393313382209572127e-01
4.123937112446928177e-01
9.107591269074752915e-01
6.357656205641600833e-01
5.217391304347825942e-01
5.550906555090655559e-01
5.732853429314137550e-01
7.095770621373916898e-01
5.974156645954804556e-01
7.074877536738978234e-01
7.723236469698606665e-01
8.766315166716669438e-01
8.664111759907816568e-01
8.427285129604366043e-01
9.138037773593332691e-01
8.319658857821440323e-01
5.340891970370210684e-01
8.170478170478170377e-01
5.103857566765578335e-01
7.796038964036748897e-01
9.055793991416309918e-01
7.139352306182532582e-01
6.952117191111560901e-01
6.188855356154427945e-01
5.585647919343679213e-01
5.512503200477937293e-01
4.317933794106948442e-01
2.737219392567440401e-01
8.435013262599470041e-01
8.283329425556859027e-01
7.263608399090544232e-01
5.309267468862147732e-01
9.190496544845764282e-01
6.594554270794478201e-01
3.348689893463864253e-01
4.099616858237548067e-01
6.475616201320697485e-01
6.682350102545542292e-01
7.041627689429373893e-01
4.972796517954298223e-01
7.124328706049244397e-01
5.879478827361563908e-01
6.757948479925736107e-01
6.528153889252031883e-01
7.787812754338523380e-01
6.920521945432978050e-01
5.486120423762906873e-01
4.593220338983049489e-01
7.232771084337349388e-01
8.170863959513193775e-01
9.331889333005827236e-01
7.043847241867043918e-01
4.665833755704599239e-01
4.862008939798152518e-01
8.482286425644482986e-01
7.596944935838035873e-01
5.920239282153539895e-01
7.681391549476246361e-01
2.029312288613314627e-02
4.404729172394830083e-01
7.689790181708664463e-01
7.633649060844437395e-01
7.063159992030285661e-01
7.018331963374303539e-01
5.170731707317073322e-01
6.177498606960133420e-01
4.995054401582591508e-01
7.134974064672773286e-01
6.778330781010720729e-01
7.511410994244889228e-01
7.152920155711897099e-01
5.235355230560216899e-01
5.765352887259396208e-01
4.436416184971098686e-01
6.811999491546968377e-01
3.193456614509247449e-01
6.642929806714140684e-01
6.561681872272906446e-01
6.664006384676774974e-01
6.231009589483892386e-01
6.716816306721670182e-01
7.888560382078689814e-01
6.451612903225806273e-01
6.715407110974295213e-01
6.590765338393421713e-01
3.864378322917638720e-01
4.752939766660954080e-01
6.729990856043236436e-01
7.943925233644859585e-01
6.791197543500511191e-01
9.265962530855266222e-01
9.845364692239558790e-01
7.717842323651452618e-01
6.396917148362234462e-01
6.010044642857141906e-01
7.652825836216838873e-01
7.461813454663634992e-01
9.107860226092692191e-01
7.419683834778174614e-01
8.556119500015273438e-01
5.907405943866226306e-01
4.539663106742264920e-01
6.817219772953271306e-01
5.226161369193154105e-01
7.438389660664738168e-01
7.866054291198245618e-01
7.384474689332400921e-01
6.803933817051880384e-01
6.193532197390442251e-01
7.253503184713376850e-01
7.533597938862196530e-01
8.499485990267136026e-01
6.594626168224299034e-01
3.249783923941225727e-01
6.888206296910995841e-01
6.469135802469134777e-01
1.423338566195710697e-01
6.273525721455457393e-01
6.607435553752375457e-01
5.697031091716666662e-01
5.301507537688442406e-01
6.515382272311910361e-01
5.931017245688579020e-01
6.837010676156585198e-01
6.705069124423963522e-01
5.900140646976089753e-01
7.140067134574307195e-01
1.221831713872233161e-01
8.405001715051918509e-01
7.960316953983094246e-01
4.620261353344547461e-01
2.142857142857142461e-01
5.548914907167001864e-01
7.439515942373031709e-01
1.359516616314198900e-01
4.972419227738376635e-01
4.977362489162893699e-01
3.807178043631246345e-01
6.513752736271056776e-01
4.458612040133779209e-01
9.268353670734146288e-01
7.496077649248770181e-01
7.618975928806811515e-01
4.611372424069141718e-01
6.898544582042549500e-01
2.220650636492222940e-01
2.446351931330473239e-01
5.381431105854524999e-01
1.084139066035793852e-01
5.401929260450161197e-01
3.914417974483460072e-01
7.786540627247451329e-01
6.061675160067947488e-01
7.834973504920514920e-01
3.507795100222717566e-01
3.870796325817960071e-01
9.175168024048611093e-01
4.942528735632183978e-01
7.142362313820574959e-01
4.784037558685446667e-01
3.807780320366132565e-01
7.562058124813292315e-01
8.241362025450036377e-01
6.451612903225806273e-01
5.970447899030321137e-01
4.690107270560192054e-01
8.252036608669415241e-01
7.045288912024987305e-01
7.970207721251482136e-01
1.260794473229707169e-01
3.437990580847722355e-01
7.586206896551723755e-01
7.104219257122250664e-01
8.466562020530188359e-01
4.371118655295189726e-01
1.973296072038504545e-01
6.088888888888889239e-01
9.126542652459213034e-01
7.651321192212936495e-01
4.575342465753424182e-01
5.588540163916558834e-01
6.807570977917980493e-01
9.347823309183374008e-01
5.574712643678161328e-01
6.430288461538461453e-01
6.545226130653267749e-01
6.855415063221550476e-01
5.816602316602316192e-01
6.338194137575489107e-01
7.775584033502668246e-01
5.570179746586778613e-01
3.994428969359332671e-01
6.376759580492085133e-01
4.579226686884002584e-01
2.563380281690139650e-01
6.844997853155861955e-01
7.329710144927537030e-01
6.464834653004191134e-01
4.539007092198581450e-01
3.515789473684209909e-01
4.712261897222291829e-01
5.877712031558185446e-01
5.669889502762430755e-01
7.310499044080243092e-01
5.393322014714204693e-01
5.574602064019590353e-01
6.831368647070046318e-01
6.524580070908646556e-01
6.113552887178208550e-01
5.727477952776055536e-01
5.917936340322823563e-01
7.403433476394849500e-01
5.879478827361563908e-01
5.591113872922168770e-01
1.020408163265305312e-01
7.390198441393713846e-01
4.296478347173258716e-01
5.934316343542476169e-01
8.000956602008514329e-01
2.895921780522321409e-01
6.706874000871965169e-01
4.744027303754266844e-01
4.658691062631949986e-01
7.800521203506277645e-01
5.316085545481890051e-01
4.945945945945945943e-01
6.359188372427687641e-01
5.239216840865595914e-01
6.920521945432976940e-01
6.214961913648282543e-01
8.781023646530500271e-01
6.284257488846398676e-01
5.738588512716860102e-01
7.028191072826937003e-01
8.258702500099684984e-01
5.736696401107352905e-01
6.334508170458186260e-01
8.457487722619962955e-01
4.242827599890107715e-01
8.914980372052840885e-01
4.627723246349054742e-01
4.976213130352045155e-01
6.400243527864811766e-01
8.321524115206115901e-01
8.195212867436638682e-01
6.369226710280304626e-01
8.597552090922336854e-01
7.084745101369862574e-01
5.918186595842411801e-01
7.115207032837143064e-01
5.767938931297709182e-01
4.064143899541829419e-01
7.354430379746835778e-01
7.724798606575222770e-01
5.619702737461371722e-01
5.584924131179639373e-01
5.557322308793132271e-01
6.114845619232083251e-01
8.317771373679153646e-01
1.637426900584796063e-01
4.986326344576116343e-01
6.005888125613345618e-01
4.827689918918914302e-01
3.456410256410255566e-01
4.461805555555555802e-01
7.159039420027186740e-01
5.627208480565371040e-01
6.180766352069672091e-10
5.221036585365854688e-01
1.609227093098060946e-01
4.507998061076103347e-01
5.051469767144781686e-01
6.082055906221820463e-01
6.969712092170198270e-01
6.159301691216585439e-01
7.573640224688313882e-01
7.937302294412906800e-01
4.918265813788201823e-01
2.779487179487177828e-01
4.828288754871911670e-01
6.180536950411681277e-10
3.520443520443520269e-01
5.744985673352436262e-01
6.502445842068482751e-01
6.312682364117527811e-01
7.399923751429661190e-01
5.179913009094525012e-02
7.101248266296810163e-01
5.552099533437013790e-01
3.826778612461333995e-01
5.631385637187301674e-01
5.622369218760528975e-01
7.638273045507584236e-01
5.135818066961463924e-01
6.246209111226164179e-01
8.244904650019124759e-01
6.296482412060302458e-01
6.809282899672022271e-01
7.563025210084006744e-02
7.310513447432763767e-01
3.063063063063063418e-01
3.185840707964602281e-01
6.508604206500955280e-01
7.631280695126558822e-01
9.109184178319402747e-01
3.440094899169638537e-02
6.208014142604595387e-01
5.877921576202432830e-01
3.405218891524692815e-01
4.847146273553884499e-01
6.453981805285083917e-01
6.996176952484980394e-01
5.040178571428570731e-01
7.388207360506530152e-01
7.006360079874991431e-01
4.494508442501156109e-01
5.567199364909454218e-01
3.288135593220338770e-01
5.147058823529411242e-01
5.943097997892518025e-01
7.795953589624224911e-01
7.886588840422582569e-01
6.261317298107286211e-01
6.564538446333267885e-01
6.178587036682795339e-10
5.091356289529164192e-01
2.069550466497031560e-01
7.192036650814311871e-01
6.323347363208714489e-01
8.595579137176448947e-01
3.252496433666191011e-01
8.238299848033696637e-01
6.013135490148382445e-01
7.636560870630227926e-01
3.548560667204734842e-01
4.031722566608093028e-01
6.152263374485595904e-01
3.748362584066852743e-01
2.613361024575976965e-01
6.949356913183279971e-01
6.077108433734939030e-01
6.604149377593361292e-01
4.199653797717001757e-01
6.953707496927489240e-01
6.947584789311407327e-01
6.877765908744086776e-01
6.471168873899810770e-01
2.018927444794954007e-01
4.190303199664663913e-01
6.664420485175203135e-01
4.954128440366972197e-01
5.660275247880997007e-01
8.244213886671987179e-01
1.005971520440972211e-01
8.731057213484755275e-01
7.385339395389646233e-01
7.432939914163090300e-01
7.029493852304443680e-01
7.307806245528556399e-01
5.769623780771018229e-01
6.059440095528724202e-01
5.886210603560826371e-01
8.335863900051813102e-01
7.002514472837845227e-01
9.911537835104563543e-01
8.386069361547275891e-01
4.172567532126935097e-01
5.352112676056338669e-01
9.555963349782164995e-01
5.790816326530612290e-01
5.701303199271200439e-01
5.064102564102563875e-01
5.218762457247106967e-01
6.032485369640512296e-01
4.828950430532931160e-01
1.179447255741534056e-01
5.098665380409275194e-01
3.552259887005650429e-01
4.101599247412981986e-01
5.396112617032647885e-01
4.906605668152932420e-01
5.333767078724789279e-01
4.961051040576676674e-01
5.511164130478274359e-01
3.894273127753304364e-01
8.131517215524679543e-01
4.997314234556848866e-01
6.633134234517468197e-02
5.325779036827196222e-01
5.313993444980128489e-01
1.930501930501931362e-01
6.324749946797190159e-01
5.041736227045076069e-01
4.579572200909837743e-01
5.009652509652511299e-01
5.617529880478087101e-01
3.063317098179954567e-01
4.607795697688643055e-01
6.894929430214323807e-01
6.159778164103107967e-01
6.180345783417566270e-10
6.110111169931180530e-01
4.599178302439508870e-01
4.216738197424891865e-01
5.916907883534821000e-01
5.631544954005265335e-01
3.109048723897912536e-01
6.198904340497261023e-01
2.626656274356975462e-01
4.906558992504807537e-01
4.919950738916256672e-01
3.524366471734894368e-01
5.698594024604568542e-01
3.560975609756096838e-01
5.109152813939514814e-01
2.750716332378225215e-01
3.166908563134979704e-01
1.549668874172185906e-01
6.559191530317611818e-01
5.339609952925352676e-01
2.135231316726002998e-02
3.023439038802443468e-01
2.817633603659804864e-01
5.252442996742671122e-01
6.298076923076921796e-01
1.423728813559321238e-01
4.581644651508910426e-01
6.177478259197459398e-10
3.439930855661193498e-01
5.778597785977859225e-01
4.346549192364171921e-01
6.012887635924284435e-01
6.337693222354340294e-01
6.179772278630678467e-10
1.134328358208956111e-01
3.528348397699260786e-01
3.529411764705882582e-01
3.432835820895522305e-01
3.154901304784206162e-01
6.426468165482591058e-10
2.389266084707404592e-01
5.086848635235731164e-01
5.052337029744016217e-01
5.990343995171998337e-01
6.210163652024116576e-01
2.708261912924251127e-02
3.253436728939019251e-01
7.778948412343226204e-01
5.481194826343916970e-01
3.381088825214899063e-01
5.844930417495027841e-01
4.894876187509732968e-01
6.180231082585307635e-10
5.821950193133759166e-01
3.533576485732675687e-01
3.066593587284187072e-01
5.582028590878148622e-01
4.254278728606324111e-02
6.347591983248578318e-01
3.957138545125264972e-01
3.316752531533131987e-01
6.543698359129523912e-01
4.163232848984312340e-01
4.076281581289142864e-01
6.142266923597282657e-01
5.034722222222222099e-01
5.396147839666839419e-01
5.492119089316986891e-01
6.490797546012269104e-01
6.795201371036845295e-01
4.491717222897134709e-01
6.445438727317921446e-01
7.411021814006889530e-01
1.406250000000000278e-01
4.937597503900156282e-01
3.431295919962482066e-01
2.972222222222221655e-01
5.933624092524502069e-01
2.058536585365853266e-01
2.859511963989575523e-01
4.181556033555486329e-01
3.857290589451911056e-01
6.184259604625139684e-01
5.674474269105831414e-01
4.447572222372132011e-01
7.201895329366917453e-01
6.442113389959698289e-01
7.504860661049902459e-01
2.993630573248408089e-01
4.877739892839746960e-01
6.476146963240001497e-01
4.917491749174917604e-01
6.040386303775241439e-01
1.616294349540079445e-01
6.729882111737570671e-01
4.079380445304937597e-01
1.398925328886417296e-01
3.473423980222496987e-01
4.130634774609017179e-01
3.421568627450981004e-01
5.015406924052927540e-01
5.229152693941425678e-01
6.177401792021745327e-10
6.122797043774871328e-01
7.260073260073259815e-01
6.228571428571428870e-01
4.519311151981273422e-01
3.378280760895739920e-01
4.749107310655891201e-01
2.679705359410720633e-01
3.703041144901609849e-01
5.829107979762218061e-01
5.949955317247541675e-01
7.163554747162470537e-01
4.187900578396121509e-01
3.833244063560078962e-01
6.503885860109036576e-01
5.021406727828745531e-01
2.960546753650201701e-01
5.718278135133488815e-01
6.176560649882862561e-10
2.383778437190900990e-01
6.006702038536722021e-01
4.302788844621515119e-01
5.460797799174690326e-01
1.180616740088105965e-01
4.291891891891893573e-01
2.831709774941217339e-01
6.427349359039343644e-10
4.899668809662964253e-01
3.134015211119852706e-01
2.785737026424706664e-01
6.625673621666435809e-01
3.889905205388328180e-01
2.152046783625729265e-01
3.934837092731829911e-01
4.674334626186972819e-01
6.255757737109608474e-01
5.083595431219996019e-01
4.880302633494684184e-01
3.257750221434897453e-01
4.777887798336555858e-01
5.920999596936720177e-01
1.547409235107507497e-01
4.559605392528932599e-01
3.976192265306400797e-01
2.948717948717948789e-01
4.134444095681725218e-01
4.883231716714811488e-01
2.806619511544106715e-01
1.535630645700903629e-01
5.955882352941176405e-01
6.578735168759358709e-01
4.485738980121003472e-01
6.636475617708862407e-01
2.135655362053163753e-01
7.381892327804078224e-01
3.599744245524296171e-01
6.664627099055000503e-01
3.167033504524333076e-01
4.054054054054054279e-01
5.618257261410788406e-01
5.252976190476190688e-01
7.131069034111841010e-01
4.222987516142917563e-01
3.090252707581226943e-01
4.741589805137029212e-01
4.608044901777363922e-01
5.370281124497993108e-01
3.037974683544303889e-01
6.175910676315838423e-10
3.325322919795734022e-01
3.256130790190737145e-01
5.938859494415050788e-01
2.967174426088821648e-01
5.670934091986723491e-01
4.881616855685120271e-01
5.797516714422158435e-01
5.687877380399443128e-01
1.983805668016193902e-01
7.008208964433776389e-01
7.090950902610095863e-01
7.300057655876780460e-01
1.315789473684211008e-01
6.405387502759991580e-01
4.008653601425299917e-01
1.071101617332928524e-01
5.764160741391706200e-01
5.086278052704321651e-01
6.602794558943591019e-01
6.180422251131394417e-10
6.175566572995866849e-10
5.512958979037934082e-01
2.209275759652730431e-01
