4.149534342258444752e+01
6.765375854214122908e-01
1.622288491274574795e+01
3.763940520446097171e+00
4.559135257899657567e+00
2.393374741200827494e+00
4.750264550264548191e+00
1.214698795180722790e+01
1.322029393481865434e+00
1.330665447061513795e+00
1.324807692307696811e+02
4.371136050403622519e+00
4.088180361050440581e+00
2.416237620956305676e+00
7.071840923669014067e+00
1.799318525996971374e+01
4.661016949152542388e+00
7.522508135684482511e+00
1.558981779409214319e+01
7.682114409847937253e+00
3.780104712041885140e+00
1.936078318456665226e+00
2.484488107549123015e+01
2.416153699821856460e+00
1.366358478671989651e+01
4.149398065916714451e+00
2.202779420461265758e+01
1.083908918406072353e+01
8.812949640287767394e+00
2.294367372483570833e+01
2.771279744287912017e+00
4.873989595838330757e+01
6.935930445150876089e+00
2.430018935852212625e+00
1.682468902974558755e+00
1.873502109704640617e+01
5.485861561119295260e+01
2.058646616541353680e+01
9.902355159981132360e+00
2.522935779816513957e+00
4.051290449688431217e+00
4.791350336944470101e+00
4.389396709323583501e+00
1.134863533526948309e+01
7.527214319764035013e-07
3.319883852289523318e+00
8.237986270022881641e+00
9.135593220338984466e+00
5.646985048913932381e+00
5.216210429657193615e+00
7.037085230969421623e+00
2.747252747252748151e+00
2.131019639494216911e+00
3.026098019692442520e+01
7.823371664313722995e+00
3.070876671619612708e+01
1.760000000000001705e+02
3.198133695283338795e+01
6.350387596899223830e+00
7.748741208150902615e+00
5.125290023201857004e+00
4.599693104440394364e+00
5.697217675941078419e+00
2.039076923076921588e+01
7.527214288959100553e-07
2.989074155331286065e+01
1.368289814974926522e+01
2.125984251968503358e+01
4.897969807391982400e+00
1.416206896551728676e+02
7.399299474605953719e+00
3.877558603227682088e+00
3.893805309734513287e+01
5.439508603539858989e+00
2.539999999999998437e+01
3.389688650820220861e+00
3.103853150322473997e+00
1.111641791044776362e+01
8.152358330505601103e+00
5.681063878858490845e+00
2.504309063893015885e+00
1.287967479674798632e+01
4.055822784810127928e+02
2.932134061331540753e+00
1.049621355346434193e+00
1.586011904761906344e+01
3.553848678279450279e+00
1.467417593734053227e+00
5.122595078299776894e+00
3.533424483617363165e+00
2.058446980239355018e+00
3.744680851063829419e+00
4.628298318411344425e+00
1.534083992696287035e+00
4.160247093023254905e+00
4.503126776577599522e+00
1.690613374466926278e+00
9.300226046039579586e+00
8.698175059717643265e+00
7.327102803738319459e+00
4.802841918294850743e+00
1.633137432188064730e+00
5.529284021306510866e+00
2.419576141915801060e+00
2.701055099648299596e+00
1.339967637540452650e+01
6.304330927004307306e+00
8.933944864865770441e+00
7.527214398997329667e-07
9.575980067891957104e-01
2.878128400435256307e+00
8.052941176470602613e+01
2.568792378336623994e+00
7.482464028776974807e+00
5.857651788301156515e+00
5.622073578595315091e+00
1.961443932411673430e+01
6.343462246777165525e+00
3.569536423841059847e+00
8.881796690307330877e+00
1.685360230547550131e+01
9.650616658219293598e+00
5.727814569536433709e+01
9.385160095472853570e+00
9.400072280448139583e-01
6.825191575402642208e+00
7.211666518689511030e+00
8.779293242405454833e+00
7.527214643249106648e-07
7.729222520107238203e+00
9.608025682182981697e+00
6.869918699186993827e+00
1.663424124513619162e+01
4.701484070150897310e+00
5.255076817827809776e+00
5.897629853811039879e+00
4.067593927571876655e+00
2.553008595988538687e+00
3.940734817076056551e+00
2.490880503144657609e+01
8.616564417177913882e+00
6.008490727024462963e+00
8.662479680803901516e+00
6.836833602584815317e+00
3.850095166760274079e+00
1.423236124176858475e+01
4.675799086757989720e+00
7.447778468549214104e+00
3.364174944512567045e+00
2.707182320441988477e+00
2.100000000000000711e+01
5.408798283261799789e+00
3.514425030475416989e+00
7.230002865016645686e+00
4.017190548801706562e+00
6.096460176991151947e+00
1.052505966587112063e+01
9.902261854059402069e+00
7.469743572402593124e+00
7.760479041916171106e+00
1.280025740025740788e+01
1.483031088082901583e+01
4.455183340878225096e+00
7.527214184360771137e-07
3.514021974840115803e+00
4.741379310344827402e+00
3.686999109528050322e+00
4.366935483870967083e+00
2.244945617550667460e+00
5.717516843118382930e+00
7.783120056119868124e+00
6.902115304852758371e+00
3.869245602019411034e+00
1.480373831775701099e+01
5.548549810844892960e+00
3.460405275008039183e+01
2.971791255289140121e+00
7.715044735029111145e+00
8.515522499396649181e+00
7.015282341254679643e+00
5.622792204828624740e+00
7.233695652173913082e+00
7.268894538375027636e+00
3.271142857142814933e+02
7.001353849031854537e+00
7.408033430054201673e+00
1.539511791477038205e+00
7.522796352583587698e+00
2.961065573770493842e+01
8.597786763141096245e+00
7.558934504850443936e+00
5.271069702674261670e+00
4.641833810888252643e+00
1.450936797401948297e+01
4.206642388088136286e+00
4.814063237376118742e+00
1.216665611310199679e+00
4.413193992837860513e-01
1.034328358208955123e+01
1.739390088945362223e+01
1.144047619047619335e+01
2.377580813347236344e+01
2.375645236977943497e+01
1.214533132530120341e+01
7.527214103457315976e-07
2.066325368681661612e+00
3.392167441860466681e+01
5.889088327733188244e+00
9.316886431305826832e+00
3.084907860975041771e+00
3.065759637188207876e+00
1.290666880169940889e+01
8.175048107761381289e+01
6.827223643080420956e+00
5.471428179051869733e+00
2.150895140664962568e+00
5.149220489977726523e+00
2.640000000000000568e+01
3.344802461591832810e+00
8.521384898138711250e+00
4.936333844192222209e+00
4.402803168799512612e+00
5.839606108934543904e+00
1.056199798329065942e+01
3.741251325556734231e-01
3.004136139793402105e+00
4.583333333333333037e+00
8.452261306532664165e+00
3.281827694454132693e+00
2.920843701860411201e+00
5.507626003498862666e+00
1.785361028684471218e+00
6.418468682686659044e+00
2.757110946943569729e+00
3.286973804151287482e+00
1.111247814543806056e+00
2.619745397365990325e+00
5.196198014662947173e+00
4.321162350129062801e+00
1.791348600508905875e+00
3.924418604651163101e+00
2.788476342748860137e+00
5.308056872037914431e+00
3.861168384879724247e+00
7.024280962265367911e+00
5.664491289983155653e+00
7.292337639355865875e+00
8.843629044743771317e+00
1.698736310025273255e+01
2.110613370089592777e+01
1.094654088050314478e+01
3.135036967425640242e+01
1.592524396980297574e+00
4.056063618290259853e+00
8.271558907656174853e+00
3.896493212669684958e+00
9.479793637145313312e+00
1.511214953271027817e+01
7.387931856801015940e+00
2.820906300776312658e+00
4.392228495516440567e+00
1.061487964989059130e+01
2.366804153036552449e+00
2.930747922437672237e+00
5.538804945054945250e+00
4.085395508510941909e+00
4.945184236253918897e+00
4.773397326019881426e+00
5.722072842825715711e+00
9.309963099631000105e+00
9.077958422174841502e+00
5.616870668043062231e+00
1.770333325357134280e+00
5.074297188755021004e+00
1.060490511055159857e+01
8.315466693416780686e+00
4.326790191402190899e+00
5.593088153760858994e+00
1.165240821825530304e+01
4.513991409149673117e+00
3.467222222222202959e+02
2.136392009987515905e+01
7.141935820778611443e+00
7.552471083070451563e+00
1.013032440056417549e+01
1.369143401879341404e+01
1.757547169811320131e+01
9.647314473144733782e+00
1.152277227722772324e+01
8.615003866976024938e+00
6.610844394238912791e+00
9.442272126816380506e+00
4.013934290316685249e+00
1.121065486185315407e+01
1.402225755166931087e+01
1.197068403908794565e+01
9.700317223362569408e+00
3.371492204899774947e+01
3.790199081163859507e+00
4.692177487607303021e+00
6.917365269461078547e+00
4.371606432647414664e+00
5.465679190751443706e+00
2.567087585769475933e+00
4.399999999999999467e+00
2.156543662617464996e+00
2.304222648752399127e+00
2.157880762732319369e+01
5.419953292889029939e+00
2.589405693512774942e+00
1.552941176470588047e+00
2.448379804069329424e+00
2.740246712627580017e+00
1.438882828303088557e+00
1.478494623655913998e+00
2.611445783132531062e+00
3.922934076137418735e+00
3.094951017332329357e+00
2.195557491289197305e+00
4.752523658734648104e-01
2.908591065292096101e+00
2.452399104017161768e+00
5.224777750402853194e+00
6.534785653886665102e+00
3.071422496336069674e+00
5.895906432748538428e+00
3.598229158409700368e+00
6.979433551198257035e+00
3.558024331609237034e+00
1.936601614915604586e+01
5.061980048459723491e+00
6.746750965929044774e+00
2.395877622700803400e+00
2.622464027328628600e+00
2.488042515500443308e+00
4.022074468085109089e+01
1.172514115150861436e+01
1.096564885496183273e+01
8.162132352941164015e+01
2.916000000000000369e+00
3.927123773015410269e+00
8.617289016550406799e+00
4.109004739336493017e+00
1.011313697989714733e+01
9.230509903076272948e+00
2.123880907765978598e+00
6.388316151202749538e+00
6.696066746126341229e+00
3.878023762714760458e+00
6.302707275803733467e+01
1.604400089040587929e+01
2.518022410944455558e+00
1.000308036964435487e+01
1.833333333333333925e+01
1.505862099408492583e+01
4.337909567139308642e+00
3.004444444444445850e+01
1.066244057052298011e+01
1.087071801819237571e+01
1.182994454713493226e+01
1.620236703682057566e+01
2.722972339428035937e+01
1.908919225165920830e+00
2.599368548015183578e+01
9.190704107844643644e+00
4.640887217430568867e+00
2.432552209215856909e+00
2.786624203821651946e+01
1.347368421052630616e+01
5.539560439560436755e+00
7.364136622390901721e+01
2.414285714285714235e+01
1.731323911162387930e+01
4.573295064112111064e+00
4.045915067902565276e+00
1.306280193236714959e+00
8.917460317460315977e+00
2.641478721317907130e+01
6.674526642048937974e-01
4.093023255813953654e+00
1.909553831231813703e+01
1.001079489695779934e+01
1.818389423076922995e+01
1.141558343836415368e+01
8.816955663447687996e+00
2.849999999999999645e+00
3.650683165764372795e+00
8.336721728081318616e+00
2.281901279707496233e+00
2.459139943845130460e+00
8.288430446873180202e+00
2.898630136986298922e+01
8.242009132420097473e+00
2.227272727272727071e+00
5.410152284263959999e+00
2.949064512270971772e+00
1.808694828566015644e+01
4.345003933910303573e+01
1.541605839416058288e+01
1.147592034353335322e+01
3.083591135804027772e+00
7.760479041916169329e+00
4.705174669337244708e+00
1.617886932344763906e+01
2.942930956709542301e+00
3.536082474226803107e+00
6.813084112149534022e+00
2.399232245681381936e+00
4.336808340016039764e+00
1.288051775638898100e+01
2.967464559609575225e+00
2.186200400978089320e+00
7.410509610298008809e+00
1.004602510460250464e+01
1.066656244137326759e+01
6.995033112582782486e+00
1.265934065934066588e+01
3.498808179651233807e+00
2.218981710331190627e+00
3.430115273775216522e+00
8.421875000000000000e+00
1.408383233532934575e+01
8.773364283604525582e+00
7.268456375838924899e+00
3.957369062119366454e+00
4.234199185633967133e+00
4.309548793284365686e+00
4.149670536554753930e+00
2.796478451237634388e+00
4.694305978528057643e+00
3.619425698906314270e+00
4.110088673743253374e+00
3.856487382105530326e+00
3.857971014492753259e+00
2.930747922437672237e+00
4.623784384551264282e+00
3.520000000000003126e+01
3.672460990967470362e+00
9.292903653291421762e+00
4.063897714781904646e+00
2.628719136691001435e+00
2.798800533096400400e+01
2.298808234019502628e+00
8.812949640287765618e+00
7.191842900302114039e+00
2.704306626981717088e+00
5.916751050068484119e+00
7.896174863387978249e+00
2.992758542656710485e+00
6.071649339702165804e+00
4.773397326019883202e+00
8.628521521209178147e+00
6.858939901432077768e+00
2.848884381338742333e+00
3.881714117992368429e+00
2.652367688022285286e+00
7.609550019312478319e+00
6.384450402144770109e+00
5.470915528578656151e+00
7.859101721001819918e+00
6.081854017308305771e+00
5.747911464184739749e+00
2.152922917744438536e+01
4.405353728489483700e+00
6.740751174555268399e+00
8.026476527958898544e+00
5.595705818097165718e+00
8.203524804318389485e+00
5.190238115413947639e+00
4.491880660156346572e+00
3.402555843761506438e+00
6.542335046462133263e+00
8.404446797247222989e+00
1.055574112734864300e+01
6.213425129087779553e+00
2.543686583990981021e+00
3.647333504366168544e+00
5.893076248904465686e+00
4.614878397711014379e+00
4.476430035401529395e+00
1.829398992932046220e+00
2.414285714285713524e+01
4.570383912248630942e+00
6.710784313725493000e+00
4.206904055421960997e+00
7.486646884273000957e+00
2.617898832684824484e+01
2.056329113924050045e+00
3.178963893249607597e+00
7.527213678718687097e-07
9.486131386861311299e+00
9.835808109651627262e+01
1.140752688172042539e+01
7.391632829948461492e+00
4.626389918458118089e+00
2.744881088285819448e+00
3.627989371124888951e+00
4.689037626628075550e+00
4.082636907595637688e+00
6.105491329479767693e+00
1.511439114391145289e+01
4.696712314617036199e+00
7.527213737530127506e-07
1.422244094488188892e+01
3.635910224438902105e+00
4.449758194519076504e+00
6.557992045576693130e+00
5.446161772282327895e+00
9.069465648854921369e+01
2.115234375000000000e+00
5.207282913165266258e+00
1.862471131639723154e+01
8.671194428416090005e+00
8.138922635789620941e+00
2.586006721662083674e+00
4.520295202952031133e+00
2.923720752331912642e+00
5.650738948903176073e+00
3.582601755786112285e+00
2.260584038215267544e+00
5.277777777777798462e+01
3.010033444816053283e+00
1.585294117647058343e+01
1.497222222222221966e+01
4.047591069330200853e+00
1.608415841584158290e+00
2.764879080670058276e+00
1.416206896551721570e+02
6.496915045087805041e+00
3.092014459415051597e+00
1.223622545915135973e+01
4.397690415373504358e+00
2.577037231696021724e+00
3.903200624512101591e+00
9.035429583702395462e+00
1.928227102303159413e+00
4.687356235204519272e+00
8.022999400365820932e+00
3.757109456959536242e+00
9.185567010309279468e+00
5.914285714285715478e+00
4.343971631205675088e+00
1.907032379920851950e+00
4.640845295565713791e+00
5.005296988614649223e+00
5.637759710930443369e+00
7.527214258029211793e-07
1.113112491373360768e+01
2.961065573770491355e+01
2.680663055129321126e+00
7.135865309318717209e+00
4.468779639144173643e+00
2.432894736842105132e+01
5.887074817785120651e+00
8.980987055016178999e+00
4.318792100077899043e+00
9.007581501137224222e+00
7.069166907482382634e+00
2.899665551839465838e+00
6.834368360569521350e+00
1.246225165562914228e+01
2.753614806246384994e+00
3.256938937351310237e+00
2.173661724051268784e+00
7.962667559082745150e+00
3.365264522210440035e+00
2.156804733727810675e+00
1.919014865764366418e+00
4.833481632134231099e+00
1.653124999999998224e+01
1.191097032344114837e+01
2.047522750252780632e+00
5.092592592592593448e+00
3.322731690124010040e+00
1.161665053242981527e+00
3.616894977168956871e+01
1.063600180542448426e+00
2.397775137703856085e+00
2.731504871887405095e+00
3.438244446829057832e+00
2.645240411888090559e+00
6.898889067782962847e+00
3.990584628859208394e+00
5.501972463559450688e+00
1.993678265615892231e+00
4.533528183716075688e+00
3.001697108188399188e+00
1.242127732711638233e+00
6.411690760527966937e+00
4.499999999999999112e+00
4.281686873219520684e-01
2.973568281938326230e+00
4.452595683411200156e+00
6.822784810126582222e+00
3.662978958891422110e+00
4.514155612749949142e+00
4.916144578313249802e+00
3.501320132013200492e+01
4.059249610169246125e+00
1.369582504970178682e+01
7.451834862385321223e+00
4.458263146850769409e+00
4.296993657377174536e+00
6.481824835325688206e+00
9.095148816498712208e+00
5.796528239806160165e+00
8.979638009049773828e+00
4.508772995197499078e+00
5.778932282336080029e+00
8.637440758293810461e+01
1.316489361702127425e+01
4.726239104221970244e+00
2.165999999999998593e+01
8.293741588156125388e+00
4.827814569536422518e+00
7.810415505125289037e+00
4.256262042389206357e+00
3.368794326241135728e+00
1.266025104602510076e+01
4.830523955624727250e+00
2.210765731614859231e+00
4.680818301600330855e+00
7.527213832226085904e-07
4.832611332524693992e+00
6.532353979378663134e+00
6.109414758269720913e+00
3.418992805755393771e+00
4.158075196260657691e+00
1.632089552238805297e+01
4.571040108769543586e+00
2.194658753709199317e+01
9.485954352976948556e+00
7.040050062578222523e+00
2.522234513274334233e+01
6.107170393215115567e+00
7.890410958904111816e+00
4.829870638965112484e+00
1.653124999999998579e+01
1.049404216315306115e+01
2.156410256410255499e+01
3.099779897285400931e+00
4.998740554156174021e+00
3.124999999999964189e+02
1.688664495114005604e+01
1.819114391143911291e+01
4.355038759689922045e+00
3.366412213740459070e+00
2.519047619047620756e+01
5.868948508629135752e+00
7.527214426794488247e-07
1.196231155778894184e+01
3.453384418901661146e+00
1.241554054054053324e+01
4.068988613529806564e+00
2.941838649155722241e+00
7.527213952802446732e-07
3.836842105263154679e+01
1.492361434559850863e+01
1.283333333333333215e+01
9.043478260869566299e+00
9.171792152704147938e+00
7.527213132960829389e-07
1.549255751014884197e+01
4.346341463414635342e+00
9.659282051282048087e+00
4.594197058230907516e+00
2.219140083217753023e+00
2.106455696202520471e+02
8.200433369447457821e+00
1.615744369331971964e+00
3.377884707414363419e+00
1.121186440677966445e+01
4.911564625850343369e+00
7.063633471205855940e+00
7.527213861630595381e-07
3.569704021084797230e+00
1.139587128111718251e+01
1.181858802502234340e+01
4.245121951219512191e+00
9.104597701149499756e+01
5.806314797360981217e+00
6.316552250190691886e+00
1.566202463845741910e+01
3.241152409745687635e+00
2.338756728598715640e+01
6.079084492179679167e+00
5.287208885669334890e+00
5.827586206896552490e+00
7.794906424850476689e+00
8.730229591836737413e+00
2.555765595463138862e+00
2.551071878940732063e+00
8.479505043299635503e+00
4.888160431932126571e+00
2.604182804027884046e+00
3.055555555555555003e+01
5.499210110584517253e+00
1.662004555808656292e+01
1.483177570093458542e+01
6.752984906045446323e+00
2.595260663507109555e+01
1.555012427506214046e+01
7.728123240381207459e+00
7.817694369973196444e+00
5.216525934861278913e+00
3.984633925881288175e+00
9.709633239556961115e+00
6.304674746475390279e+00
2.159418795587447093e+00
2.115716753022452323e+00
1.755319148936169782e+01
1.140822848012782131e+01
2.478081728871391665e+00
7.563758389261744597e+00
7.329941860465114090e+00
2.734959349593494693e+01
5.124143183549123570e+00
9.169909824394872899e+00
5.896821192052986760e+01
8.199288256227756477e+00
1.311135857461023591e+01
1.066189111747850760e+01
5.646910010842066008e+00
4.022659256092348201e+00
7.527214448378535222e-07
2.676880222841226509e+00
1.283148335015136254e+01
8.174311926605504652e+00
8.213466518682945861e+00
1.113684960798288337e+01
6.382667194301544278e+00
1.626635071090045770e+01
9.893719806763286329e+00
4.943881568068284160e+00
9.560528687293480488e+00
4.011104762698472825e+00
1.066106756252333732e+01
1.148067070330693973e+01
3.347422864276796695e+00
5.002436053593179999e+00
3.339664218258132422e+01
4.615148191922981091e+00
7.527214551384541166e-07
1.524896265560165176e+01
9.821013482101347947e+00
9.388888888888883955e+00
6.234256926952140176e+00
6.179850746268655826e+01
1.160705289672543117e+01
1.116132858837484498e+01
7.527212910770937138e-07
5.630616302186880695e+00
1.185020920502092245e+01
1.212457142857142145e+01
2.569551616266944727e+00
1.192347156904658689e+01
2.022282608695654460e+01
8.477707006369426423e+00
9.373676680972820918e+00
3.800338689718641749e+00
5.934549006838166108e+00
6.203644666653072903e+00
1.627460576400218173e+01
5.329396291119145701e+00
5.761742682096661738e+00
2.706378132118451418e+01
5.438817843058860291e+00
6.628240106291269917e+00
1.195652173913043548e+01
1.135337341657176857e+01
8.480548314620476091e+00
2.854255825011889414e+01
2.881263616557733798e+01
3.395061728395061706e+00
3.191209945718789243e+00
6.481695568400769325e+00
4.860901845179604663e+00
1.958369098712444867e+01
3.492739432638702013e+00
1.470870337477797740e+01
5.072834846475569925e+00
1.245482625482625672e+01
8.066666666666666430e+00
3.403249630723780950e+00
4.764872521246457993e+00
3.236801322450665541e+00
1.137920489296636717e+01
1.768457943925234233e+01
5.356951607218567446e+00
6.967519285424273789e+00
5.133413102004186435e+00
1.145833333333333393e+01
7.527214627042086232e-07
9.214995483288166866e+00
2.541841004184098907e+01
4.880023757671747120e+00
1.605278380332610411e+01
5.760033444816054171e+00
4.631462700635037066e+00
1.054365733113673720e+01
7.271108933529316865e+00
1.818367346938775952e+01
2.106465248590779549e+00
1.072239338414139809e+01
2.504908044680131507e+00
3.419999999999998153e+01
7.550499827645639428e+00
7.269206349206346118e+00
5.039601139601128921e+01
8.050034650034653794e+00
6.586663715346421810e+00
3.482986530523109359e+00
7.527213833832092136e-07
7.527214680979122022e-07
3.745161981476214930e+00
2.484488107549120883e+01
