-8.707570167301882691e+01
-1.251414062382759482e+02
-8.731576898314783364e+01
-1.082149842324188853e+02
-1.234022460449472334e+02
-9.564049200352057767e+01
-6.189760043801695844e+01
-7.439314751486828925e+01
-7.262646825613016688e+01
-1.098680063267814688e+02
-6.355287265306333921e+01
-6.483689906692778493e+01
-7.515794624788308909e+01
-8.471034509731488527e+01
-8.078739874141480470e+01
-1.406896904048881822e+02
-7.447405507605121500e+01
-7.334646137151105449e+01
-6.584760889466878098e+01
-8.896674310110621775e+01
-1.162499919774093229e+02
-9.886014898669296258e+01
-6.842685310263674126e+01
-7.865456231817555022e+01
-8.194306179218251884e+01
-7.724469510328918886e+01
-7.063234300327981430e+01
-1.388320735276627715e+02
-6.629022845841566891e+01
-7.763601554160287321e+01
-1.046313036783366357e+02
-1.210710967621931644e+02
-7.437232819375465454e+01
-6.962183504865514294e+01
-6.683684951787769535e+01
-8.105421496272749948e+01
-6.824014919823063963e+01
-1.780115210108413066e+02
-1.817679239161967075e+02
-1.121286630508379858e+02
-8.072167997850993970e+01
-7.541392500463180681e+01
-7.592493543416581758e+01
-1.526128465384426818e+02
-1.439796467892598741e+02
-1.231481287892129188e+02
-1.821381005871883190e+02
-1.414803319189595072e+02
-1.881875343167387200e+02
-7.764033176477931875e+01
-1.418261268155227981e+02
-2.299707267049810753e+02
-1.015983012792659110e+02
-6.888486438561083958e+01
-6.743470196538203254e+01
-9.480355931922611035e+01
-6.807494109253833869e+01
-8.538122273990887834e+01
-9.200222427105423151e+01
-6.888542438347440111e+01
-7.693472582771455848e+01
-7.731497802444323497e+01
-6.825533823694823354e+01
-6.586030231941144564e+01
-7.180474563396013821e+01
-7.550154784139687081e+01
-7.240249554842772284e+01
-1.073135168373274979e+02
-7.207514403632801248e+01
-6.386376216026730646e+01
-6.776574609419962769e+01
-6.727884434772556688e+01
-1.004097131432925920e+02
-6.571781729383833692e+01
-6.152560791383658767e+01
-2.128088493734918529e+02
-1.623980612278373314e+02
-6.611850587307758076e+01
-1.780741258143617358e+02
-1.598474698387494186e+02
-2.697997295512137157e+02
-7.229859187035170009e+01
-1.124403508087803658e+02
-7.768212380770847858e+01
-9.134494908119044965e+01
-8.566302275918245357e+01
-1.174249013989580703e+02
-1.055232907212664628e+02
-9.626349794385758685e+01
-1.528649155315602002e+02
-3.311741324769908488e+02
-8.359653644259513783e+01
-1.030530498660426417e+02
-7.215666182487819924e+01
-1.257683498242711124e+02
-1.381780990792238129e+02
-7.299060091781574044e+01
-7.195652821495851015e+01
-1.642478036493219520e+02
-6.969663449572510672e+01
-6.826503603853537072e+01
-1.028364363021787824e+02
-7.451111101359539646e+01
-8.053637890293472879e+01
-7.941208655909386493e+01
-7.706053645006893760e+01
-7.742350039815893581e+01
-7.139216350684426970e+01
-6.290028255383983691e+01
-6.761335109654932296e+01
-9.013758731966927940e+01
-6.193243252459332382e+01
-6.252199790791632239e+01
-8.366226922986923853e+01
-9.544753032224505773e+01
-1.668642630264318427e+02
-1.203704707316654066e+02
-8.113491649412630125e+01
-1.027208196520168570e+02
-9.409925382241996772e+01
-6.614245673478936283e+01
-9.810041680174046519e+01
-5.805530173404164316e+02
-7.457668138707522587e+01
-7.477377036229187013e+01
-7.128591187047042865e+01
-9.534640124796844418e+01
-8.756716654015497170e+01
-7.876408737527647475e+01
-9.686192394052133636e+01
-9.502550879574208409e+01
-1.049972814843837625e+02
-1.409672854147472663e+02
-8.730841370887036135e+01
-6.915000553591467281e+01
-8.013565256878463572e+01
-7.380773859149752525e+01
-6.612688928208946493e+01
-7.924078933716376127e+01
-1.803626933347362638e+02
-9.625565123304689052e+01
-7.429107110741647091e+01
-7.169023307082872520e+01
-6.429912667653051983e+01
-7.537453497486070830e+01
-7.079405957078829204e+01
-9.376478960127333551e+01
-7.048555013758560506e+01
-2.627902212936908768e+02
-7.043847459320856785e+01
-6.715358992404917160e+01
-9.863253395883232599e+01
-7.370471144693509302e+01
-7.024173280694175503e+01
-8.465910775034843994e+01
-6.888094433716065623e+01
-6.693862211701832621e+01
-9.760000415166500431e+01
-9.476756055147289715e+01
-6.616713481247309403e+01
-6.817752837726857251e+01
-6.871409275975469200e+01
-9.768533456080200494e+01
-7.414178981357365217e+01
-7.498931027652929515e+01
-1.180490466833928593e+02
-1.071256577832295278e+02
-1.377115964177866374e+02
-8.355123913835178939e+01
-7.616229983610013221e+01
-9.061112910722503955e+01
-9.100393660486531644e+01
-7.850779086844167409e+01
-1.317186802336712503e+02
-1.128901575752991846e+02
-1.666142907282716692e+02
-1.453707350042388668e+02
-9.447640548589217246e+01
-7.004633869806959012e+01
-9.241613266737256538e+01
-1.196961515460160257e+02
-1.285708973250818872e+02
-7.491547741039427422e+01
-1.029454427958067981e+02
-1.245164717191478871e+02
-8.412931636440804084e+01
-7.736908292469644266e+01
-8.274266124539197165e+01
-8.128636081298043337e+01
-6.474436074967645993e+01
-1.246411378586643792e+02
-7.529402388129713586e+01
-7.656699258296403343e+01
-6.886285266557034390e+01
-6.814831055652719272e+01
-1.140918651398202286e+02
-8.436041453781395205e+01
-6.734257752901100957e+01
-7.067124997905824557e+01
-8.647574266994617176e+01
-7.081410451775629156e+01
-7.882211210730604023e+01
-9.895600205960373330e+01
-7.860891208790118867e+01
-7.969291495665501657e+01
-8.931316266323405273e+01
-1.481297446650874576e+02
-7.574363440078893461e+01
-7.173060810577914026e+01
-8.956676552484778142e+01
-6.843682345558654845e+01
-7.906784877914520848e+01
-7.548738498171427125e+01
-1.238276667803028630e+02
-6.395365279318631480e+01
-8.002552292883832763e+01
-1.186051271117237462e+02
-1.473156979658996875e+02
-7.504238842620057426e+01
-6.562752677949610813e+01
-7.869173644164821724e+01
-7.274413934931753545e+01
-7.319122642123316780e+01
-6.908006508087117936e+01
-9.401296090091834401e+01
-7.567403932728832672e+01
-8.264721503214438769e+01
-1.159072310257179765e+02
-1.017548892079708196e+02
-1.257110712550546197e+02
-7.421169893035393272e+01
-8.663704731613204046e+01
-1.015804839597227698e+02
-6.448082028054550108e+01
-1.065719137537438570e+02
-1.516494328153606830e+02
-6.481886273136933596e+01
-1.115051472566472484e+02
-1.489837615623207512e+02
-7.956563370364935395e+01
-7.127920879529206388e+01
-1.819846718343538328e+02
-6.826835948616015060e+01
-8.139719965643736543e+01
-7.336683073252814324e+01
-7.928145366742516842e+01
-7.953668117539085358e+01
-6.778753160161367930e+01
-7.763427953215845889e+01
-6.714843990149761055e+01
-1.546743051955431838e+02
-7.008706044954189451e+01
-1.620729603406819308e+02
-6.641599921640596449e+01
-8.466575565201014797e+01
-6.492623163397880148e+01
-8.489330000988762492e+01
-1.028795251828079103e+02
-8.938681047665038193e+01
-6.837010229371777825e+01
-1.048138303873904675e+02
-8.077113489559990001e+01
-1.087342587613706115e+02
-7.904511142902697429e+01
-6.816252723836910832e+01
-1.273939940611046353e+02
-9.138788044920589471e+01
-9.025365311565208515e+01
-6.429499012716149764e+01
-1.246301802213437213e+02
-6.766465647530115746e+01
-7.869366181720864972e+01
-1.208480497036125456e+02
-1.509208530106495516e+02
-1.077513058411139610e+02
-1.109922189123206380e+02
-7.516312570087951883e+01
-1.799524932771759609e+02
-7.297946685275981338e+01
-7.860334326803842941e+01
-6.790258451257876970e+01
-1.149631487510960568e+02
-1.180033858000738434e+02
-7.068878639061124147e+01
-8.139308289157027332e+01
-6.460996051828122688e+01
-9.642927578712283321e+01
-6.844171735050690586e+01
-6.958453006744589686e+01
