-9.441787983037862375e+01
-4.897041981019199284e+02
-1.001010430178320689e+02
-1.695827245737822579e+02
-2.799556832465655134e+02
-1.087808078956660438e+02
-7.708390224682285918e+01
-1.025571104696052487e+02
-7.684654137065260215e+01
-2.077211572370985948e+02
-8.213224108939641610e+01
-1.120725946888712343e+02
-1.148504527937466833e+02
-1.070836963820071901e+02
-1.069310877398688717e+02
-2.270355367893087077e+02
-1.084360027948795562e+02
-1.117224768241527784e+02
-8.573153834163403531e+01
-9.806317182712037095e+01
-1.839204790846119124e+02
-1.498734746429682332e+02
-7.856667150687636081e+01
-9.878266779691276156e+01
-8.782079449142204908e+01
-8.291536280343191834e+01
-7.604506456722887719e+01
-2.285047283123939792e+02
-6.991258333261589542e+01
-9.068554004436785476e+01
-1.128292972879044953e+02
-1.938712023663810271e+02
-9.676491888164898114e+01
-1.013875606582672901e+02
-8.731153553327591510e+01
-2.053705718264106963e+02
-7.060112593374637413e+01
-1.493063613460589067e+02
-1.702932019395374539e+02
-1.111711729039137708e+02
-8.454880943778556457e+01
-9.847592992777836685e+01
-8.588175411514211532e+01
-1.964260177330222916e+02
-1.412263888819977637e+02
-1.782928990671994427e+02
-2.788411395407237592e+02
-1.941939595931572171e+02
-2.661876156482796887e+02
-9.722552699551505384e+01
-1.656779062121226787e+02
-2.406999288892162099e+02
-1.326355424295780097e+02
-7.257733940769475112e+01
-7.141453429877050496e+01
-1.143059902508611145e+02
-8.927421839217531385e+01
-1.020247106583800871e+02
-1.078029947678239324e+02
-7.821567616449718230e+01
-8.834762814248969676e+01
-9.066040251368150393e+01
-1.056614428645060428e+02
-8.825784990639016314e+01
-9.499288920317449936e+01
-9.012999958759560570e+01
-3.146855717891747872e+02
-8.996375967573380876e+02
-1.294128446729335167e+02
-8.675861348303510567e+01
-8.675561573858183806e+01
-7.938268065360054493e+01
-1.146623154657851416e+02
-8.279916180027525741e+01
-8.199378903381278860e+01
-2.419065506170665856e+02
-1.570583651191036267e+02
-9.296344537284934972e+01
-2.759944261969084209e+02
-1.553793374339277875e+02
-3.485194942464810310e+02
-8.223992474657278251e+01
-1.628560402820361048e+02
-8.821939297383333667e+01
-1.016249589895316632e+02
-8.776616482757029303e+01
-1.398957965056269472e+02
-1.435124697910649445e+02
-1.053419380056397188e+02
-1.820142908869825646e+02
-7.116627865360999294e+02
-9.540577113795944797e+01
-1.602213473834605963e+02
-9.854558237216654959e+01
-1.587934118000581236e+02
-1.520255883505618897e+02
-8.162400935134593283e+01
-1.115869072267170452e+02
-2.640724946545553848e+02
-9.681624379748335230e+01
-1.117411564125239920e+02
-1.143734946693707002e+02
-2.199161355654890997e+02
-4.996701529997031912e+02
-1.083615213715825973e+02
-9.658737243773417447e+01
-1.105695913074785608e+02
-1.074084451828314428e+02
-8.615557186052282646e+01
-9.293393699764918381e+01
-1.035575696237758905e+02
-7.209220172429394324e+01
-6.820038142618329857e+01
-1.030692302204001294e+02
-2.784538391012916350e+02
-1.861126914679246624e+02
-1.488742323859603118e+02
-9.105209283628882133e+01
-1.072163718176222176e+02
-8.734199328011706598e+01
-8.826478982057705025e+01
-1.254178403052250985e+02
-1.959180566918745171e+03
-1.177216308193594045e+02
-1.145830385576028050e+02
-9.631543756662546230e+01
-1.019068188707494045e+02
-1.031301241307622547e+02
-1.134189439976525193e+02
-1.269590084205125891e+02
-2.005476732771863055e+02
-2.578216606723890436e+02
-1.503725954360614310e+02
-1.108403543745355648e+02
-8.463219595769669468e+01
-1.161032068990248689e+02
-3.139468747894765102e+02
-1.125009773603881769e+02
-2.000723079042429333e+02
-3.641596152006878242e+02
-1.599219208365308589e+02
-1.149651234525222208e+02
-1.137506569401183469e+02
-7.555067502031513982e+01
-1.002821794084401006e+02
-1.167769768595491371e+02
-1.591924397440216978e+02
-1.106794784196780057e+02
-2.969003534845850254e+02
-9.233865274959515546e+01
-9.873076464547884257e+01
-1.038798904293445275e+02
-1.854018656926333790e+02
-1.059621975458030931e+02
-8.632352312293768648e+01
-8.390827711847001069e+01
-1.015715740769480249e+02
-1.071050501591996778e+02
-2.161377461328718539e+02
-9.919583385318695434e+01
-1.015382725155849926e+02
-9.857693307989462994e+01
-1.371206627762103665e+02
-1.155050174179774842e+02
-9.397488329018611353e+01
-1.410273512262188547e+02
-1.394361815210780549e+02
-1.534990666602725753e+02
-1.476841850154508791e+02
-1.374537270633189792e+02
-1.358278607773581825e+02
-1.220886686812880271e+02
-8.236329503703676380e+01
-1.661993784451606473e+02
-1.243490481261754894e+02
-2.012458654745297508e+02
-1.801372274302165977e+02
-1.106529395813142003e+02
-8.913685215749120516e+01
-1.091741587345036493e+02
-1.371105322097021144e+02
-1.896065976924091103e+02
-7.664382401628918728e+01
-1.128046063917639543e+02
-2.127975888607363402e+02
-9.288743741596117331e+01
-7.083029166657632913e+01
-1.276959743346689606e+02
-9.546821794536585060e+01
-8.065101497452923240e+01
-1.547365726132476595e+02
-1.273240505850204443e+02
-1.142206294596412732e+02
-8.440150081661852255e+01
-9.178478159996328145e+01
-4.158904525090474635e+02
-1.250321328598222124e+02
-9.702792131167026923e+01
-7.830465135308237734e+01
-1.115735630681672745e+02
-7.676898340645556118e+01
-9.455676758555195249e+01
-1.152779341029061726e+02
-7.592570953100178599e+01
-7.608033857314296711e+01
-1.127137150296018859e+02
-1.478035833614440833e+02
-1.301556477387299253e+02
-7.397946416837734773e+01
-1.105214502866484167e+02
-8.040722114027384748e+01
-8.637426057778348820e+01
-8.953986191058930899e+01
-1.482893974600949889e+02
-6.169300331616328492e+01
-7.917583537685067085e+01
-1.129949092937391697e+02
-1.489581588736225228e+02
-1.283357173925351731e+02
-6.460707376459862417e+01
-1.174867367410175660e+02
-1.047220600280916187e+02
-8.672670442991712036e+01
-9.915057871604048501e+01
-9.103470066514260850e+01
-8.412351456131798955e+01
-1.061542283247879084e+02
-1.079710306796307862e+02
-9.455145355139960373e+01
-1.450206375375752259e+02
-8.560568671607092028e+01
-8.803834997362314141e+01
-1.005285372834477329e+02
-8.133719348577309916e+01
-1.298575373135379891e+02
-1.759749347537448614e+02
-8.102830920567069484e+01
-1.022759051344217198e+02
-1.238382584890447617e+02
-1.039002002304113148e+02
-9.517051223918691960e+01
-2.292091773941315580e+02
-6.832637735081922870e+01
-8.950913952321985789e+01
-1.128819318667360676e+02
-8.479601825820651584e+01
-1.170932678440696719e+02
-9.999254724840193376e+01
-8.609052222984378488e+01
-6.150311474674409595e+01
-2.138892272205331722e+02
-8.694759574980417938e+01
-2.011046865335676728e+02
-7.815006262122953729e+01
-8.673107051079955454e+01
-8.787017429481065278e+01
-1.522048491541574435e+02
-1.088264276549586924e+02
-1.264853214537983064e+02
-8.554100312424132824e+01
-9.872639974050836997e+01
-1.523396094608310705e+02
-1.423721319234853979e+02
-9.995912405457963246e+01
-8.122048862995578133e+01
-1.095484220486321334e+02
-1.117967482301335167e+02
-1.019887613337812979e+02
-1.049471530752745423e+02
-1.251347211196898286e+02
-8.360003476408596157e+01
-9.792719330854734494e+01
-1.551052868950957020e+02
-1.873471681206752635e+02
-9.626996672988596515e+01
-1.085013625951796996e+02
-1.193889558155354962e+02
-1.857451459983464304e+02
-1.048986835637709305e+02
-1.040840444228194315e+02
-9.315189020651537533e+01
-1.097154798551074038e+02
-1.090898474983297746e+02
-7.957504648233390299e+01
-9.343446196540459425e+01
-7.930509249589974274e+01
-9.291223052215053713e+01
-9.055163841833757488e+01
-6.899003464459542556e+01
