-1.042986742112486382e+02
-1.493014499471001955e+02
-2.518252463409312440e+02
-1.051287716256489091e+02
-3.741703522202773229e+02
-1.740384571688563256e+02
-3.039984353814023734e+02
-2.980340880761732478e+02
-2.948846824196728562e+02
-2.270762119604897862e+02
-1.263698849124065617e+02
-2.163998725863732489e+02
-1.399581761610693604e+02
-2.251982854804585088e+02
-1.140177970835774062e+02
-1.666986106305593580e+02
-1.272922321542840507e+02
-1.029133115374228140e+02
-1.187335665018158011e+02
-9.825199973321174696e+01
-1.293494450124778155e+02
-1.699589273937283451e+02
-1.152970719828340123e+02
-1.386780131515751293e+02
-2.368341726469600417e+02
-3.069318690305133828e+02
-1.206587231363760964e+02
-2.268868870264961117e+02
-1.082280749992146838e+02
-1.768637170034213000e+02
-1.394655420941827515e+02
-1.191484267938126322e+02
-1.799584089385083132e+02
-1.911064700798406193e+02
-1.899906225960719155e+02
-2.294545708306108338e+02
-2.628711820148162133e+02
-1.355085045922517111e+02
-1.526191293754452545e+02
-9.937890440377319123e+01
-1.216813349717517241e+02
-2.284690079972240255e+02
-1.451435716553554869e+02
-1.607971953653862158e+02
-3.626595897779186544e+02
-2.458062862447439159e+02
-2.386325063585068165e+02
-1.364797958195328533e+02
-2.576853414377512763e+02
-1.339557180258062203e+02
-1.445096486174897734e+02
-1.239728300597561912e+02
-1.207453200627397365e+02
-8.251702471447869414e+01
-2.485258537790372770e+02
-1.676700795814063554e+02
-3.125333412001708098e+02
-1.290018187280083453e+02
-1.514718043478857794e+02
-1.364273250125970947e+02
-1.283026467701735385e+02
-1.224430483498850748e+02
-2.921712410496160146e+02
-1.262915482727688783e+02
-2.079636490491125471e+02
-1.318951775410671701e+02
-2.020479733975056433e+02
-8.121955497349743780e+01
-1.463043762157598451e+02
-1.440605810359870134e+02
-1.283292585317979615e+02
-1.392997627303065258e+02
-2.306440465202573762e+02
-1.113054669585370249e+02
-1.874098289444244756e+02
-1.054624750984496586e+02
-1.477261418875583558e+02
-2.219971958060436066e+02
-1.828954389181963620e+02
-1.281798078104102387e+02
-1.671979279298207075e+02
-1.201404045658187414e+02
-1.951246739729320439e+02
-1.776159174020139631e+02
-3.334474425159197608e+02
-1.523653644909571199e+02
-1.443920781977277557e+02
-1.276170893304034308e+02
-1.890621477147498410e+02
-1.771272282357662675e+02
-1.515700943864325438e+02
-1.893670468850211535e+02
-2.260258284531676338e+02
-2.021614408848630546e+02
-1.935676916325077173e+02
-1.680346721867397548e+02
-1.283412552664726718e+02
-1.301615279737386857e+02
-1.287944052335407150e+02
-1.920434558338550630e+02
-2.844863220461261335e+02
-1.161827693299421895e+02
-1.199318515994446273e+02
-1.525665189113897213e+02
-3.232796448702840166e+02
-1.125717828787964976e+02
-1.230648651573969659e+02
-1.114597059279163176e+02
-1.475891951006939848e+02
-1.644333957097356915e+02
-1.361504651363524658e+02
-2.324675981009379768e+02
-9.021848182170899122e+01
-1.278162251069759918e+02
-1.409005020312762895e+02
-1.207852314495169708e+02
-1.023542968699423454e+02
-1.634076528217367184e+02
-1.293889582288832685e+02
-9.722073312697256142e+01
-1.245418250438057441e+02
-2.268956448522669973e+02
-1.016485713622018920e+02
-1.041646439228655368e+02
-1.277037915711052278e+02
-1.377904770022894354e+02
-2.000888505820554428e+02
-2.099524152861786774e+02
-1.775623651272753420e+02
-1.207708103668911832e+02
-1.712981324204340865e+02
-3.259282706364544424e+02
-3.318819565244733667e+02
-1.942773255274364601e+02
-2.934677790787343383e+02
-1.330501343195138872e+02
-2.558578506787648337e+02
-2.183981586228971992e+02
-2.089320864045994028e+02
-3.370827591091314730e+02
-2.798721594152254966e+02
-2.797679201953671395e+02
-3.442792466397935982e+02
-3.179244345551439892e+02
-3.492359249169950317e+02
-2.338708012828307972e+02
-2.964064402202298538e+02
-1.660164113818726719e+02
-4.174431033741449824e+02
-2.547866597378034044e+02
-1.800192581496190201e+02
-1.851825990387843035e+02
-2.037876633207928023e+02
-2.474589691439543628e+02
-1.227266689321016031e+02
-1.886996783608029205e+02
-2.580436597190574730e+02
-2.548094400647650275e+02
-2.334976671736752962e+02
-1.746971718116468253e+02
-2.417151067215754381e+02
-1.028697028740024138e+02
-1.488712995019611185e+02
-1.384807307874906712e+02
-1.963813122529372208e+02
-9.384281654956610907e+01
-1.413564208249247827e+02
-1.573424624221539716e+02
-1.387163897710795766e+02
-1.533745362572016973e+02
-1.865700339420770035e+02
-1.452455910067595823e+02
-1.619566451328184939e+02
-1.672005030362782634e+02
-1.709213857376136616e+02
-1.783345476645499730e+02
-1.486909512905105260e+02
-1.259188623199504775e+02
-1.390951772249915450e+02
-1.465209556631992029e+02
-1.389175939262318025e+02
-2.243928257316980535e+02
-7.845088771737796662e+01
-1.167238042006206769e+02
-1.700711576554526800e+02
-1.325012594284619354e+02
-1.519712527940033340e+02
-2.871244212597543992e+02
-2.145280476647569401e+02
-2.469045452074106777e+02
-1.477718206508857293e+02
-1.460631951394914267e+02
-1.486063115908149541e+02
-2.260872123875419959e+02
-9.335643802151419379e+01
-1.045121966056634051e+02
-1.407733597964478633e+02
-2.420931724583806499e+02
-2.247672890278918487e+02
-2.249748164513770519e+02
-1.046920825313291346e+02
-3.070798533373058490e+02
-1.851451331973899812e+02
-1.484491332254643225e+02
-2.103292896425647598e+02
-3.675506760156381461e+02
-3.637504140869907019e+02
-9.814249151889214318e+01
-1.260070195630933085e+02
-1.305699535608989947e+02
-2.038948358055266681e+02
-1.228666987065219161e+02
-2.320329753532533346e+02
-1.184662295521148394e+02
-1.328712765389363142e+02
-1.479077127560553038e+02
-1.065352395266929051e+02
-1.406156874943570472e+02
-2.034279147887965848e+02
-3.676524855550449615e+02
-3.331017773682555685e+02
-4.184535585494645034e+02
-2.034992003742829638e+02
-2.201334620387347343e+02
-1.247056866490695910e+02
-1.314446413202887243e+02
-2.890218968935964199e+02
-2.761087336384186983e+02
-1.199998335815402726e+02
-1.865330262376802750e+02
-2.933973515117791635e+02
-1.710640455796174138e+02
-1.574248362892875832e+02
-1.351161088808833881e+02
-2.859825080512027284e+02
-1.337525637039247783e+02
-2.579315783617284978e+02
-1.145496190099870404e+02
-2.162823677425222968e+02
-1.421512049802097124e+02
-1.297848276942121402e+02
-2.687635989811545301e+02
-4.718480044545800638e+02
-1.667481431328103838e+02
-1.141943285255722742e+02
-2.053219756702746679e+02
-1.364078323975803073e+02
-1.274985433132708863e+02
-1.987308865319576512e+02
-1.377715467081779650e+02
-1.321999577613305803e+02
-1.586736253349370145e+02
-1.405549285793130707e+02
-1.140498719107117012e+02
-1.305805108787694735e+02
-1.470901069607577369e+02
-1.041526137906299567e+02
-1.597842195939493024e+02
-3.865117064864384133e+02
-1.377310094263325766e+02
-1.400224603754974453e+02
-1.169424026436177257e+02
-1.030705104966838803e+02
-1.569108552946592283e+02
-1.061069698324551638e+02
-1.928020747911871808e+02
-1.153548781258103304e+02
-1.600762834812343272e+02
-1.768458431477923796e+02
-1.747949917261467476e+02
-1.617402910474463908e+02
-3.336501549649857452e+02
-1.961339156062662994e+02
-1.344876187398425600e+02
-1.621648203746314323e+02
-3.591811135765374843e+02
-2.051649771450014441e+02
-1.139053092917206698e+02
-1.151531719720763363e+02
-2.054657905911757609e+02
-1.322612383931880800e+02
-1.643618297674917699e+02
-1.484823868569276328e+02
-1.365669951801433513e+02
-3.458272058543930711e+02
-1.651342764021390792e+02
-1.241673289340521080e+02
-2.220216922513623956e+02
-1.847501477368449230e+02
-1.236988538200263577e+02
-9.524325952352754143e+01
-1.305368108591070211e+02
-1.793775870423391723e+02
-1.049238639481631594e+02
-1.607921293962179732e+02
-1.569132660382543349e+02
-1.174580455022291829e+02
-1.115134779069360604e+02
-1.245630784629542802e+02
-1.449039325149956881e+02
-1.362400739397357938e+02
-1.183046630022490149e+02
-1.522409698368873308e+02
-1.092312251975079391e+02
-1.465490603583438940e+02
-1.157585557296444563e+02
-1.850158979212743304e+02
-1.155020226518434470e+02
-1.273571107540240064e+02
-2.484616760847731882e+02
-1.089700638759977380e+02
-1.071234981189129201e+02
-1.962549611832770040e+02
-1.162942527214549955e+02
-1.909686206022866486e+02
-9.678748449341780713e+01
-1.088317673135456971e+02
-2.521579563183361756e+02
-2.331140000017647083e+02
-1.044919423757271773e+02
-1.640606200932043066e+02
-2.046833165137676929e+02
-2.168814081349271987e+02
-1.260896312001437281e+02
-1.080805432581657470e+02
-1.147238300030084304e+02
-1.300091589905331944e+02
-1.536804968156384348e+02
-1.882776645460184568e+02
-1.544241494152505823e+02
-9.660284004592485019e+01
-1.412158133320467925e+02
-1.566257698386141044e+02
-1.997519154179712189e+02
-1.069204639872869365e+02
-1.519590289175825433e+02
-1.296542780069401601e+02
-1.304087005606584171e+02
-1.205540758724313122e+02
-1.510088048532388711e+02
-1.428834843563314507e+02
-2.749218537846198842e+02
-1.269747944310643533e+02
-1.117574353536356142e+02
-1.250494658655341453e+02
-2.410869065383242571e+02
-1.039851326751448397e+02
-1.409876545666708978e+02
-1.228819700852908028e+02
-1.293897358901720906e+02
-1.553587351195797055e+02
-1.839934355388073755e+02
-1.455650616006472262e+02
-1.292381976308649030e+02
-1.638596040309396358e+02
-1.885719544522683293e+02
-1.497799710008647764e+02
-1.394811738133934398e+02
-2.742092341426883308e+02
-1.496937965212381982e+02
-1.077213759025624427e+02
-2.812495341863852332e+02
-2.946695005264074325e+02
-2.742175712299138581e+02
-1.496402385514973901e+02
-2.337559752700326214e+02
-1.159070766435972502e+02
-1.600317588216179558e+02
-2.274373265154243882e+02
-1.222753594910685280e+02
-1.218773313365395268e+02
-1.232261550258087226e+02
-1.432582033606217635e+02
-2.195087554093408642e+02
-1.734874746426197021e+02
-3.531752766659095641e+02
-1.399352378813747748e+02
-1.775715501007534272e+02
-6.798187950467445262e+02
-8.807060897579312098e+01
-3.004798575543173342e+02
-1.202929801742790943e+02
-1.076762385545750220e+02
-1.393459930211309938e+02
-1.046983693429686610e+02
-2.107262111057779634e+02
-2.107822026468276135e+02
-1.862176080257933961e+02
-1.966310482154858619e+02
-1.099391984885389348e+02
-1.237397752367092068e+02
-1.395091430977055040e+02
-2.713787878098272586e+02
-2.362707750214140958e+02
-1.900344919522285352e+02
-1.724526311873347026e+02
-2.630533556974829139e+02
-2.571343973129564802e+02
-1.862495637128175758e+02
-1.613616420912553338e+02
-1.536537905963618300e+02
-1.436601188038287660e+02
-1.165408542727519006e+02
-1.798293616598898268e+02
-2.311110560901218776e+02
-1.557961706847818846e+02
-2.141305981349631509e+02
-1.774824243828459203e+02
-2.756604656519543823e+02
-1.231988050061442976e+02
-1.146640019994829203e+02
-2.851613456523473928e+02
-3.130659497612419955e+02
-1.260897709388763417e+02
-1.256175021686019591e+02
-2.291154158413553432e+02
-1.926108406803368496e+02
-1.641373958987798005e+02
-1.455335940636628322e+02
-1.109725108169588594e+02
-2.399759748934161792e+02
-1.671821394787520489e+02
-1.281670548545139070e+02
-2.360647490952550527e+02
-3.418342924149940387e+01
-1.089194301110807714e+02
-1.094651036147407837e+02
-9.922707753044987555e+01
-9.307684688019446639e+01
-1.974282870362341100e+02
-1.673570471945456859e+02
-1.089070622809900328e+02
-1.692914904272254262e+02
-1.959827873673635850e+02
-1.929425853615000221e+02
-2.741553195555984530e+02
-3.817124922944930177e+02
-4.885688707453264783e+02
-1.899714927863328739e+02
-1.611820948182869699e+02
-2.754173000397675537e+02
-1.697199756698870488e+02
-1.357847562933231131e+02
-2.605778826636321810e+02
-1.590308193740119407e+02
-3.324965456086633253e+02
-1.206472039836274774e+02
-2.189109081356375555e+02
-1.899658176722371650e+02
-1.544803073241945128e+02
-3.032370345427385132e+02
-1.502274449459524703e+02
-2.924379199284004471e+02
-1.428145557832700945e+02
-1.422445223869508482e+02
-2.151795918490043391e+02
-1.597745977782738578e+02
-1.856348528449754269e+02
-2.185811629064971839e+02
-2.361758777659545672e+02
-1.161450504508687516e+02
-3.052606823473341819e+02
-1.231169660025806110e+02
-1.722345650159057300e+02
-1.360578501012204242e+02
-1.537036524648288491e+02
-2.424779765434032583e+02
-1.588444986987139487e+02
-2.434133917091422461e+02
-3.508005654373754396e+02
-2.527795724018763792e+02
-1.452624984747486963e+02
-2.833455789629977062e+02
-2.111245519589599837e+02
-2.918879033580527675e+02
-1.848754331326556724e+02
-1.441178251333963658e+02
-4.205866485089058529e+02
-3.000353880997533906e+02
-1.229706956833568086e+02
-1.514386398467567574e+02
-1.246084849674061417e+02
-1.293227447751420982e+02
-2.116445153612762908e+02
-2.999488806895344055e+02
-2.691402964256137693e+02
-1.310986062084132016e+02
-1.199643006840983048e+02
-2.760359132747176432e+02
-1.789311872943085575e+02
-1.558880951442240814e+02
-5.060091914553395753e+01
-1.708195975413349572e+02
-1.763789449199608725e+02
-1.333284062436257500e+02
-1.466435819644239871e+02
-1.868648882197323076e+02
-1.696689558754100631e+02
-1.674278990051927849e+02
-1.568571608187826598e+02
-1.278487823292419421e+02
-1.181039359941304525e+02
-1.664197035018077031e+02
-1.465246806112892273e+02
-1.627192636298999844e+02
-2.430898796823702241e+02
-1.707464645218840360e+02
-1.542847897573440150e+02
-2.730435177780203730e+02
-2.911021850505994166e+02
-1.923704134464960873e+02
-1.611383262874540492e+02
-4.360320376396833808e+02
-2.502646605389029162e+02
-1.922154893981214059e+02
-1.137463237124565438e+02
-1.314771864369156162e+02
-2.214380906296701710e+02
-2.890567493559903482e+02
-1.347459613446949902e+02
-1.822393937079472437e+02
-1.681281502329825912e+02
-1.281198699601982014e+02
-1.344551108287446084e+02
-1.563389032430500265e+02
-2.184745922592975660e+02
-1.743699386472551112e+02
-3.051423101931438282e+02
-1.202668389692539392e+02
-1.954735232689359918e+02
-1.707066083976629614e+02
-1.915945671101341929e+02
-2.105131836592807133e+02
-2.868214839645609686e+02
-1.283832365719304676e+02
-2.652692364014327495e+02
-1.855471832229052040e+02
-2.547524722961880173e+02
-1.757511844352373203e+02
-2.846436003900799392e+02
-2.538133604351540100e+02
-1.666840314031266530e+02
-1.192236297943486392e+02
-3.398532678351904224e+02
-1.437405770034614250e+02
-2.432316425969485181e+02
-2.442891000696567119e+02
-1.044872101814512888e+02
-2.672904506853232647e+02
-2.682799853347094086e+02
-2.607774722973580879e+02
-1.859127097824626276e+02
-2.738499589994719940e+02
-2.429502457288238304e+02
-1.567511154083506426e+02
-2.090028952691275208e+02
-2.203982872328289773e+02
-1.703292494842555129e+02
-1.395180603393764613e+02
-3.106519647029120961e+02
-2.086507539154048061e+02
-1.362139477181603979e+02
-1.191763936752169997e+02
-1.418154587098530328e+02
-1.513584052867098535e+02
-2.360783090682391503e+02
-1.972360514016514230e+02
-1.189468865034064322e+02
-1.832146521019834609e+02
-2.193172058381994134e+02
-2.514129868752007155e+02
-1.139525565624771417e+02
-1.191057217038173661e+02
-1.602120885711270830e+02
-1.663896290118747174e+02
-1.523376630060910486e+02
-1.268699668724379137e+02
-2.332478982270622794e+02
-1.601923770677892094e+02
-1.115004290956843249e+02
-2.524650179045044354e+02
-7.348464172154687901e+01
-9.712564309571961019e+01
-1.495109475118190119e+02
-1.427113280969082894e+02
-1.852965523748210899e+02
-1.936006889160991022e+02
-1.541431169166305324e+02
-1.785992784007777914e+02
-2.312762883860182228e+02
-1.502199684646192566e+02
-1.569791882581550624e+02
-1.295563205048975419e+02
-1.529211264220028568e+02
-1.472672543821246052e+02
-2.192882161416179372e+02
-1.586461040950220820e+02
-2.586636305273798371e+02
-1.352360731251661718e+02
-2.468160089737325507e+02
-1.891143923782670413e+02
-1.458685246307950081e+02
-1.227651954574820650e+02
-1.269678292495854066e+02
-2.000081100681230453e+02
-1.929653895635441927e+02
-1.362003844522623410e+02
-2.669390935375744789e+02
-1.674131440878102239e+02
-1.557063111213213062e+02
-1.478803238251567223e+02
-1.716290473416231066e+02
-3.246391722190845144e+02
-1.585893072817873417e+02
-1.263799786517528219e+02
-2.209856756979524732e+02
-1.577422986943801959e+02
-1.235135508309297592e+02
-1.684388160768938860e+02
-2.937704602848308468e+02
-1.606476960449352589e+02
-2.016876908677367055e+02
-2.190882298130558752e+02
-1.237823994568470880e+02
-1.132900797345959489e+02
-1.491672709797454104e+02
-2.160480287503590660e+02
-1.208024650758136147e+02
-1.638839961407409476e+02
-2.849224054954646022e+02
-1.885303009141249220e+02
-1.569779162928095388e+02
-1.151295770788478592e+02
-1.116604946981214681e+02
-2.154656646298650173e+02
-1.354785579501762243e+02
-3.140979564640139188e+02
-3.261229151744578871e+02
-1.267451809622117622e+02
-1.478813698811563313e+02
-2.119962755450702048e+02
-1.330382882811580316e+02
-1.462918736481500446e+02
-1.474876544438665462e+02
-1.388838197365273288e+02
-1.468701590294882067e+02
-1.251796997032308241e+02
-1.233233277591880466e+02
-1.375415756807921071e+02
-1.278756729611773864e+02
-1.503975686112213452e+02
-2.061543417281594088e+02
-1.096771148500498612e+02
-1.156270592151912666e+02
-1.301017996664366763e+02
-1.122953351999288856e+02
-1.899313109763486409e+02
-1.479326030014277080e+02
-1.301053068015071119e+02
-1.490625398393742103e+02
-2.209151753692466400e+02
-1.448074483552366019e+02
-1.066038732436548173e+02
-1.890882032433860900e+02
-1.357744397578301516e+02
-1.367974174851848375e+02
-1.155870009528503033e+02
-1.017536412342336689e+02
-1.825654333334685191e+02
-1.413144480005137495e+02
-1.749486900520665529e+02
-1.460731783418225689e+02
-1.102800961901707950e+02
-1.174463165613085067e+02
-1.372505029397156591e+02
-1.178396329041311077e+02
-1.576063189406806373e+02
-1.718019253432793789e+02
-2.170429431395411939e+02
-2.337263208177521108e+02
-1.342650467110114221e+02
-2.099441005501779216e+02
-1.096056120221772687e+02
-1.454828797275019099e+02
-2.448476264639980116e+02
-2.965445073365190751e+02
-1.058334012540363176e+02
-1.499298363458923689e+02
-1.255636380409280122e+02
-1.220854877730581904e+02
-2.291994412865065840e+02
-1.504757450005637338e+02
-1.313681654715972513e+02
-1.221943572036076802e+02
-1.323037261176835671e+02
-1.324685215290604106e+02
-1.279232721468172116e+02
-1.171133487997266087e+02
-1.488539809812641579e+02
-2.041919111677871399e+02
-1.066880043038825789e+02
-1.153745528659606236e+02
-2.944044151166212373e+02
-1.601291082359205120e+02
-2.282007538936979074e+02
-2.078579287830043256e+02
-1.387025956170883205e+02
-1.140573159088379072e+02
-2.191099159410619848e+02
-1.519852951311455058e+02
-2.603985314879125212e+02
-1.202262477717319626e+02
-1.919116319516193983e+02
-1.598856713110256180e+02
-1.131242506754671808e+02
-9.901479458608420714e+01
-1.553580822635302070e+02
-1.475343907230502793e+02
-1.282599574780438445e+02
-2.497267400188116255e+02
-1.365110952986406687e+02
-1.237030876755316342e+02
-1.321830610903678860e+02
-1.452216843924095429e+02
-3.013281591236390682e+02
-1.444864405893987112e+02
-1.370207269934984993e+02
-1.619787222828448137e+02
-1.505666883278739760e+02
-1.720437500509043218e+02
-1.346306342677075918e+02
-1.276924466868221373e+02
-1.224171550778236934e+02
-1.843392724602665282e+02
-1.511950635368893643e+02
-2.480359501304426431e+02
-1.004381577285895730e+02
-3.135961169603115763e+02
-2.417871060848458740e+02
-1.137408572231173025e+02
-1.442795117032757730e+02
-1.150597713856217581e+02
-1.278543849836036657e+02
-1.592799070013045935e+02
-1.432091461852634211e+02
-1.597841366519932933e+02
-1.528498337243778735e+02
-3.591058293504343624e+02
-1.311887192853837405e+02
-1.922779477254828464e+02
-1.412519425028383750e+02
-1.731894391257337702e+02
-1.186062542916370290e+02
-1.171966001725722890e+02
-1.161987975294679956e+02
-2.103224016617974996e+02
-1.883709132435414233e+02
-1.270498549456661976e+02
-1.629414484562060466e+02
-1.063049194847891386e+02
-1.253162200051101252e+02
-2.100326759577032476e+02
-2.407413222059819304e+02
-1.253887886009443946e+02
-1.358290030913907174e+02
-2.889030231495128191e+02
-2.028359244018135712e+02
-2.047372738972657658e+02
-1.185434388191350337e+02
-1.330234537741192753e+02
-2.101114883784221945e+02
-1.187095898109651273e+02
-1.669795951071330080e+02
-3.299456756650905618e+02
-1.226666621809051918e+02
-1.148801221947205846e+02
-1.320477035409720941e+02
-1.326941792158147564e+02
-1.188294510257051115e+02
-1.338140349074923847e+02
-1.118217347099786707e+02
-1.166554543244553486e+02
-1.184554959993034799e+02
-1.230058060220002858e+02
-1.239270391011671677e+02
-1.662370652157841846e+02
-2.146305074744927310e+02
-1.890903946695008528e+02
-1.749513145054905294e+02
-1.149676005950954476e+02
-1.927937650109243464e+02
-1.108208504183781997e+02
-2.002972730357224975e+02
-1.807336913275841823e+02
-1.360287980877446330e+02
-3.464364669484666592e+02
-1.265543724652435600e+02
-1.610692589828436212e+02
-1.227083040142214543e+02
-1.857398691968744799e+02
-1.047886855803400437e+02
-1.897426329108615732e+02
-2.231765268235554913e+02
-1.066029658826112154e+02
-1.281903795836980180e+02
-1.272289853141304690e+02
-1.301484096669106520e+02
-1.072463007143381333e+02
-1.243881446000505377e+02
-1.137458991364623415e+02
-2.042737649779872129e+02
-1.851195699739486429e+02
-2.295582270412745913e+02
-2.437118974773774482e+02
-1.565565413776028834e+02
-1.188574133367839920e+02
-1.664399662592463471e+02
-1.408313092144444454e+02
-1.314407045723792749e+02
-1.197338507493769981e+02
-1.286227036134472144e+02
-2.397674785593265483e+02
-1.712868765427010942e+02
-1.131250387868754501e+02
-1.912898788631789557e+02
-1.344472268629098153e+02
-1.344414607316262220e+02
-1.286226289395511344e+02
-1.108535761377759314e+02
-1.307932243089244366e+02
-2.451428471162661253e+02
-1.454684181173089712e+02
-1.295469316210769080e+02
-1.432141988609197654e+02
-1.256006481593407074e+02
-1.225144677596843508e+02
-1.344784296983281990e+02
-1.547045279155825313e+02
-2.726436467005486861e+02
-1.256047395642070370e+02
-2.706613786124436274e+02
-1.172569440449596527e+02
-1.894311599376665356e+02
-2.167116442300806227e+02
-1.082162420307695641e+02
-1.434489165898410761e+02
-1.486624334147227557e+02
-1.141334436047241496e+02
-1.137936039593281521e+02
-2.288812346779312463e+02
-1.521187910593247068e+02
-2.572842651992982610e+02
-1.685506884664576717e+02
-2.377472364689432709e+02
-1.603817410495302909e+02
-1.997770249502088120e+02
-1.555151579815879757e+02
-1.876667878740433650e+02
-1.201819960101729379e+02
-2.672853067645778538e+02
-1.221665077888387998e+02
-1.254728794856078622e+02
-1.948111658547693139e+02
-1.684420260223349430e+02
-1.965484820756584270e+02
-2.832912731915657218e+02
-1.536432970912904921e+02
-2.083539539229089712e+02
-1.255307940196278054e+02
-1.552298867187099916e+02
-1.352947028727201939e+02
-3.095361493008996945e+02
-1.450596723817843099e+02
-2.571555520527556951e+02
-1.249253091283282942e+02
-1.563864213286190648e+02
-1.180133585264011202e+02
-1.583109725107376278e+02
-2.624370322239049642e+02
-1.277555260891680433e+02
-1.241932740999499600e+02
-1.218866917596091781e+02
-1.272259111819858930e+02
-1.949434842102466803e+02
-3.609149153477988534e+02
-1.065803142316540004e+02
-1.369731052542127259e+02
-1.331502732041645629e+02
-1.241271079002994639e+02
-1.382118607574737723e+02
-1.150534207364882349e+02
-1.681727512380661267e+02
-1.858955088413872261e+02
-1.720290252843938674e+02
-2.004235326644504767e+02
-1.797840763656462570e+02
-2.427073555648881040e+02
-1.196599644472798758e+02
-1.193954902565456422e+02
-1.229524379163470371e+02
-1.314394308580857569e+02
-2.376680297758558140e+02
-1.502990617169118934e+02
-1.664966311857119479e+02
-1.173316545536523847e+02
-1.128794552480305668e+02
-1.128480074962844242e+02
-1.161552547727383597e+02
-1.405973473312780868e+02
-1.172044191269916951e+02
-1.339406230801894253e+02
-1.581530868294994434e+02
-1.619470790562756122e+02
-1.578123088654110973e+02
-1.946515562834473769e+02
-1.952973378026005946e+02
-1.897201106630691356e+02
-1.805895588427645748e+02
-1.139371392235774181e+02
-1.956223032687689170e+02
-1.433118729259180384e+02
-1.546689045787588839e+02
-1.652442140732115092e+02
-1.255080224677280825e+02
-1.635686618300089776e+02
-1.728026799297273044e+02
-1.227292989236924683e+02
-1.506420702512380672e+02
-2.243131376504489367e+02
-1.819022876125273456e+02
