2.833254246049499159e+00
4.977557966604013173e-01
2.221674053014466299e+00
1.344251082909035722e+00
8.783859783569314406e-01
2.541726373251449900e+00
1.303341902313624789e+00
1.295964125560538083e+00
3.415664313904226645e+00
8.707699442943731549e-01
1.291283973758200476e+00
5.156608097784568523e-01
9.885429638854296153e-01
1.909322101247715064e+00
1.436126132453121818e+00
1.418644158880637107e+00
9.656652360515021183e-01
9.585038308759853409e-01
1.353325706814838991e+00
2.598580656901100738e+00
1.308595865209724707e+00
1.290431193657000097e+00
2.127643419802379920e+00
2.011841611265363206e+00
3.476307046686483826e+00
2.789177793394237437e+00
3.147302312303739580e+00
1.546980094110123050e+00
3.483455918884640568e+00
2.485436893203883280e+00
2.975243936437133918e+00
1.221728771486682463e+00
1.753172459467607469e+00
1.149279601343299761e+00
1.079541877080323564e+00
4.340121343184958347e-01
3.112243850549057722e+00
4.862030980678611058e+00
4.110157584962976784e+00
3.443357783211083767e+00
3.944490472245236301e+00
1.339492195731985857e+00
2.446870451237263655e+00
2.263405847304974294e+00
3.442973122093481386e+00
1.402373409765173218e+00
1.714680749864689879e+00
1.741184446363729155e+00
2.226196349284657039e+00
1.870826306913996540e+00
2.381438887403048987e+00
4.140408234778799823e+00
1.862232779097387159e+00
3.905125123378693441e+00
3.997121623612725383e+00
2.204299108559264919e+00
1.294339622641509369e+00
2.014569536423841178e+00
2.755102040816326703e+00
2.505772537460083438e+00
2.196458218040951760e+00
1.859233842919997270e+00
6.952169076751946175e-01
1.055307760927743033e+00
1.370638876302673337e+00
1.743183712346707992e+00
1.811338225128266977e-01
1.689482811384270255e-01
6.074550698912802860e-01
9.094389438943893955e-01
1.345794392523364413e+00
1.785361028684470774e+00
2.779558145180869300e+00
1.341860071150262623e+00
1.111340206185567059e+00
2.975262568191502588e+00
4.134827642252397517e+00
9.983122362869197852e-01
1.733203000822893802e+00
3.329354160263844786e+00
3.056440106469440199e+00
2.175701924774854135e+00
1.389211096359443731e+00
2.289670455671556137e+00
2.757650245041789017e+00
3.588498879761015559e+00
2.074499190488848122e+00
1.587040073104523330e+00
2.579889444590681702e+00
2.458404074911492820e+00
2.422999409645176350e+00
2.207956240676280490e+00
1.125909530531447489e+00
1.289473684210526327e+00
1.886885771052532412e+00
2.517841112750732968e+00
2.389855886206251334e+00
9.360414866032843451e-01
1.558171745152354681e+00
1.074764461554047257e+00
7.521058965102286331e-01
2.769824442729561742e+00
2.567203687645475130e-01
3.149456781186128485e-01
1.252089948804354869e+00
1.541359223300970971e+00
1.036156041864890520e+00
8.002195389681668880e-01
8.669259619391581628e-01
9.719629501183740805e-01
2.391942559568136950e+00
1.970634670034733249e+00
2.424113947124825419e+00
1.902706656912948047e+00
8.509331323287385729e-01
2.874254799485253642e+00
1.993205837155922033e+00
2.420085209981740704e+00
3.211015690579195336e+00
6.486803924469259464e+00
1.183445190156599658e+00
1.699980540961276487e+00
3.003043802514107519e+00
8.735492811363242405e-01
9.321047526673132966e-01
1.187268911761766743e+00
2.704225352112676006e+00
2.284908789386401295e+00
1.265524914031420645e+00
1.782608695652173836e+00
6.076024638114085885e-01
5.858951175406871270e-01
3.182727981887022217e+00
1.745586708203530568e+00
1.631853785900783338e+00
1.190071582377931758e+00
2.041757708181597408e-01
5.802469135802469369e-01
4.298630675489746311e-01
1.234229249289755748e+00
1.022768772966027084e+00
9.836108908273856200e-01
8.634361233480176701e-01
1.765998089780324687e+00
1.346116202509120008e+00
6.498388829215896445e-01
8.428488804428654335e-01
9.907067278725725235e-01
3.490124331453470674e+00
1.399601395117090252e+00
9.473684210526315264e-01
3.327131660201092522e+00
3.549656233566406138e-01
9.602215175674837511e-01
3.800800133355559218e+00
1.984126984126984183e+00
8.444839524656124752e-01
2.759819659812828618e+00
5.474215767904064833e-01
6.788261332896139422e-01
1.021895527056615682e+00
9.621765289795121134e-01
1.301307832096999961e+00
9.176325524044389725e-01
1.654911269356844183e+00
2.377408834865105458e+00
1.797614631780180883e+00
2.486640609982699868e+00
8.352641629535327850e-01
6.992671603422476734e-01
1.037254901960784403e+00
1.530612244897959107e+00
3.477366255144032969e+00
2.298692097240788268e+00
2.803060236296726515e+00
2.350144061915077298e+00
2.430272190485334161e+00
2.173584905660377320e+00
1.536363636363636376e+00
2.058365758754863606e+00
2.301133869858235759e+00
1.671938506121145807e+00
4.164284761782822919e+00
3.184694204290746011e+00
1.224673938913979354e+00
2.429320090072194738e+00
8.763320246775098354e+00
1.168798824893263033e+00
2.057911557075023712e+00
1.303426898570690495e+00
2.298611310069874403e+00
8.255083826919290546e-01
1.040050076009382263e+00
1.740947075208913564e+00
1.112088930060213032e+00
4.356490096230840048e-01
1.317861955244582273e+00
8.473341004986574276e-01
2.485294117647058876e+00
1.752688172043010750e+00
2.932960893854748452e+00
2.102576112412177789e+00
2.580152671755725269e+00
5.415734517190799124e+00
7.070356218450837282e+00
1.971607189372232449e+00
3.327212925758269435e+00
7.738920150676650289e-01
3.353582009228648353e+00
1.936125654450261857e+00
1.729913587056444157e+00
2.568462320313634528e+00
2.196747495280964024e+00
2.400186333992319287e+00
1.756148491879350360e+01
4.858476983891176992e+00
3.997136895229776332e+00
3.214827671708405443e+00
7.202960654460459633e-01
8.289289289289289542e+00
1.247968545216251668e+00
1.233928054314339606e+00
2.161676646706586880e+00
9.826434714806243642e-01
5.135922330097087318e+00
2.460892338580341399e+00
1.608695652173913082e+00
4.136353325306107109e+00
5.168847143016884971e+00
2.544883635020317669e+00
1.976184387661430453e+00
3.982769623484364807e+00
3.974292838105064174e+00
1.510167776119805128e+00
2.286522870842699895e+00
2.888340209457314955e+00
1.412390371337936212e+00
4.756291389346070098e+00
6.347226376840495732e+00
1.521605188488042160e+00
1.284777948223260635e+00
2.240041010871745897e+00
5.012526096033402823e+00
2.741989319554982707e+00
1.052055508769925485e+00
3.836034519048621139e+00
1.039016115351993230e+00
1.232668571396692059e+00
2.844444444444444553e+00
1.841291585127201458e+01
1.981079930384899823e+00
1.594339622641509413e+00
2.359807236407446052e+00
1.923636363636363589e+00
4.213483146067416030e+00
1.100000000000000089e+00
7.755616263957775258e-01
3.142314868429517905e+00
1.312779120744048900e+00
1.457802064359441374e+00
5.117835671342685799e+00
5.900804994312015550e-01
1.711171913945956469e+00
1.504830319544216088e+00
1.846153846153846256e+00
5.839829711947808200e+00
1.909260446412961221e+00
2.253349211074724412e+00
5.902439024390243594e-01
3.184173014395867529e+00
1.484536082474226859e+00
1.902924968206867407e+00
1.895196516484040083e+00
2.199753533330766064e+00
6.252810864967160320e+00
4.447849350288374914e+00
8.284789644012945375e-01
3.192238375585726207e+00
1.145319765016511226e+00
1.377755276890723524e+00
1.002952548884921136e+00
3.901734104046242990e+00
4.349439171699740925e+00
2.528352835283528499e+00
2.406205250596658907e+00
1.500919401293873134e+00
4.114123305640577044e+00
1.364980102330869860e+00
5.522292993630573577e+00
