-1.955246958025694823e+02
-1.743707619455088889e+02
-3.063030438678321730e+02
-3.165233426787247595e+02
-8.391780627943896889e+02
-2.388273466948886607e+02
-4.310400616813438432e+02
-5.649728582465488671e+02
-7.426386268136551507e+02
-3.862706531389700899e+02
-1.895275978733629643e+02
-3.595236297399871432e+02
-1.751391149831545420e+02
-2.788864110209266869e+02
-1.554857975017211515e+02
-3.443850725585888313e+02
-1.305008806843767388e+02
-1.602936572793351218e+02
-1.809170026136463889e+02
-1.636880780763384564e+02
-1.868149322658240123e+02
-2.091720027188195843e+02
-1.614787129091045585e+02
-1.787726280408000434e+02
-2.647338548845801256e+02
-5.150024244959421367e+02
-1.884610502633225053e+02
-4.286759761715729837e+02
-1.598133359511109575e+02
-2.277583361484018383e+02
-1.741556849484427687e+02
-2.598531265614512336e+02
-2.229447736974805139e+02
-2.784239876395492388e+02
-2.765293677123542011e+02
-2.999719172189398932e+02
-3.923534146039150414e+02
-1.925783646930612747e+02
-2.350394708196713509e+02
-1.781026601693918963e+02
-1.636282436049601472e+02
-2.937879518683013202e+02
-2.230015653401648308e+02
-1.789693757895574322e+02
-8.050753221409081561e+02
-4.477195524452089899e+02
-3.801207001361137259e+02
-1.422509130015364462e+02
-3.826623060570466919e+02
-1.750755104863271185e+02
-1.735459931341518711e+02
-1.636465974094570015e+02
-1.591410290200890358e+02
-6.009519219812654001e+02
-3.659108230872185459e+02
-2.488570125255338041e+02
-5.886062283456482191e+02
-1.279284200958242224e+02
-1.751845651427976236e+02
-1.659497217080229632e+02
-1.526853148969443339e+02
-1.340575695807746968e+02
-4.533473528110510529e+02
-1.523074278372842514e+02
-2.212210888478478239e+02
-1.784822162543208606e+02
-2.798449448216304631e+02
-1.527969597204065337e+02
-1.923038807364154081e+02
-1.644038283959158377e+02
-1.663584915693010942e+02
-1.504398440268392960e+02
-2.856990137261544191e+02
-1.601710103953827797e+02
-2.234539231089847817e+02
-1.048654812838565533e+02
-1.676006876005656920e+02
-2.687417075818345893e+02
-3.222218659610448412e+02
-1.691002981825492668e+02
-1.887673152058788446e+02
-1.207936593979692930e+02
-2.047030442752989359e+02
-2.243291406799550032e+02
-6.255079195652380122e+02
-2.016755263875156174e+02
-2.337748591507765070e+02
-1.621952221600265034e+02
-2.328322481625320677e+02
-1.843699894489231212e+02
-1.508375837699337865e+02
-2.440617502553455722e+02
-2.986177562776320542e+02
-3.065106051837997825e+02
-2.543718685553612318e+02
-1.792534344534105912e+02
-1.336830294767793532e+02
-2.175126784762410921e+02
-1.635276415820391662e+02
-2.573579987039587422e+02
-4.119849589748877747e+02
-1.484463148743108434e+02
-1.392868468327084202e+02
-1.600683206752036938e+02
-4.847343652723499190e+02
-1.265013870808335525e+02
-2.118999994377621476e+02
-1.104241057114527251e+02
-1.568695219745119971e+02
-2.261000793824996151e+02
-1.851739497265003536e+02
-3.490525982199834516e+02
-1.616221125097950164e+02
-1.467826410824524146e+02
-2.206077056714900095e+02
-2.154576330328023062e+02
-1.729134608442592196e+02
-1.916595431507928993e+02
-1.931247113148723145e+02
-1.985217960943336379e+02
-1.550234462080356366e+02
-3.293907550927299326e+02
-1.535977556805273139e+02
-1.449096639519826226e+02
-1.715854000955589242e+02
-1.841188650056619451e+02
-3.087393033346348830e+02
-5.427848822654086689e+02
-2.060026606285829871e+02
-1.244236922301685269e+02
-2.609227596409861007e+02
-3.922652207904638999e+02
-4.220269896252909234e+02
-2.770128475663424297e+02
-3.381370506120184700e+02
-1.384070431957089227e+02
-3.036296665786545645e+02
-2.788080250503846287e+02
-2.619380160799747728e+02
-5.324625515191135037e+02
-4.017454915943707192e+02
-4.680023429424322217e+02
-5.416087546683644405e+02
-5.556383065150307630e+02
-5.251856574623950564e+02
-2.881035250753624268e+02
-6.500092415619410531e+02
-2.456174153778523532e+02
-8.167338127655650624e+02
-3.524426007205739211e+02
-2.417719237167026165e+02
-2.610473112130922573e+02
-2.455960206398875130e+02
-3.368672459509776900e+02
-1.869262181618306045e+02
-2.939035866076610546e+02
-3.519715044194533675e+02
-3.295812933045511954e+02
-2.855389016215090692e+02
-2.388839170463770643e+02
-3.340267604904150858e+02
-1.237506694246099954e+02
-1.835959012656100242e+02
-1.816045593810191576e+02
-2.537158384403057028e+02
-1.791770154804144397e+02
-2.218845627657516673e+02
-1.840785088338096500e+02
-2.106908325907309631e+02
-2.143655038813044769e+02
-2.338945535936042575e+02
-1.799761469746596845e+02
-1.781329343293425893e+02
-2.210620847294395048e+02
-3.001366689905593148e+02
-2.992041758419630924e+02
-2.435810940425015758e+02
-2.726996451962043011e+02
-1.798649159129301154e+02
-3.630898704774580210e+02
-2.009384983013823387e+02
-5.491876472451958762e+02
-1.731373724274327230e+02
-2.024718235135750319e+02
-2.455643629478767025e+02
-2.320031525019189473e+02
-2.469141426752069890e+02
-1.730961284153876704e+03
-3.617456956307754012e+02
-4.915142678468313306e+02
-1.636876650948044585e+02
-2.180151818599455851e+02
-1.777865489592228698e+02
-3.252443558593744797e+02
-1.460310024025520192e+02
-1.597848808302445320e+02
-1.802646861233209279e+02
-3.687590231858374636e+02
-4.045183958898232390e+02
-2.567445437932739765e+02
-1.457771052572672943e+02
-4.996955349674846616e+02
-2.221730499146890168e+02
-1.748297157385680407e+02
-3.056346393248643949e+02
-5.825915372222194719e+02
-5.158372822021592583e+02
-1.744668092900422778e+02
-1.837609095954521194e+02
-1.616925457993241650e+02
-3.749067406242328957e+02
-1.442141512444060822e+02
-3.092255222461744211e+02
-1.685104526990278941e+02
-1.470037982099613316e+02
-1.554145339516764182e+02
-1.667161145873035650e+02
-2.115684044907386863e+02
-2.220945143568474975e+02
-6.618230088552082861e+02
-5.067714891913367978e+02
-8.291747057677280281e+02
-2.777501668337741876e+02
-2.804362936589374726e+02
-1.952429298784358025e+02
-1.816911293425081055e+02
-4.715058447106330277e+02
-3.631961285152051460e+02
-1.462301999920552760e+02
-2.676261169051949196e+02
-3.500731281855431121e+02
-2.057984969072005299e+02
-1.909911139671250453e+02
-2.229402398031589030e+02
-4.307766390125643170e+02
-1.351028290521306019e+02
-4.320537514965565720e+02
-1.209176297869059340e+02
-2.525478385893980260e+02
-1.891097142878299451e+02
-1.428564162013992984e+02
-3.006887540253211455e+02
-1.492661763304847000e+03
-3.601321213119780396e+02
-1.413479843418521682e+02
-2.205763486556534758e+02
-1.499651441463855974e+02
-1.324512451837814240e+02
-2.804110563967087728e+02
-1.559218088451327731e+02
-1.925616135435594458e+02
-2.981186966610639502e+02
-2.208982796620574618e+02
-1.148128365544909570e+02
-1.974777047359798701e+02
-1.930153770556435688e+02
-1.756775599582712744e+02
-2.059047997092730782e+02
-5.898311313063694570e+02
-2.248742194190420491e+02
-1.776519429786257263e+02
-1.756088522878477818e+02
-2.264593044123955679e+02
-2.214359519412241752e+02
-1.477688171827771271e+02
-3.621956476071608790e+02
-1.782120134817998292e+02
-3.217188177014297139e+02
-2.347508493936195464e+02
-3.167237187010515527e+02
-1.705569671318589826e+02
-4.512060282135912530e+02
-3.296019348808497966e+02
-2.378532195223637302e+02
-2.295365028739669242e+02
-5.570802804597959721e+02
-3.109945336810429808e+02
-1.901433606135470882e+02
-1.880870414892881115e+02
-3.611245097987875283e+02
-1.382683923193017392e+02
-2.522377420020742420e+02
-2.351965896670933773e+02
-1.365473724277389067e+02
-5.084754564842836544e+02
-2.528071758030513934e+02
-2.489405402372773324e+02
-3.489686629595719864e+02
-2.746137769204649430e+02
-2.053338897541752317e+02
-1.298665861263682757e+02
-2.653138219484059732e+02
-5.258827674505828327e+02
-2.031124915228310783e+02
-2.185449485843122659e+02
-2.169065843431973803e+02
-1.645486341593194197e+02
-1.203218546620957881e+02
-1.430351876455363254e+02
-1.911407018976695440e+02
-1.914097181896150630e+02
-1.720844120945386351e+02
-2.633426081837272932e+02
-1.556541686238515467e+02
-2.004238752644308761e+02
-1.313374538407199168e+02
-2.466191045949776424e+02
-1.734469899290411661e+02
-1.855381004672000813e+02
-3.170547770410092312e+02
-1.548421887332929145e+02
-1.790497653640810540e+02
-3.619091697628666111e+02
-1.791727514394342222e+02
-2.135140681962279530e+02
-1.592685086097459077e+02
-1.752205728250616232e+02
-6.309791588467054453e+02
-3.675114001115285873e+02
-2.302975255007431485e+02
-2.449242757466482203e+02
-2.697733428269026490e+02
-2.631583902706113349e+02
-2.453567296358971532e+02
-1.675524098546315770e+02
-1.695213664751025817e+02
-1.850162041272799058e+02
-3.819676653110709026e+02
-2.115398933532440537e+02
-1.803284083349955154e+02
-2.067241465491112251e+02
-1.746198430609008767e+02
-2.272118317560014020e+02
-2.916458160042949999e+02
-1.923837784600042653e+02
-2.109845092069598138e+02
-2.313659672672361580e+02
-1.949620264275251600e+02
-2.008051452493506588e+02
-2.146619434827345003e+02
-2.096626116263587392e+02
-3.641226542597779599e+02
-2.857840769746940737e+02
-1.916326684362799710e+02
-2.068652482718826775e+02
-3.755345631891936478e+02
-1.546331563199397010e+02
-2.721600895297643774e+02
-2.144059331967861795e+02
-1.807848013473148967e+02
-1.956346284774452045e+02
-2.133988278580198141e+02
-1.706556213762557093e+02
-1.299004427073192289e+02
-1.799055168051860107e+02
-2.557391572279050251e+02
-1.551990169622616236e+02
-1.943633966307866388e+02
-3.621668943037048507e+02
-2.228101412458239565e+02
-1.300721828846603785e+02
-4.530087431610127737e+02
-3.445625583666363809e+02
-3.322759162186845288e+02
-1.574939810925199595e+02
-2.611954553752522088e+02
-2.239720830887492298e+02
-1.686800337789551918e+02
-2.599747463510800571e+02
-1.742420593507916067e+02
-1.796610943372950828e+02
-1.460955228723238406e+02
-1.844971357040101054e+02
-2.498097665734167663e+02
-2.222025359405391214e+02
-7.745571288961779146e+02
-2.500091964505332669e+02
-2.768846455246338678e+02
-5.280586480288028724e+03
-1.804761995966027825e+02
-5.958264158972236828e+02
-2.227675253454690392e+02
-1.842142976844482121e+02
-1.714884534496602271e+02
-1.481060669209987566e+02
-2.882263408092467216e+02
-4.206652487692388718e+02
-2.693237891506030337e+02
-2.824166657754053631e+02
-1.408336685284287171e+02
-1.323377283929548867e+02
-1.908071389232088677e+02
-4.863723528739720336e+02
-4.704146693358130165e+02
-2.700426274621009384e+02
-2.377873758905981276e+02
-4.600243023481613136e+02
-3.397364132902458209e+02
-2.661320898442721727e+02
-1.817568922139348899e+02
-1.845993764328969178e+02
-1.921130731232833284e+02
-1.571521108988121398e+02
-2.493205916789040373e+02
-2.830823068336861752e+02
-1.635900581771667248e+02
-3.745222522480118528e+02
-3.910660458804823065e+02
-5.097266927009581536e+02
-1.718765656615814805e+02
-1.202526534833126988e+02
-3.507265941906294415e+02
-4.568568750156875353e+02
-1.898641396708333957e+02
-1.590026873951530320e+02
-3.561134725031024573e+02
-3.185611339987628980e+02
-2.262118842449794158e+02
-2.134257516703933675e+02
-1.692029127439840295e+02
-3.746143751112481937e+02
-2.397005002204998902e+02
-2.975753291638637279e+02
-3.059642042818151140e+02
-1.067528840756759109e+03
-7.487987076335755773e+03
-7.422016826062743348e+03
-8.471078445675993862e+03
-6.497043405298951484e+02
-3.100373243570275008e+02
-1.879067833074901728e+02
-1.931592143057924318e+02
-2.580397550698095301e+02
-2.607230168624417388e+02
-2.152829494262240644e+02
-4.602916542075195139e+02
-6.710804798499749495e+02
-1.471954026867307903e+03
-2.141590123417865072e+02
-2.070108788674385494e+02
-5.424333134013586459e+02
-2.713724479571729944e+02
-1.794213505139099141e+02
-5.221109289225844350e+02
-2.259585148457655635e+02
-6.814986389667766389e+02
-1.835354753649037889e+02
-4.625860763473314705e+02
-2.526597269221306590e+02
-2.437599727564016234e+02
-4.007115681191219210e+02
-2.472109836260096074e+02
-4.395959595510474287e+02
-1.766021239775243998e+02
-2.144464585063714992e+02
-4.826926413693762470e+02
-2.374005010889627272e+02
-2.415552247863626008e+02
-3.447740685134507430e+02
-4.025197407604691193e+02
-1.522986255802993867e+02
-4.287680268414552529e+02
-1.606200888114076122e+02
-2.104713232460638892e+02
-2.544090867893150403e+02
-2.687545203762512642e+02
-4.282903562459495106e+02
-1.710177942597819367e+02
-2.901590599377069566e+02
-6.467054170493687479e+02
-3.513321825836313792e+02
-2.219028364970693872e+02
-5.152226871792061047e+02
-2.390296935918933912e+02
-3.684682768717341332e+02
-2.181984761736943028e+02
-2.173818246190885191e+02
-7.486139958578309006e+02
-4.203073204220889352e+02
-1.288000742087468780e+02
-1.710533563834586630e+02
-1.517633310043860320e+02
-1.828256910430090159e+02
-2.703983606247792864e+02
-5.684740169677781978e+02
-3.536823816952779111e+02
-2.051637708832584508e+02
-1.791787362124852052e+02
-3.867642130661581632e+02
-2.602418897602648258e+02
-3.332995503474278394e+02
-3.293329353149861731e+02
-2.341577998627622321e+02
-1.908902305461759283e+02
-1.891173781296397749e+02
-2.032204992747564347e+02
-2.107191808430127082e+02
-2.031982678527073176e+02
-2.081015938454874572e+02
-1.647743911828542025e+02
-1.425772883017820334e+02
-1.307715523160736097e+02
-2.718927685181484435e+02
-1.644738671027046166e+02
-2.457603400129095803e+02
-2.774394135708031399e+02
-1.972707220629740164e+02
-1.659778839830812274e+02
-4.774288410561940168e+02
-6.779996148338476587e+02
-2.573051118000416864e+02
-2.452003016830466322e+02
-1.197029110349825032e+03
-3.858179523513119307e+02
-2.621377429333621194e+02
-1.842153581817333077e+02
-1.403042340392601375e+02
-3.054528515904951291e+02
-5.677687644783350152e+02
-1.529460634849750988e+02
-2.438902375162322755e+02
-1.943720951641797114e+02
-1.345670543696321317e+02
-1.559937198601608372e+02
-2.567075981382315604e+02
-3.142437073573355519e+02
-3.396571999511766080e+02
-5.613694779909488943e+02
-1.779370186970604948e+02
-3.713874806832857871e+02
-2.339599741194323599e+02
-2.764685080394777401e+02
-2.898191597965325172e+02
-4.220330878896256763e+02
-1.405342144042730581e+02
-4.133233114212613373e+02
-2.636763649327831445e+02
-4.357723841830925835e+02
-2.021050127835108299e+02
-3.828402628854123577e+02
-3.650859773737320779e+02
-1.901191032197372692e+02
-1.847699225290643597e+02
-1.052400816255311156e+03
-1.443714009849913111e+02
-3.606519687160469516e+02
-3.973498003939336627e+02
-1.395343185689356460e+02
-5.231926325041645214e+02
-4.898479139312219672e+02
-3.988445646373630211e+02
-2.528809896793367216e+02
-4.224887130056396813e+02
-3.667823046773647775e+02
-1.770357994177378771e+02
-2.386444090132755775e+02
-2.844790066808525353e+02
-2.020173918112357683e+02
-1.650893077567068019e+02
-4.025842636270232333e+02
-3.037172929941727944e+02
-1.562711059130511444e+02
-1.507006876160817512e+02
-2.509499252941245118e+02
-2.386376823131111564e+02
-3.701564536351348238e+02
-3.085887107334953612e+02
-1.498897573998654309e+02
-2.621862238585318323e+02
-3.534948670786030220e+02
-7.664720730788518495e+02
-2.833741579176480627e+02
-2.162570113487248591e+02
-2.100452489336979909e+02
-3.206250102808814972e+02
-2.266774278431225014e+02
-3.129592276698648448e+02
-3.365301789693164665e+02
-2.123359909276935866e+02
-1.528463600144874022e+02
-3.413211175405367044e+02
-1.820297776837861079e+02
-1.249258592135323340e+02
-1.522520961866200366e+02
-1.568176768616595496e+02
-2.145901659606495855e+02
-2.410917973668117043e+02
-1.768825914782768223e+02
-1.999140700715810794e+02
-2.544198015549748675e+02
-2.010319996727288583e+02
-2.114551003712695945e+02
-1.801546252923116924e+02
-2.059777667843110009e+02
-1.901066561590791935e+02
-2.996377129059407594e+02
-1.993800647620025757e+02
-3.168621893693336915e+02
-2.134029994765263609e+02
-3.071036652925521366e+02
-2.761148380672443636e+02
-1.569446176140957050e+02
-1.375952237649826770e+02
-1.355984664629377221e+02
-2.102010094389910648e+02
-1.997589031066000871e+02
-1.587867842215058829e+02
-3.987271792288749452e+02
-2.090694472886962672e+02
-1.714469173976692957e+02
-1.996775186695841171e+02
-1.789031924172869878e+02
-4.538558280815304329e+02
-2.361426884476293253e+02
-1.573932494827188862e+02
-3.268949171026653175e+02
-1.905086878178807126e+02
-1.348871735638804523e+02
-1.909911004898350768e+02
-4.181393796636402840e+02
-1.998642143648301612e+02
-2.219537955881930316e+02
-2.924713615756410263e+02
-1.253926828980197570e+02
-1.251920537608498023e+02
-1.737029325729332641e+02
-2.858545710870894823e+02
-1.225729963471987958e+02
-2.593182652680466163e+02
-4.607490917845254330e+02
-2.015732047672974829e+02
-1.813271200829454983e+02
-1.768161450038351461e+02
-1.662368880478130109e+02
-2.546005660955402732e+02
-1.702028609352047681e+02
-4.453745530547293470e+02
-4.756199737714179605e+02
-1.736235892369681437e+02
-2.258230149965568785e+02
-2.807547566185038477e+02
-2.187230424119916279e+02
-2.066362603119049481e+02
-1.746008713895044764e+02
-2.048768386151278378e+02
-1.993839120088854600e+02
-1.504374733592541986e+02
-1.401606232344740590e+02
-1.443571696903221095e+02
-1.564382660295168250e+02
-1.643448188131002610e+02
-2.549598995956720557e+02
-1.411319961189455512e+02
-1.279734936949253381e+02
-1.457953948069633725e+02
-1.114739355488941612e+02
-2.287280828781185846e+02
-1.692945830307782842e+02
-1.658845562951433976e+02
-1.649568950324534455e+02
-2.598759554088677532e+02
-1.673838154358990380e+02
-1.306963371937333704e+02
-2.275689845992202436e+02
-2.027558916276611853e+02
-1.975474245433900933e+02
-1.664134274126590469e+02
-1.725222231542075519e+02
-2.171531543637064487e+02
-2.011898821026349822e+02
-1.816879454220910191e+02
-2.008197709215229452e+02
-1.369441183788526359e+02
-1.518084192437361253e+02
-2.070565255717987156e+02
-1.584159182612638972e+02
-2.114622976381407113e+02
-3.115457841139867128e+02
-3.126630981768429365e+02
-2.545257883493634665e+02
-1.341174384987197641e+02
-2.412276572774148917e+02
-1.354668809223954042e+02
-2.471980998837629500e+02
-4.047687017730136176e+02
-4.065162515640247420e+02
-1.855731979411572752e+02
-2.092162390953223792e+02
-1.671893149506746283e+02
-1.731784338233438518e+02
-2.688180792483406663e+02
-2.142675929198000802e+02
-1.423271052294516323e+02
-1.296690493260974790e+02
-1.306108806013997992e+02
-1.789875334917552721e+02
-1.421638550240246843e+02
-1.204451688655228736e+02
-1.510357008622955277e+02
-3.661119243682900901e+02
-1.706777497402796087e+02
-1.483978028321493525e+02
-4.321354576914191057e+02
-2.515312617904034767e+02
-2.988592122081634557e+02
-2.349940164653897341e+02
-1.619225164486384756e+02
-1.252475404204407994e+02
-2.511953909134768708e+02
-1.613122962510147431e+02
-2.891889643223390749e+02
-1.368099083525696074e+02
-2.356481472804895816e+02
-2.061887917214833408e+02
-1.137765206418882258e+02
-1.446991045428591462e+02
-1.994548573262343325e+02
-1.565330497378907921e+02
-1.385519366110468695e+02
-3.167516867801671765e+02
-1.814856531928342349e+02
-1.870695932230703136e+02
-1.335419599872023184e+02
-1.502677860737467483e+02
-4.186691573069678611e+02
-2.065656541616965853e+02
-1.798835688139330102e+02
-1.694232322470879240e+02
-2.004631739755589592e+02
-2.328923871933602356e+02
-2.305384845524089599e+02
-1.293699957135923739e+02
-1.272611037174455930e+02
-2.266059565347138403e+02
-2.101670908931718884e+02
-2.714337541596413530e+02
-9.821036859357130311e+01
-3.943384808121861056e+02
-3.167477700960822631e+02
-1.138320073014792086e+02
-1.929745340646738043e+02
-1.460303949741180247e+02
-1.685050724138185956e+02
-2.062004499513740257e+02
-1.590231014984005071e+02
-1.669889518774805595e+02
-1.801365561763187202e+02
-6.401333914193519377e+02
-1.359222074045862598e+02
-2.048140386549986260e+02
-1.878367682025082104e+02
-1.790292398959782076e+02
-1.566887673363543740e+02
-1.231895867107959646e+02
-1.527932514871549188e+02
-2.487834626371244724e+02
-2.006556703646581070e+02
-1.348726940550617144e+02
-1.847528331224385170e+02
-1.053867876297010042e+02
-1.344568462020480695e+02
-2.716727860864484683e+02
-3.403211393854245443e+02
-1.327704472484778080e+02
-1.455590159942109665e+02
-4.257868731892917253e+02
-2.734602497040826847e+02
-2.450434363144420900e+02
-1.726518127356216610e+02
-1.408274113243593604e+02
-2.230414246299912406e+02
-1.274881379700678394e+02
-2.199945742165900526e+02
-4.881409262031320395e+02
-1.337698875083229098e+02
-1.647394707178246449e+02
-1.378629272111935791e+02
-1.783431764753647712e+02
-1.261382112531188113e+02
-1.326903221430796407e+02
-1.602828645310439128e+02
-1.488743000813984168e+02
-1.647460464649246035e+02
-2.378386720377806682e+02
-1.736930125142054351e+02
-2.316838838844096813e+02
-2.917805670595826086e+02
-1.965539723205363032e+02
-2.485809184785780133e+02
-1.435328372067764633e+02
-2.153823757645818375e+02
-1.177891491979940497e+02
-2.543654439670308136e+02
-2.040184467353810476e+02
-1.401714714598566331e+02
-5.414216907685032538e+02
-1.276637534409993577e+02
-2.120355046832313803e+02
-1.741170790482641451e+02
-2.834894238660409655e+02
-1.205601930742634664e+02
-3.399738266822054698e+02
-2.863716916686592526e+02
-1.064208613972315476e+02
-1.404490565959327455e+02
-1.926796948604453235e+02
-1.487885734058053231e+02
-1.233750806056176827e+02
-1.397631317382452778e+02
-1.382765664112679644e+02
-2.516542079099479281e+02
-2.695721221593947803e+02
-3.308475381732689016e+02
-2.915647735378571497e+02
-1.686080304026811518e+02
-1.231833009740850855e+02
-2.140599819110855435e+02
-1.887931455487549783e+02
-1.422013540241460703e+02
-1.285241843849194083e+02
-1.432306188579325976e+02
-3.874761705406268675e+02
-1.959828306717431587e+02
-1.530109411877866705e+02
-2.693762784746957664e+02
-1.623395315012952551e+02
-1.999143889280617543e+02
-1.810857132192210202e+02
-2.002554101256842500e+02
-1.323177497667140017e+02
-2.984207448210867710e+02
-1.556292092986161890e+02
-1.779165484853165253e+02
-1.898005969190190285e+02
-1.594468876657484202e+02
-1.728149429951514549e+02
-1.558316010106843805e+02
-1.603285427217800532e+02
-3.932184842771559943e+02
-1.411380676606504494e+02
-3.511531131054544517e+02
-1.230354360309687110e+02
-2.666825272846343751e+02
-2.768055398675942342e+02
-1.076420593731197783e+02
-1.897471054574333209e+02
-1.863565640207972649e+02
-1.125813990493980157e+02
-1.547926503211611760e+02
-2.727281951049736222e+02
-1.686053139307875313e+02
-3.067350678620603048e+02
-1.874563717155483857e+02
-2.641720344980341793e+02
-1.859540921096756847e+02
-2.239466135187511213e+02
-1.868702940987870988e+02
-2.149287617479193671e+02
-1.485034630387455366e+02
-3.037121705823698221e+02
-1.257694488406678772e+02
-1.302571411241681005e+02
-2.738263598732881974e+02
-2.545308761763837992e+02
-2.680983133460563295e+02
-3.661933152089967507e+02
-1.594861157916274692e+02
-2.687123348773575913e+02
-2.126255459646719146e+02
-2.028237682305960448e+02
-1.600087755313344928e+02
-4.242120139946817972e+02
-1.771589110474627660e+02
-3.743214968716326325e+02
-1.797002025645130061e+02
-2.552384478839185533e+02
-1.604965517225421650e+02
-1.938125098605972880e+02
-3.343553939828079251e+02
-1.362170856790314986e+02
-1.777233809554439290e+02
-1.566686057828244714e+02
-2.105349278112127536e+02
-2.492062583536311990e+02
-5.913600922731435503e+02
-1.850052737049996665e+02
-1.811305762380619342e+02
-1.483178684933058378e+02
-1.773304063917687472e+02
-2.418630442101714948e+02
-1.138499103748615369e+02
-1.842862860548496258e+02
-3.108170699723357870e+02
-1.735150046546149269e+02
-2.248293036806025214e+02
-2.269537325354025370e+02
-2.925443670535212277e+02
-1.200937815966336473e+02
-1.538867150583090790e+02
-1.541712766130379180e+02
-1.520637001699484756e+02
-2.809643447506372809e+02
-2.034307116054337996e+02
-1.792185334971122188e+02
-1.216083196753285591e+02
-1.175141825472287991e+02
-1.194113025321146893e+02
-1.242846142408113934e+02
-1.477242708146688415e+02
-1.491397401768787461e+02
-1.490648225885385898e+02
-2.229911915727655298e+02
-2.256169108770209846e+02
-1.717919613278435520e+02
-2.463417844610936527e+02
-2.669443332361458943e+02
-2.125646919612508725e+02
-1.985704330393551800e+02
-1.141842278950685596e+02
-3.122904238880606727e+02
-1.561609006174710714e+02
-1.645488670868627139e+02
-2.156151542948743725e+02
-1.420386100355564452e+02
-1.991744252651454588e+02
-2.406203860717807004e+02
-1.871712246711127818e+02
-2.085133171669177443e+02
-2.953014569999519381e+02
-1.992515331058272352e+02
