3.186976376693671509e-01
5.509164640308472638e-01
1.335391636642949242e+00
3.242956059065301155e-01
2.229343931597174588e+00
6.593947050877737581e-01
1.718665868615484538e+00
1.508816421473527569e+00
1.330320505350950588e+00
9.630605331882799991e-01
4.090224550081922317e-01
8.979232371608271146e-01
4.840489977042840009e-01
1.043895530612537259e+00
3.538964473833907665e-01
5.973627471836048253e-01
4.694985793862497259e-01
3.117130556433800326e-01
3.725721523703536264e-01
2.938376529998718567e-01
4.237357825443496262e-01
6.530591946984822815e-01
3.556034939572626508e-01
4.724642803297650073e-01
1.251101995890247176e+00
1.623633664819422284e+00
3.853426557881136638e-01
9.440985360421528805e-01
3.322524002183415703e-01
6.882090330105131715e-01
4.798432438497692298e-01
3.850744193107631941e-01
7.160698167355822319e-01
7.488093547219288881e-01
7.460052044171529007e-01
1.047223663825301632e+00
1.276400450324080227e+00
4.490372992608517300e-01
5.320663646818860615e-01
2.952416701123933840e-01
3.910503631126457935e-01
1.046387867729679177e+00
4.892829543907784573e-01
6.337689854423729230e-01
2.104423413754191063e+00
1.083399729660833311e+00
1.063755193517589737e+00
5.104546045827580425e-01
1.240422563088726227e+00
4.486485183606588323e-01
5.122690648113117362e-01
4.016633216425147812e-01
3.853319080416393039e-01
2.751613355847933873e-01
1.159914672639871913e+00
6.103723253462970399e-01
1.653790348994383042e+00
5.271301995799750895e-01
5.578642242663788275e-01
4.672590604202730424e-01
4.306123836185988818e-01
4.130516648531982193e-01
1.491435452139469708e+00
4.189643169684688084e-01
1.061149164359013630e+00
4.374837213993578167e-01
8.285277143485029194e-01
2.193953929426940841e-01
5.079892139347117475e-01
5.226244770213055446e-01
4.224392856460203460e-01
5.129261397778540621e-01
1.083372635340149381e+00
3.434267162304339704e-01
7.829868217611942738e-01
3.686858105626563131e-01
5.514235546453120085e-01
1.030676873508737712e+00
6.866265890110790915e-01
4.223968632617405849e-01
6.758467538356085491e-01
4.465125939350016449e-01
9.555986567476313365e-01
6.976245181552235275e-01
1.887902262052272739e+00
5.418899169278906802e-01
4.834036189081042378e-01
4.197311310223803549e-01
7.743843616279415532e-01
8.108781833870641886e-01
6.878095043638463579e-01
7.655240749030191028e-01
1.024018408156767812e+00
8.180711103342119817e-01
7.908195269106972347e-01
7.089001522454592141e-01
4.681063650036013102e-01
4.264292219940372108e-01
4.258361898740082863e-01
7.643547678541940948e-01
1.458081493837158016e+00
3.669470893509789167e-01
3.930334324957516223e-01
6.060028388190559223e-01
1.869174899920379884e+00
3.625914994575026862e-01
3.921233910649277732e-01
4.038179958399318870e-01
5.739992637034188050e-01
6.004381872144892718e-01
4.562216789249273763e-01
1.012292432567455380e+00
2.569210489655020524e-01
4.333097904957646240e-01
4.770293175662383423e-01
3.863777639083745830e-01
3.025783303050584294e-01
6.363588303517409006e-01
4.228575640644474110e-01
2.963555780067259615e-01
4.080366745604921963e-01
1.003637774071167943e+00
3.044970013414988741e-01
3.159950836395514218e-01
4.131144790040288117e-01
4.691097984860568837e-01
7.993274277183748389e-01
8.060998465943487457e-01
7.280138174920600669e-01
4.226187675163319279e-01
6.324949324608805101e-01
2.277140510278160779e+00
2.290900552051926997e+00
7.794852516726060720e-01
1.925234603723687821e+00
4.882993510626498779e-01
1.425766016099230704e+00
9.764875860291315490e-01
9.243499008339737255e-01
1.992156567703061931e+00
1.454116080262448429e+00
1.363479279412647793e+00
2.080462822970599479e+00
1.688006228085067839e+00
2.209430596205614883e+00
1.134278998161504015e+00
1.444146720172603260e+00
6.036132105317164598e-01
2.947508626232169693e+00
1.217845321171892259e+00
6.975444554403006370e-01
7.177821183065353772e-01
8.961065225093669540e-01
1.193014403062524709e+00
3.928115282411601683e-01
7.259229292131927913e-01
1.258987287228147567e+00
1.264748004238996248e+00
1.136540807046369395e+00
6.631038904578469007e-01
1.146135521206720576e+00
3.127481637636410627e-01
5.315010397721845470e-01
4.711748997462045230e-01
8.168084885370903159e-01
2.815663631405763700e-01
4.745231952892574601e-01
5.870945051748580612e-01
4.646335734456212840e-01
5.399440738059033684e-01
7.486229048499640770e-01
5.117974912928454634e-01
6.444578313022339966e-01
6.247780804046999537e-01
6.282756413122044803e-01
6.599558369535462043e-01
5.123169970652990957e-01
4.138648687188677955e-01
4.732101674923451795e-01
5.019763000292577493e-01
4.670874556059617655e-01
9.060136198184672862e-01
2.332800406979978480e-01
3.617497464974874233e-01
6.285264903012510729e-01
4.369810083678665191e-01
5.264259740604432247e-01
1.248756052441789111e+00
8.789004044148931438e-01
1.073426079025462165e+00
5.518882228754972141e-01
5.003487366673539105e-01
5.354050346146372874e-01
9.897591697848785453e-01
2.742614966426573653e-01
3.185068640993558575e-01
4.837846710654126747e-01
1.097754229283071536e+00
9.321051461116010017e-01
1.132531521709301714e+00
3.121582805309027764e-01
1.682580965939939110e+00
7.676222278097711849e-01
5.395705432044435312e-01
8.802181149228373025e-01
2.494591503546738753e+00
2.470912167128151538e+00
2.929122839669799361e-01
4.083071457464131360e-01
4.370638009861398943e-01
8.013228541976283870e-01
4.034421398057846386e-01
1.064678251591207880e+00
3.743973603453815691e-01
4.730789329120275166e-01
5.848064192775519476e-01
3.209359769101721160e-01
4.740134165250476928e-01
9.621086952220736510e-01
2.334034841112684777e+00
2.019383949074257334e+00
2.967544043916888530e+00
8.407465276479467731e-01
1.012328816964196188e+00
4.007023105443391353e-01
4.341206922725776018e-01
1.485448120150080875e+00
1.498841958554281595e+00
3.871424008427147290e-01
7.249285781385899075e-01
1.847727634763002946e+00
6.693658389498334804e-01
5.789106594558052210e-01
4.450645334031756994e-01
1.543557731956382906e+00
5.207992690462776020e-01
1.194003772744526071e+00
3.856426244922686042e-01
1.039734601878324671e+00
4.877922604481849667e-01
4.547852518500922758e-01
1.640425538338219580e+00
3.046202126744998573e+00
6.042921424037037692e-01
3.605868096121631061e-01
1.031374212149763103e+00
4.912355544879309366e-01
4.666739053562445894e-01
8.100857396898353269e-01
4.946195338498732275e-01
4.348429068226379313e-01
5.590818959739130012e-01
4.704357511490147026e-01
4.049397390366593075e-01
4.276562017258749293e-01
5.160773421694454521e-01
3.126524462793220382e-01
5.866185540734181192e-01
2.763837149251592074e+00
4.630913747108953427e-01
4.797691468276839566e-01
3.687746227586941039e-01
3.187630150006574015e-01
5.571962765840769993e-01
3.248399717526249675e-01
7.391155522030117275e-01
3.615902430946185686e-01
5.682104817541778763e-01
6.754316243044722334e-01
6.393631972785452922e-01
6.706375664986383711e-01
2.220550819508535501e+00
7.628000575525304416e-01
4.393631472716328923e-01
5.868488033384614555e-01
2.315259321606675691e+00
8.323065517774017597e-01
3.523694989473978856e-01
3.560148670874084265e-01
8.251503292882291785e-01
4.839306879900119873e-01
5.931819109917304544e-01
5.030601651475696823e-01
5.549280208410977133e-01
2.244669053780580903e+00
6.013697241382616188e-01
4.006846575095836527e-01
9.429989974029511224e-01
7.081184747044793060e-01
3.975928691384007507e-01
2.782978228024322598e-01
4.217040555057975371e-01
6.684797269893920646e-01
3.210620153673285349e-01
5.846517067567645887e-01
5.604007740757075418e-01
3.722920138205255136e-01
3.635949329399580932e-01
4.167632529592937285e-01
5.026867118494449116e-01
4.551423581124797169e-01
3.727102922389525230e-01
5.277835721050312401e-01
3.349922294797871847e-01
5.092122262390712528e-01
3.766477520271175883e-01
7.294188481259062939e-01
3.629378579734156562e-01
4.123945898866557824e-01
1.231467631725239320e+00
3.352605235461366129e-01
3.243753035224399284e-01
7.655246243377197279e-01
3.674270078798970163e-01
8.423213727881972979e-01
2.886324330903799473e-01
3.347782022811960911e-01
1.064315429343937414e+00
1.024863101947476318e+00
3.145733717386689499e-01
5.932447251425609913e-01
8.618820532302278181e-01
9.928251441770568064e-01
4.118612279445825197e-01
3.289521852423919479e-01
3.536802430652282725e-01
4.293089814319883679e-01
5.438728538332741058e-01
8.171865216908090757e-01
5.771720865572438353e-01
2.968998948823093897e-01
4.878703248977485085e-01
5.533858221063717719e-01
8.093527773933009151e-01
3.242956059065301155e-01
5.360825013477303891e-01
4.237574030065834330e-01
4.274966983230061857e-01
3.837169708642118593e-01
5.255901779648206595e-01
4.862522388330304812e-01
1.454835493899377497e+00
4.062136437050357096e-01
3.512083033994691794e-01
4.018766874424790081e-01
1.084391225019767369e+00
3.133311417080981154e-01
4.764067389574641598e-01
3.947905884431821555e-01
4.249827407436302940e-01
5.648119845019103913e-01
7.732223731665057720e-01
5.251255097346356759e-01
4.981369249117045261e-01
6.662689034260005361e-01
7.537679010273048430e-01
5.977833510347192458e-01
4.708285412302914419e-01
1.435915178824029415e+00
5.182382382172472379e-01
3.324990738224574138e-01
1.407131585733694790e+00
1.942063910103730029e+00
1.578981188730086416e+00
5.851527777934650842e-01
1.230580788658929947e+00
3.680240074274040984e-01
6.712856840266134828e-01
1.147622680201134893e+00
3.911686728269177515e-01
3.900762788353084320e-01
4.056748784527653418e-01
4.973841324608430647e-01
1.088657071091553075e+00
6.695872080796443360e-01
2.000403723610124196e+00
4.626005601223869834e-01
6.654669912600306159e-01
5.730501872893795756e+00
2.537413208233958439e-01
1.505107884243899186e+00
3.852786129416001515e-01
3.288338755281200454e-01
4.810408743764889028e-01
3.168757048554761147e-01
8.961882183906360044e-01
8.424400836240539814e-01
7.260828378571413388e-01
7.906450293666426044e-01
3.386574277741245531e-01
4.296089501361434193e-01
4.734229659952532421e-01
1.280284280308065625e+00
1.000387230300364694e+00
7.499471667575767775e-01
6.498122748225717560e-01
1.223868924066957353e+00
1.290991727626570551e+00
7.194195704105806888e-01
6.292967278294154809e-01
5.639268607337268868e-01
4.946324587159188213e-01
3.695816820773140110e-01
6.924928513145917064e-01
1.096207104301088142e+00
6.215781861124940466e-01
8.756329621183145395e-01
6.537570588829584306e-01
1.339119039282547385e+00
3.992342088316986337e-01
3.859130956781895994e-01
1.672421211202045122e+00
1.856530659020095397e+00
4.071406547327185432e-01
4.116299529523156919e-01
1.000742105558253714e+00
7.434089893442842323e-01
6.004227346431360024e-01
4.972494757108336105e-01
3.448948179430745831e-01
1.056747304956150435e+00
6.185376528223855974e-01
4.228796274018711832e-01
1.081450535840463356e+00
1.165693159809080420e-01
4.559470940930348548e-01
4.586154459161607688e-01
4.198463947109817296e-01
3.249530482969079648e-01
7.815922819458583914e-01
6.685123898194554881e-01
3.370510378797691997e-01
6.191277888352171299e-01
7.984491314622955693e-01
8.580643341246378952e-01
1.342457699953738759e+00
2.413204653320231596e+00
3.597342528160225594e+00
8.370697630669474698e-01
5.947729022742368477e-01
1.285494436891608583e+00
6.170062202439088317e-01
4.563292408927250854e-01
1.174059450310161790e+00
5.702265034412836719e-01
1.766851990415354123e+00
3.799782879759047161e-01
8.815834245899955013e-01
7.681457427633086033e-01
5.395667329185259709e-01
1.768442950528961832e+00
5.191516854633254630e-01
1.538722230577172390e+00
5.000209796100847370e-01
4.839554573395363213e-01
8.635370456056422617e-01
5.721648250074222730e-01
7.356836673083668732e-01
9.214978231896261418e-01
1.012627299525660884e+00
3.667994304315887466e-01
1.738681757927446947e+00
3.986954435794280993e-01
6.705949958012427103e-01
4.488448925244944432e-01
5.353273834641816276e-01
1.045746969773106771e+00
6.401423383603502826e-01
1.251788683762979026e+00
2.007158991397721692e+00
1.184146656210204540e+00
4.942306046365644301e-01
1.361416517809042048e+00
1.004173390436147839e+00
1.723908332324263215e+00
7.683159166093167514e-01
4.900713889069236995e-01
3.102694569964169702e+00
1.716993224637488380e+00
4.348203145926849422e-01
5.722876372739530426e-01
4.093864665588608509e-01
4.243680881613677291e-01
9.388662677247672228e-01
1.517258951646621279e+00
1.440890388293644797e+00
4.287311506401813577e-01
3.797587091540006732e-01
1.448497472159215871e+00
6.808508296589496078e-01
5.559786675899145436e-01
1.670581675715558934e-01
6.397444517084739379e-01
7.524481994709071309e-01
4.374525818863327919e-01
5.055176787396157279e-01
8.090429212364645961e-01
6.632408016307628218e-01
6.415255953044312065e-01
6.492469499128703525e-01
4.398036302475853976e-01
3.902710110043531300e-01
6.008735062395561544e-01
5.469167517040752768e-01
5.853342700604573512e-01
1.270370915765480113e+00
6.806041978084392818e-01
6.122262073849558117e-01
1.317452851856184548e+00
1.391969870206458015e+00
7.679378834555981026e-01
5.767321876765831856e-01
2.846071075341670475e+00
1.160285450749036329e+00
7.716369335073125502e-01
3.571140180541829134e-01
4.743970502725904925e-01
9.812935435212069013e-01
1.407596124213434718e+00
4.754593304783983898e-01
7.114705538121649520e-01
6.641120521090120299e-01
4.635344224788467415e-01
4.654762748295248609e-01
5.476247963379695660e-01
9.336945882123424134e-01
6.435218225201951858e-01
1.564619358215874056e+00
3.797316143717888726e-01
7.445160359682314599e-01
6.394143152590131551e-01
7.553564895737887586e-01
8.911155554149170488e-01
1.534060297097678882e+00
4.498019361951918205e-01
1.284340584935283136e+00
7.241801093857751503e-01
1.169450158254199401e+00
7.163086132836977704e-01
1.576536597174051479e+00
1.196105713897926082e+00
6.603285441004026479e-01
3.778899820576885338e-01
1.737091626249891219e+00
6.057323676331348716e-01
1.106590896807559066e+00
1.086833045910732043e+00
3.159950836395514773e-01
1.234709666991194554e+00
1.256900876185745197e+00
1.223842740752387526e+00
7.337170222643335515e-01
1.346849451963641586e+00
1.089524776269876982e+00
6.028231106769496028e-01
9.683072944384492065e-01
9.985065213000606787e-01
6.676401909173177440e-01
4.882569286783700613e-01
1.917728578605515155e+00
8.683133584071732747e-01
4.771793019183159235e-01
3.814703355834663800e-01
4.705857355010922838e-01
5.249491767516145657e-01
1.030118485289176045e+00
7.826699190099097869e-01
3.809739927154757733e-01
7.009521074147628816e-01
9.230955781715500796e-01
1.076485973701258203e+00
3.524344956992750966e-01
3.723038583040041427e-01
5.833335893962016128e-01
6.015813514856307442e-01
5.312870125735934534e-01
4.134746800950577228e-01
1.048682323790486093e+00
5.857781781222018980e-01
3.461547010084008447e-01
1.240112870513340182e+00
2.147305714518186748e-01
2.836027276237214068e-01
6.204032727850125051e-01
5.216527181766555943e-01
7.824855396980061606e-01
8.038359110190659296e-01
5.759744560305241068e-01
7.493156218817903502e-01
1.246926558094154203e+00
5.329453021494143794e-01
5.653949624463674439e-01
4.257026298610032122e-01
5.424829490479196048e-01
5.168883689155435723e-01
9.428754438995675669e-01
5.849732959231532803e-01
1.382290634927565431e+00
4.475691975482111729e-01
1.228807018305705157e+00
7.406354332947469032e-01
5.576678501025432722e-01
4.120482313707427013e-01
4.455515828368259434e-01
9.940676708338594958e-01
9.706898691243912580e-01
4.759664210928632455e-01
1.299720535744949723e+00
6.337729528698510251e-01
6.049274854340864760e-01
5.141237703045736795e-01
7.580846226648716435e-01
2.008734912789880145e+00
5.641378505189533765e-01
4.163025521565868470e-01
9.454617574902516308e-01
5.860734186576471716e-01
4.227816767344552140e-01
6.693658389498333694e-01
1.641285210844456000e+00
5.954146496387111576e-01
9.531162254929448352e-01
9.497817542889552822e-01
4.586044019239854941e-01
3.690745914628492108e-01
5.489389462710543288e-01
9.621216439793691677e-01
4.390684908314794743e-01
5.892841600389320256e-01
1.466623030412265605e+00
8.776852382988195034e-01
5.955081900034587816e-01
3.622156434233554934e-01
3.476523002392755690e-01
1.021052139916196477e+00
4.593078667022860162e-01
1.854380311812287685e+00
1.966688803668587449e+00
4.084147077142108451e-01
5.074334080758013954e-01
9.083473430827092576e-01
4.388426191494097517e-01
5.079783412189523562e-01
5.307482473213230856e-01
4.653782319125185363e-01
5.124297969098634553e-01
4.119320987760422548e-01
4.121262958203063542e-01
5.082111181893032015e-01
4.256398157101726754e-01
5.730717175509554284e-01
9.100774460015335077e-01
3.396608612565800156e-01
3.798839241565538094e-01
4.502349297875714029e-01
4.086830017805602733e-01
8.009247025597601155e-01
5.425045695101532450e-01
4.313582707811791650e-01
5.666874919172185665e-01
1.059126080242066115e+00
5.261289432170911384e-01
3.278480950804199545e-01
7.963896307959722476e-01
4.536340111351307991e-01
4.595640593571930221e-01
3.624284419262634449e-01
3.095413408393230537e-01
7.529534997774650629e-01
4.774299429499099801e-01
8.017804771228255190e-01
5.066415990559145488e-01
3.430153431002881947e-01
3.726254474703928898e-01
4.596169499865692121e-01
3.705851155597695845e-01
5.656121385322491202e-01
6.296426270455998120e-01
9.229366296566527961e-01
1.287487175299005138e+00
5.448092280596478210e-01
9.896871632777428651e-01
3.401255294867651102e-01
4.919044739379520026e-01
1.102888995245562276e+00
1.630461493060227030e+00
3.260397793989159854e-01
5.260972685792855152e-01
4.079183648462201828e-01
3.874995071051021145e-01
1.139956664014576404e+00
5.253131883022832405e-01
4.657445688958745111e-01
4.225112055485342744e-01
5.551538925231673804e-01
4.390389933132453071e-01
4.394572717316722610e-01
4.091476700107454234e-01
6.257753693401060247e-01
8.056948696734355098e-01
3.283159121978956319e-01
3.637132426542301067e-01
1.572022329718545830e+00
5.691047602445560294e-01
1.053256826665665669e+00
9.916958205505608248e-01
4.910239300253622652e-01
3.738971750191978360e-01
1.062837591044826668e+00
5.988648489667383057e-01
1.559648833761040576e+00
3.976053750205062465e-01
7.940526040377697825e-01
5.876667353728407539e-01
4.010781665784862726e-01
2.971921348435799248e-01
5.623165034118932093e-01
5.758539691966806373e-01
4.476767595160088820e-01
1.249856976311989332e+00
4.640653106751167489e-01
3.911301183175546203e-01
5.139273961407382352e-01
5.735788081654202841e-01
1.678784198804942118e+00
4.987623252404413399e-01
4.655629099059914178e-01
6.873555838801354012e-01
5.302116591886240071e-01
6.501523404783193794e-01
4.466416513957479073e-01
4.790656820493835455e-01
4.279908640714252810e-01
7.510830088606894606e-01
5.295506167946033571e-01
1.441759541163930569e+00
3.669494147836662168e-01
2.043416827788924639e+00
1.146768204573116900e+00
4.082942208803674866e-01
4.996916617008115291e-01
3.632309213892895849e-01
4.205336877887414504e-01
5.830405259803277396e-01
5.275189804801680982e-01
6.743808292425395035e-01
5.623806945715228434e-01
2.234876399120554247e+00
4.867464045814496321e-01
9.014538497149360285e-01
4.813186874936297710e-01
7.955254339191200064e-01
3.765294423128456858e-01
4.011964762927582862e-01
3.642876499717842553e-01
9.372494801222547300e-01
8.791227621106588730e-01
4.526600751709094483e-01
6.500381465046416452e-01
3.740579071177496662e-01
4.360603675036843763e-01
9.167423774821545912e-01
1.127812541521717504e+00
4.432447471677599671e-01
4.959800735947160200e-01
1.544959257992829738e+00
8.362084368805690060e-01
9.108709680259922115e-01
3.752044196640014762e-01
4.831977256934775200e-01
1.083673368624987976e+00
3.996881293154093684e-01
6.233331833501281061e-01
1.987315013412018772e+00
4.171412861130123217e-01
3.581152744170670865e-01
4.875239663818355385e-01
4.406570793779633899e-01
4.049397390366593630e-01
5.469344047388308150e-01
3.466086214921116904e-01
3.696597465268776639e-01
3.727102922389525230e-01
3.962672791925004323e-01
3.993881606112544280e-01
6.113278621244947475e-01
9.255349678895886667e-01
8.996631870681875975e-01
6.644842842482665546e-01
3.624436922249965054e-01
8.447919362155742462e-01
3.643278952364926715e-01
8.356479028529490982e-01
7.651931149989551484e-01
5.181353271148242401e-01
2.090017604685844965e+00
4.786769011491905923e-01
5.930388319279342735e-01
3.963041499534670775e-01
7.121395505655211400e-01
3.239865226222469752e-01
7.169528841851294798e-01
1.006249221032994967e+00
3.714256398241018164e-01
4.451333044183989895e-01
4.127657177520932530e-01
4.444405873865727719e-01
3.350641493823010575e-01
4.189201042762821792e-01
3.588504138331730098e-01
8.686008701997341985e-01
7.162320645550787068e-01
1.034429761862940333e+00
1.242765578544049898e+00
6.265083316366404365e-01
4.176354518614314726e-01
6.264776054227234603e-01
4.806009754958281421e-01
4.689173917496995414e-01
4.086830017805603288e-01
4.408178114765151645e-01
1.070416023731030286e+00
6.929829013224166889e-01
3.534466426402741446e-01
7.625539424170261205e-01
4.592319793722938193e-01
4.460456002721291946e-01
4.177066110227139473e-01
3.368003968481751986e-01
5.054288665435777705e-01
1.261753358561026106e+00
5.496871588663220232e-01
4.240086564662929880e-01
4.947083460459110738e-01
4.105670564789405397e-01
3.934862562424580879e-01
4.644728413470694539e-01
6.261641502402988113e-01
1.385927874843021046e+00
4.274542759387263691e-01
1.430575580687963200e+00
3.994600805137682453e-01
7.480415689002979374e-01
9.839469394313870021e-01
3.827844855165510873e-01
4.982552346259765397e-01
5.254826159970230615e-01
4.269766828424955696e-01
3.549888413750000304e-01
1.124021331491508180e+00
5.829764831338142272e-01
1.393017733546185077e+00
6.783182890307045687e-01
1.268105550217353716e+00
6.144078280514686519e-01
9.328643927105442213e-01
5.748969255259832600e-01
7.994858727489025929e-01
3.877253787871717816e-01
1.580861653750366802e+00
4.343556463624999031e-01
4.476767595160088820e-01
7.850732074878029598e-01
6.153001454377560187e-01
8.065628154144657280e-01
1.598831179891072152e+00
6.361071089375798238e-01
9.171553604348158251e-01
4.048461986719117389e-01
5.596006200453688129e-01
4.667163277405243504e-01
1.783023700286020974e+00
5.153196105233864843e-01
1.239645213840301574e+00
4.018133059945923069e-01
5.506163709048261801e-01
3.742967036658650937e-01
5.821575793317157466e-01
1.363475966617400337e+00
4.502666044253769151e-01
3.977700745465362342e-01
3.928608559137211631e-01
4.062522558033980213e-01
8.068242041925339780e-01
2.265181958151795794e+00
3.188718056641381415e-01
4.632661284124972023e-01
4.681063650036013102e-01
3.932167334804255732e-01
4.536861008833177888e-01
4.210006814516138451e-01
6.900529907573010879e-01
7.103443080631787199e-01
8.207441580173486795e-01
9.313538686136239031e-01
7.049093973572548855e-01
1.233632152911192437e+00
4.388426191494097517e-01
3.818591164836592777e-01
3.992342088316985782e-01
4.525643576865903683e-01
1.228101988835948788e+00
5.287187881264592271e-01
7.095712488150517361e-01
4.035921241578621643e-01
3.802705279371751956e-01
3.772624046093802641e-01
3.894934492039673901e-01
5.319952055206036423e-01
3.708357565913636411e-01
4.695744667162419783e-01
5.669510578148582169e-01
5.864621995578400693e-01
6.295728989517653806e-01
8.118840196055423508e-01
7.952502345644892889e-01
8.529983741645800199e-01
7.752835069991751427e-01
4.064502631335796812e-01
7.578575222871188899e-01
5.338520881334370971e-01
6.204456951692922662e-01
6.152404752598004123e-01
4.254366612273410286e-01
6.165862998306907983e-01
6.497681394337203598e-01
3.937545503088075716e-01
5.262295998966076693e-01
9.984153347008241086e-01
7.861982245411059944e-01
