6.426377831073186719e-01
9.693210086745756016e-01
6.963027656477438487e-01
8.607967554130960819e-01
9.306152262309412837e-01
7.035187941049397820e-01
6.515912897822445649e-01
7.415676959619952324e-01
5.014346571021042198e-01
9.126657415014730601e-01
6.676260793392566617e-01
8.450613298902517334e-01
7.993231136770854173e-01
7.172661460411560164e-01
7.567897953760297503e-01
9.090623042094521100e-01
7.952218430034129204e-01
7.927586282950743746e-01
6.775550880301184353e-01
6.702237941337886307e-01
8.799711657116326968e-01
8.407451374303716030e-01
5.890375714178488487e-01
6.754260253200237152e-01
5.589873912618512630e-01
5.853558206499382965e-01
5.104181844674340329e-01
8.998887308392582440e-01
4.538592147940348487e-01
6.167664670658682402e-01
7.081375607059660071e-01
8.970162114507410633e-01
6.763107011407462066e-01
7.368883212261515547e-01
7.295554791136839023e-01
9.244738157383239896e-01
5.026571915679054481e-01
7.994779564832682484e-01
8.334124497610684301e-01
7.023468803663422966e-01
5.222847252271743956e-01
7.397760918521204543e-01
6.110287577823895200e-01
8.723558564003384141e-01
7.914041544507516290e-01
8.815550334677955124e-01
9.294614791259516728e-01
8.859916896367301398e-01
9.142986017140279920e-01
6.830223450817783926e-01
8.470391010828689504e-01
8.913539834894537162e-01
7.898686679174483638e-01
4.448722810440431386e-01
4.289473283645334201e-01
7.322680287404573773e-01
7.029177718832890776e-01
7.075913776944704470e-01
6.712328767123287854e-01
5.574421470628508901e-01
6.419182948490230745e-01
6.812580641426804196e-01
8.180163785259326747e-01
7.293428757319453393e-01
7.149335924846128565e-01
6.844592942710455707e-01
9.668397849000840427e-01
9.901953522198503332e-01
8.575288252977663062e-01
7.403968331541393999e-01
6.903225806451612767e-01
6.244595429277332022e-01
7.063968444520665191e-01
6.745514798308764881e-01
6.840620592383639398e-01
9.074380328566922227e-01
7.999219922701431562e-01
7.401623985009369022e-01
9.275137906166370794e-01
8.285802396494734712e-01
9.424948253093643480e-01
6.145415084102007208e-01
8.638256775517595409e-01
6.380392365995137816e-01
6.715987282653550494e-01
5.744315744315744432e-01
8.152839890462775241e-01
8.271346953293466919e-01
7.057402935166263713e-01
8.623595711541781617e-01
9.726748906005583395e-01
6.783377184105781055e-01
8.706744816800524589e-01
7.307692307692307265e-01
8.495295113332113068e-01
8.306375550452813616e-01
5.963835249469806588e-01
7.919233401779602888e-01
9.232736572890025695e-01
7.496772233614339420e-01
8.060135790494665775e-01
7.169433355276626507e-01
9.480766734455453593e-01
9.416187899541172968e-01
7.762462900548317002e-01
7.186715043259838120e-01
7.992395437262357349e-01
8.083407275953859994e-01
7.401048627531613411e-01
7.547603742957395001e-01
6.947852259909801376e-01
5.561018437225636601e-01
4.987896907912623967e-01
7.153322867608581381e-01
9.036189931811946519e-01
8.616850347371517449e-01
8.313858824339498410e-01
6.454781173882297995e-01
6.845688016620253835e-01
4.728036755606376818e-01
7.083993660855784080e-01
7.934718833956088124e-01
9.921547360977578389e-01
8.148200423429781125e-01
8.060985144644253753e-01
7.415339014449796595e-01
6.893203883495145901e-01
6.942205848491825870e-01
7.718449128285194138e-01
7.823129251700680076e-01
9.203908693765505689e-01
9.388794567062818119e-01
8.006306457263850929e-01
7.459333849728891908e-01
6.569468267581475285e-01
7.896962176570614389e-01
9.638093752437407735e-01
8.350515463917526082e-01
9.217344042514644675e-01
9.566894701086462449e-01
8.668099658036150235e-01
7.949148980878335546e-01
8.021201413427562210e-01
6.034582132564841883e-01
7.406260296540362331e-01
8.410117434507677903e-01
8.822071579561192589e-01
7.930466650398184658e-01
9.346607952096046557e-01
7.029772329246934959e-01
7.600000000000000089e-01
6.581731019748841005e-01
9.223900975513357192e-01
7.789566150620718110e-01
5.538731419074878204e-01
6.116504854368931543e-01
7.785386464631747216e-01
6.947463338237387376e-01
9.277681357156472020e-01
8.072927006816226214e-01
7.517046790500823139e-01
7.671651072144922701e-01
8.338591479319339417e-01
8.060027827469687933e-01
6.955735513798254610e-01
7.960821335850838398e-01
8.135518466073957677e-01
8.319739858201397054e-01
8.583761337558736271e-01
8.578152256195898939e-01
8.471760797342192673e-01
7.860962566844920119e-01
5.388026607538802804e-01
8.377522635231433590e-01
7.499346367254452472e-01
8.850442066077245373e-01
8.526462281527567022e-01
7.340720221606648055e-01
6.790123456790123635e-01
7.363896848137535533e-01
8.041588747257840675e-01
8.733685802224200323e-01
4.740606912546932450e-01
6.863434574304426716e-01
9.048925873329755065e-01
6.605235671893493477e-01
3.083174822756354905e-01
8.170157443079554271e-01
6.848917742214150062e-01
6.759399371435222958e-01
8.219313779444784585e-01
8.351741977777528136e-01
7.948134907129824622e-01
6.422182468694096480e-01
7.336051647978253376e-01
9.655733149166709772e-01
7.921529946143732737e-01
7.761238463828520340e-01
5.666666666666666519e-01
7.439999999999999947e-01
5.280235988200590036e-01
6.657312129716245197e-01
7.158469945355191433e-01
4.269067705642055066e-01
3.741064621165734461e-01
7.338940929076658293e-01
8.062302655859155953e-01
8.389450275057547257e-01
5.037341570726302509e-01
7.351809083910700870e-01
6.366615942877209555e-01
6.180561787669388574e-01
6.363300378822877024e-01
8.088481261602367134e-01
1.340590979782270709e-01
4.666550064828582367e-01
6.917189755295223286e-01
8.108488479633277901e-01
8.484080643384378506e-01
2.554333929941191572e-01
7.755641390526529788e-01
7.427044465632808290e-01
6.223602484472049445e-01
7.605089319930448122e-01
5.282051282051282159e-01
6.083460177916287792e-01
7.419354838709677491e-01
6.748761336548966261e-01
5.651899134171775030e-01
8.030258083654702173e-01
6.473942532080081413e-01
5.535146591310491360e-01
6.283291016152557917e-01
6.402530932750604142e-01
7.669348725840520187e-01
8.376843649975009853e-01
6.581112612059437650e-01
6.247927651104342450e-01
6.826938349481518342e-01
7.377833602488187426e-01
7.267488974282304559e-01
9.086670730058034051e-01
3.792557403008709471e-01
6.161335033552857166e-01
7.860102564083645271e-01
5.237570278910814725e-01
8.080877313228238545e-01
7.124362036513376406e-01
5.844155844155843882e-01
1.413554633471645894e-01
8.903956530703183159e-01
6.708860759493671111e-01
8.794698093473787281e-01
5.991285403050109482e-01
5.266272189349112676e-01
7.142857142857143016e-01
8.732599884192241424e-01
6.872871987618837109e-01
8.099220175875228023e-01
6.774989716166186504e-01
5.798280269579363377e-01
8.912874310872637151e-01
8.267062947688401664e-01
7.370823443490962523e-01
6.190476190476190688e-01
6.349211921227226885e-01
7.476362685721754664e-01
7.070090507261629353e-01
8.232931726907630754e-01
7.590789543901225178e-01
6.689655172413793149e-01
6.875546487904401483e-01
8.408190288617379826e-01
8.716390856298882328e-01
5.422224904931490785e-01
6.399697603059545381e-01
8.284182305630026777e-01
8.645476264672276034e-01
7.574238110364495125e-01
7.510383152968704845e-01
7.504498022122031431e-01
6.837944664031621045e-01
6.711059640995946651e-01
5.671260847371107916e-01
6.484060662333642755e-01
6.418368388605484309e-01
5.957280541807762342e-01
6.917027133307117603e-01
3.659673659673659540e-01
