1.017018001057249155e+00
9.180817420497648929e-01
2.619473786713902630e+00
1.756508110213582885e+00
1.074081630760384654e+00
1.265137674237435839e+00
7.815574948760514173e-01
8.865312027599766553e-01
1.175160210336928523e+00
1.050126591669989784e+00
7.679245458002169622e-01
1.284029046528235130e+00
7.486436606786797121e-01
7.285837498956662106e-01
3.384671742698952990e+00
1.905496767970916272e+00
6.008235414135606467e-01
9.157446650653361386e-01
9.245087037569439392e-01
7.671455201387407108e-01
8.271304960724122912e-01
8.212878036113403502e-01
9.465161786936481247e-01
1.136987952924592093e+00
1.230665788717111742e+00
9.807933077986032977e-01
7.040444415591642358e-01
9.361940886790878213e-01
1.028119116733285709e+00
6.787261075611860095e-01
7.205987368655345504e-01
7.922690977213499020e-01
7.634451482467284889e-01
9.922839363053780337e-01
1.697691672772125626e+00
1.123549760264126673e+00
8.838046129448097199e-01
5.735576432618917364e-01
6.479545939328739124e-01
6.033553748133584360e-01
1.976972372411362588e+00
1.336613278677882155e+00
3.484192270952544135e+00
9.805985513832342626e-01
1.595444554703367324e+00
1.071355040945217718e+00
1.070381258868372543e+00
1.956133435966872725e+00
1.468073859051999941e+00
1.403025216318732671e+00
6.602242481011248998e-01
9.996846800894024776e-01
1.021692155026106663e+00
1.374785536090218585e+00
1.987878731672030108e+00
8.399844194867704950e-01
8.107709571814109006e-01
1.440807960900331031e+00
1.584343439027330769e+00
4.948760514527901222e-01
7.669507637233716757e-01
7.223515446038561993e-01
1.221122724364027468e+00
5.753104510002132743e-01
7.581867250317638751e-01
5.071457056210411096e-01
9.430105632170050489e-01
5.710258098620939471e-01
7.198197112040582990e-01
5.301269626345905817e-01
5.201943854507683485e-01
1.418800485963626956e+00
1.306231277880308239e+00
3.125256197427360494e+00
5.949808489524887056e-01
1.110306324019030511e+00
4.923442180529922774e-01
1.144388696708616537e+00
6.204939393658359670e-01
5.817374127073924317e-01
8.029807005666483866e-01
6.267261446576459782e-01
5.386962449108293471e-01
6.528235043171005669e-01
5.758947202463204906e-01
5.248685394196258569e-01
7.332579038645237191e-01
1.132313798955734585e+00
6.259471189961697268e-01
5.209734111122445999e-01
5.032505773136598526e-01
1.820777727285373793e+00
8.707559331150824811e-01
5.486288220946515803e-01
4.882543333302419297e-01
5.211681675276136350e-01
4.892281154070872717e-01
4.890333589917181811e-01
5.192206033739230620e-01
5.499921170022350481e-01
5.675201943854507602e-01
5.749209381694752041e-01
7.110556725124504984e-01
5.698572713698795145e-01
5.940070668756434191e-01
