1.490049095916656574e+00
8.617710453837863493e-01
8.099868279247993685e-01
2.784654532391330317e+00
6.016063944437791911e+00
1.950910070650221373e+00
8.873847443419948799e-01
8.948090049095915877e-01
1.033271464495270076e+00
5.122739791641719442e-01
7.784337205125134718e-01
6.644713207999041193e-01
9.558735480780744531e-01
6.668842054843731049e-01
6.150999880253861241e-01
4.979822775715482819e-01
8.046042390132918110e-01
9.564303676206441507e-01
5.963537300922044926e-01
5.854029457549994042e-01
6.054484492875104040e-01
7.569033648664830194e-01
1.438264878457669704e+00
1.019350975931026193e+00
8.376421985390970493e-01
6.002514668901928196e-01
1.357526044785055674e+00
1.159483894144413885e+00
7.828882768530714964e-01
1.058328343910908798e+00
7.743503772003352825e-01
1.276415998084061698e+00
7.246078313974374518e-01
7.168123578014609087e-01
7.359298287630223756e-01
5.358460064662914357e-01
2.104221051371093054e+00
5.269368937851753865e-01
8.508202610465812610e-01
1.145377799065980140e+00
1.825440067057837235e+00
8.114716800383187101e-01
6.420129325829241340e-01
5.616453119386899395e-01
6.262363788767811856e-01
1.067608669620404793e+00
1.102873907316489044e+00
7.129146210034725817e-01
8.660399952101544008e-01
1.251544725182612838e+00
8.339300682552986954e-01
5.610884923961202420e-01
1.168949826368099520e+00
7.110585558615734048e-01
9.545743024787449738e-01
1.100275416117830085e+00
5.670279008501976081e-01
6.834031852472757240e-01
4.742246437552388727e-01
7.440965153873787541e-01
5.358460064662914357e-01
8.276194467728414939e-01
