6.938553484108348490e-01
7.535128008558095170e-01
1.028783135722356468e+00
7.221902027472740793e-01
8.078916149827503057e-01
8.682130631787365882e-01
1.314540323414252088e+00
7.450376805360916510e-01
7.347301308509128770e-01
8.334631907776931525e-01
7.646825297012611600e-01
7.448627063993503716e-01
8.483718069497238057e-01
9.635107308185171249e-01
7.225784232633375437e-01
7.843918231411958208e-01
7.503730221933060385e-01
6.732822984098404406e-01
6.913087429116215876e-01
8.214846598254997856e-01
7.053075355195173035e-01
9.399364525640930834e-01
6.973924993470989042e-01
8.428383386254898468e-01
8.794405758077470381e-01
7.759275987869231894e-01
9.005074243840387460e-01
7.864602788461699800e-01
6.503725776795326041e-01
6.330572575210267061e-01
9.674538269948796954e-01
6.655634938089359798e-01
7.643925676044209805e-01
8.107376294187015331e-01
6.658476902143477538e-01
7.068321467095431965e-01
7.512908149563365390e-01
6.618392088019722230e-01
6.157369000777053181e-01
7.183113883473984940e-01
7.929118699946074988e-01
6.389932453581056437e-01
6.027464401292826901e-01
8.796288295362870713e-01
7.216603125488120218e-01
8.660897104199574148e-01
6.469274968200514619e-01
8.085100009748772409e-01
5.954278142107966021e-01
7.815159792068224753e-01
7.525106914177169815e-01
8.080644239346476132e-01
5.887872777280495074e-01
7.408707036042349037e-01
6.087225961062397994e-01
9.103366080012745831e-01
7.755714062302353495e-01
8.534487285108013355e-01
6.769010702385841460e-01
7.000643595061920577e-01
8.790023580174078921e-01
6.931349757295994785e-01
7.908944044206953627e-01
7.071732656164935182e-01
7.273100223539235021e-01
7.664461680362656404e-01
8.889907438190332023e-01
7.650471433058680937e-01
7.290379466581140555e-01
8.374926253880686788e-01
7.277673289607253793e-01
1.094442406081281183e+00
6.550479387732832670e-01
8.853376614063376282e-01
4.831437517282423100e-01
6.451080138031068945e-01
6.776624305755800659e-01
9.300557357894019272e-01
6.253985964588579805e-01
7.073807004447911773e-01
7.235499752946923380e-01
7.067300775897936704e-01
8.252526120986254377e-01
9.315845690608980378e-01
9.157583650259155661e-01
7.515176525820839171e-01
7.399427140479633014e-01
8.979135963585122004e-01
7.435023422706187324e-01
9.636351097944892974e-01
7.924574625519327231e-01
6.993556907210630724e-01
7.895570043857985665e-01
7.882607836360924214e-01
7.749314827472333356e-01
7.697891624109564068e-01
8.348744456229745259e-01
8.524685740372378584e-01
7.974422782719933211e-01
7.777559685729942274e-01
7.806576387828328967e-01
6.765679210403232613e-01
8.260254654478579317e-01
7.545812464152243937e-01
6.207816147362898995e-01
7.720903372327636571e-01
7.947822365268382150e-01
8.042200297839706691e-01
6.677930973487571364e-01
6.981483480231456262e-01
6.887321784817240777e-01
8.508651381700343963e-01
9.335453469891020761e-01
1.058966752877671613e+00
9.827857910094606186e-01
8.892821984543897162e-01
8.507867972460034789e-01
7.809430081446082639e-01
1.526255781216242058e+00
9.689064937781610709e-01
1.076397626979655575e+00
7.451194605835741447e-01
8.919784295528322415e-01
8.049509896294091416e-01
7.174914770820822740e-01
6.533642802603549793e-01
9.014623237003202005e-01
8.644557161505610487e-01
7.853768571380945751e-01
7.629948231903066480e-01
7.441397404455187825e-01
7.035584511990369272e-01
5.761080737318573508e-01
9.011195004124459285e-01
7.704679296385809062e-01
6.683671294271443797e-01
8.094799457859710445e-01
7.734780555930373946e-01
5.853789442160114431e-01
9.650837370761661260e-01
7.428545046404135821e-01
7.832864294561440177e-01
7.106462362988796855e-01
8.480686941086710284e-01
6.542649754838856246e-01
7.990742063756252067e-01
7.245215827812080400e-01
6.023297138692728092e-01
5.823685799258262463e-01
5.697908432096834286e-01
9.725206764460848641e-01
7.896868677267087078e-01
6.109459898622994212e-01
8.815112168163905526e-01
7.419084337550734265e-01
8.857900298674419304e-01
1.057438448660229513e+00
8.175163013061831352e-01
8.684162948938001225e-01
8.079920700202706252e-01
9.043033713260857365e-01
8.841951873075287738e-01
9.511824396189327846e-01
8.390562802032695000e-01
7.844699716242328202e-01
8.329295978107931209e-01
8.796085444955263899e-01
7.616014789200095114e-01
7.861821742854672168e-01
7.396875132200642078e-01
1.010254218197071729e+00
7.213220782893068339e-01
7.904278878313726331e-01
6.901460096880496220e-01
7.271977443117503270e-01
7.776193813996613580e-01
9.251276115822363311e-01
7.014706077533190420e-01
7.742366145990036141e-01
7.639241174004561818e-01
1.154158063517127797e+00
1.195517615247333687e+00
6.959158349753719053e-01
7.805347784758142060e-01
7.984551888338957681e-01
7.499841557675783754e-01
9.141392573898211582e-01
7.339291851040390391e-01
6.467632938290915900e-01
6.816278983422223714e-01
8.469805720715184449e-01
9.030433112458041700e-01
9.385736942372078229e-01
6.156061843565426850e-01
7.460956178288127294e-01
8.336035471769926986e-01
9.407102522323336213e-01
6.952417337319143353e-01
8.807958673251334858e-01
7.336693367048017222e-01
7.332866693090854815e-01
6.479200186177671572e-01
7.127293204172447938e-01
1.010987045418107355e+00
8.190390151108352113e-01
1.297308716751186086e+00
5.291303405221086109e-01
8.122815159470196944e-01
7.794088696608408862e-01
8.411984270541656983e-01
6.428710374788150217e-01
5.927966111897546853e-01
7.098071726139322246e-01
9.940784006294284270e-01
5.141575527612860519e-01
8.546058049192989392e-01
1.020180668427667081e+00
9.842688609709405734e-01
8.116917037336260909e-01
7.930546403417506607e-01
1.040009062764033265e+00
9.680208706291412168e-01
9.056841926879071192e-01
8.999589375802810043e-01
9.114785925064933236e-01
7.592582273710567486e-01
7.539841156847157944e-01
6.877923075466051417e-01
6.892259394733128985e-01
1.075685028329019577e+00
8.100624460791943093e-01
7.021856455993165103e-01
8.766766876953911991e-01
6.907193254217668388e-01
9.565525086110466813e-01
9.709356298265272578e-01
9.430221375615197577e-01
6.420225144324447353e-01
8.409480818095363963e-01
1.084234295391884872e+00
8.869587114867882871e-01
1.286170333678746225e+00
9.253496210042825298e-01
1.092784666855383113e+00
9.494577493424920522e-01
7.439952841162297270e-01
8.215999938353362175e-01
7.395620241436018372e-01
7.388533169268509671e-01
8.674712681677420045e-01
7.789604112594851193e-01
8.600871264617173662e-01
8.228516129624627862e-01
8.795446212880433379e-01
9.246782661899615174e-01
8.972805205042699850e-01
8.694588598538199875e-01
7.714981019598954326e-01
1.049225811933752084e+00
8.611058120885101141e-01
7.404649041960148503e-01
8.265802892327390738e-01
6.938976206888742837e-01
8.594622239366456196e-01
7.008158514013286267e-01
9.890794857535234463e-01
7.992847466194147321e-01
1.216086752749838240e+00
7.289509264481894846e-01
8.851698129051537300e-01
7.817368795775397894e-01
9.030637595603649981e-01
7.997536114193197765e-01
6.291871481846220693e-01
7.942157386093695592e-01
1.045728866677776425e+00
9.049769215591654259e-01
7.913329578909761297e-01
8.281856388148761683e-01
8.457358627068930490e-01
8.066364464484643282e-01
6.993353575810766776e-01
8.621893200017347603e-01
7.040185652615708056e-01
8.040573665041024221e-01
9.922653156407270636e-01
8.630815040426242923e-01
7.817855257783660194e-01
7.865093555946534032e-01
8.454111495733996895e-01
7.490322844211372288e-01
7.675289009639497673e-01
9.520719244064652642e-01
8.628232310007973860e-01
7.834860319689778141e-01
1.161371800853753244e+00
1.119851519957521413e+00
6.300633034753704287e-01
9.490824685011195472e-01
7.781759898768849659e-01
1.197767991130938903e+00
9.452796095777338259e-01
8.100582939626528312e-01
8.629640501834403565e-01
7.492424445536587374e-01
7.179895339945709942e-01
7.079706957629500197e-01
8.211177786999259709e-01
6.900286853142124643e-01
8.847206384505293952e-01
6.839893588311000139e-01
6.350604450086803077e-01
8.883478497983330335e-01
7.486773084378208765e-01
7.430782038534999856e-01
8.156592887070119868e-01
6.801723884923741581e-01
6.634624251965436370e-01
5.767234525525930522e-01
5.455065344367804325e-01
7.783665895233110588e-01
8.533096564070858925e-01
7.291655467959820003e-01
7.144998744621495756e-01
8.059561303848581382e-01
8.209228003156667786e-01
6.294124409015934285e-01
8.176394030404342539e-01
6.323312343598157526e-01
6.697835912743849152e-01
6.573834819996215995e-01
8.429001748540162486e-01
7.752118522047304339e-01
7.869881145643171649e-01
7.244035332240705838e-01
6.987464139582423295e-01
5.515151002179029538e-01
7.209978141339056235e-01
8.570943310048001473e-01
6.840030357938075012e-01
6.895378384350020484e-01
6.899706974751500521e-01
5.229250108293277410e-01
7.832468397448733022e-01
9.023281429377726370e-01
6.893469698813297075e-01
7.095545259972593222e-01
7.726231302174981774e-01
6.133311105876696478e-01
7.797932246073855378e-01
5.955476234410963521e-01
8.179580450457950569e-01
8.301669920816919790e-01
8.286219250949478088e-01
5.724448572759813780e-01
7.017418743244581147e-01
6.259670404916546360e-01
7.400847657102412880e-01
7.395975461784373151e-01
7.550326678387861978e-01
6.724635063804480506e-01
5.517877266807992287e-01
7.908045594158130687e-01
7.859477224646232996e-01
6.677833534243132751e-01
6.977861072502993256e-01
7.077796131256486323e-01
6.214779256255930084e-01
6.804501056045848539e-01
8.645851326176079432e-01
7.539623358760974003e-01
6.917707604158150891e-01
6.237423563923208958e-01
6.914668797815108903e-01
7.941985676059746257e-01
7.584708192459275189e-01
7.364609517877723777e-01
6.262202252119427603e-01
6.502206231960364624e-01
7.271326407811866677e-01
9.777755168720261292e-01
6.450068449874597487e-01
7.146096030834648838e-01
5.897806078505257732e-01
7.449832385271891733e-01
5.599247686380066646e-01
6.808624781125435232e-01
6.509107311431028275e-01
8.313138816936688213e-01
5.894419027983350823e-01
7.887714883712324543e-01
7.632670307401164811e-01
8.173465821718525204e-01
6.599381834975475147e-01
6.482013379356273974e-01
7.125732166822315028e-01
6.499862141927494896e-01
6.453879868989914614e-01
8.757541127243246848e-01
7.083654176565681304e-01
7.515504659627832984e-01
6.685595684323176746e-01
6.578786356691397330e-01
7.090886329269066035e-01
7.247170375619589322e-01
7.146574112707120285e-01
6.665285508802744063e-01
7.136890914015247001e-01
6.042350209206716061e-01
8.806891576747482020e-01
7.755997854774708822e-01
8.671736987532364660e-01
7.648335052448065330e-01
6.541605399831035283e-01
6.996251590146428390e-01
6.246439461476366306e-01
6.237253133905813485e-01
8.705476022301199546e-01
7.677521610265614083e-01
7.147553136105577742e-01
7.077699812386673006e-01
6.640000425303187459e-01
7.416302964568839418e-01
7.775526361254967433e-01
6.895588878939341582e-01
9.165561708906991845e-01
6.355567576906020477e-01
8.624169609367203782e-01
7.211308631401990299e-01
7.643678394972326373e-01
6.682242065306238654e-01
7.283425127504233876e-01
7.587905827711738382e-01
7.777989228186747983e-01
7.512210597975098603e-01
7.749136904839188933e-01
6.747222029757952155e-01
6.498454354681481027e-01
6.890766612772390998e-01
6.763516957847967026e-01
6.964574126271916299e-01
6.713910036186681030e-01
7.817529435919160496e-01
7.909932425189578620e-01
7.755075603875919432e-01
8.031389683850403971e-01
8.036447832075426234e-01
8.560584646765813099e-01
6.248757015965169526e-01
8.152021552225270362e-01
7.658743838755998068e-01
8.272130922628749827e-01
6.723872955321889000e-01
5.625580178421110134e-01
8.332804174062936609e-01
6.098612124574043225e-01
6.407173025356350804e-01
7.788179413235196691e-01
6.395762058746597978e-01
6.376463394865036216e-01
6.115716772941478530e-01
8.315867284587687980e-01
6.378586834384948334e-01
6.240110536730472113e-01
6.821704720462731242e-01
7.343812818573378642e-01
7.829229151846940349e-01
5.652717006001731770e-01
6.933232184530746522e-01
6.168579865260858108e-01
7.539791314745587503e-01
6.192894656062530867e-01
8.325241293265817077e-01
6.091214503638132660e-01
