6.570052892367375108e-01
7.139843789585048617e-01
9.030993526419430761e-01
6.221347284396743227e-01
8.465054275376118209e-01
8.051739257527038562e-01
9.038150592142638606e-01
7.079205741205477631e-01
5.682785299806576429e-01
7.450610604421086247e-01
6.601554713972492827e-01
6.571042056260694153e-01
7.967433332733196982e-01
8.568231596990762977e-01
6.742813293194026558e-01
7.702823559473616077e-01
7.013487475915222147e-01
5.615659400743602259e-01
6.749304162081687375e-01
7.817983543174381600e-01
5.924207269914926188e-01
8.965719955383992801e-01
7.087953377624708340e-01
9.072428907007621390e-01
7.540722843048424107e-01
7.432063844832810240e-01
8.226267880364108720e-01
7.278293675060498735e-01
5.780647489898957936e-01
5.290808712918960710e-01
8.421613196519028843e-01
6.160515007830255074e-01
7.075785773640849152e-01
6.961166268694233272e-01
5.236554791750908100e-01
6.093507442242718231e-01
6.654382732297973169e-01
5.613093849622891041e-01
3.026660673187065997e-01
5.671902268760908861e-01
7.239134397541732158e-01
5.072930288703351165e-01
3.493353425542219948e-01
8.113316463327677752e-01
6.252518468770987825e-01
7.439487378928457684e-01
5.389518413597733648e-01
6.798691510855970899e-01
5.041365098846124493e-01
6.882542236524537005e-01
6.604511670361193909e-01
7.103647682033465971e-01
4.921306948918545698e-01
6.082853486884196581e-01
4.995100874837897775e-01
7.965393794749403567e-01
8.639187275354546225e-01
7.702075277305751033e-01
8.280671299368889127e-01
9.220227796441490264e-01
8.929678077841018968e-01
5.643365577660157673e-01
7.348979263783959048e-01
5.416040100250626432e-01
6.795396918275794507e-01
6.206772452151153585e-01
7.971588463194145824e-01
8.059156442394732611e-01
7.101543813872580602e-01
7.772526704120753527e-01
7.563482012468047966e-01
9.164334948474714970e-01
6.085953115258686541e-01
8.707650754506488511e-01
7.348261110167920718e-01
8.586718975299775236e-01
5.164263767430868901e-01
8.973078897027948475e-01
5.750360750360751227e-01
6.211662810701784609e-01
6.202956069522376215e-01
6.647062799972960345e-01
7.257740249296340540e-01
8.627113282485676660e-01
7.448434294418987411e-01
7.751074238732118538e-01
6.541870415647922377e-01
7.753428224266620816e-01
7.428067078552514912e-01
9.044891292103187652e-01
8.208354794112064923e-01
5.644028103044496092e-01
7.834598993879970941e-01
7.304347826086956541e-01
6.690205968894492594e-01
6.688644148955762425e-01
7.471314372722822617e-01
6.744771326911394027e-01
6.912640697521469368e-01
7.273197393717482084e-01
7.246790097183798407e-01
6.302186878727634722e-01
7.174470014737557300e-01
6.279486825769071690e-01
4.776748104465037836e-01
7.140347023940259996e-01
7.455640502163911609e-01
7.349664444395224150e-01
6.169514298076615999e-01
4.975469926804845233e-01
6.470769230769231051e-01
7.793594306049822507e-01
9.109861149352947995e-01
9.259405297583152006e-01
8.513334964521654946e-01
8.384325914318069284e-01
8.432230979004121663e-01
7.544734526254033291e-01
9.787516121177139983e-01
8.247208416704319145e-01
8.887103703572920566e-01
8.498366565281063600e-01
7.781165087149578552e-01
7.912457912457913078e-01
6.834201041249499120e-01
6.213264352949628977e-01
8.187045409868290990e-01
8.115826454296615200e-01
7.515065886220119173e-01
6.013037350246651647e-01
9.408725710894892957e-01
6.216165851385977437e-01
7.523571012659164836e-01
8.129012198913619924e-01
7.124692971835472344e-01
4.385306234874945530e-01
7.492919914747013799e-01
8.158503237715581946e-01
9.058195392664744050e-01
8.594364502845510678e-01
6.935242842607688418e-01
8.171091445427729472e-01
7.302629174181092253e-01
7.616148670297979706e-01
5.045356371490280489e-01
7.144651454888005793e-01
8.027576100475650733e-01
4.850785840957411166e-01
7.610857464240712300e-01
6.621118233301624967e-01
9.209723114304351199e-01
7.643150049387887890e-01
3.487590688418695795e-01
8.603999532998648503e-01
7.954226340915474536e-01
8.565242130080051863e-01
9.182239365121589447e-01
7.723456495781224618e-01
8.792158772677461931e-01
8.480532829006974804e-01
8.110943585877622430e-01
8.071282552661985799e-01
8.584258023097182111e-01
7.445350451075641862e-01
8.154761904761905766e-01
8.112962059431704231e-01
8.427771076263235184e-01
7.673735725938009011e-01
7.267855016078447195e-01
7.719361205813746185e-01
9.007308716536281956e-01
6.635999056381221006e-01
7.553374481432764131e-01
5.856342401944238940e-01
7.525370250053909915e-01
8.069772178416596553e-01
8.816976190194009133e-01
7.616149690050139087e-01
7.274264457220154245e-01
6.231164383561642595e-01
8.894871276576195029e-01
9.662854193031347183e-01
5.968208092485548510e-01
7.317155947734599319e-01
8.043451875227575210e-01
7.588674548848787227e-01
9.295462162294267916e-01
7.801418439716313324e-01
5.470935036865531842e-01
6.178189340439758093e-01
8.103140220770003177e-01
8.346850349961114635e-01
8.338874721585590732e-01
4.972048135870639762e-01
7.910219089934120706e-01
8.300875512332355211e-01
8.618440469866005538e-01
6.534661732784906585e-01
7.934316991908615391e-01
8.706655200667100525e-01
7.549828178694156788e-01
5.087163232963549664e-01
7.262861564216392951e-01
8.921081595621263016e-01
7.736930012990641536e-01
9.652343777989972340e-01
6.933713969447469205e-01
8.198878405490823695e-01
7.222913753831624595e-01
7.495401646812094310e-01
4.994954591321896231e-01
4.543745727956254310e-01
6.544689800210304886e-01
8.599304450974577518e-01
9.914589340599601064e-01
7.146663437083686787e-01
8.908450704225352457e-01
8.843871938417706691e-01
8.069772178416596553e-01
9.733702739201262055e-01
8.425492447663633921e-01
9.028849735523808429e-01
8.623038657095397630e-01
8.900547992693430555e-01
8.467999978311633313e-01
6.647785787847578787e-01
6.769891218271996136e-01
6.844275497712776213e-01
6.111157415579625551e-01
9.004844808570978687e-01
8.794187744526380524e-01
7.262545767822530252e-01
8.088035145146007521e-01
6.082301947882395865e-01
8.932680631650832259e-01
9.047855241947022620e-01
8.959216829492774314e-01
6.391209213337905037e-01
7.770010131712258294e-01
8.909323524708140374e-01
8.620141483188935583e-01
9.452626636863754594e-01
8.473024861342745018e-01
8.853707181435704898e-01
8.910895437178867340e-01
7.742828018057376083e-01
8.856750307325186311e-01
7.082078313253011848e-01
8.494519217427500823e-01
8.408681556195967133e-01
8.992093401315303103e-01
8.401806692976253599e-01
7.885291709529167470e-01
8.844213291266119770e-01
8.832153026210119995e-01
7.891760602852339046e-01
7.478870993461969041e-01
8.032229635866976469e-01
9.024387325291978179e-01
9.763875665079809751e-01
6.973656787367643606e-01
7.597256167546618810e-01
5.569567044976880821e-01
7.387973956338567127e-01
6.522914003404609584e-01
9.032798197119669137e-01
7.086746987951807464e-01
9.422724758380660592e-01
7.828882036272408751e-01
7.592669289708013913e-01
8.673988307731578251e-01
8.872974638504576017e-01
7.843830811758761845e-01
4.115391192291564804e-01
7.440799478600914618e-01
8.793960851340902884e-01
8.482013774958414576e-01
8.459664848012470317e-01
8.520788152512164260e-01
8.349814487423755649e-01
6.585109970399789514e-01
6.366216299586650029e-01
7.450384409082781989e-01
5.590327169274537100e-01
7.320458454515929025e-01
8.670690065909631983e-01
8.081615972911435630e-01
8.373557187827913584e-01
9.409973353635324722e-01
7.583858396765852383e-01
7.176977906308644739e-01
7.396089152318450211e-01
9.094142026920135624e-01
9.138763576710896563e-01
7.219730941704035621e-01
9.784691383748540527e-01
9.200000000000000400e-01
5.215846868751307097e-01
8.329974914668749619e-01
7.147800102229386887e-01
9.710064979231569637e-01
8.738423213999433337e-01
7.764793635007458672e-01
8.211343499552045122e-01
7.300995024875621686e-01
5.711568390108939797e-01
6.388199330048777158e-01
7.494909008630442626e-01
5.247741582261155058e-01
8.388889844946566532e-01
6.494671134215733721e-01
5.421415763779743324e-01
8.021813025253893281e-01
7.885608658533961313e-01
6.002726575591468272e-01
8.280564681780785419e-01
8.759534825559585069e-01
9.507332776714317868e-01
9.059456597285761026e-01
8.731397911426412861e-01
9.272375159359536045e-01
8.808589573936280726e-01
6.439536167863056937e-01
6.850467313465287145e-01
7.932333425490738499e-01
7.528560861346265121e-01
5.121065375302664702e-01
7.097544664182668939e-01
5.105891413169041382e-01
4.987858812701101430e-01
5.760408551891283979e-01
7.678918708673666549e-01
7.402584292348071138e-01
7.363906706972399574e-01
7.035073459046268241e-01
6.331843281619773389e-01
3.653268219383921656e-01
6.566926194874346256e-01
7.669550861573384282e-01
5.497579343733191015e-01
6.052000578624830984e-01
5.397251619017532365e-01
8.465577142055559223e-01
7.432010003125976150e-01
8.229996372296967122e-01
6.613392676512239721e-01
6.532894736842105310e-01
7.331283627978477657e-01
5.000821566760836889e-01
7.081402085747393604e-01
3.864824495892454914e-01
7.764921748515919431e-01
7.891446576920717604e-01
7.846062991960293109e-01
5.022374998064106366e-01
6.422553797329559888e-01
5.329126440587542701e-01
7.615801433315853020e-01
7.337293665092271544e-01
6.803736050460941209e-01
6.669098627047820305e-01
2.387669801462904418e-01
7.385953833415516145e-01
6.784077201447527017e-01
5.437120905782448776e-01
5.545265847038159945e-01
5.574472584994448754e-01
4.287004864558544015e-01
6.292774295800013240e-01
8.923775112723988379e-01
7.233832714976753397e-01
5.104130510239500707e-01
4.471696799346397411e-01
5.858150714865455466e-01
7.742591954874915583e-01
6.392025812399171336e-01
6.960948020468624708e-01
5.733475397737313184e-01
5.252679938744256871e-01
7.548788694481831651e-01
8.396299985329659377e-01
5.683265520112847913e-01
6.168665939658306563e-01
4.516824849007765041e-01
5.941579325740662387e-01
4.805249732151264941e-01
6.423367795685244186e-01
6.518076574671209933e-01
7.754907566228320670e-01
5.011074839017846116e-01
7.199708205932111582e-01
6.839628806691937513e-01
7.637056581647611031e-01
5.557007553246371412e-01
6.949796347993226764e-01
7.207207207207206867e-01
5.739258548052925679e-01
6.010671688637790888e-01
8.299278941811294441e-01
5.203410346823850174e-01
6.935582696785261847e-01
5.497825993408252954e-01
7.355586462679647441e-01
6.233817964548894475e-01
6.044657097288675951e-01
6.643366228070174406e-01
6.158828499014361579e-01
6.118176482097437141e-01
4.434824052744461009e-01
7.868130542317669507e-01
6.336006753904600552e-01
7.498840767875358804e-01
6.654335652469031137e-01
5.287839586028461047e-01
6.436006857049154650e-01
4.997764778840879663e-01
4.871051025917814137e-01
8.020104282669459073e-01
6.895385031804032172e-01
5.861539370311301678e-01
5.312144529943124693e-01
6.234752587659896372e-01
6.796955830940440979e-01
7.258863640826770380e-01
6.109871723368656138e-01
7.762804955933070294e-01
5.392998678996036022e-01
8.127289480389747744e-01
8.125421172232085709e-01
7.030535030713076505e-01
5.865118021730985065e-01
6.578991909549439798e-01
6.270765705556615721e-01
7.726364747622311846e-01
5.509823605334862595e-01
8.221335265425626648e-01
6.164362636523333938e-01
5.385543784363686637e-01
6.392802528096986903e-01
5.959123251423185108e-01
6.089204196726292206e-01
5.656948125709959641e-01
7.018901293246379014e-01
8.075116080995686785e-01
6.748892171344165192e-01
7.289024923480542650e-01
7.532461757381715417e-01
7.396520695860827610e-01
5.537379735029624994e-01
6.526306574455046361e-01
7.461995826883539573e-01
8.393069165990585390e-01
5.983510011778562232e-01
1.648119948459648432e-01
7.777319268563175347e-01
2.969619169875908349e-01
5.268643752326590546e-01
7.013242837360793569e-01
4.869407289517447279e-01
5.128039197559396412e-01
5.052193842055939799e-01
8.405329809826385112e-01
5.114402354504888892e-01
4.994063167893611488e-01
6.906030738848681905e-01
6.698273381149191241e-01
6.647217873914897934e-01
3.490351872871738648e-01
5.408108727189432363e-01
4.861756740571231417e-01
7.963317820969066929e-01
5.232041255870869545e-01
7.217938865061852560e-01
4.278769778291447445e-01
