1.693548387096774244e+00
2.338709677419354982e+00
6.096774193548387011e+00
1.822580645161290258e+00
1.677419354838709742e+00
2.774193548387096975e+00
6.870967741935483986e+00
1.725806451612903247e+00
2.322580645161290480e+00
2.145161290322580516e+00
3.548387096774193505e+00
2.241935483870967527e+00
3.435483870967741993e+00
3.129032258064516014e+00
1.435483870967741993e+00
1.870967741935483764e+00
1.451612903225806495e+00
1.564516129032258007e+00
1.306451612903225756e+00
2.290322580645161477e+00
2.193548387096774022e+00
1.082258064516129004e+01
1.483870967741935498e+00
1.967741935483870996e+00
3.177419354838709520e+00
1.983870967741935498e+00
3.725806451612903025e+00
3.096774193548387011e+00
1.548387096774193505e+00
1.451612903225806495e+00
6.322580645161290036e+00
1.564516129032258007e+00
3.370967741935483986e+00
3.145161290322580516e+00
1.532258064516129004e+00
3.338709677419354982e+00
2.645161290322580516e+00
1.467741935483870996e+00
1.645161290322580738e+00
2.064516129032258007e+00
2.758064516129032473e+00
1.274193548387096753e+00
3.145161290322580516e+00
2.903225806451612989e+00
1.887096774193548487e+00
3.596774193548387011e+00
1.354838709677419262e+00
2.596774193548387011e+00
1.403225806451612989e+00
4.032258064516129004e+00
2.709677419354838523e+00
6.983870967741935054e+00
1.435483870967741993e+00
2.548387096774193505e+00
1.290322580645161255e+00
3.903225806451612989e+00
1.612903225806451513e+00
4.467741935483870996e+00
1.096774193548387011e+00
1.322580645161290258e+00
1.080645161290322598e+01
2.483870967741935498e+00
2.145161290322580516e+00
1.903225806451612989e+00
1.709677419354838745e+00
3.016129032258064502e+00
2.451612903225806495e+00
1.661290322580645240e+00
1.387096774193548487e+00
2.403225806451612989e+00
1.596774193548387011e+00
5.096774193548387011e+00
1.612903225806451513e+00
2.290322580645161477e+00
1.438709677419354804e+01
1.414516129032258007e+01
2.129032258064516014e+00
2.290322580645161477e+00
1.225806451612903247e+00
1.661290322580645240e+00
5.774193548387096975e+00
5.161290322580645018e+00
4.080645161290322953e+00
7.112903225806451957e+00
5.403225806451612989e+00
9.435483870967741993e+00
2.354838709677419484e+00
5.387096774193548043e+00
1.516129032258064502e+00
1.764516129032258007e+01
8.596774193548387899e+00
1.500000000000000000e+00
1.758064516129032251e+00
3.000000000000000000e+00
4.096774193548387011e+00
2.338709677419354982e+00
4.838709677419354982e+00
3.903225806451612989e+00
4.274193548387096975e+00
3.177419354838709520e+00
5.048387096774193949e+00
1.500000000000000000e+00
3.241935483870967527e+00
2.806451612903225978e+00
1.935483870967741993e+00
1.693548387096774244e+00
3.661290322580645018e+00
3.112903225806451513e+00
1.661290322580645240e+00
1.709677419354838745e+00
1.193548387096774244e+00
2.000000000000000000e+00
2.354838709677419484e+00
3.322580645161290480e+00
3.161290322580645018e+00
5.645161290322580960e+00
2.338709677419354982e+00
1.741935483870967749e+00
1.716129032258064413e+01
3.532258064516129004e+00
4.919354838709677047e+00
1.387096774193548487e+00
3.483870967741935498e+00
2.209677419354838523e+00
1.645161290322580738e+00
1.370967741935483764e+00
7.677419354838709964e+00
2.274193548387096975e+00
2.241935483870967527e+00
2.354838709677419484e+00
3.919354838709677580e+01
2.112903225806451513e+00
1.090322580645161210e+01
2.661290322580645018e+00
3.193548387096774022e+00
1.935483870967741993e+00
8.935483870967741993e+00
9.758064516129032029e+00
3.317741935483871174e+01
3.161290322580645018e+00
3.274193548387096975e+00
1.532258064516129004e+00
6.451612903225806051e+00
3.096774193548387011e+00
2.387096774193548487e+00
2.838709677419354982e+00
9.403225806451612101e+00
1.241935483870967749e+00
1.146774193548387011e+01
9.887096774193548043e+00
1.651612903225806406e+01
2.048387096774193505e+00
1.677419354838709742e+00
2.177419354838709520e+00
1.516129032258064502e+00
2.677419354838709520e+00
3.838709677419354982e+00
3.064516129032258007e+00
2.064516129032258007e+00
8.661290322580645906e+00
3.129032258064516014e+00
2.258064516129032473e+00
5.048387096774193949e+00
3.064516129032258007e+00
1.580645161290322509e+00
2.112903225806451513e+00
7.629032258064516014e+00
1.483870967741935498e+00
1.790322580645161255e+00
1.322580645161290258e+00
3.112903225806451513e+00
1.483870967741935498e+00
1.887096774193548487e+00
1.596774193548387011e+00
1.693548387096774244e+00
1.725806451612903247e+00
2.596774193548387011e+00
1.338709677419354760e+00
1.677419354838709742e+00
2.290322580645161477e+00
4.693548387096774022e+00
8.870967741935483986e+00
1.741935483870967749e+00
1.645161290322580738e+00
1.677419354838709742e+00
1.612903225806451513e+00
2.500000000000000000e+00
1.451612903225806495e+00
1.580645161290322509e+00
1.919354838709677491e+00
2.016129032258064502e+00
3.096774193548387011e+00
4.016129032258064946e+00
1.161290322580645240e+00
1.419354838709677491e+00
1.822580645161290258e+00
9.741935483870967971e+00
1.790322580645161255e+00
4.516129032258064946e+00
1.425806451612903203e+01
1.483870967741935498e+00
2.500000000000000000e+00
1.596774193548387011e+00
3.774193548387096975e+00
2.983870967741935498e+00
1.562903225806451601e+01
9.548387096774193949e+00
4.161290322580645018e+00
3.435483870967741993e+00
3.790322580645161477e+00
2.064516129032258007e+00
3.322580645161290480e+00
1.709677419354838745e+00
6.758064516129032029e+00
4.916774193548387188e+02
4.903225806451612989e+00
4.000000000000000000e+00
4.532258064516129004e+00
1.725806451612903247e+00
1.790322580645161255e+00
3.709677419354838523e+00
9.645161290322580072e+00
2.822580645161290480e+00
2.145161290322580516e+00
3.225806451612903025e+00
4.064516129032258007e+00
2.016129032258064502e+00
1.274193548387096753e+00
2.919354838709677491e+00
5.258064516129032029e+00
1.725806451612903247e+00
1.322580645161290258e+00
2.887096774193548487e+00
1.951612903225806495e+00
3.790322580645161477e+00
2.596774193548387011e+00
2.887096774193548487e+00
1.258064516129032251e+00
2.290322580645161477e+00
4.967741935483870996e+00
1.806451612903225756e+00
5.580645161290322953e+00
4.096774193548387011e+00
8.193548387096774022e+00
2.580645161290322509e+00
1.209677419354838745e+00
1.645161290322580738e+00
1.612903225806451513e+00
1.129032258064516236e+00
1.838709677419354760e+00
1.419354838709677491e+00
1.822580645161290258e+00
2.661290322580645018e+00
1.604838709677419217e+01
2.080645161290322509e+00
4.403225806451612989e+00
4.935483870967741993e+00
6.983870967741935054e+00
8.483870967741935942e+00
2.193548387096774022e+00
2.370967741935483986e+00
4.629032258064516014e+00
1.919354838709677491e+00
5.500000000000000000e+00
1.887096774193548487e+00
3.790322580645161477e+00
2.516129032258064502e+00
4.370967741935483986e+00
1.080645161290322509e+00
2.419354838709677491e+00
1.580645161290322509e+00
8.596774193548387899e+00
5.661290322580645018e+00
1.580645161290322509e+00
2.145161290322580516e+00
3.854838709677419484e+00
3.338709677419354982e+00
1.645161290322580738e+00
2.032258064516129004e+00
2.354838709677419484e+00
2.370967741935483986e+00
1.532258064516129004e+00
3.338709677419354982e+00
1.532258064516129004e+00
3.225806451612903025e+00
7.403225806451612989e+00
3.419354838709677491e+00
1.451612903225806495e+00
1.451612903225806495e+00
6.903225806451612989e+00
4.370967741935483986e+00
2.145161290322580516e+00
1.441935483870967794e+01
1.693548387096774244e+00
2.000000000000000000e+00
5.161290322580645018e+00
4.000000000000000000e+00
1.677419354838709742e+00
4.225806451612903025e+00
1.887096774193548487e+00
1.801612903225806406e+01
2.661290322580645018e+00
1.870967741935483764e+00
5.306451612903225978e+00
1.580645161290322509e+00
2.580645161290322509e+00
3.225806451612903025e+00
2.016129032258064502e+00
1.806451612903225756e+00
2.435483870967741993e+00
1.725806451612903247e+00
1.725806451612903247e+00
2.467741935483870996e+00
1.645161290322580738e+00
3.661290322580645018e+00
8.209677419354838079e+00
1.032258064516129004e+00
6.041935483870967971e+01
3.024193548387096797e+01
3.390322580645161565e+01
2.803225806451612812e+01
1.127419354838709609e+01
3.354838709677419484e+00
1.790322580645161255e+00
6.225806451612903025e+00
3.129032258064516014e+00
1.258064516129032251e+00
2.370967741935483986e+00
1.322580645161290258e+00
2.274193548387096975e+00
1.274193548387096753e+00
2.483870967741935498e+00
5.354838709677419040e+00
2.790322580645161477e+00
1.806451612903225756e+00
1.451612903225806495e+00
3.516129032258064502e+00
3.258064516129032473e+00
4.112903225806451957e+00
1.741935483870967749e+00
2.112903225806451513e+00
2.274193548387096975e+00
2.164516129032258007e+01
1.709677419354838745e+00
2.919354838709677491e+00
1.306451612903225756e+00
1.645161290322580738e+00
1.806451612903225756e+00
1.612903225806451513e+00
2.096774193548387011e+00
1.709677419354838745e+00
2.693548387096774022e+00
4.596774193548387011e+00
4.758064516129032029e+00
1.467741935483870996e+00
2.177419354838709520e+00
1.451612903225806495e+00
1.419354838709677491e+00
7.112903225806451957e+00
2.741935483870967527e+00
1.306451612903225756e+00
1.516129032258064502e+00
3.032258064516129004e+00
2.774193548387096975e+00
1.467741935483870996e+00
2.177419354838709520e+00
2.177419354838709520e+00
1.693548387096774244e+00
1.338709677419354760e+00
2.112903225806451513e+00
1.532258064516129004e+00
2.935483870967741993e+00
1.661290322580645240e+00
1.725806451612903247e+00
5.483870967741935054e+00
3.258064516129032473e+00
1.467741935483870996e+00
1.338709677419354760e+00
1.693548387096774244e+00
1.516129032258064502e+00
5.403225806451612989e+00
1.467741935483870996e+00
1.919354838709677491e+00
1.322580645161290258e+00
2.790322580645161477e+00
6.048387096774193949e+00
1.596774193548387011e+00
1.354838709677419262e+00
3.677419354838709520e+00
1.435483870967741993e+00
4.693548387096774022e+00
1.887096774193548487e+00
2.306451612903225978e+00
2.919354838709677491e+00
6.935483870967741993e+00
1.419354838709677491e+00
1.564516129032258007e+00
1.322580645161290258e+00
8.338709677419354094e+00
2.370967741935483986e+00
1.951612903225806495e+00
2.516129032258064502e+00
8.903225806451612101e+00
1.967741935483870996e+00
3.096774193548387011e+00
5.096774193548387011e+00
1.419354838709677491e+00
2.064516129032258007e+00
1.822580645161290258e+00
8.274193548387096087e+00
1.806451612903225756e+00
2.806451612903225978e+00
2.564516129032258007e+00
1.516129032258064502e+00
1.983870967741935498e+00
1.354838709677419262e+00
1.387096774193548487e+00
6.983870967741935054e+00
2.387096774193548487e+00
1.822580645161290258e+00
1.822580645161290258e+00
1.500000000000000000e+00
2.838709677419354982e+00
2.467741935483870996e+00
1.451612903225806495e+00
3.645161290322580516e+00
1.451612903225806495e+00
3.000000000000000000e+00
1.387096774193548487e+00
4.338709677419354982e+00
1.435483870967741993e+00
2.629032258064516014e+00
4.064516129032258007e+00
1.983870967741935498e+00
3.258064516129032473e+00
1.709677419354838745e+00
1.306451612903225756e+00
3.580645161290322509e+00
3.177419354838709520e+00
2.709677419354838523e+00
2.500000000000000000e+00
5.967741935483870996e+00
2.806451612903225978e+00
1.822580645161290258e+00
2.290322580645161477e+00
5.161290322580645018e+00
5.774193548387096975e+00
3.500000000000000000e+00
1.306451612903225756e+00
4.129032258064516014e+00
2.096774193548387011e+00
8.451612903225806051e+00
1.419354838709677491e+00
1.854838709677419262e+00
2.241935483870967527e+00
1.709677419354838745e+00
3.967741935483870996e+00
3.983870967741935498e+00
4.419354838709677047e+00
1.370967741935483764e+00
1.919354838709677491e+00
2.177419354838709520e+00
1.338709677419354760e+00
2.193548387096774022e+00
1.419354838709677491e+00
3.145161290322580516e+00
2.451612903225806495e+00
1.193548387096774244e+00
1.564516129032258007e+00
1.258064516129032251e+00
1.548387096774193505e+00
1.370967741935483764e+00
2.919354838709677491e+00
1.419354838709677491e+00
