-1.058977166243061561e+02
-1.222908385053307114e+02
-1.730380254335890982e+02
-1.098824757734028736e+02
-9.434782757201591608e+01
-1.293364763610468344e+02
-1.736100011510100103e+02
-1.058130263629119412e+02
-1.220789867676913474e+02
-1.158012287185107283e+02
-1.431969653334353154e+02
-1.202156549653393824e+02
-1.425839212331006252e+02
-1.314019388063661893e+02
-9.638359693880842372e+01
-1.082350166874482227e+02
-9.535778237581641292e+01
-1.023994459314728118e+02
-9.193173751275776340e+01
-1.193059573728724558e+02
-1.185227345933600134e+02
-2.083069010454888996e+02
-9.765307696653984237e+01
-9.183631155540885516e+01
-1.386574385057348593e+02
-1.127310524259088993e+02
-1.464888081848469881e+02
-1.371346507080029937e+02
-1.017095441628897134e+02
-9.847337418032799405e+01
-1.773563005744795760e+02
-1.022774805095903758e+02
-1.410367022435448803e+02
-1.381810682449209082e+02
-1.014523417856349283e+02
-1.385213487937742229e+02
-1.284495885751790638e+02
-9.932541637314049865e+01
-1.023606013010663673e+02
-1.160966673502194624e+02
-1.309722942815781437e+02
-9.287466766188505574e+01
-1.283067487505448980e+02
-1.298583041402882259e+02
-1.115742907798247643e+02
-1.457273277298828589e+02
-9.560635782268830951e+01
-1.283271038995202957e+02
-9.652156673584808289e+01
-1.497709682731070018e+02
-1.296769592278521372e+02
-1.791896200499975578e+02
-9.715201603771434691e+01
-1.265515424762623127e+02
-9.313310658162913569e+01
-1.497131778691929469e+02
-8.974591053316071054e+01
-1.572419827921830233e+02
-7.540621275671256285e+01
-6.812826706468734983e+01
-2.071508636047921073e+02
-1.239405499406478270e+02
-1.170170493713957853e+02
-1.121133475481499460e+02
-1.060062865593675951e+02
-1.353192249849995221e+02
-1.205667445093115191e+02
-1.004978089852140499e+02
-9.314473737543620757e+01
-1.218370691240698847e+02
-1.005441018519747729e+02
-1.558731192086909232e+02
-1.037358300453680897e+02
-1.108021438319440080e+02
-2.027330816676021357e+02
-2.148575990329577223e+02
-1.161906807294949573e+02
-1.012644824816613180e+02
-9.084116979079990983e+01
-1.051976332799919049e+02
-1.653375746746699804e+02
-1.597982290594803203e+02
-1.521000420863805118e+02
-1.836365543159663218e+02
-1.693843208502539426e+02
-1.937559468338518514e+02
-1.226347445176214848e+02
-1.681967400737148068e+02
-9.719620286266624021e+01
-2.359861543448742509e+02
-1.911531156156514157e+02
-1.006733588859453903e+02
-1.032132042238656169e+02
-1.353934815387437141e+02
-1.508533875370535213e+02
-1.225000585172341516e+02
-1.610427760159712989e+02
-1.505792545127135895e+02
-1.536668020719649519e+02
-1.383141846957468886e+02
-1.616048027610893314e+02
-1.001376222457633389e+02
-1.398184866895400376e+02
-1.315622864332300708e+02
-1.099880524077136954e+02
-1.037884847351948281e+02
-1.458114746968937254e+02
-1.374254605554136504e+02
-1.051723602007406555e+02
-1.071302395603110540e+02
-8.740613486320141590e+01
-1.089544421673534345e+02
-1.018703438456016386e+02
-1.146436037800133079e+02
-1.311309567182866260e+02
-1.703624327323021816e+02
-1.162478826718111407e+02
-1.041802436761841193e+02
-2.126219582655355396e+02
-1.416449124135612863e+02
-1.572940058825595315e+02
-8.556965741672460979e+01
-1.434605239574459290e+02
-1.174243780328093720e+02
-1.040755648689974038e+02
-9.590961577277347772e+01
-1.876429632361982556e+02
-1.158916534172539485e+02
-1.194146698030975671e+02
-1.232994743819285048e+02
-2.775379382259256431e+02
-1.168599419717176318e+02
-1.942471216446303970e+02
-1.251282395034058226e+02
-1.383013379727908898e+02
-1.116973805752935789e+02
-1.921545112091499732e+02
-1.966186152490802499e+02
-2.587937032340991550e+02
-1.314638253394852541e+02
-1.391167167078117757e+02
-9.169962665710441740e+01
-1.717525120952286670e+02
-1.370305167790473604e+02
-1.206667397966253361e+02
-1.325909135461877781e+02
-1.931438702915648946e+02
-9.127963852267676259e+01
-1.965959986031681979e+02
-1.849224520704256349e+02
-2.324983643604746248e+02
-1.136846063726017491e+02
-1.031167249697905390e+02
-1.076612519788626230e+02
-9.592119147043565874e+01
-1.234715847877715760e+02
-1.333197428215893012e+02
-1.364813935741297826e+02
-1.021966317795240400e+02
-1.927986312188723161e+02
-1.357986742891689005e+02
-1.144702878916043574e+02
-1.637287415267044537e+02
-1.366692567249415902e+02
-9.414288488687039091e+01
-1.125886746260444511e+02
-1.868475875940136461e+02
-9.364069382734700753e+01
-1.063784349997384311e+02
-8.673152039461668039e+01
-1.212749745395076246e+02
-9.850804282463970196e+01
-1.087497590580114775e+02
-1.034212893583344339e+02
-1.039103132176231554e+02
-1.017472291987892561e+02
-1.164979280429971595e+02
-9.089082000216349400e+01
-1.027347891782755198e+02
-1.217641234811658677e+02
-1.496168438659618971e+02
-1.806181193691603539e+02
-1.075972468421204411e+02
-1.010555010763237647e+02
-9.795963721709607341e+01
-1.004834819980753053e+02
-1.032772046079004724e+02
-9.385663605375246732e+01
-1.024979724153581344e+02
-1.121464536357858890e+02
-1.078826260541320039e+02
-1.345806567582786499e+02
-1.502512122224497944e+02
-8.855047629149228783e+01
-9.056787697075664312e+01
-9.975417679520283798e+01
-2.018079273152760038e+02
-1.087505706604900553e+02
-1.580238896349886772e+02
-2.178255969314510310e+02
-9.611966097076518167e+01
-1.223613021877057037e+02
-1.017571717051499576e+02
-1.397909268007672097e+02
-1.349419396441031722e+02
-2.078912153333872084e+02
-1.843428519142334494e+02
-1.534757524415661010e+02
-1.423882240226016336e+02
-1.482705076220225067e+02
-1.136114277354980970e+02
-1.315518624837376649e+02
-1.064053652108217278e+02
-1.811387991333062359e+02
-4.179303147538058738e+02
-1.622636243934938705e+02
-1.438753300999113094e+02
-1.553712431601629760e+02
-9.909338763218623569e+01
-5.031825577826980833e+01
-1.418532877721646628e+02
-2.015349347864952847e+02
-1.247330442177155447e+02
-1.000918986851332022e+02
-1.363948300692526630e+02
-1.496324885377894134e+02
-1.146714447888888344e+02
-9.045773811795824315e+01
-1.316946944675640907e+02
-1.608293279513985397e+02
-9.359142103092233356e+01
-9.119013663613091580e+01
-1.315730459726881065e+02
-1.129379073650830634e+02
-1.406253092336313841e+02
-1.076305914082104778e+02
-1.233228043904955484e+02
-9.156129075051393329e+01
-1.186506082732663003e+02
-1.575954602708825973e+02
-8.806420596330646333e+01
-1.340211248249553933e+02
-1.514273732607560987e+02
-1.924192749525708734e+02
-1.123500435816044529e+02
-7.913887349630093127e+01
-8.551644881725223968e+01
-1.020073255410811015e+02
-6.567651350817894240e+01
-9.567708462457112262e+01
-7.562753134827509882e+01
-9.582187053282331135e+01
-1.281519825743684748e+02
-2.284991375447382609e+02
-9.381649121272806724e+01
-1.567191639135789956e+02
-1.630452841817373155e+02
-1.797660345252224943e+02
-1.938365120390247966e+02
-4.744909452111927806e+01
-1.230187450687135708e+02
-1.586488210969016848e+02
-1.121886328180683847e+02
-1.684044399179831544e+02
-1.114369392435122705e+02
-1.400866931733489764e+02
-1.261873393684616644e+02
-1.168943087334214113e+02
-7.067115442308946172e+01
-1.216881398362390740e+02
-9.098094857118836387e+01
-1.948110965556373628e+02
-1.689046629140247262e+02
-1.017154586204834317e+02
-1.168439414152108071e+02
-1.404896281303840908e+02
-1.388709929386163253e+02
-9.540333562372771325e+01
-1.064267737899980659e+02
-1.181587801322221480e+02
-1.238130439949577806e+02
-1.009798970640904656e+02
-1.415785609014664033e+02
-1.017983437391373513e+02
-1.394126789302133318e+02
-1.863424029235427497e+02
-1.420691716086521410e+02
-8.504135194903605566e+01
-5.233818630721388132e+01
-1.802421465967723293e+02
-1.544164451550581987e+02
-1.169910137017468230e+02
-2.245190427853990798e+02
-7.130311456803934789e+01
-1.133158254288933620e+02
-1.066997513508470945e+02
-1.291497980857789116e+02
-1.047561274748530309e+02
-1.532978722399068090e+02
-1.101129778740957903e+02
-2.364039315787065334e+02
-1.171659700066469156e+02
-1.065682041102960085e+02
-1.666774871924486376e+02
-9.994970866190989511e+01
-1.265043920257031260e+02
-1.370133607462824159e+02
-1.121691426307551751e+02
-1.093662626083404916e+02
-1.181056739671531659e+02
-1.070110574570339139e+02
-1.064261713704941741e+02
-1.207661122070503836e+02
-1.004516203748064243e+02
-1.437578488269413413e+02
-1.893135822168966911e+02
-6.523393939126542307e+01
-2.996662694989264537e+02
-2.540947502543031078e+02
-2.557788076002094044e+02
-2.581460121846044444e+02
-2.085345457529996906e+02
-1.394907134726957736e+02
-1.083989278861066339e+02
-1.738388069460905285e+02
-1.376909635183619400e+02
-9.219569016452287258e+01
-1.228934256505908280e+02
-9.441419532626957789e+01
-1.188363041885732940e+02
-9.252916478711902926e+01
-1.239369001355384086e+02
-1.644372902579245022e+02
-1.315529679429066618e+02
-1.086341072211995424e+02
-9.819784126578825578e+01
-1.309239343572227767e+02
-1.379796225406015822e+02
-1.527866115074986340e+02
-1.074960814544346306e+02
-1.166016519672538010e+02
-1.197315989272567407e+02
-2.297521699164661868e+02
-1.030589710164631043e+02
-1.308787951495047253e+02
-9.224533609829727254e+01
-1.044347721111130340e+02
-1.072052411885591141e+02
-1.025426923805587336e+02
-1.162479942331183622e+02
-1.036527249711005823e+02
-1.291839740536509566e+02
-1.584514074558098287e+02
-1.604071813462635134e+02
-9.779351153306801336e+01
-1.184808109161639464e+02
-9.851402930202566210e+01
-9.238359535007617751e+01
-1.775073282713885590e+02
-1.304127998808644975e+02
-9.271224457724706269e+01
-9.592759944670467576e+01
-1.359713970453242950e+02
-1.314774084672597780e+02
-9.944894576134294084e+01
-1.179883772555272401e+02
-1.182967182604316605e+02
-1.043547314069320464e+02
-9.424279333001862824e+01
-1.024715369225828709e+02
-9.793187837585291788e+01
-1.309575408501458185e+02
-1.036904705204558894e+02
-1.071088498035617818e+02
-1.667303949371048191e+02
-1.388345042240433145e+02
-9.674797771399070712e+01
-9.493257144997062369e+01
-1.055627408324427421e+02
-9.787720549133557313e+01
-1.681009916487654436e+02
-9.919497187041508823e+01
-1.123853123055054084e+02
-9.348156310716105111e+01
-1.308578047434579901e+02
-1.573161081468764451e+02
-1.031162139581713149e+02
-9.496905811408021236e+01
-1.464344370050592943e+02
-9.735739133644379706e+01
-1.581227031586209364e+02
-1.109480859698928157e+02
-1.201304895795481116e+02
-1.301658728471306858e+02
-1.728253659297024569e+02
-9.511951040718534500e+01
-1.021817121570796019e+02
-9.427995845059523106e+01
-1.913355185890851260e+02
-1.221541273594933443e+02
-1.127385939287256065e+02
-1.236513967688432558e+02
-1.858023141777067622e+02
-1.135386353624504352e+02
-1.351659623246172828e+02
-1.587117190816837251e+02
-9.751842188438649828e+01
-1.159239064477638834e+02
-1.069366045571027257e+02
-1.915976280631548718e+02
-1.095060775091367020e+02
-1.314915670743233420e+02
-1.272115815393338778e+02
-1.007709741018994123e+02
-1.139701414359361138e+02
-9.525992836240787653e+01
-9.634829073347651729e+01
-1.817740207305511717e+02
-1.234556070363017000e+02
-1.100778684844506046e+02
-1.102538203342830911e+02
-1.002198898689345725e+02
-1.319014735646055385e+02
-1.247054328401638514e+02
-9.852251604994067691e+01
-1.462109226671454394e+02
-9.855735645081357177e+01
-1.341610797592023232e+02
-8.873192312759341860e+01
-1.531926154191028502e+02
-9.820531590536641886e+01
-1.278465864009639148e+02
-1.493941380962828873e+02
-1.120851462108038419e+02
-1.382955737161161665e+02
-1.001513337731693412e+02
-9.322278839685718310e+01
-1.386620780021889345e+02
-1.362399771825859887e+02
-1.280106017963188663e+02
-1.245526612969306370e+02
-1.631107055780209691e+02
-1.318804920760200901e+02
-1.051672412383269943e+02
-1.214429344799767705e+02
-1.634444500138555441e+02
-1.695207515701787315e+02
-1.441259773728209836e+02
-9.379950136762892043e+01
-1.524701727947067980e+02
-1.160705289451149866e+02
-1.912720814416067583e+02
-9.758159607509941225e+01
-1.030941719308242313e+02
-1.174693053115636587e+02
-1.033726416703951685e+02
-1.427472643933759571e+02
-1.495892797549844317e+02
-1.470132920453931717e+02
-9.608005714328339764e+01
-1.098289617871884616e+02
-1.125480975615911774e+02
-9.501834192189797079e+01
-1.156738646519589935e+02
-9.625434602976724818e+01
-1.368860526050138446e+02
-1.251620217319397739e+02
-8.832701062696483518e+01
-1.028080783396243731e+02
-9.206826347896505069e+01
-9.623968672001205960e+01
-9.590496257599308194e+01
-1.342831433276035398e+02
-9.681857107142474206e+01
