8.806074151201006561e-01
9.368490599115478767e-01
6.594047785991723476e-01
1.106978760294754727e+00
3.041619797525309532e-01
6.712652023960792302e-01
7.312155497534087445e-01
7.120467690776789427e-01
1.764465622872702255e+00
7.340138594962444252e-01
1.826690821256039099e+00
1.169906145927943841e+00
8.763204675230505947e-01
5.228674631842177289e-01
6.934255449531647741e-01
5.579698125725660596e-01
6.181318681318681563e-01
1.221472153706348429e+00
6.292318020523640643e-01
6.392340857215320638e-01
1.509138381201044599e+00
1.258816395764041252e+00
5.992451345483386094e-01
1.897070705278165459e-01
1.036260713999625827e+00
6.854696207693354859e-01
8.033512488144166630e-01
1.133549031928236639e+00
1.129961544883584024e+00
1.297271667986918953e+00
1.184984114253986531e+00
9.759661534831586271e-01
1.389307035484192543e+00
1.372991514713846506e+00
1.393822393822394590e+00
2.140416604225984454e+00
1.329905063291139111e+00
1.147111788336334870e+00
3.795059725182359678e+00
1.575384615384614273e+00
1.051872369509694316e+00
1.237557009716438117e+00
5.858111230935142189e+00
6.505955283384237120e-01
1.131041890440386277e+00
1.237932837121306529e+00
1.159001314060446708e+00
1.222746355960186326e+00
1.425672269265876535e+00
1.826417299824663720e+00
1.393089832181638510e+00
2.847516060932826498e+00
1.481391434449224054e+00
1.641072837233763071e+00
1.285726660594842530e+00
9.970037453183522302e-01
2.401405475922057109e-01
1.332956934141723782e+00
2.277642913073744946e-01
1.246964717357006147e-01
1.329976430919472818e+00
1.917529107373867614e+00
7.738308762413050879e-01
1.610828320222119858e+00
8.062571756601606410e-01
1.843287122450055326e+00
6.238254671130789575e-01
4.012544012152259310e-01
5.661359461114513492e-01
6.887234372576390706e-01
5.128788540546318497e-01
4.647577912648471199e-01
1.038162638107156033e+00
3.399190829399864056e-01
5.210775672706520645e+00
2.430888951724114566e+00
1.993592677345535913e+00
2.621152246256239216e-01
9.058971141781678726e-01
1.013179256995511812e+00
3.534583563154992003e+00
2.603478084002847304e+00
1.541828254847646296e+00
1.131920961499287115e+00
1.850950833731919598e+00
2.737646691785260877e+00
1.244802616211165835e+00
1.560922370851289376e+00
5.249524714828897043e-01
1.863266970974511105e+00
1.876425868070463299e+00
1.157676348547717948e+00
4.859105967036112528e-01
1.107142857142857206e+00
2.026765518974616764e+00
1.157828074233163029e+00
1.637673775383944097e+00
1.883813690169840349e+00
1.908962405197488055e+00
1.192133428382919469e+00
1.917989780536032418e+00
8.801261829652996527e-01
1.276775274152261108e+00
1.662785588752197175e+00
2.116402116402116729e+00
6.782528452783758155e-01
1.251357530355103664e+00
1.122532622125787638e+00
1.031021042515650299e+00
1.670208279651375971e+00
6.509747979077508129e-01
5.662100456621004252e-01
2.300949913644214639e-01
2.657498559655319115e-01
5.520492038857273132e-01
1.099969519583241073e+00
4.226949313979790901e-01
5.668740279937790616e-01
3.725661841268669283e-01
7.507161081284139392e-01
6.160310449184475123e-01
2.450954400848356085e-01
9.934417851971723001e-01
5.829787234042551614e-01
7.620861412247291744e-01
8.355499017000118656e-01
1.700102046941593281e+00
5.279776922055502419e-01
7.413191113839546764e-01
1.561382947553472844e+00
2.463047406435983522e+00
1.286142546653675778e+00
3.602012641297638318e+00
6.125272796814182907e-01
1.290645466206622682e+00
2.539834803984363454e+00
2.989752182044887796e+00
2.202541776234632653e+00
3.449544313559882447e+00
5.170390309555853436e-01
1.448406657338275449e+00
3.429602888086641377e-01
2.387240561820080931e+00
9.692890197728232238e-01
2.344178082191781698e+00
1.134485789627893260e+00
2.324464696996865420e+00
1.319902359206561737e+00
3.608751334266548039e+00
5.045572339711311471e+00
1.417232076726369971e+00
6.316428431564522494e-01
3.137648600022983292e+00
3.532866807529028708e-01
3.899382171226830618e-01
4.403973902524167539e-01
3.418714692675390299e-01
9.051100720933160648e-01
2.836172275308129209e-01
1.578486102910733324e+00
7.287584230501124027e-01
5.395881510846822771e-01
8.325953750839235612e-01
1.051497145520214671e+00
3.576642335766422875e-01
4.914516452361177290e-01
1.423221521765405617e+00
4.498299319727893653e-01
6.730212487026818735e-01
3.907484890748487150e-01
3.430716094865300936e-01
7.522218272307148457e-01
6.112525117213662984e-01
1.129798270893371370e+00
5.511384679053393798e-01
4.127997115557959784e-01
3.484239532226628966e-01
4.165484768336022992e-01
6.285448628544865191e-01
1.385270678757900997e+00
5.831422373721725227e-01
3.798860818568098319e-01
1.176755447941888466e+00
6.032003710575140065e-01
4.080277652029577484e-01
5.125051250512503431e-01
2.021971408008720328e-01
4.090909090909089496e-01
1.308897343863929086e+00
1.185993321301646253e+00
4.719545715407617026e-01
6.133368827365899278e-01
8.000232261061431815e-01
1.150911572252641291e+00
3.749757892698044603e-01
3.730680456949191925e-01
1.561658847299749686e+00
9.359691211465582805e-01
1.175764847030594140e+00
2.183233435992772531e+00
4.815657715066001265e-01
2.414330218068535761e+00
6.013911475211917157e-01
4.564521507169056469e-01
8.685354362893072944e-01
4.128196959695998314e-01
4.215151450136874089e+00
1.002181387551613012e+00
1.305455727574122315e+00
1.266541293030296167e+00
2.068686868686869129e+00
3.989845806694246377e+00
9.026349614395886567e-01
1.100785643970981997e+00
4.235626021081705161e+00
1.957634299271309608e+00
4.901185770750987603e-01
5.960708480951237842e-01
4.127997115557959784e-01
4.898012729029102563e-02
6.932431724065627465e-01
1.063425544143075108e+00
4.265614866713551279e-01
2.649838963373530309e-01
5.739529484919271285e-01
2.049573973663826987e+00
9.619528412239115589e-01
5.874988233079168065e-01
1.858988108364332037e+00
5.810861054611464738e-01
2.377520677994613418e-01
4.985172004744954366e-01
6.824930240483950694e-01
1.257061904353052206e+00
4.659127375727614151e-01
2.732697274787834751e-01
3.368302753326050669e-01
7.092900174040858152e-01
6.573216847046553513e-01
6.081493448213965980e-01
2.891655140617797048e-01
3.231584857580926951e-01
7.383044951020780733e-01
1.060821809691369522e+00
3.154107732492237859e-01
3.526424675568929912e-01
2.123612018288700554e-01
6.645401382243487642e-01
2.000980071871938104e-01
3.479704401842131367e-01
1.590927767277508231e-01
3.466916456246095790e-01
7.109535037128457136e-01
2.097248437165692536e+00
2.751169672822258438e-01
1.176296974384064775e+00
1.663752665245201934e+00
1.729813893119184431e+00
9.171782801829876375e-01
5.304759828834306606e-02
1.029195518401492482e+00
1.463999431242557492e+00
1.526792452830188607e+00
1.944530844997408137e+00
1.006932135633495706e+00
4.085192061901911642e-01
1.034342060523631313e+00
2.677836320212940158e-01
2.996862273850057767e-01
7.670803218328104967e-01
2.425508128552316123e-01
1.075469916746311094e+00
1.556216605403766273e+00
2.288700319502626979e+00
7.378102189781016174e-01
5.286680796320120113e-01
5.997662192259437530e-01
2.995508464816308836e-01
3.516500054771781181e-01
4.645016490369116569e-01
1.229530583214794248e+00
8.746002519623993221e-01
1.142548596112311188e+00
1.208651399491094569e+00
1.147086152594195774e+00
1.134994047073907719e+00
8.116737701365313029e-01
2.819548872180448473e-01
9.101941747572814267e-02
2.199298852230706203e+00
1.715018276045748857e+00
7.340464930760480788e-01
1.436296850065414077e+00
1.595998784000927095e-01
7.701863354037267184e-01
1.135723380374167313e-01
3.478260869565217295e-01
1.571231221757754204e+00
8.472057661927331340e-01
7.530117168161064578e-01
6.206729838497134777e-01
3.842137202049139555e-01
5.385846942042907814e-01
1.159949429679592914e+00
5.843270868824530506e-01
1.937632455343627269e+00
1.825750670468175185e+00
6.738689783068098071e-01
1.635889410537297861e+00
4.677416046115657200e-01
9.322805363282841151e-01
1.458494903820752642e+00
6.085475862427536242e-01
4.404738754065404827e-01
2.438088478826590411e+00
1.704715783101612869e+00
1.461812990720913197e-01
3.130913420218639498e+00
3.174449071069002315e+00
4.925866797475976000e+00
2.199756476246239156e+00
1.528347927448779897e+00
1.854913393929001453e+00
8.084972023550834885e-01
1.622837973249683818e+00
1.027183406113536979e+00
1.198581560283687564e+00
9.695786781531836596e-01
1.267722473604826261e+00
2.297240298119702206e+00
9.377911344853490094e-01
7.507914397872613721e-01
1.878903586526660341e+00
9.988652671628344137e-01
7.474182486657242608e-01
8.409468438538207913e-01
6.108483290488432083e+00
1.705253311885345679e+00
1.249735734465991621e+00
1.426614481409001600e+00
1.378755228367398500e+00
1.939420544337138397e+00
4.015974278003985098e+00
5.907465825446899244e-01
6.278579505164912922e-01
6.690119302539002666e-01
8.731117824773414471e-01
6.575802054938143515e-01
1.632609424808362908e+00
8.641849048885250628e-01
2.714009661835751430e+00
7.753190069778433946e-01
1.227270230731682510e+00
1.321254963627239931e+00
1.488767434539164158e+00
1.211091414183063097e+00
1.272775462884361941e+00
4.443424374569659996e-01
2.581274969141128750e+00
1.288108397218755474e+00
6.525111884634512416e-01
4.833698030634574927e+00
1.067431075883224612e+00
1.315078236130867717e+00
1.231741781942585989e+00
1.749208177368269945e+00
1.728635113345347030e+00
2.267002869779080942e+00
7.886662850601030561e-01
2.516862240682595231e-01
5.859248198402906560e-01
2.815708942536551351e+00
2.059679780149459294e+00
1.220185441756367783e+00
1.602840792327897557e+00
1.839012078601045319e+00
6.407954809254814421e-01
9.967992885817614779e-01
1.530612244897959551e+00
4.923111210162691709e-01
1.032020451891155766e+00
1.117424278597417553e+00
1.192103712433706386e+00
1.605539637058261526e+00
1.905941539833154064e+00
6.550821359330173621e+00
8.773980073469724861e-01
7.221790218896279034e-01
1.064635045465716523e+00
1.451017589299348431e+00
1.825533015715609331e+00
8.719663672845399116e-01
7.136276391554704501e-01
2.335269687972964192e+00
3.043922033451863296e+00
5.500000000000000444e-01
1.162426600191173831e+00
8.778067885117489810e-01
1.708801360448537698e+00
2.185597248912714452e+00
8.623004888391543332e-01
2.063280795004472701e+00
3.200806756586411783e+00
1.188817891373802338e+00
2.026385224274406482e+00
2.575201155353827431e+00
8.852309099222682720e-01
1.309881675727534223e+00
2.287121619201144984e+00
2.241892202714099280e+00
1.044636908727515134e+00
9.360623299530054231e-01
1.289386443617075217e+00
1.351070336391437143e+00
1.095462238360753737e+00
1.342472866209972082e+00
1.488089727743651114e+00
1.724084342556576166e+00
1.074779195289499611e+00
1.286808424871509926e+00
1.608388965864718356e+00
9.044733525286018372e-01
1.339240797478642442e+00
8.719055596107818662e-01
9.242355089000456880e-01
1.050514191690661958e+00
1.240048989589712658e+00
6.897494584984262822e-01
3.097433425497145287e-01
1.832527160837744251e+00
1.012009709978280547e+00
1.367069719578080766e+00
2.417174177831912463e+00
5.837931699787769491e-01
2.655127537740760157e+00
3.643815774043810962e-01
8.129104200223019605e-01
3.067978087649400720e+00
1.792875518075119023e+00
1.832326010572280950e+00
1.607280345960566459e+00
4.581659973226236637e+00
1.191968503937008483e+00
4.344527236228776790e-01
1.103304880717881797e+00
1.919616076784643521e+00
1.891552039671763330e+00
1.231954582319545910e+00
1.051537554589775603e+00
2.197719651240777949e+00
7.143098396165087349e-01
1.620750242034005639e+00
9.527559055118116627e-01
9.399431414356770986e+00
6.407229315204774345e-01
4.047550432276659116e+00
3.563118228921338559e+00
1.696626713757334981e+00
4.686692161370391574e+00
1.302505859022895729e+00
1.966742239996953634e+00
4.098647487589625604e-01
1.278819379988862082e+00
2.198763670946267457e+00
6.339275766067333784e-01
1.548721866604733322e+00
1.236566045814601278e+00
2.226016260162599902e+00
1.328391924325851070e+00
1.368055546047979742e+00
3.960123753867307306e-01
1.252575133727739765e+00
1.125227545938520146e+00
1.909795997024135161e+00
