-1.019971878266468650e+02
-1.142480741762754661e+02
-1.704833741427176221e+02
-1.038834774048450669e+02
-1.019819806547005925e+02
-1.223646068521395591e+02
-1.789271060789831722e+02
-1.021825472004759661e+02
-1.131245024381227182e+02
-1.111085854413942968e+02
-1.380445955009712975e+02
-1.121447794399108062e+02
-1.342996046534524055e+02
-1.282268812088182983e+02
-9.602734779547925825e+01
-1.064690428403677771e+02
-9.724680233896992831e+01
-9.827618502727850114e+01
-9.328550703343638872e+01
-1.140593553304762224e+02
-1.119216729365600855e+02
-2.317596387857715854e+02
-9.817098472775363405e+01
-1.034513055908245178e+02
-1.300512725206286007e+02
-1.088165157595167756e+02
-1.385876430756792104e+02
-1.286534962683369372e+02
-9.864042233659338876e+01
-9.703974570523801901e+01
-1.796731195997415114e+02
-9.834432058677514021e+01
-1.344331258762220500e+02
-1.302638142969476007e+02
-9.778509015140936356e+01
-1.333171448066411244e+02
-1.213572682997007064e+02
-9.635290207880355240e+01
-9.692574964228859358e+01
-1.087665217236915112e+02
-1.224816724299810602e+02
-9.200945401286794834e+01
-1.305181879556282354e+02
-1.221484606122707959e+02
-1.060718013168500704e+02
-1.381196818516824010e+02
-9.236735023429908154e+01
-1.194041053004269344e+02
-9.616993596967057556e+01
-1.475351497350582974e+02
-1.220681411498236884e+02
-1.951038708591607360e+02
-9.488423286927073264e+01
-1.182316391431152027e+02
-9.303924710295164857e+01
-1.431766252153528569e+02
-9.953630303857781314e+01
-1.517747388371127215e+02
-9.049895858233503532e+01
-9.164273693534538268e+01
-2.353169919435954398e+02
-1.173458032533931572e+02
-1.115957097219790484e+02
-1.051789196944883855e+02
-1.013355584883531435e+02
-1.276031296473062895e+02
-1.163423856503949025e+02
-1.022650517648308437e+02
-9.500824532584205429e+01
-1.156132646722687127e+02
-9.964622334348480592e+01
-1.526851706371100477e+02
-1.008568297088370826e+02
-1.118501294806993798e+02
-2.925753062640719691e+02
-2.811364910512163533e+02
-1.104707018401206398e+02
-1.115944459615543281e+02
-9.055841291460023967e+01
-1.007868947219705547e+02
-1.771307630745580184e+02
-1.663330206371590521e+02
-1.455817608557120479e+02
-1.903733439420005311e+02
-1.686423314816612731e+02
-2.284139685981760408e+02
-1.141065617949147679e+02
-1.680568351273911389e+02
-9.862168432291754527e+01
-3.092316293907849740e+02
-2.144111518479772656e+02
-9.571792190490180019e+01
-1.037254035138830943e+02
-1.261278507827062896e+02
-1.475201331679139400e+02
-1.156343573873641049e+02
-1.598075258299769530e+02
-1.444154481179982952e+02
-1.501836383535172956e+02
-1.299079669113088187e+02
-1.636443624541527697e+02
-9.787924880795691251e+01
-1.325061577958013572e+02
-1.237335346002406169e+02
-1.067451851862360286e+02
-1.020479414558802063e+02
-1.392552024309197236e+02
-1.283278689660447185e+02
-1.008147140065821503e+02
-1.009507191041499965e+02
-9.169115791546241212e+01
-1.088548175124012545e+02
-1.124057014383098050e+02
-1.242808358507756310e+02
-1.278834435094190098e+02
-1.695341453528505724e+02
-1.134896197222469283e+02
-1.042682874478390858e+02
-2.440588382952050210e+02
-1.347486949396206910e+02
-1.543149347734693038e+02
-9.623378723647124389e+01
-1.349028756722481717e+02
-1.116718330761666351e+02
-1.011081070090038452e+02
-9.410535690659257568e+01
-2.009782607125216600e+02
-1.136860130567650060e+02
-1.124868680062423039e+02
-1.144725427151127377e+02
-4.608794421906907814e+02
-1.099930534647869820e+02
-2.495631419923922181e+02
-1.206503714109576890e+02
-1.312994998240971256e+02
-1.040168495911098461e+02
-2.229981650161047355e+02
-2.316077801213107819e+02
-4.370003342843044720e+02
-1.272280347973640460e+02
-1.319250509034681329e+02
-9.985586121459074604e+01
-1.870902910280274796e+02
-1.286212797833271679e+02
-1.138113898599191884e+02
-1.238168605217462215e+02
-2.273997081529249158e+02
-9.170213203156379222e+01
-2.569843424600449566e+02
-2.394020511433310219e+02
-2.948596069845967804e+02
-1.085376279188979964e+02
-9.860701641229165659e+01
-1.107337586092231447e+02
-9.903918643056323390e+01
-1.186771033127784420e+02
-1.331151777175879829e+02
-1.275487189023623529e+02
-1.077175822699755940e+02
-2.127090975972670321e+02
-1.282048843113570626e+02
-1.138503665342186366e+02
-1.595715832659651312e+02
-1.279310079662019604e+02
-1.004623573631891844e+02
-1.108042458034070563e+02
-1.989630990875884606e+02
-9.761364587603235066e+01
-1.036904843213872596e+02
-9.465698655321398292e+01
-1.242568900539493910e+02
-9.604320189269229502e+01
-1.060877767405555829e+02
-9.817008874323131806e+01
-1.023622676058472649e+02
-1.017312397656628349e+02
-1.168270485433198331e+02
-9.485906488300992123e+01
-1.021343179642464207e+02
-1.130950910337540876e+02
-1.500643529137170731e+02
-1.760070735073663002e+02
-1.015709977236730737e+02
-1.011399998569837919e+02
-1.014171642453409845e+02
-1.004709197989832603e+02
-1.110833109515914430e+02
-9.760499009338661835e+01
-9.945430236279592862e+01
-1.047773174278096775e+02
-1.077322530916454895e+02
-1.276975884422242586e+02
-1.429838463433915763e+02
-8.871183154248737424e+01
-9.631293344922053734e+01
-1.045580013526345624e+02
-2.256225799889525092e+02
-1.033519497105183689e+02
-1.519411322016506460e+02
-2.809952558366946391e+02
-9.818977397428578513e+01
-1.171897567161562250e+02
-9.908378301555690371e+01
-1.354269316304569770e+02
-1.259196788045650806e+02
-2.082050252897167866e+02
-2.336344679318945339e+02
-1.439519229834941711e+02
-1.351519698358458186e+02
-1.406123602616202675e+02
-1.093818603367690514e+02
-1.337696435172336464e+02
-1.006037641824552509e+02
-1.835363038618540372e+02
-1.227242714001628656e+03
-1.616405078316005870e+02
-1.391049350326522642e+02
-1.486801594162408833e+02
-1.034102221926339098e+02
-9.503989582582232742e+01
-1.375891316364024135e+02
-2.193498318090532848e+02
-1.199679746005858476e+02
-1.091175453225269223e+02
-1.297960772810562560e+02
-1.475397114364386084e+02
-1.091454893928369074e+02
-9.265866134153982614e+01
-1.256432442758978567e+02
-1.565488365116357272e+02
-1.021138252624954248e+02
-9.450568834415713582e+01
-1.244530045614333318e+02
-1.058558173471902109e+02
-1.314605373380024673e+02
-1.164856927400506663e+02
-1.216525105850208490e+02
-9.279687856683753466e+01
-1.135285084601363650e+02
-1.551323235862080594e+02
-1.041838689788579444e+02
-1.493173306071539344e+02
-1.434976727595141881e+02
-2.012608964342510092e+02
-1.169724110266337647e+02
-9.309234678004000330e+01
-1.008107702123365641e+02
-9.961505467169249073e+01
-9.184678054045924966e+01
-1.047589984292355325e+02
-9.691003133588191076e+01
-1.047140480060069336e+02
-1.200669275076081419e+02
-2.967009972312528134e+02
-1.086589316289811791e+02
-1.514190316478137390e+02
-1.611224552768900082e+02
-1.911541467556421878e+02
-2.059139335603883865e+02
-9.868644810576903126e+01
-1.145641417260870867e+02
-1.552249507698175250e+02
-1.051151278010308658e+02
-1.713808108740789748e+02
-1.057322724679786177e+02
-1.343170006956157181e+02
-1.182107676215191248e+02
-1.379529182771484557e+02
-9.037130451374633822e+01
-1.157270690447930406e+02
-9.993148107668511670e+01
-2.022771204302889885e+02
-1.717450626652808694e+02
-9.682100408314553874e+01
-1.118468199218662704e+02
-1.373087495983434962e+02
-1.310977823131665048e+02
-1.021055516339580578e+02
-1.072532549268173057e+02
-1.138728866196852607e+02
-1.139842551365291285e+02
-9.826621264746492557e+01
-1.328414606025036449e+02
-9.744377162955079541e+01
-1.313655142118102219e+02
-1.936811293099208058e+02
-1.328876421735003817e+02
-9.726897896960906564e+01
-9.443353434928830836e+01
-1.924334146193888841e+02
-1.506521015736053073e+02
-1.098283767913557938e+02
-2.740646050777035612e+02
-1.007006038441914910e+02
-1.089448970623355848e+02
-1.285861884522168452e+02
-1.347588279297135898e+02
-1.004978527602187057e+02
-1.461862483410229743e+02
-1.058640368237258116e+02
-2.741055210063210552e+02
-1.177608155881759586e+02
-1.058144777184773631e+02
-1.648223613370380747e+02
-9.999733186033898846e+01
-1.183958933071391613e+02
-1.318426394696244586e+02
-1.096986722965177421e+02
-1.032107228822627860e+02
-1.153176444064900892e+02
-1.035348075376326875e+02
-1.015339611152673740e+02
-1.166688792293706172e+02
-1.014480240798905299e+02
-1.403055173609919564e+02
-2.087339876781940404e+02
-8.955353709054961087e+01
-5.648679571139226709e+02
-4.171306021881608217e+02
-4.456351185867558797e+02
-3.936999734492924858e+02
-2.436663170100915750e+02
-1.341082881796325807e+02
-1.031415153783902952e+02
-1.812460168262583977e+02
-1.295939368192858012e+02
-9.049825044856049772e+01
-1.154484073564831306e+02
-9.274250521685685555e+01
-1.131952409726807218e+02
-9.284473587040801590e+01
-1.166157777352571969e+02
-1.691861359731364587e+02
-1.233010929195473580e+02
-1.043468879109319261e+02
-9.623135150511760116e+01
-1.377885509746820958e+02
-1.318235348249627350e+02
-1.461291401539313313e+02
-1.024781623271973530e+02
-1.099355958540635783e+02
-1.125664021311563516e+02
-3.582388124545924484e+02
-1.025784015369433178e+02
-1.244770728071106021e+02
-9.338607495272552228e+01
-1.007723810097038921e+02
-1.036290450321604197e+02
-9.920219647586425538e+01
-1.096345887938104653e+02
-9.980521620960030305e+01
-1.210846192227655393e+02
-1.542806991439309741e+02
-1.567144894828306292e+02
-9.590289059768629443e+01
-1.104123261178368693e+02
-9.707064114725193349e+01
-9.719055147325643418e+01
-1.971533694984722729e+02
-1.218199339654364337e+02
-9.367919653968452565e+01
-9.494976789931925509e+01
-1.277992933331821206e+02
-1.227307555688998235e+02
-9.657140710028839692e+01
-1.112901461333344741e+02
-1.108288045239036279e+02
-9.975014656721806716e+01
-9.398299417603729466e+01
-1.077866010627933520e+02
-9.891466191699367982e+01
-1.255902736946694489e+02
-9.991842097925281507e+01
-1.020668798711813565e+02
-1.701851188709427163e+02
-1.324416562803376394e+02
-9.731524083514743495e+01
-9.474615819560064267e+01
-1.011464932633814300e+02
-9.817260332976850634e+01
-1.647273074770472192e+02
-9.767919999195061109e+01
-1.056325290309180502e+02
-9.308478354415322542e+01
-1.235817408372131609e+02
-1.837586800731625090e+02
-1.002962608352939782e+02
-9.585345355010105095e+01
-1.385662013300843114e+02
-9.628564768905170013e+01
-1.579643583105929565e+02
-1.061338945814756443e+02
-1.131424637476082893e+02
-1.249528740769416686e+02
-1.949401892271951340e+02
-9.572979791393602511e+01
-9.772613046323843378e+01
-9.329066472352070605e+01
-2.106984804486406517e+02
-1.141564564935904542e+02
-1.062406129617587567e+02
-1.178556288469735023e+02
-2.237537825072144528e+02
-1.068319746874119716e+02
-1.299612726333607782e+02
-1.664775237952419502e+02
-9.585790340814374133e+01
-1.087970379308662530e+02
-1.026945337430954481e+02
-2.107315837004944399e+02
-1.029288127666486616e+02
-1.225590665611006500e+02
-1.185278683130229211e+02
-9.725848012465148429e+01
-1.071518660631626290e+02
-9.110613031253382132e+01
-9.283116612703543069e+01
-1.914859824287203764e+02
-1.149462175347284187e+02
-1.025537531079534261e+02
-1.018835609044128887e+02
-9.758984917977731754e+01
-1.245858464041232310e+02
-1.158945567677365887e+02
-9.539220401708152508e+01
-1.385407410665166026e+02
-9.643046042988196120e+01
-1.264589075938685880e+02
-9.664186900144760273e+01
-1.526113984635874772e+02
-9.571582110188305137e+01
-1.198600093609279611e+02
-1.481340034986568810e+02
-1.075542320285965019e+02
-1.324328986393045398e+02
-1.025245921892978203e+02
-9.347335352461172420e+01
-1.390963961962350197e+02
-1.303568387180585546e+02
-1.220924371321499677e+02
-1.176640378993423752e+02
-1.816809155606455874e+02
-1.233567069239009584e+02
-1.056289826385902728e+02
-1.139311436588345998e+02
-1.658312364220207940e+02
-1.750359163023956910e+02
-1.369641606301253773e+02
-9.285007239370617071e+01
-1.483404604710572983e+02
-1.098560516569805827e+02
-2.115174206996007342e+02
-9.543502626438822745e+01
-1.020396102266270617e+02
-1.119192161080480190e+02
-1.004300055985538620e+02
-1.461458738760753704e+02
-1.452327797401615612e+02
-1.536858773143823669e+02
-9.364513470774774362e+01
-1.063878004823863250e+02
-1.103075324081129338e+02
-9.392358576979285090e+01
-1.116043783908732792e+02
-9.705788587350133412e+01
-1.303880508835331966e+02
-1.162667235559126908e+02
-8.981896664380614936e+01
-9.792201491958941517e+01
-9.145917170511476968e+01
-9.910310587646864633e+01
-9.511768149055940569e+01
-1.256382042240340127e+02
-9.338678495808677837e+01
